,latitude,longitude,ts,fmt_time,geometry,gt_distance,gt_projection,source,speed,acceleration,jerk
0,37.791529234835814,-122.39071071943498,1564103613.0,2019-07-25T18:13:33-07:00,POINT (-122.39071071943498 37.791529234835814),1.8909552988166713,699.3584293774597,ios,8.721144403152698,3.063589034013603e-06,-4.292964206342731e-09
1,37.79149864118247,-122.3906193323972,1564103614.0,2019-07-25T18:13:34-07:00,POINT (-122.3906193323972 37.79149864118247),3.9631049307822193,705.8621255604861,ios,8.721147466741732,3.05929606980726e-06,2.2977015845526694e-09
2,37.791468047529136,-122.39052794535938,1564103615.0,2019-07-25T18:13:35-07:00,POINT (-122.39052794535938 37.791468047529136),9.768837212282712,712.3860505543879,ios,8.721150526037801,3.061593771391813e-06,-7.983506565568734
3,37.7914374538758,-122.3904365583216,1564103616.0,2019-07-25T18:13:36-07:00,POINT (-122.3904365583216 37.7914374538758),15.17788822805717,720.5815920163445,ios,8.721153587631573,-7.983503503974963,7.979622647209335
4,37.791406860222466,-122.39034517128381,1564103617.0,2019-07-25T18:13:37-07:00,POINT (-122.39034517128381 37.791406860222466),20.240066770579524,728.1596733322054,ios,0.7376500836566098,-0.0038808567656276926,4.851075418336707e-05
5,37.79089875520636,-122.39053907430845,1564103697.0,2019-07-25T18:14:57-07:00,POINT (-122.39053907430845 37.79089875520636),24.85132756140298,763.8419115032093,ios,0.4271815424063944,3.569041673312512e-09,2.092531314890067e-09
6,37.79089791699447,-122.39053433002908,1564103698.0,2019-07-25T18:14:58-07:00,POINT (-122.39053433002908 37.79089791699447),24.581925142579305,764.174431847103,ios,0.42718154597543606,5.661572988202579e-09,-5.5000369041102726e-05
7,37.790897078782564,-122.39052958574973,1564103699.0,2019-07-25T18:14:59-07:00,POINT (-122.39052958574973 37.790897078782564),24.312522705400763,764.5069521800631,ios,0.42718155163700905,-5.499470746811452e-05,0.2859003125782567
8,37.79089624057067,-122.39052484147037,1564103700.0,2019-07-25T18:15:00-07:00,POINT (-122.39052484147037 37.79089624057067),24.043120246282317,764.8394725007895,ios,0.42712655692954093,0.2858453178707886,-0.14610919428288757
9,37.79089540246668,-122.39052009780183,1564103701.0,2019-07-25T18:15:01-07:00,POINT (-122.39052009780183 37.79089540246668),23.77375245129627,765.1719500024961,ios,0.7129718748003295,0.13973612358790102,-0.04659884432480026
10,37.79090248517486,-122.39049746666326,1564103704.0,2019-07-25T18:15:04-07:00,POINT (-122.39049746666326 37.79090248517486),21.724378411285496,765.7950688194352,ios,1.1321802455640326,-6.040938649976013e-05,0.2066374851589905
11,37.7908953394116,-122.3904882882342,1564103705.0,2019-07-25T18:15:05-07:00,POINT (-122.3904882882342 37.7908953394116),21.58418576382044,766.9184779250371,ios,1.1321198361775329,0.20657707577249074,-1.1449967286128424
12,37.790888194029954,-122.39047911029532,1564103706.0,2019-07-25T18:15:06-07:00,POINT (-122.39047911029532 37.790888194029954),21.444000433219994,768.0418270693087,ios,1.3386969119500236,-0.9384196528403517,0.9384196620150982
13,37.790878764388886,-122.39046963874473,1564103707.0,2019-07-25T18:15:07-07:00,POINT (-122.39046963874473 37.790878764388886),21.441110767855548,769.3797728431107,ios,0.400277259109672,9.174746573581416e-09,-3.216668378175358e-05
14,37.790877521039945,-122.39046536385965,1564103708.0,2019-07-25T18:15:08-07:00,POINT (-122.39046536385965 37.790877521039945),21.232024770124816,769.7218121713943,ios,0.40027726828441856,-3.215750903518e-05,-0.06660537454035992
15,37.79087627769101,-122.39046108897452,1564103709.0,2019-07-25T18:15:09-07:00,POINT (-122.39046108897452 37.79087627769101),21.022938748461915,770.0638514974128,ios,0.4002451107753834,-0.0666375320493951,0.15243498162712438
16,37.790875034441974,-122.3904568144329,1564103710.0,2019-07-25T18:15:10-07:00,POINT (-122.3904568144329 37.790875034441974),20.813869506518053,770.405863333491,ios,0.3336075787259883,0.08579744957772927,-0.021467591345949107
17,37.79087826130871,-122.39044218765392,1564103714.0,2019-07-25T18:15:14-07:00,POINT (-122.39044218765392 37.79087826130871),19.582497547757086,770.925954772702,ios,0.6767973770369053,-7.291580606716419e-05,3.065741491107477
18,37.790875180876306,-122.39043554481668,1564103715.0,2019-07-25T18:15:15-07:00,POINT (-122.39043554481668 37.790875180876306),19.336798373975668,771.5572625578076,ios,0.6767244612308382,3.0656685753014097,-5.697581416095977
19,37.790872100775864,-122.39042890269533,1564103716.0,2019-07-25T18:15:16-07:00,POINT (-122.39042890269533 37.790872100775864),19.091125615092487,772.1885023073448,ios,3.7423930365322478,-2.631912840794567,2.631912862676305
20,37.790874321980205,-122.39038640644624,1564103717.0,2019-07-25T18:15:17-07:00,POINT (-122.39038640644624 37.790874321980205),16.006949388001956,774.3214260016608,ios,1.1104801957376804,2.188173775508062e-08,2.8558222453511917e-10
21,37.790865185459324,-122.39038130382505,1564103718.0,2019-07-25T18:15:18-07:00,POINT (-122.39038130382505 37.790865185459324),16.285170367745096,775.3947698187872,ios,1.1104802176194182,2.216731997961574e-08,9.41435596146789e-10
22,37.790856048938444,-122.39037620120388,1564103719.0,2019-07-25T18:15:19-07:00,POINT (-122.39037620120388 37.790856048938444),16.56339124576168,776.4681136836663,ios,1.1104802397867382,2.310875557576253e-08,-1.7312271616276576e-09
23,37.79084691241757,-122.39037109858269,1564103720.0,2019-07-25T18:15:20-07:00,POINT (-122.39037109858269 37.79084691241757),16.841612021779554,777.5414575965171,ios,1.1104802628954937,2.1377528414134872e-08,2.0168076098059373e-09
24,37.79083777589669,-122.3903659959615,1564103721.0,2019-07-25T18:15:21-07:00,POINT (-122.3903659959615 37.79083777589669),17.119832696208704,778.614801561193,ios,1.1104802842730221,2.339433602394081e-08,-1.0084075796612524e-09
25,37.79082863937581,-122.39036089334034,1564103722.0,2019-07-25T18:15:22-07:00,POINT (-122.39036089334034 37.79082863937581),17.398053271684116,779.6881455701964,ios,1.1104803076673582,2.2385928444279557e-08,-0.00023960784416376946
26,37.79081950285493,-122.39035579071916,1564103723.0,2019-07-25T18:15:23-07:00,POINT (-122.39035579071916 37.79081950285493),17.676273743354233,780.7614896316124,ios,1.1104803300532866,-0.00023958545823532518,4.13080439342674
27,37.79081036633405,-122.39035068809797,1564103724.0,2019-07-25T18:15:24-07:00,POINT (-122.39035068809797 37.79081036633405),17.95449411445741,781.834833739251,ios,1.1102407445950513,4.130564807968505,-8.007014794891727
28,37.79080123178455,-122.39034558657778,1564103725.0,2019-07-25T18:15:25-07:00,POINT (-122.39034558657778 37.79080123178455),18.232654353914,782.9079463029477,ios,5.240805552563557,-3.8764499869232223,25.144980011968318
29,37.79075588568839,-122.39032932568564,1564103726.0,2019-07-25T18:15:26-07:00,POINT (-122.39032932568564 37.79075588568839),20.3635776101215,786.6865515812593,ios,1.3643555656403341,21.268530025045095,-21.269714826519255
30,37.790744109114435,-122.39032496709599,1564103727.0,2019-07-25T18:15:27-07:00,POINT (-122.39032496709599 37.790744109114435),20.939897167067862,787.9204200403865,ios,22.63288559068543,-0.0011848014741602242,-22.42239883562915
31,37.79063183052329,-122.39011013318103,1564103728.0,2019-07-25T18:15:28-07:00,POINT (-122.39011013318103 37.79063183052329),15.6492273055482,808.8748264530238,ios,22.63170078921127,-22.42358363710331,22.42358363813554
32,37.79051955792847,-122.38989531073942,1564103729.0,2019-07-25T18:15:29-07:00,POINT (-122.38989531073942 37.79051955792847),11.367902939742178,830.8834374975147,ios,0.20811715210795842,1.032228941211244e-09,3.3818686739905957e-09
33,37.79051835823579,-122.38989349286449,1564103730.0,2019-07-25T18:15:30-07:00,POINT (-122.38989349286449 37.79051835823579),11.350928906440595,831.090922310136,ios,0.20811715314018736,4.41409761520184e-09,-4.846780560230357e-09
34,37.79051715854312,-122.38989167498957,1564103731.0,2019-07-25T18:15:31-07:00,POINT (-122.38989167498957 37.79051715854312),11.333954868184229,831.2984071218515,ios,0.20811715755428498,-4.3268294502851745e-10,4.340347220521679e-09
35,37.790515958850435,-122.38988985711462,1564103732.0,2019-07-25T18:15:32-07:00,POINT (-122.38988985711462 37.790515958850435),11.316980821201575,831.5058919385691,ios,0.20811715712160203,3.907664275493161e-09,-3.833914047346454e-09
36,37.79051475915776,-122.38988803923971,1564103733.0,2019-07-25T18:15:33-07:00,POINT (-122.38988803923971 37.79051475915776),11.300006771309517,831.713376753606,ios,0.2081171610292663,7.375022814670729e-11,4.340347359299557e-09
37,37.79051355946508,-122.38988622136476,1564103734.0,2019-07-25T18:15:34-07:00,POINT (-122.38988622136476 37.79051355946508),11.283032714310012,831.9208615719717,ios,0.20811716110301653,4.414097587446264e-09,-4.846780837786113e-09
38,37.79051235977241,-122.38988440348984,1564103735.0,2019-07-25T18:15:35-07:00,POINT (-122.38988440348984 37.79051235977241),11.266058651740945,832.1283463920763,ios,0.20811716551711412,-4.326832503398492e-10,3.381868951546352e-09
39,37.790511160079724,-122.3898825856149,1564103736.0,2019-07-25T18:15:36-07:00,POINT (-122.3898825856149 37.790511160079724),11.249084583186695,832.3358312136799,ios,0.20811716508443087,2.9491857012065026e-09,-9.584786020422342e-10
40,37.79050996038705,-122.38988076773998,1564103737.0,2019-07-25T18:15:37-07:00,POINT (-122.38988076773998 37.79050996038705),11.232110508728194,832.5433160366985,ios,0.20811716803361657,1.9907070991642684e-09,5.06433228686376e-10
41,37.79050876069437,-122.38987894986505,1564103738.0,2019-07-25T18:15:38-07:00,POINT (-122.38987894986505 37.79050876069437),11.215136429034823,832.7508008617799,ios,0.20811717002432367,2.4971403278506443e-09,-1.9713452537040155e-09
42,37.7905075610017,-122.38987713199012,1564103739.0,2019-07-25T18:15:39-07:00,POINT (-122.38987713199012 37.7905075610017),11.19816234201752,832.9582856870651,ios,0.208117172521464,5.257950741466288e-10,3.3818692013465323e-09
43,37.79050636130901,-122.38987531411519,1564103740.0,2019-07-25T18:15:40-07:00,POINT (-122.38987531411519 37.79050636130901),11.181188250434714,833.1657705150606,ios,0.20811717304725907,3.907664275493161e-09,-3.833914713480269e-09
44,37.79050516161634,-122.38987349624027,1564103741.0,2019-07-25T18:15:41-07:00,POINT (-122.38987349624027 37.79050516161634),11.164214154485558,833.3732553428814,ios,0.20811717695492335,7.374956201289251e-11,3.833914741235844e-09
45,37.79050396192366,-122.38987167836532,1564103742.0,2019-07-25T18:15:42-07:00,POINT (-122.38987167836532 37.79050396192366),11.147240050343948,833.5807401731433,ios,0.2081171770286729,3.907664303248737e-09,-9.100383300891801e-05
46,37.790502762230986,-122.3898698604904,1564103743.0,2019-07-25T18:15:43-07:00,POINT (-122.3898698604904 37.790502762230986),11.130265940967467,833.788225005468,ios,0.20811718093633721,-9.099992534461476e-05,16.887195944825145
47,37.79050156253831,-122.38986804261546,1564103744.0,2019-07-25T18:15:44-07:00,POINT (-122.38986804261546 37.79050156253831),11.113291825605794,833.9957098392915,ios,0.2080261810109926,16.8871049448998,-16.888028728359014
48,37.79050036337021,-122.38986622553541,1564103745.0,2019-07-25T18:15:45-07:00,POINT (-122.38986622553541 37.79050036337021),11.096325127297835,834.203103950492,ios,17.095131125910793,-0.000923783459214178,-16.62188210554423
49,37.79040765697929,-122.38971103034305,1564103746.0,2019-07-25T18:15:46-07:00,POINT (-122.38971103034305 37.79040765697929),8.705681979112533,851.2734747741927,ios,17.09420734245158,-16.622805889003445,16.62280589611082
50,37.79031495567205,-122.38955584366099,1564103747.0,2019-07-25T18:15:47-07:00,POINT (-122.38955584366099 37.79031495567205),6.272265462999136,868.2020647249266,ios,0.47140145344813594,7.107373856118926e-09,1.8070895890787142e-09
51,37.79031160281912,-122.38955256065914,1564103748.0,2019-07-25T18:15:48-07:00,POINT (-122.38955256065914 37.79031160281912),6.329688606769952,868.6696663105469,ios,0.4714014605555098,8.91446344519764e-09,-2.431952084158695e-09
52,37.79030824996619,-122.38954927765732,1564103749.0,2019-07-25T18:15:49-07:00,POINT (-122.38954927765732 37.79030824996619),6.387111727615116,869.1372679067115,ios,0.47140146946997324,6.482511361038945e-09,2.9174710425294847e-09
53,37.79030489711326,-122.38954599465548,1564103750.0,2019-07-25T18:15:50-07:00,POINT (-122.38954599465548 37.79030489711326),6.444534820602016,869.6048695150859,ios,0.4714014759524846,9.39998240356843e-09,-7.732779118535538e-05
54,37.79030154426033,-122.38954271165366,1564103751.0,2019-07-25T18:15:51-07:00,POINT (-122.38954271165366 37.79030154426033),6.501957889920153,870.0724711334312,ios,0.471401485352467,-7.731839120295181e-05,3.1797740496127296
55,37.790298191407395,-122.38953942865183,1564103752.0,2019-07-25T18:15:52-07:00,POINT (-122.38953942865183 37.790298191407395),6.55938093434217,870.5400727636454,ios,0.47132416696126406,3.1796967312215267,-3.699746794404391
56,37.79029483910444,-122.38953614618853,1564103753.0,2019-07-25T18:15:53-07:00,POINT (-122.38953614618853 37.79029483910444),6.616794533134622,871.0075977008258,ios,3.6510208981827907,-0.5200500631828642,0.11182191651671713
57,37.79026981912347,-122.38950924027934,1564103754.0,2019-07-25T18:15:54-07:00,POINT (-122.38950924027934 37.79026981912347),6.895037132797097,874.6464598467247,ios,3.1309708349999266,-0.40822814666614704,-0.26388254337838024
58,37.79024823572281,-122.38948635768368,1564103755.0,2019-07-25T18:15:55-07:00,POINT (-122.38948635768368 37.79024823572281),7.1555166703811635,877.7651632593079,ios,2.7227426883337795,-0.6721106900445273,0.6721106915491792
59,37.79022799342665,-122.38946892332508,1564103756.0,2019-07-25T18:15:56-07:00,POINT (-122.38946892332508 37.79022799342665),7.6511520769137125,880.4400534629422,ios,2.0506319982892522,1.504651958583736e-09,-0.0001681827826436333
60,37.790209594646186,-122.38946733071994,1564103757.0,2019-07-25T18:15:57-07:00,POINT (-122.38946733071994 37.790209594646186),8.991429663951832,881.9861981250193,ios,2.050631999793904,-0.0001681812779916747,1.023838684402294
61,37.79019119586573,-122.38946573811481,1564103758.0,2019-07-25T18:15:58-07:00,POINT (-122.38946573811481 37.79019119586573),10.331707197062338,883.5323428269027,ios,2.0504638185159125,1.0236705031243023,-1.0238394405616424
62,37.79017279859426,-122.38946414564028,1564103759.0,2019-07-25T18:15:59-07:00,POINT (-122.38946414564028 37.79017279859426),11.671874756593377,885.078360759863,ios,3.074134321640215,-0.00016893743734014421,-0.8800210907009558
63,37.79015180134861,-122.3894413881465,1564103760.0,2019-07-25T18:16:00-07:00,POINT (-122.3894413881465 37.79015180134861),11.894293975860565,888.1431906553914,ios,3.0739653842028747,-0.8801900281382959,0.587526722845493
64,37.79013080525937,-122.38941863190607,1564103761.0,2019-07-25T18:16:01-07:00,POINT (-122.38941863190607 37.79013080525937),12.116699803023478,891.2078522125336,ios,2.1937753560645787,-0.29266330529280293,1.2737691235667032
65,37.790113287081745,-122.38940714869871,1564103762.0,2019-07-25T18:16:02-07:00,POINT (-122.38940714869871 37.790113287081745),12.770663188975853,893.2989126902323,ios,1.9011120507717758,0.9811058182739003,-3.5773284585692506
66,37.79009631372782,-122.38940455030873,1564103763.0,2019-07-25T18:16:03-07:00,POINT (-122.38940455030873 37.79009631372782),13.936616221980694,894.795391150639,ios,2.882217869045676,-2.59622264029535,2.596222645157879
67,37.7900706231946,-122.38940019171908,1564103764.0,2019-07-25T18:16:04-07:00,POINT (-122.38940019171908 37.7900706231946),15.674804702492219,897.0868676061721,ios,0.2859952287503261,4.862528990567938e-09,-1.6222004295407544e-09
68,37.790068848976354,-122.38939783540825,1564103765.0,2019-07-25T18:16:05-07:00,POINT (-122.38939783540825 37.790068848976354),15.666546683573827,897.3727491239808,ios,0.2859952336128551,3.2403285610271837e-09,-1.0900300662086693e-09
69,37.79006707475811,-122.38939547909739,1564103766.0,2019-07-25T18:16:06-07:00,POINT (-122.38939547909739 37.79006707475811),15.658288648963417,897.6586306496714,ios,0.2859952368531837,2.1502984948185144e-09,2.898183415478428e-09
70,37.790065300539865,-122.38939312278654,1564103767.0,2019-07-25T18:16:07-07:00,POINT (-122.38939312278654 37.790065300539865),15.650030606532516,897.9445121753101,ios,0.28599523900348217,5.0484819102969425e-09,-1.0900298996752156e-09
71,37.790063526321624,-122.38939076647571,1564103768.0,2019-07-25T18:16:08-07:00,POINT (-122.38939076647571 37.790063526321624),15.64177255291676,898.2303937036269,ios,0.2859952440519641,3.958452010621727e-09,-7.181240047060555e-10
72,37.79006175210338,-122.38938841016487,1564103769.0,2019-07-25T18:16:09-07:00,POINT (-122.38938841016487 37.79006175210338),15.633514489935497,898.5162752367548,ios,0.2859952480104161,3.2403280059156714e-09,-1.0900300662086693e-09
73,37.790059977885136,-122.38938605385401,1564103770.0,2019-07-25T18:16:10-07:00,POINT (-122.38938605385401 37.790059977885136),15.625256411910433,898.8021567751276,ios,0.2859952512507441,2.150297939707002e-09,-7.070587233543035e-05
74,37.79005820366689,-122.38938369754317,1564103771.0,2019-07-25T18:16:11-07:00,POINT (-122.38938369754317 37.79005820366689),15.616998327387133,899.0880383147608,ios,0.28599525340104204,-7.070372203749065e-05,2.2752045489506396
75,37.79005642944865,-122.38938134123234,1564103772.0,2019-07-25T18:16:12-07:00,POINT (-122.38938134123234 37.79005642944865),15.608740232340075,899.3739198577276,ios,0.28592454967900455,2.275133845228602,-2.7444544732897436
76,37.79005465566906,-122.38937898550405,1564103773.0,2019-07-25T18:16:13-07:00,POINT (-122.38937898550405 37.79005465566906),15.600484165981003,899.6597307234748,ios,2.5610583949076067,-0.4693206280611415,0.5042588429842838
77,37.79004564512315,-122.3893521634139,1564103774.0,2019-07-25T18:16:14-07:00,POINT (-122.3893521634139 37.79004564512315),14.63122047037623,902.034090419264,ios,2.091737766846465,0.03493821492314231,-0.01929025178142485
78,37.79004149608108,-122.38932894554212,1564103775.0,2019-07-25T18:16:15-07:00,POINT (-122.38932894554212 37.79004149608108),13.506535303520003,903.8022301516811,ios,2.1266759817696075,0.015647963141717458,2.3716262848814686
79,37.79002733066472,-122.38931268464997,1564103776.0,2019-07-25T18:16:16-07:00,POINT (-122.38931268464997 37.79002733066472),13.59990394314346,905.9262466412638,ios,2.142323944911325,2.387274248023186,-2.480212054241219
80,37.79001102786305,-122.38929969270005,1564103777.0,2019-07-25T18:16:17-07:00,POINT (-122.38929969270005 37.79001102786305),14.06458038119068,908.0153966314152,ios,4.529598192934511,-0.09293780621803283,-0.470319394201832
81,37.789976201055374,-122.38927295442893,1564103778.0,2019-07-25T18:16:18-07:00,POINT (-122.38927295442893 37.789976201055374),15.120648697839773,912.4152622821742,ios,4.436660386716478,-0.5632572004198648,0.3449625025274954
82,37.78993999123367,-122.38925174821391,1564103779.0,2019-07-25T18:16:19-07:00,POINT (-122.38925174821391 37.78993999123367),16.630266801136532,916.5803891670807,ios,3.8734031862966134,-0.21829469789236944,4.629854109947379
83,37.789908601006296,-122.38923263747468,1564103780.0,2019-07-25T18:16:20-07:00,POINT (-122.38923263747468 37.789908601006296),17.893561605688166,920.2362826499376,ios,3.655108488404244,4.411559412055009,-4.820471464156087
84,37.78987863570246,-122.38921553839221,1564103781.0,2019-07-25T18:16:21-07:00,POINT (-122.38921553839221 37.78987863570246),19.170931504758993,923.6551728170803,ios,8.066667900459253,-0.40891205210107834,0.5154952169753219
85,37.788993093545976,-122.38826599004308,1564103797.0,2019-07-25T18:16:37-07:00,POINT (-122.38826599004308 37.788993093545976),8.102420864576203,1059.8171975622802,ios,1.5240750668419993,7.839011419504071,-9.01285806825726
86,37.78895500175527,-122.38824639541784,1564103800.0,2019-07-25T18:16:40-07:00,POINT (-122.38824639541784 37.78895500175527),7.616566847539452,1064.3562358337392,ios,25.04110932535421,-19.199562785267712,16.520997614344907
87,37.788738265076844,-122.38816900710698,1564103801.0,2019-07-25T18:16:41-07:00,POINT (-122.38816900710698 37.788738265076844),7.348156663010014,1089.9165756858845,ios,5.841546540086497,-2.6785651709228047,3.1767625333402627
88,37.78871116231921,-122.38811206083967,1564103802.0,2019-07-25T18:16:42-07:00,POINT (-122.38811206083967 37.78871116231921),3.054587790175354,1093.8852468725343,ios,3.1629813691636928,0.49819736241745805,2.7790598267057414
89,37.78868555560502,-122.38809638668073,1564103803.0,2019-07-25T18:16:43-07:00,POINT (-122.38809638668073 37.78868555560502),2.284415498808022,1096.9485071901959,ios,3.661178731581151,3.2772571891231994,0.636674116068737
90,37.78865521311554,-122.38808020960761,1564103804.0,2019-07-25T18:16:44-07:00,POINT (-122.38808020960761 37.78865521311554),1.5783128314545996,1100.5351672119152,ios,6.93843592070435,3.9139313051919364,-7.880666354986667
91,37.7885304657373,-122.38808469398309,1564103806.0,2019-07-25T18:16:46-07:00,POINT (-122.38808469398309 37.7885304657373),4.7943794655189755,1114.0031101508725,ios,14.766298531088223,-11.847401404781397,11.927131885063037
92,37.788397679140594,-122.38808674749208,1564103807.0,2019-07-25T18:16:47-07:00,POINT (-122.38808674749208 37.788397679140594),7.965307867264848,1128.5404997120502,ios,2.9188971263068253,0.07973048028163943,18.885708330561755
93,37.78838334608617,-122.38805891957355,1564103808.0,2019-07-25T18:16:48-07:00,POINT (-122.38805891957355 37.78838334608617),5.852871618163193,1130.5580774872226,ios,2.9986276065884647,18.965438810843395,-38.17770544186116
94,37.788364486804035,-122.38803452823532,1564103809.0,2019-07-25T18:16:49-07:00,POINT (-122.38803452823532 37.788364486804035),4.131013167119705,1133.0129338172105,ios,21.96406641743186,-19.212266631017762,19.388091444381484
95,37.788167386350956,-122.38805095676554,1564103810.0,2019-07-25T18:16:50-07:00,POINT (-122.38805095676554 37.788167386350956),9.595792281936056,1154.286765853153,ios,2.751799786414098,0.17582481336372302,0.15139421426847877
96,37.78815967500004,-122.38802120100928,1564103811.0,2019-07-25T18:16:51-07:00,POINT (-122.38802120100928 37.78815967500004),7.172720411753171,1155.6003511896602,ios,2.927624599777821,0.3272190276322018,0.3804593226363706
97,37.78814940716865,-122.38799052324367,1564103812.0,2019-07-25T18:16:52-07:00,POINT (-122.38799052324367 37.78814940716865),4.720888338103081,1157.2075672011524,ios,3.2548436274100228,0.7076783502685724,-2.5452362019917105
98,37.788127320853796,-122.38796621572448,1564103813.0,2019-07-25T18:16:53-07:00,POINT (-122.38796621572448 37.788127320853796),3.057015555875998,1160.003569044498,ios,3.962521977678595,-1.8375578517231381,2.9487400253220892
99,37.78809542771223,-122.38794609915686,1564103814.0,2019-07-25T18:16:54-07:00,POINT (-122.38794609915686 37.78809542771223),1.9521408281670956,1163.803379599099,ios,2.124964125955457,1.111182173598951,29.149170277956216
100,37.78807669415864,-122.38794132147206,1564103815.0,2019-07-25T18:16:55-07:00,POINT (-122.38794132147206 37.78807669415864),1.9092952448964138,1166.0185457967013,ios,3.236146299554408,30.260352451555168,-57.393006966683984
101,37.78804815377834,-122.38793411303533,1564103816.0,2019-07-25T18:16:56-07:00,POINT (-122.38793411303533 37.78804815377834),1.6952813597302685,1169.2410464160473,ios,33.49649875110958,-27.132654515128817,26.823130838247295
102,37.78775143440607,-122.38786831509543,1564103817.0,2019-07-25T18:16:57-07:00,POINT (-122.38786831509543 37.78775143440607),0.5634252826348898,1202.6201521079583,ios,6.3638442359807605,-0.3095236768815224,0.12571326702965258
103,37.786792041769054,-122.38766362901998,1564103834.0,2019-07-25T18:17:14-07:00,POINT (-122.38766362901998 37.786792041769054),23.03297941310368,1307.7446703687506,ios,1.1019417289948805,1.8276018626225716,-0.5211675650499262
104,37.78674422301146,-122.38764720048977,1564103839.0,2019-07-25T18:17:19-07:00,POINT (-122.38764720048977 37.78674422301146),24.810562801458477,1312.948717784267,ios,10.239951042107739,-0.7782359626270594,3.0489852123550616
105,37.786658979056206,-122.38769128930045,1564103840.0,2019-07-25T18:17:20-07:00,POINT (-122.38769128930045 37.786658979056206),21.531189212668284,1322.6322487472648,ios,9.46171507948068,2.270749249728002,1.6383085943970865
106,37.78657796796205,-122.38772423017991,1564103841.0,2019-07-25T18:17:21-07:00,POINT (-122.38772423017991 37.78657796796205),19.201933025275647,1331.7852971632915,ios,11.732464329208682,3.9090578441250887,-8.056706171114964
107,37.78647415809127,-122.38774811860395,1564103842.0,2019-07-25T18:17:22-07:00,POINT (-122.38774811860395 37.78647415809127),17.827368433344617,1343.4127456046065,ios,15.64152217333377,-4.147648326989875,5.842596205054932
108,37.78633690442684,-122.3877870944537,1564103843.0,2019-07-25T18:17:23-07:00,POINT (-122.3877870944537 37.78633690442684),15.36039902854834,1358.8270910391082,ios,11.493873846343895,1.6949478780650562,-2.4843887848047146
109,37.78623569294604,-122.38781366508675,1564103844.0,2019-07-25T18:17:24-07:00,POINT (-122.38781366508675 37.78623569294604),13.731965832361738,1370.1816742171115,ios,13.188821724408951,-0.7894409067396584,-8.720969628417153
110,37.786117089016166,-122.38781215634418,1564103845.0,2019-07-25T18:17:25-07:00,POINT (-122.38781215634418 37.786117089016166),14.692574943500137,1383.3065827425173,ios,12.399380817669293,-9.510410535156812,9.510256300666592
111,37.78600732799413,-122.38778726209176,1564103846.0,2019-07-25T18:17:26-07:00,POINT (-122.38778726209176 37.78600732799413),17.646578770730304,1395.3227256576333,ios,2.888970282512482,-0.00015423449021945146,0.8022237655059503
112,37.78598205588123,-122.38779488982733,1564103847.0,2019-07-25T18:17:27-07:00,POINT (-122.38779488982733 37.78598205588123),17.15268449769953,1398.1634236503783,ios,2.8888160480222624,0.8020695310157309,-0.8254289121085838
113,37.785956785118,-122.38780251715554,1564103848.0,2019-07-25T18:17:28-07:00,POINT (-122.38780251715554 37.785956785118),16.658816132854366,1401.0039698907465,ios,3.6908855790379933,-0.02335938109285296,2.9507555355060715
114,37.785923592781444,-122.38780276861263,1564103849.0,2019-07-25T18:17:29-07:00,POINT (-122.38780276861263 37.785923592781444),16.868446869639868,1404.6808216957597,ios,3.6675261979451403,2.9273961544132185,-3.6272182806339495
115,37.785890609992464,-122.3878026847936,1564103850.0,2019-07-25T18:17:30-07:00,POINT (-122.3878026847936 37.785890609992464),17.10607891158377,1408.332612177319,ios,6.594922352358359,-0.6998221262207309,1.8257416227919023
116,37.78583143375607,-122.3878077139355,1564103851.0,2019-07-25T18:17:31-07:00,POINT (-122.3878077139355 37.78583143375607),17.07724716071399,1414.9131883755415,ios,5.895100226137628,1.1259194965711714,3.391964070557415
117,37.78577841821851,-122.3878074624784,1564103852.0,2019-07-25T18:17:32-07:00,POINT (-122.3878074624784 37.78577841821851),17.469467560959853,1420.782319123004,ios,7.021019722708799,4.517883567128586,-3.4169585025828306
118,37.78571542821618,-122.3878129945345,1564103853.0,2019-07-25T18:17:33-07:00,POINT (-122.3878129945345 37.78571542821618),17.42306352223833,1427.7879881775311,ios,11.538903289837386,1.1009250645457556,-2.9254411799999165
119,37.785612666083296,-122.38783126708341,1564103854.0,2019-07-25T18:17:34-07:00,POINT (-122.38783126708341 37.785612666083296),16.53467585175245,1439.2683010074368,ios,12.639828354383141,-1.824516115454161,0.928126929892672
120,37.785500055214186,-122.38785088073683,1564103855.0,2019-07-25T18:17:35-07:00,POINT (-122.38785088073683 37.785500055214186),15.597183113769704,1451.8466157746795,ios,10.81531223892898,-0.8963891855614889,-0.04969492050185842
121,37.78540328614207,-122.38786328595353,1564103856.0,2019-07-25T18:17:36-07:00,POINT (-122.38786328595353 37.78540328614207),15.182574641628857,1462.630794868277,ios,9.918923053367491,-0.9460841060633474,2.918970304269287
122,37.78531485706361,-122.38787812192214,1564103857.0,2019-07-25T18:17:37-07:00,POINT (-122.38787812192214 37.78531485706361),14.496121447651987,1472.5049363790238,ios,8.972838947304144,1.9728861982059396,-6.192897211151024
123,37.78523451652171,-122.38788767729176,1564103858.0,2019-07-25T18:17:38-07:00,POINT (-122.38788767729176 37.78523451652171),14.217263211061503,1481.454158967647,ios,10.945725145510083,-4.2200110129450845,4.951024680585976
124,37.78513628061654,-122.38789564009977,1564103859.0,2019-07-25T18:17:39-07:00,POINT (-122.38789564009977 37.78513628061654),14.203292209327381,1492.3761494469647,ios,6.725714132564999,0.7310136676408918,-1.8051178902676206
125,37.78507597282322,-122.38790150743199,1564103860.0,2019-07-25T18:17:40-07:00,POINT (-122.38790150743199 37.78507597282322),14.108686826178939,1499.086668798378,ios,7.456727800205891,-1.0741042226267288,0.4916008333019821
126,37.78500971387865,-122.38791458320094,1564103861.0,2019-07-25T18:17:41-07:00,POINT (-122.38791458320094 37.78500971387865),13.42213746687842,1506.4961109595286,ios,6.382623577579162,-0.5825033893247467,-3.7307474366005122
127,37.78495246547999,-122.38791986379994,1564103862.0,2019-07-25T18:17:42-07:00,POINT (-122.38791986379994 37.78495246547999),13.35773448485494,1512.8646060294525,ios,5.800120188254415,-4.313250825925259,6.07786733781977
128,37.78490033004226,-122.38791776832414,1564103863.0,2019-07-25T18:17:43-07:00,POINT (-122.38791776832414 37.78490033004226),13.905858813804626,1518.626064000835,ios,1.4868693623291567,1.7646165118945107,-0.24287783789144224
129,37.78488943356814,-122.38792757515085,1564103864.0,2019-07-25T18:17:44-07:00,POINT (-122.38792757515085 37.78488943356814),13.120087858146883,1519.8869896501678,ios,3.2514858742236674,1.5217386740030685,0.21249393495924362
130,37.784861312283,-122.38793771725369,1564103865.0,2019-07-25T18:17:45-07:00,POINT (-122.38793771725369 37.784861312283),12.42510215109173,1523.0571129093157,ios,4.773224548226736,1.7342326089623121,-1.1427298651003177
131,37.78481889985295,-122.38794609915686,1564103866.0,2019-07-25T18:17:46-07:00,POINT (-122.38794609915686 37.78481889985295),12.008571288572,1527.691239624128,ios,6.507457157189048,0.5915027438619944,-3.6080345548949753
132,37.78476207054945,-122.38796378497256,1564103867.0,2019-07-25T18:17:47-07:00,POINT (-122.38796378497256 37.78476207054945),10.90901449560495,1534.0922881462752,ios,7.0989599010510425,-3.016531811032981,2.652278306542091
133,37.78469996064695,-122.38798247661663,1564103868.0,2019-07-25T18:17:48-07:00,POINT (-122.38798247661663 37.78469996064695),9.763278904982254,1541.0840818489844,ios,4.082428090018062,-0.36425350449088967,2.6361459968282643
134,37.78466593012007,-122.38799991097522,1564103869.0,2019-07-25T18:17:49-07:00,POINT (-122.38799991097522 37.78466593012007),8.50376673412613,1544.9605258872537,ios,3.718174585527172,2.2718924923373747,-1.1457310987190272
135,37.784633114969154,-122.3880080414213,1564103870.0,2019-07-25T18:17:50-07:00,POINT (-122.3880080414213 37.784633114969154),8.05169591431206,1548.6435134172161,ios,5.990067077864547,1.1261613936183474,-2.466709669981162
136,37.784579386969824,-122.38801298674417,1564103871.0,2019-07-25T18:17:51-07:00,POINT (-122.38801298674417 37.784579386969824),7.9768713117252315,1554.7296728292965,ios,7.116228471482894,-1.3405482763628145,0.9772938436708651
137,37.78451547495814,-122.38801717769576,1564103872.0,2019-07-25T18:17:52-07:00,POINT (-122.38801717769576 37.78451547495814),8.022449798501539,1561.8302869723507,ios,5.77568019512008,-0.36325443269194935,4.6982678798379975
138,37.78446375861557,-122.38802329648507,1564103873.0,2019-07-25T18:17:53-07:00,POINT (-122.38802329648507 37.78446375861557),7.819560443101162,1567.5899861627374,ios,5.41242576242813,4.335013447146048,-6.329179534111189
139,37.78441539503427,-122.3880302534647,1564103874.0,2019-07-25T18:17:54-07:00,POINT (-122.3880302534647 37.78441539503427),7.521270286405561,1572.982633319472,ios,9.747439209574178,-1.9941660869651407,1.0097366115059812
140,37.78433530594947,-122.38807534810377,1564103875.0,2019-07-25T18:17:55-07:00,POINT (-122.38807534810377 37.78433530594947),4.075921612759654,1582.0853429727415,ios,7.753273122609038,-0.9844294754591596,1.9730245299138849
141,37.78427114248069,-122.38810988154485,1564103876.0,2019-07-25T18:17:56-07:00,POINT (-122.38810988154485 37.78427114248069),1.4558097121215754,1589.3697934824443,ios,6.768843647149878,0.9885950544547253,-2.244595258200424
142,37.78421410362961,-122.38813678745403,1564103877.0,2019-07-25T18:17:57-07:00,POINT (-122.38813678745403 37.78421410362961),0.5399432843779078,1595.8258896359548,ios,7.757438701604603,-1.2560002037456988,1.7193676331924
143,37.78414713222327,-122.38816151406839,1564103878.0,2019-07-25T18:17:58-07:00,POINT (-122.38816151406839 37.78414713222327),2.279788343583045,1603.3709390143547,ios,6.501438497858905,0.4633674294467012,-0.6542667072860455
144,37.78408954854848,-122.38817433838024,1564103879.0,2019-07-25T18:17:59-07:00,POINT (-122.38817433838024 37.78408954854848),3.0341479041480146,1609.8149906437538,ios,6.964805927305606,-0.19089927783934435,-0.22111306849197288
145,37.78402781583162,-122.38818774942531,1564103880.0,2019-07-25T18:18:00-07:00,POINT (-122.38818774942531 37.78402781583162),3.81321276567024,1616.721617614889,ios,6.773906649466261,-0.4120123463313172,0.2283550391565381
146,37.783967885223944,-122.38820157956555,1564103881.0,2019-07-25T18:18:01-07:00,POINT (-122.38820157956555 37.783967885223944),4.640793911735879,1623.4307923516863,ios,6.361894303134944,-0.18365730717477913,-5.951638603030762
147,37.783911781780716,-122.38821577309325,1564103882.0,2019-07-25T18:18:02-07:00,POINT (-122.38821577309325 37.783911781780716),5.52511103753046,1629.7179278130227,ios,6.178236995960165,-6.135295910205541,6.263315488730113
148,37.783857167618294,-122.38822870476363,1564103883.0,2019-07-25T18:18:03-07:00,POINT (-122.38822870476363 37.783857167618294),6.308149999614021,1635.833619486667,ios,0.04294108575462394,0.12801957852457116,-0.0831266902534398
149,37.78384630571844,-122.38822027120962,1564103916.0,2019-07-25T18:18:36-07:00,POINT (-122.38822027120962 37.78384630571844),5.49642330875581,1636.9933588435538,ios,4.267587177065472,-2.6151611998389424,8.140116250797828
150,37.78380804233046,-122.38822404306605,1564103917.0,2019-07-25T18:18:37-07:00,POINT (-122.38822404306605 37.78380804233046),5.580155884781123,1641.250906200802,ios,1.6524259772265297,5.5249550509588845,-3.1363289165911716
151,37.78371978089007,-122.3882400525011,1564103923.0,2019-07-25T18:18:43-07:00,POINT (-122.3882400525011 37.78371978089007),6.415814586542552,1651.1092840049248,ios,34.80215628297984,-13.293018448588146,-6.120198557764695
152,37.78340872846337,-122.38819613132848,1564103924.0,2019-07-25T18:18:44-07:00,POINT (-122.38819613132848 37.78340872846337),0.4601187528110098,1685.3457171287787,ios,21.50913783439169,-19.41321700635284,27.144486635878874
153,37.78323652226271,-122.38830761064067,1564103925.0,2019-07-25T18:18:45-07:00,POINT (-122.38830761064067 37.78323652226271),9.054593525540552,1705.0323774741344,ios,2.095920828038851,7.731269629526032,-7.4487234311898245
154,37.78322298548909,-122.38832420680895,1564103926.0,2019-07-25T18:18:46-07:00,POINT (-122.38832420680895 37.78322298548909),10.418582964232854,1706.6233232790876,ios,9.827190457564884,0.28254619833620787,-4.147154418375535
155,37.783141597209294,-122.38836779270544,1564103927.0,2019-07-25T18:18:47-07:00,POINT (-122.38836779270544 37.783141597209294),13.680650926257568,1715.8771999145804,ios,10.109736655901091,-3.864608220039327,3.569046146636871
156,37.783056395163555,-122.38840794202163,1564103928.0,2019-07-25T18:18:48-07:00,POINT (-122.38840794202163 37.783056395163555),16.61407222228674,1725.5343319190283,ios,6.245128435861765,-0.295562073402456,0.48200520691498827
157,37.78300354726406,-122.38843199808373,1564103929.0,2019-07-25T18:18:49-07:00,POINT (-122.38843199808373 37.78300354726406),18.359123419441197,1731.5196224031556,ios,5.949566362459309,0.18644313351253228,3.2702268556506136
158,37.78295266911181,-122.38845295284166,1564103930.0,2019-07-25T18:18:50-07:00,POINT (-122.38845295284166 37.78295266911181),19.84537934575829,1737.269608308229,ios,6.136009495971841,3.456669989163146,-3.614979086152138
159,37.78290011457892,-122.38847424287572,1564103931.0,2019-07-25T18:18:51-07:00,POINT (-122.38847424287572 37.78290011457892),21.349395574367318,1743.2070811302592,ios,9.592679485134987,-0.15830909698899198,2.0181118138351817
160,37.782814996352215,-122.38849201251044,1564103932.0,2019-07-25T18:18:52-07:00,POINT (-122.38849201251044 37.782814996352215),22.316605773306073,1752.73088074112,ios,9.434370388145995,1.8598027168461897,-1.9718269737781553
161,37.78273524254354,-122.3885286414273,1564103933.0,2019-07-25T18:18:53-07:00,POINT (-122.3885286414273 37.78273524254354),24.97871791608161,1761.7652022303669,ios,11.294173104992185,-0.1120242569319657,0.1364196088246413
162,37.78100870567232,-122.3885592156003,1564103950.0,2019-07-25T18:19:10-07:00,POINT (-122.3885592156003 37.78100870567232),6.840186623397721,1956.1319345263325,ios,9.389760737148768,2.2071090930869364,-5.057221666273135
163,37.78093037051861,-122.38859911443977,1564103951.0,2019-07-25T18:19:11-07:00,POINT (-122.38859911443977 37.78093037051861),6.900048007631992,1965.5064926784319,ios,11.596869830235704,-2.8501125731861983,9.024076123384202
164,37.780835998545996,-122.38865528618287,1564103952.0,2019-07-25T18:19:12-07:00,POINT (-122.38865528618287 37.780835998545996),7.1723299395671205,1978.219354301787,ios,8.746757257049506,6.173963550198003,-14.159119414749796
165,37.78076615685994,-122.38870107631301,1564103953.0,2019-07-25T18:19:13-07:00,POINT (-122.38870107631301 37.78076615685994),6.673587406276698,1986.9405357182056,ios,14.920720807247509,-7.985155864551793,6.836164399463972
166,37.78065599999156,-122.38879802365717,1564103954.0,2019-07-25T18:19:14-07:00,POINT (-122.38879802365717 37.78065599999156),7.379349095601639,2002.335152710706,ios,6.935564942695716,-1.1489914650878204,1.3283209447033135
167,37.78060610151215,-122.38884537378682,1564103955.0,2019-07-25T18:19:15-07:00,POINT (-122.38884537378682 37.78060610151215),7.646175145420601,2009.260923411485,ios,5.786573477607896,0.17932947961549317,0.9678938001142106
168,37.780564469558975,-122.38888487958197,1564103956.0,2019-07-25T18:19:16-07:00,POINT (-122.38888487958197 37.780564469558975),7.542489824341211,2015.5316678186741,ios,5.965902957223389,1.1472232797297037,-1.1476145739778936
169,37.78052344331017,-122.38892862573046,1564103957.0,2019-07-25T18:19:17-07:00,POINT (-122.38892862573046 37.78052344331017),7.718177449353374,2021.940119459486,ios,7.113126236953093,-0.00039129424818984404,-7.075319392606156
170,37.7804777867471,-122.38898531675109,1564103958.0,2019-07-25T18:19:18-07:00,POINT (-122.38898531675109 37.7804777867471),8.068118090432511,2029.043759671981,ios,7.112734942704903,-7.075710686854346,7.146328255509647
171,37.78043213270943,-122.38904200463595,1564103959.0,2019-07-25T18:19:19-07:00,POINT (-122.38904200463595 37.78043213270943),8.418041890294901,2036.1470214800495,ios,0.037024255850557256,0.07061756865530143,-0.011769593263420279
172,37.78043071151509,-122.3890437811251,1564103965.0,2019-07-25T18:19:25-07:00,POINT (-122.3890437811251 37.78043071151509),8.429710887462237,2036.3688361739555,ios,0.4607296677823658,9.074779760975815e-09,-8.77748373984133e-10
173,37.78042776395915,-122.38904746556213,1564103966.0,2019-07-25T18:19:26-07:00,POINT (-122.38904746556213 37.78042776395915),8.45391239636672,2036.8288796752363,ios,0.46072967685714555,8.197031386991682e-09,2.317546765606693e-09
174,37.78042481640322,-122.38905114999916,1564103967.0,2019-07-25T18:19:27-07:00,POINT (-122.38905114999916 37.78042481640322),8.478113932886135,2037.2889231840943,ios,0.46072968505417694,1.0514578152598375e-08,-2.4635499196179467e-10
175,37.780421868847284,-122.38905483443618,1564103968.0,2019-07-25T18:19:28-07:00,POINT (-122.38905483443618 37.780421868847284),8.502315495843554,2037.7489666988715,ios,0.4607296955687551,1.026822316063658e-08,-0.00011380484265699486
176,37.78041892129134,-122.38905851887321,1564103969.0,2019-07-25T18:19:29-07:00,POINT (-122.38905851887321 37.78041892129134),8.52651708776752,2038.2090102230375,ios,0.46072970583697825,-0.00011379457443383423,-0.20415097564585555
177,37.78041597373541,-122.38906220331027,1564103970.0,2019-07-25T18:19:30-07:00,POINT (-122.38906220331027 37.78041597373541),8.550718709535799,2038.6690537561244,ios,0.4606159112625444,-0.20426477022028938,0.20426477215194422
178,37.780413026907524,-122.38906588683723,1564103971.0,2019-07-25T18:19:31-07:00,POINT (-122.38906588683723 37.780413026907524),8.574914379907495,2039.1289836620156,ios,0.25635114104225504,1.9316548360848174e-09,1.7554961928567536e-09
179,37.78041138688021,-122.389067936867,1564103972.0,2019-07-25T18:19:32-07:00,POINT (-122.389067936867 37.78041138688021),8.588380249315012,2039.3849530140624,ios,0.2563511429739099,3.687151028941571e-09,-8.777482074506793e-10
180,37.7804097468529,-122.38906998689674,1564103973.0,2019-07-25T18:19:33-07:00,POINT (-122.38906998689674 37.7804097468529),8.601846125345089,2039.6409223638764,ios,0.2563511466610609,2.8094028214908917e-09,-1.7554965814348122e-09
181,37.78040810682558,-122.3890720369265,1564103974.0,2019-07-25T18:19:34-07:00,POINT (-122.3890720369265 37.78040810682558),8.615312011423764,2039.8968917213042,ios,0.2563511494704637,1.0539062400560795e-09,2.633244622352038e-09
182,37.78040646679827,-122.38907408695627,1564103975.0,2019-07-25T18:19:35-07:00,POINT (-122.38907408695627 37.78040646679827),8.628777905784483,2040.1528610779617,ios,0.25635115052436996,3.6871508624081173e-09,0.0
183,37.780404826770955,-122.389076136986,1564103976.0,2019-07-25T18:19:36-07:00,POINT (-122.389076136986 37.780404826770955),8.642243809250457,2040.4088304364361,ios,0.2563511542115208,3.6871508624081173e-09,-1.7554966924571147e-09
184,37.78040318674364,-122.38907818701576,1564103977.0,2019-07-25T18:19:37-07:00,POINT (-122.38907818701576 37.78040318674364),8.655709719974464,2040.664799798824,ios,0.2563511578986717,1.9316541699510026e-09,1.7554965814348122e-09
185,37.78040154671633,-122.38908023704552,1564103978.0,2019-07-25T18:19:38-07:00,POINT (-122.38908023704552 37.78040154671633),8.669175640947868,2040.9207691615547,ios,0.25635115983032586,3.687150751385815e-09,-8.77748373984133e-10
186,37.78039990668901,-122.38908228707527,1564103979.0,2019-07-25T18:19:39-07:00,POINT (-122.38908228707527 37.78039990668901),8.682641569882389,2041.1767385275768,ios,0.2563511635174766,2.809402377401682e-09,-3.1569719061153023e-10
187,37.7803982666617,-122.38908433710503,1564103980.0,2019-07-25T18:19:40-07:00,POINT (-122.38908433710503 37.7803982666617),8.696107508570691,2041.4327078978497,ios,0.256351166326879,2.4937051867901516e-09,6.313941591784555e-10
188,37.780396626634385,-122.3890863871348,1564103981.0,2019-07-25T18:19:41-07:00,POINT (-122.3890863871348 37.780396626634385),8.70957345501264,2041.6886772681278,ios,0.2563511688205842,3.125099345968607e-09,-2.07119410511325e-09
189,37.780394986607064,-122.38908843716455,1564103982.0,2019-07-25T18:19:42-07:00,POINT (-122.38908843716455 37.780394986607064),8.72303940954889,2041.9446466411941,ios,0.2563511719456835,1.0539052408553573e-09,2.6332452884858526e-09
190,37.78039334657975,-122.38909048719431,1564103983.0,2019-07-25T18:19:43-07:00,POINT (-122.38909048719431 37.78039334657975),8.736505374629353,2042.2006160179665,ios,0.25635117299958876,3.68715052934121e-09,0.0
191,37.780391706552436,-122.38909253722404,1564103984.0,2019-07-25T18:19:44-07:00,POINT (-122.38909253722404 37.780391706552436),8.749971345013547,2042.4565853938263,ios,0.2563511766867393,3.68715052934121e-09,-8.777485960287379e-10
192,37.78039006652512,-122.3890945872538,1564103985.0,2019-07-25T18:19:45-07:00,POINT (-122.3890945872538 37.78039006652512),8.763437326557696,2042.7125547726935,ios,0.2563511803738898,2.809401933312472e-09,-8.777486515398891e-10
193,37.78038842649781,-122.38909663728356,1564103986.0,2019-07-25T18:19:46-07:00,POINT (-122.38909663728356 37.78038842649781),8.776903316591358,2042.9685241540765,ios,0.25635118318329175,1.931653281772583e-09,1.7554971365463246e-09
194,37.780386786470494,-122.38909868731332,1564103987.0,2019-07-25T18:19:47-07:00,POINT (-122.38909868731332 37.780386786470494),8.790369315763066,2043.224493540409,ios,0.25635118511494503,3.6871504183189074e-09,-1.7554973585909295e-09
195,37.78038514644318,-122.38910073734307,1564103988.0,2019-07-25T18:19:48-07:00,POINT (-122.38910073734307 37.78038514644318),8.803835322775756,2043.4804629268235,ios,0.25635118880209545,1.931653059727978e-09,1.755497247568627e-09
196,37.780383506415866,-122.38910278737283,1564103989.0,2019-07-25T18:19:49-07:00,POINT (-122.38910278737283 37.780383506415866),8.817301338498494,2043.7364323153276,ios,0.2563511907337485,3.687150307296605e-09,-8.777487070510404e-10
197,37.78038186638855,-122.38910483740258,1564103990.0,2019-07-25T18:19:50-07:00,POINT (-122.38910483740258 37.78038186638855),8.830767363547015,2043.9924017052228,ios,0.2563511944208988,2.8094016002455646e-09,-1.7554975806355344e-09
198,37.78038022636124,-122.38910688743235,1564103991.0,2019-07-25T18:19:51-07:00,POINT (-122.38910688743235 37.78038022636124),8.844233397292522,2044.2483711009197,ios,0.2563511972303004,1.0539040196100302e-09,2.633246121153121e-09
199,37.780378586333924,-122.38910893746211,1564103992.0,2019-07-25T18:19:52-07:00,POINT (-122.38910893746211 37.780378586333924),8.857699439627941,2044.504340495497,ios,0.25635119828420444,3.6871501407631513e-09,-5.551115123125783e-17
200,37.78037694630661,-122.38911098749185,1564103993.0,2019-07-25T18:19:53-07:00,POINT (-122.38911098749185 37.78037694630661),8.871165488177652,2044.7603098918266,ios,0.2563512019713546,3.687150085252e-09,-1.7554975806355344e-09
201,37.780375306279296,-122.3891130375216,1564103994.0,2019-07-25T18:19:54-07:00,POINT (-122.3891130375216 37.780375306279296),8.884631547404762,2045.0162792913586,ios,0.25635120565850467,1.9316525046164656e-09,-0.0001827432040378829
202,37.78037366625198,-122.38911508755136,1564103995.0,2019-07-25T18:19:55-07:00,POINT (-122.38911508755136 37.78037366625198),8.888908077687582,2045.715718949929,ios,0.25635120759015717,-0.0001827412723853783,2.8143625680422946
203,37.78037202622467,-122.38911713758111,1564103996.0,2019-07-25T18:19:56-07:00,POINT (-122.38911713758111 37.78037202622467),8.889601560768089,2045.9720413839682,ios,0.2561684663177718,2.814179826769909,-2.6845970657333114
204,37.78037038736648,-122.38911918614947,1564103997.0,2019-07-25T18:19:57-07:00,POINT (-122.38911918614947 37.78037038736648),8.890294558424086,2046.2281810962347,ios,3.070348293087681,0.12958276103659783,1.4273511497354359
205,37.780350744569816,-122.38914373959274,1564103998.0,2019-07-25T18:19:58-07:00,POINT (-122.38914373959274 37.780350744569816),8.898601253026195,2049.2981847558435,ios,3.1999310541242787,1.5569339107720337,-3.2768036081162335
206,37.78033034977735,-122.38916942755965,1564103999.0,2019-07-25T18:19:59-07:00,POINT (-122.38916942755965 37.78033034977735),8.919420973061685,2052.497751678697,ios,4.756864964896312,-1.7198696973441998,2.7352880605221825
207,37.78030010002119,-122.38920770050022,1564104000.0,2019-07-25T18:20:00-07:00,POINT (-122.38920770050022 37.78030010002119),8.96110343996778,2057.2540384496556,ios,3.0369952675521126,1.0154183631779827,-4.545525921325092
208,37.780280787227674,-122.38923213565253,1564104001.0,2019-07-25T18:20:01-07:00,POINT (-122.38923213565253 37.780280787227674),8.98771693534154,2060.2906645401754,ios,4.052413630730095,-3.530107558147109,3.5301075681155214
209,37.78025501721196,-122.38926474068496,1564104002.0,2019-07-25T18:20:02-07:00,POINT (-122.38926474068496 37.78025501721196),9.023230514738067,2064.3425855237583,ios,0.5223060725829863,9.968412428840168e-09,2.6493469640342937e-09
210,37.780251695775505,-122.38926894307059,1564104003.0,2019-07-25T18:20:03-07:00,POINT (-122.38926894307059 37.780251695775505),9.027807932311084,2064.8648280984407,ios,0.5223060825513988,1.2617759392874461e-08,-2.324909820217158e-09
211,37.78024837433905,-122.38927314545619,1564104004.0,2019-07-25T18:20:04-07:00,POINT (-122.38927314545619 37.78024837433905),9.032385385471981,2065.387070681132,ios,0.5223060951691582,1.0292849572657303e-08,2.0004700118647634e-09
212,37.7802450529026,-122.3892773478418,1564104005.0,2019-07-25T18:20:05-07:00,POINT (-122.3892773478418 37.7802450529026),9.036962873447624,2065.909313275631,ios,0.5223061054620077,1.2293319584522067e-08,3.244381430178578e-10
213,37.780241731466155,-122.3892815502274,1564104006.0,2019-07-25T18:20:06-07:00,POINT (-122.3892815502274 37.780241731466155),9.041540396361354,2066.431555878807,ios,0.5223061177553273,1.2617757727539924e-08,-9.98714955929847e-05
214,37.7802384100297,-122.38928575261299,1564104007.0,2019-07-25T18:20:07-07:00,POINT (-122.38928575261299 37.7802384100297),9.046117956649065,2066.953798494332,ios,0.522306130373085,-9.985887783525715e-05,0.7007973931005823
215,37.78023508859325,-122.3892899549986,1564104008.0,2019-07-25T18:20:08-07:00,POINT (-122.3892899549986 37.78023508859325),9.050695551834917,2067.4760411217458,ios,0.5222062714952498,0.700697534222747,2.0172985418214067
216,37.780231767791896,-122.38929415658068,1564104009.0,2019-07-25T18:20:09-07:00,POINT (-122.38929415658068 37.780231767791896),9.055272308438214,2067.998183901367,ios,1.2229038057179968,2.7179960760441535,-5.459902903002914
217,37.780223991132196,-122.38930399585452,1564104010.0,2019-07-25T18:20:10-07:00,POINT (-122.38930399585452 37.780223991132196),9.065990305545935,2069.2209390214807,ios,3.9408998817621503,-2.7419068269587603,12.162330970891851
218,37.78019931575945,-122.38933618401133,1564104011.0,2019-07-25T18:20:11-07:00,POINT (-122.38933618401133 37.78019931575945),9.160683216491822,2073.1606259591745,ios,1.1989930548033902,9.420424143933092,-9.421001548773788
219,37.78019181716587,-122.38934598774385,1564104012.0,2019-07-25T18:20:12-07:00,POINT (-122.38934598774385 37.78019181716587),9.190843910067676,2074.359222418318,ios,10.619417198736482,-0.0005774048406959054,-9.423132874930637
220,37.78012540254181,-122.38943281885479,1564104013.0,2019-07-25T18:20:13-07:00,POINT (-122.38943281885479 37.78012540254181),9.457983777091723,2084.9751267019014,ios,10.618839793895786,-9.423710279771333,11.101942286863457
221,37.780058991559685,-122.38951964520419,1564104014.0,2019-07-25T18:20:14-07:00,POINT (-122.38951964520419 37.780058991559685),9.725123877609368,2095.5904532361938,ios,1.1951295141244522,1.678232007092123,-2.6235609750888464
222,37.780051517136314,-122.38952941733636,1564104015.0,2019-07-25T18:20:15-07:00,POINT (-122.38952941733636 37.780051517136314),9.755190894154367,2096.7851873066543,ios,2.8733615212165753,-0.9453289679967236,-0.8842545950602416
223,37.78003354693448,-122.3895529117491,1564104016.0,2019-07-25T18:20:16-07:00,POINT (-122.3895529117491 37.78003354693448),9.827479565854453,2099.657598061504,ios,1.9280325532198517,-1.8295835630569652,1.8295835622898413
224,37.78002148888671,-122.38956867655541,1564104017.0,2019-07-25T18:20:17-07:00,POINT (-122.38956867655541 37.78002148888671),9.875986045197669,2101.584992628059,ios,0.09844899016288639,-7.671238366757649e-10,6.966183324630393e-10
225,37.78002187920241,-122.38956968202837,1564104018.0,2019-07-25T18:20:18-07:00,POINT (-122.38956968202837 37.78002187920241),9.969429543277116,2101.6163580639723,ios,0.09844898939576255,-7.050550421272561e-11,-6.966183324630393e-10
226,37.7800222695181,-122.38957068750132,1564104019.0,2019-07-25T18:20:19-07:00,POINT (-122.38957068750132 37.7800222695181),10.062873041339182,2101.647723498568,ios,0.09844898932525704,-7.671238366757649e-10,6.966183047074637e-10
227,37.7800226598338,-122.38957169297427,1564104020.0,2019-07-25T18:20:20-07:00,POINT (-122.38957169297427 37.7800226598338),10.156316539708765,2101.679088931514,ios,0.09844898855813321,-7.050553196830123e-11,1.5453976015544768e-09
228,37.78002305014949,-122.38957269844722,1564104021.0,2019-07-25T18:20:21-07:00,POINT (-122.38957269844722 37.78002305014949),10.249760036761375,2101.7104543644773,ios,0.09844898848762768,1.4748920695861756e-09,-3.787413521694205e-09
229,37.780023440465186,-122.38957370392018,1564104022.0,2019-07-25T18:20:22-07:00,POINT (-122.38957370392018 37.780023440465186),10.343203534446406,2101.741819795456,ios,0.09844898996251975,-2.3125214521080295e-09,1.5453976015544768e-09
230,37.78002383078088,-122.38957470939316,1564104023.0,2019-07-25T18:20:23-07:00,POINT (-122.38957470939316 37.78002383078088),10.436647034633346,2101.773185228872,ios,0.09844898764999829,-7.671238505535527e-10,6.966183185852515e-10
231,37.780024221096575,-122.38957571486611,1564104024.0,2019-07-25T18:20:24-07:00,POINT (-122.38957571486611 37.780024221096575),10.530090532200214,2101.8045506571357,ios,0.09844898688287444,-7.050553196830123e-11,-6.966183463408271e-10
232,37.780024611412266,-122.38957672033906,1564104025.0,2019-07-25T18:20:25-07:00,POINT (-122.38957672033906 37.780024611412266),10.623534030157996,2101.83591608383,ios,0.09844898681236891,-7.671238783091283e-10,6.966183324630393e-10
233,37.780025001727964,-122.38957772581202,1564104026.0,2019-07-25T18:20:26-07:00,POINT (-122.38957772581202 37.780025001727964),10.716977528098399,2101.8672815092077,ios,0.09844898604524503,-7.050554584608903e-11,-3.4830915929262574e-10
234,37.780025392043655,-122.38957873128497,1564104027.0,2019-07-25T18:20:27-07:00,POINT (-122.38957873128497 37.780025392043655),10.81042102667122,2101.898646932601,ios,0.09844898597473949,-4.1881470513871477e-10,-3.4830920092598916e-10
235,37.78002578235935,-122.38957973675792,1564104028.0,2019-07-25T18:20:28-07:00,POINT (-122.38957973675792 37.78002578235935),10.903864523193874,2101.9300123565977,ios,0.09844898555592478,-7.671239060647039e-10,6.966183879741905e-10
236,37.78002617267505,-122.38958074223088,1564104029.0,2019-07-25T18:20:29-07:00,POINT (-122.38958074223088 37.78002617267505),10.99730802140703,2101.9613777776904,ios,0.09844898478880088,-7.050551809051342e-11,-6.966183879741905e-10
237,37.78002656299074,-122.38958174770383,1564104030.0,2019-07-25T18:20:30-07:00,POINT (-122.38958174770383 37.78002656299074),11.090751518303218,2101.992743198801,ios,0.09844898471829536,-7.671239060647039e-10,6.966183879741905e-10
238,37.78002695330644,-122.38958275317678,1564104031.0,2019-07-25T18:20:31-07:00,POINT (-122.38958275317678 37.78002695330644),11.184195018391062,2102.0241086184697,ios,0.09844898395117145,-7.050551809051342e-11,-6.966184018519783e-10
239,37.78002734362213,-122.38958375864974,1564104032.0,2019-07-25T18:20:32-07:00,POINT (-122.38958375864974 37.78002734362213),11.277638515169091,2102.055474036865,ios,0.09844898388066593,-7.671239199424917e-10,1.817626243960646e-09
240,37.78002773393783,-122.38958476412269,1564104033.0,2019-07-25T18:20:33-07:00,POINT (-122.38958476412269 37.78002773393783),11.371082013962527,2102.0868394520226,ios,0.09844898311354201,1.0505023240181544e-09,-2.9386341277026773e-09
241,37.78002812425352,-122.38958576959564,1564104034.0,2019-07-25T18:20:34-07:00,POINT (-122.38958576959564 37.78002812425352),11.464525511114092,2102.1182048675314,ios,0.09844898416404434,-1.888131803684523e-09,1.817626257838434e-09
242,37.78002851456922,-122.38958677506861,1564104035.0,2019-07-25T18:20:35-07:00,POINT (-122.38958677506861 37.78002851456922),11.557969011049014,2102.149570281851,ios,0.09844898227591253,-7.050554584608903e-11,-3.4830920092598916e-10
243,37.78002890488491,-122.38958778054156,1564104036.0,2019-07-25T18:20:36-07:00,POINT (-122.38958778054156 37.78002890488491),11.651412507516023,2102.180935695393,ios,0.09844898220540699,-4.188147467720782e-10,-3.4830917317041354e-10
244,37.780029295200606,-122.38958878601451,1564104037.0,2019-07-25T18:20:37-07:00,POINT (-122.38958878601451 37.780029295200606),11.74485600550674,2102.2123011058693,ios,0.09844898178659224,-7.671239199424917e-10,6.966183463408271e-10
245,37.780029685516304,-122.38958979148747,1564104038.0,2019-07-25T18:20:38-07:00,POINT (-122.38958979148747 37.780029685516304),11.83829950323858,2102.243666515443,ios,0.09844898101946832,-7.050557360166465e-11,-6.966183602186149e-10
246,37.780030075831995,-122.38959079696042,1564104039.0,2019-07-25T18:20:39-07:00,POINT (-122.38959079696042 37.780030075831995),11.931743001602834,2102.2750319230327,ios,0.09844898094896275,-7.671239338202795e-10,6.966183879741905e-10
247,37.78003046614769,-122.38959180243337,1564104040.0,2019-07-25T18:20:40-07:00,POINT (-122.38959180243337 37.78003046614769),12.025186498566718,2102.3063973305584,ios,0.09844898018183881,-7.050554584608903e-11,-6.966184157297661e-10
248,37.780030856463384,-122.38959280790633,1564104041.0,2019-07-25T18:20:41-07:00,POINT (-122.38959280790633 37.780030856463384),12.118629996246415,2102.3377627361815,ios,0.09844898011133327,-7.671239615758552e-10,6.966184018519783e-10
249,37.78003124677908,-122.38959381337928,1564104042.0,2019-07-25T18:20:42-07:00,POINT (-122.38959381337928 37.78003124677908),12.21207349573478,2102.3691281416154,ios,0.0984489793442093,-7.050555972387684e-11,-6.966184018519783e-10
250,37.78003163709477,-122.38959481885223,1564104043.0,2019-07-25T18:20:43-07:00,POINT (-122.38959481885223 37.78003163709477),12.305516992405018,2102.4004935456055,ios,0.09844897927370375,-7.671239615758552e-10,6.966184157297661e-10
251,37.78003202741047,-122.38959582432518,1564104044.0,2019-07-25T18:20:44-07:00,POINT (-122.38959582432518 37.78003202741047),12.398960490598974,2102.431858946529,ios,0.09844897850657978,-7.050554584608903e-11,1.545397157465267e-09
252,37.78003241772616,-122.38959682979814,1564104045.0,2019-07-25T18:20:45-07:00,POINT (-122.38959682979814 37.78003241772616),12.492403987559353,2102.463224347551,ios,0.09844897843607424,1.474891611619178e-09,-3.7874127722936635e-09
253,37.78003280804186,-122.38959783527109,1564104046.0,2019-07-25T18:20:46-07:00,POINT (-122.38959783527109 37.78003280804186),12.585847485393646,2102.4945897461744,ios,0.09844897991096585,-2.3125211606744855e-09,1.8937063861468317e-09
254,37.78003319835755,-122.38959884074407,1564104047.0,2019-07-25T18:20:47-07:00,POINT (-122.38959884074407 37.78003319835755),12.67929098422871,2102.525955145772,ios,0.09844897759844469,-4.188147745276538e-10,-3.483092286815648e-10
255,37.78003358867325,-122.38959984621702,1564104048.0,2019-07-25T18:20:48-07:00,POINT (-122.38959984621702 37.78003358867325),12.77273448300294,2102.5573205407604,ios,0.09844897717962992,-7.671240032092186e-10,6.966184296075539e-10
256,37.780033978988946,-122.38960085168998,1564104049.0,2019-07-25T18:20:49-07:00,POINT (-122.38960085168998 37.780033978988946),12.866177980543595,2102.5886859358475,ios,0.09844897641250591,-7.050557360166465e-11,0.6849404312890259
257,37.78003436930464,-122.38960185716293,1564104050.0,2019-07-25T18:20:50-07:00,POINT (-122.38960185716293 37.78003436930464),12.959621479568014,2102.6200513310796,ios,0.09844897634200034,0.6849404312185203,-0.6850354204242118
258,37.780034759620335,-122.38960286263588,1564104051.0,2019-07-25T18:20:51-07:00,POINT (-122.38960286263588 37.780034759620335),13.053064976099215,2102.6514167245336,ios,0.7833894075605207,-9.498920569150915e-05,9.501392148147936e-05
259,37.78002954527692,-122.38960885686468,1564104052.0,2019-07-25T18:20:52-07:00,POINT (-122.38960885686468 37.78002954527692),13.025818494120971,2103.3230238695155,ios,0.7832944183548292,2.4715789970208846e-08,1.0939446015711951e-09
260,37.78002432957411,-122.38961484759162,1564104053.0,2019-07-25T18:20:53-07:00,POINT (-122.38961484759162 37.78002432957411),13.001545142155864,2104.105718153806,ios,0.7832944430706191,2.580973457178004e-08,0.8287010980070183
261,37.7800191138713,-122.38962083831854,1564104054.0,2019-07-25T18:20:54-07:00,POINT (-122.38962083831854 37.7800191138713),12.9772718683972,2104.888412463981,ios,0.7832944688803537,0.8287011238167529,-0.9776492715180009
262,37.780013898168484,-122.38962682904547,1564104055.0,2019-07-25T18:20:55-07:00,POINT (-122.38962682904547 37.780013898168484),12.952998671318833,2105.671106801802,ios,1.6119955926971066,-0.14894814770124798,0.015606340200871038
263,37.780002871481855,-122.3896387367487,1564104056.0,2019-07-25T18:20:56-07:00,POINT (-122.3896387367487 37.780002871481855),12.853802981648379,2107.2793800868435,ios,1.4630474449958586,-0.13334180750037694,-1.1959806709181278
264,37.7799971698435,-122.38965373981635,1564104057.0,2019-07-25T18:20:57-07:00,POINT (-122.38965373981635 37.7799971698435),13.361641071008812,2108.6533766013004,ios,1.3297056374954817,-1.3293224784185047,4.869178581651859
265,37.779991763374376,-122.38966723526538,1564104058.0,2019-07-25T18:20:58-07:00,POINT (-122.38966723526538 37.779991763374376),13.796988976598604,2109.9114249845215,ios,0.0003831590769768743,3.5398561032333546,-4.642146678530144
266,37.77999176181646,-122.38966723915412,1564104059.0,2019-07-25T18:20:59-07:00,POINT (-122.38966723915412 37.77999176181646),13.797114422065308,2109.9117874957033,ios,3.5402392623103314,-1.1022905752967902,1.1014488116291634
267,37.78001082611453,-122.38969950181239,1564104060.0,2019-07-25T18:21:00-07:00,POINT (-122.38969950181239 37.78001082611453),17.309166126504167,2110.3717813070566,ios,2.437948687013541,-0.0008417636676267826,0.5897269241269707
268,37.780023777962406,-122.38972188445501,1564104061.0,2019-07-25T18:21:01-07:00,POINT (-122.38972188445501 37.780023777962406),19.724510247267617,2110.7127483509603,ios,2.4371069233459144,0.5888851604593439,9.833234815700035
269,37.780036725278634,-122.38974425942868,1564104062.0,2019-07-25T18:21:02-07:00,POINT (-122.38974425942868 37.780036725278634),22.139019370252186,2111.0536052375237,ios,3.0259920838052583,10.42211997615938,-7.721657313693623
270,37.78003836488952,-122.38977862815928,1564104063.0,2019-07-25T18:21:03-07:00,POINT (-122.38977862815928 37.78003836488952),24.43806412689379,2113.0303904929083,ios,13.448112059964638,2.7004626624657564,-0.3000468189619339
271,37.779222283827536,-122.39068993469998,1564104072.0,2019-07-25T18:21:12-07:00,POINT (-122.39068993469998 37.779222283827536),16.66831540299944,2234.258705659845,ios,37.752276022156444,4.129180835121815e-05,-37.07977041294649
272,37.778934359027666,-122.39091756576374,1564104073.0,2019-07-25T18:21:13-07:00,POINT (-122.39091756576374 37.778934359027666),8.360106145738316,2270.8724471033415,ios,37.752317313964795,-37.079729121138136,37.52159592233829
273,37.778646434227795,-122.3911451968275,1564104074.0,2019-07-25T18:21:14-07:00,POINT (-122.3911451968275 37.778646434227795),0.3200787118268716,2307.7127001574067,ios,0.6725881928266575,0.4418668012001541,-0.22093334327515668
274,37.7786396188203,-122.39115784251149,1564104076.0,2019-07-25T18:21:16-07:00,POINT (-122.39115784251149 37.7786396188203),0.6306239195655716,2309.022484424833,ios,1.5563217952269657,1.1464984073228379e-07,-3.939326420621114e-09
275,37.778631011083505,-122.39117180598714,1564104077.0,2019-07-25T18:21:17-07:00,POINT (-122.39117180598714 37.778631011083505),0.8924432465026736,2310.5573008346805,ios,1.5563219098768064,1.1071051431166268e-07,1.9696377862032932e-09
276,37.77862240334671,-122.39118576946282,1564104078.0,2019-07-25T18:21:18-07:00,POINT (-122.39118576946282 37.77862240334671),1.1542629105884095,2312.092117297573,ios,1.5563220205873207,1.1268015209786597e-07,0.023303851727590308
277,37.778613795609914,-122.39119973293847,1564104079.0,2019-07-25T18:21:19-07:00,POINT (-122.39119973293847 37.778613795609914),1.4160829104873829,2313.626933814816,ios,1.5563221332674728,0.023303964407742406,-0.023726912044714554
278,37.77860518787312,-122.39121369641413,1564104080.0,2019-07-25T18:21:20-07:00,POINT (-122.39121369641413 37.77860518787312),1.677903247448628,2315.1617503850257,ios,1.5796260976752152,-0.00042294763697214854,0.00042304171063189955
279,37.77859437316477,-122.39122535077311,1564104081.0,2019-07-25T18:21:21-07:00,POINT (-122.39122535077311 37.77859437316477),1.624380883806688,2316.7398091000105,ios,1.579203150038243,9.40736597510039e-08,3.8406524627276895e-09
280,37.77858356084523,-122.39123700125698,1564104082.0,2019-07-25T18:21:22-07:00,POINT (-122.39123700125698 37.77858356084523),1.5707861707822148,2318.3174419772104,ios,1.5792032441119028,9.791431221373159e-08,1.411282868346575e-09
281,37.77857274852569,-122.39124865174081,1564104083.0,2019-07-25T18:21:23-07:00,POINT (-122.39124865174081 37.77857274852569),1.5171917669019863,2319.8950749568394,ios,1.579203342026215,9.932559508207817e-08,-5.251983292708928e-09
282,37.77856193620615,-122.39126030222465,1564104084.0,2019-07-25T18:21:24-07:00,POINT (-122.39126030222465 37.77856193620615),1.384081505495324,2321.575584523457,ios,1.5792034413518101,9.407361178936924e-08,-0.6748484084976601
283,37.77855112388661,-122.39127195270852,1564104085.0,2019-07-25T18:21:25-07:00,POINT (-122.39127195270852 37.77855112388661),1.2167874996697519,2323.145237827101,ios,1.579203535425422,-0.6748483144240484,0.6745563355417713
284,37.77854031156707,-122.39128360319235,1564104086.0,2019-07-25T18:21:26-07:00,POINT (-122.39128360319235 37.77854031156707),1.0494937949436765,2324.714891252007,ios,0.9043552210013736,-0.00029197888227705526,0.0002920029448288952
285,37.7785335412514,-122.39128930498477,1564104087.0,2019-07-25T18:21:27-07:00,POINT (-122.39128930498477 37.7785335412514),0.8483693976511593,2325.595768520805,ios,0.9040632421190965,2.4062551839953983e-08,2.6994644297673176e-09
286,37.778526772949036,-122.39129500460781,1564104088.0,2019-07-25T18:21:28-07:00,POINT (-122.39129500460781 37.778526772949036),0.6472762391378982,2326.4763535571774,ios,0.9040632661816483,2.67620162697213e-08,-1.3497354345304302e-09
287,37.77852000464668,-122.39130070423084,1564104089.0,2019-07-25T18:21:29-07:00,POINT (-122.39130070423084 37.77852000464668),0.44618316684025017,2327.3569386384925,ios,0.9040632929436646,2.541228083519087e-08,-2.3314683517128287e-15
288,37.77851323634432,-122.39130640385389,1564104090.0,2019-07-25T18:21:30-07:00,POINT (-122.39130640385389 37.77851323634432),0.2450901818478337,2328.2375237638685,ios,0.9040633183559454,2.541227850372252e-08,-0.7284916949428033
289,37.778506468041954,-122.39131210347693,1564104091.0,2019-07-25T18:21:31-07:00,POINT (-122.39131210347693 37.778506468041954),0.04399728340740304,2329.1181089338643,ios,0.904063343768224,-0.7284916695305248,0.7284240662244856
290,37.77849969973959,-122.39131780309998,1564104092.0,2019-07-25T18:21:32-07:00,POINT (-122.39131780309998 37.77849969973959),0.15709552840053884,2329.998694148565,ios,0.1755716742376992,-6.760330603922116e-05,6.760500336516762e-05
291,37.778498428412014,-122.39131898782357,1564104093.0,2019-07-25T18:21:33-07:00,POINT (-122.39131898782357 37.778498428412014),0.18796484743058606,2330.1714047105907,ios,0.17550407093165998,1.697325946459216e-09,-6.361467463911197e-10
292,37.77849715759114,-122.39132017212047,1564104094.0,2019-07-25T18:21:34-07:00,POINT (-122.39132017212047 37.77849715759114),0.21881910604898666,2330.3440493532935,ios,0.17550407262898593,1.0611792000680964e-09,0.0
293,37.77849588677026,-122.39132135641738,1564104095.0,2019-07-25T18:21:35-07:00,POINT (-122.39132135641738 37.77849588677026),0.2496733609067785,2330.5166939972314,ios,0.17550407369016513,1.0611792000680964e-09,-1.3768443607453662e-09
294,37.77849461594938,-122.39132254071428,1564104096.0,2019-07-25T18:21:36-07:00,POINT (-122.39132254071428 37.77849461594938),0.2805276158076377,2330.6893386431443,ios,0.17550407475134433,-3.156651606772698e-10,2.7536886382240056e-09
295,37.778493345128496,-122.39132372501119,1564104097.0,2019-07-25T18:21:37-07:00,POINT (-122.39132372501119 37.778493345128496),0.3113818625663281,2330.861983289482,ios,0.17550407443567917,2.4380234775467358e-09,-1.3768443607453662e-09
296,37.77849207430762,-122.39132490930808,1564104098.0,2019-07-25T18:21:38-07:00,POINT (-122.39132490930808 37.77849207430762),0.342236108439474,2331.034627936744,ios,0.17550407687370265,1.0611791168013696e-09,7.406976698653978e-10
297,37.77849080348674,-122.39132609360499,1564104099.0,2019-07-25T18:21:39-07:00,POINT (-122.39132609360499 37.77849080348674),0.37309035062378954,2331.207272588533,ios,0.17550407793488176,1.8018767866667673e-09,-2.1175420583663396e-09
298,37.77848953266586,-122.3913272779019,1564104100.0,2019-07-25T18:21:40-07:00,POINT (-122.3913272779019 37.77848953266586),0.4039445882942486,2331.379917240997,ios,0.17550407973675855,-3.1566527169957226e-10,2.012991023869759e-09
299,37.77848826184498,-122.39132846219881,1564104101.0,2019-07-25T18:21:41-07:00,POINT (-122.39132846219881 37.77848826184498),0.43479882287684263,2331.5525618953397,ios,0.17550407942109328,1.6973257521701868e-09,-1.3768444162565174e-09
300,37.7784869910241,-122.39132964649572,1564104102.0,2019-07-25T18:21:42-07:00,POINT (-122.39132964649572 37.7784869910241),0.46565305447515737,2331.7252065487596,ios,0.17550408111841903,3.2048133591366934e-10,1.4813954229975224e-09
301,37.77848572020322,-122.39133083079263,1564104103.0,2019-07-25T18:21:43-07:00,POINT (-122.39133083079263 37.77848572020322),0.49650728264050875,2331.897851207112,ios,0.17550408143890037,1.8018767589111917e-09,-1.3768444162565174e-09
302,37.77848444938234,-122.39133201508952,1564104104.0,2019-07-25T18:21:44-07:00,POINT (-122.39133201508952 37.77848444938234),0.5273615082384567,2332.0704958647793,ios,0.17550408324077713,4.2503234265467427e-10,1.2722933262487857e-09
303,37.77848317856146,-122.39133319938642,1564104105.0,2019-07-25T18:21:45-07:00,POINT (-122.39133319938642 37.77848317856146),0.5582157288020873,2332.2431405256852,ios,0.17550408366580947,1.69732566890346e-09,-1.3768444717676687e-09
304,37.778481907740584,-122.39133438368333,1564104106.0,2019-07-25T18:21:46-07:00,POINT (-122.39133438368333 37.778481907740584),0.589069945188234,2332.4157851875884,ios,0.17550408536313514,3.2048119713579126e-10,1.4813955617754004e-09
305,37.7784806369197,-122.39133556798024,1564104107.0,2019-07-25T18:21:47-07:00,POINT (-122.39133556798024 37.7784806369197),0.6199241609447024,2332.588429850822,ios,0.17550408568361633,1.8018767589111917e-09,-1.3768444995232443e-09
306,37.77847936609882,-122.39133675227713,1564104108.0,2019-07-25T18:21:48-07:00,POINT (-122.39133675227713 37.77847936609882),0.6507783722678192,2332.7610745146467,ios,0.1755040874854931,4.250322593879474e-10,1.2722933540043613e-09
307,37.77847809527794,-122.39133793657403,1564104109.0,2019-07-25T18:21:49-07:00,POINT (-122.39133793657403 37.77847809527794),0.6816325794852292,2332.9337191827603,ios,0.17550408791052535,1.6973256133923087e-09,-6.361466908799684e-10
308,37.778476824457066,-122.39133912087094,1564104110.0,2019-07-25T18:21:50-07:00,POINT (-122.39133912087094 37.778476824457066),0.7124867819329167,2333.1063638511423,ios,0.17550408960785097,1.0611789225123403e-09,-7.406979474211539e-10
309,37.778475553636184,-122.39134030516784,1564104111.0,2019-07-25T18:21:51-07:00,POINT (-122.39134030516784 37.778475553636184),0.7433409837509257,2333.2790085208553,ios,0.1755040906690299,3.2048097509118634e-10,8.452491484511881e-10
310,37.7784742828153,-122.39134148946475,1564104112.0,2019-07-25T18:21:52-07:00,POINT (-122.39134148946475 37.7784742828153),0.7741951801982463,2333.451653193485,ios,0.17550409098951086,1.1657301235423745e-09,5.315953788276317e-10
311,37.77847301199442,-122.39134267376164,1564104113.0,2019-07-25T18:21:53-07:00,POINT (-122.39134267376164 37.77847301199442),0.8050493739976572,2333.624297865514,ios,0.175504092155241,1.6973255023700062e-09,-6.361466631243928e-10
312,37.77847174117355,-122.39134385805855,1564104114.0,2019-07-25T18:21:54-07:00,POINT (-122.39134385805855 37.77847174117355),0.8359035630991247,2333.7969425411034,ios,0.1755040938525665,1.0611788392456134e-09,1.045513120523367e-10
313,37.778470470352666,-122.39134504235545,1564104115.0,2019-07-25T18:21:55-07:00,POINT (-122.39134504235545 37.778470470352666),0.8667577493685933,2333.9695872189777,ios,0.17550409491374533,1.16573015129795e-09,-2.0910270737140024e-10
314,37.778469199531784,-122.39134622665236,1564104116.0,2019-07-25T18:21:56-07:00,POINT (-122.39134622665236 37.778469199531784),0.8976119330706585,2334.142231896167,ios,0.17550409607947548,9.566274439265499e-10,-6.361467186355441e-10
315,37.77846792871091,-122.39134741094928,1564104117.0,2019-07-25T18:21:57-07:00,POINT (-122.39134741094928 37.77846792871091),0.9284661114020337,2334.3148765762726,ios,0.17550409703610292,3.204807252910058e-10,1.4813960891313371e-09
316,37.77846665789003,-122.39134859524619,1564104118.0,2019-07-25T18:21:58-07:00,POINT (-122.39134859524619 37.77846665789003),0.9593202865650403,2334.487521258341,ios,0.17550409735658365,1.801876814422343e-09,-1.3768446938122736e-09
317,37.77846538706915,-122.39134977954308,1564104119.0,2019-07-25T18:21:59-07:00,POINT (-122.39134977954308 37.77846538706915),0.9901744597528825,2334.660165940453,ios,0.17550409915846046,4.2503212061006934e-10,1.2722932152264832e-09
318,37.778464116248266,-122.39135096383998,1564104120.0,2019-07-25T18:22:00-07:00,POINT (-122.39135096383998 37.778464116248266),1.0210286289155246,2334.8328106267695,ios,0.17550409958349258,1.6973253358365525e-09,-6.937776103088655e-05
319,37.77846284542739,-122.39135214813689,1564104121.0,2019-07-25T18:22:01-07:00,POINT (-122.39135214813689 37.77846284542739),1.0518827935643082,2335.0054553137606,ios,0.17550410128081792,-6.937606370555072e-05,0.26886593258622465
320,37.77846157460651,-122.3913533324338,1564104122.0,2019-07-25T18:22:02-07:00,POINT (-122.3913533324338 37.77846157460651),1.0827369566548044,2335.178100001033,ios,0.17543472521711237,0.2687965565225191,-0.26879655431811306
321,37.77846030428798,-122.39135451626254,1564104123.0,2019-07-25T18:22:03-07:00,POINT (-122.39135451626254 37.77846030428798),1.1135789178141864,2335.350676445005,ios,0.4442312817396315,2.20440604659089e-09,2.1405298644694426e-09
322,37.778456602193515,-122.39135641620538,1564104124.0,2019-07-25T18:22:04-07:00,POINT (-122.39135641620538 37.778456602193515),1.2972162271032606,2335.7543979567427,ios,0.44423128394403755,4.3449359110603325e-09,-2.8726775957998996e-09
323,37.77845290009905,-122.3913583161482,1564104125.0,2019-07-25T18:22:05-07:00,POINT (-122.3913583161482 37.77845290009905),1.4808535222123593,2336.158119475212,ios,0.44423128828897346,1.472258315260433e-09,3.0794519711996315e-09
324,37.77844919800457,-122.39136021609103,1564104126.0,2019-07-25T18:22:06-07:00,POINT (-122.39136021609103 37.77844919800457),1.6644908024369394,2336.5618410058623,ios,0.4442312897612318,4.5517102864600645e-09,-2.816766098145962e-09
325,37.778445495910105,-122.39136211603383,1564104127.0,2019-07-25T18:22:07-07:00,POINT (-122.39136211603383 37.778445495910105),1.8481280691542892,2336.965562543888,ios,0.44423129431294206,1.7349441883141026e-09,3.07945235977769e-09
326,37.77844179381564,-122.39136401597668,1564104128.0,2019-07-25T18:22:08-07:00,POINT (-122.39136401597668 37.77844179381564),2.0317653205702415,2337.3692840938575,ios,0.44423129604788625,4.814396548091793e-09,-2.872677984377958e-09
327,37.77843809172117,-122.39136591591948,1564104129.0,2019-07-25T18:22:09-07:00,POINT (-122.39136591591948 37.77843809172117),2.2154025607617895,2337.7730056501646,ios,0.4442313008622828,1.9417185637138346e-09,1.6710695049937385e-09
328,37.778434389626696,-122.39136781586231,1564104130.0,2019-07-25T18:22:10-07:00,POINT (-122.39136781586231 37.778434389626696),2.3990397831132477,2338.1767272190464,ios,0.44423130280400136,3.612788068707573e-09,-1.4083837984735226e-09
329,37.77843068753223,-122.39136971580513,1564104131.0,2019-07-25T18:22:11-07:00,POINT (-122.39136971580513 37.77843068753223),2.582676992630219,2338.5804487959476,ios,0.44423130641678943,2.2044042702340505e-09,3.0794533589784123e-09
330,37.77842698543776,-122.39137161574796,1564104132.0,2019-07-25T18:22:12-07:00,POINT (-122.39137161574796 37.77842698543776),2.766314185917183,2338.9841703837424,ios,0.4442313086211937,5.283857629212463e-09,-0.0001256168641646238
331,37.778423283343294,-122.39137351569076,1564104133.0,2019-07-25T18:22:13-07:00,POINT (-122.39137351569076 37.778423283343294),2.949951366369662,2339.3878919795566,ios,0.44423131390505133,-0.0001256115803069946,-0.3653612490323368
332,37.77841958124882,-122.3913754156336,1564104134.0,2019-07-25T18:22:14-07:00,POINT (-122.3913754156336 37.77841958124882),3.127794134705428,2340.0005404541284,ios,0.44410570232474433,-0.3654868606126438,0.3654868618818087
333,37.77841588020117,-122.39137731503918,1564104135.0,2019-07-25T18:22:15-07:00,POINT (-122.39137731503918 37.77841588020117),3.2840661994864786,2340.4154881098425,ios,0.07861884171210055,1.2691648704210579e-09,-1.9199705991734817e-09
334,37.77841521894535,-122.39137763169688,1564104136.0,2019-07-25T18:22:16-07:00,POINT (-122.39137763169688 37.77841521894535),3.3134539038461477,2340.4882671885175,ios,0.07861884298126542,-6.508057287524238e-10,7.389295009208041e-10
335,37.778414557689516,-122.3913779483546,1564104137.0,2019-07-25T18:22:17-07:00,POINT (-122.3913779483546 37.778414557689516),3.3428416083425856,2340.5610462714835,ios,0.0786188423304597,8.81237721683803e-11,8.842232779304737e-10
336,37.77841389643369,-122.39137826501232,1564104138.0,2019-07-25T18:22:18-07:00,POINT (-122.39137826501232 37.77841389643369),3.3722293125571943,2340.633825351553,ios,0.07861884241858347,9.72347050098854e-10,-1.0295170410623555e-09
337,37.778413235177865,-122.39137858167004,1564104139.0,2019-07-25T18:22:19-07:00,POINT (-122.39137858167004 37.778413235177865),3.4016170147094664,2340.706604433507,ios,0.07861884339093052,-5.7169990963501505e-11,-5.936357516667101e-10
338,37.77841257392204,-122.39137889832779,1564104140.0,2019-07-25T18:22:20-07:00,POINT (-122.39137889832779 37.77841257392204),3.431004714571175,2340.7793835169236,ios,0.07861884333376053,-6.508057426302116e-10,7.389295286763797e-10
339,37.77841191266621,-122.3913792149855,1564104141.0,2019-07-25T18:22:21-07:00,POINT (-122.3913792149855 37.77841191266621),3.460392418611158,2340.852162599045,ios,0.07861884268295478,8.812378604616811e-11,-1.3877787807814457e-17
340,37.77841125141038,-122.39137953164322,1564104142.0,2019-07-25T18:22:22-07:00,POINT (-122.39137953164322 37.77841125141038),3.4897801187038584,2340.9249416809894,ios,0.07861884277107857,8.81237721683803e-11,7.389295009208041e-10
341,37.77841059015456,-122.39137984830094,1564104143.0,2019-07-25T18:22:23-07:00,POINT (-122.39137984830094 37.77841059015456),3.519167819709467,2340.9977207646225,ios,0.07861884285920234,8.270532730891844e-10,-1.4778590018416082e-09
342,37.77840992889873,-122.39138016495866,1564104144.0,2019-07-25T18:22:24-07:00,POINT (-122.39138016495866 37.77840992889873),3.5485555213757194,2341.0704998463902,ios,0.07861884368625562,-6.508057287524238e-10,7.389295009208041e-10
343,37.7784092676429,-122.39138048161638,1564104145.0,2019-07-25T18:22:25-07:00,POINT (-122.39138048161638 37.7784092676429),3.577943221693883,2341.1432789306514,ios,0.07861884303544989,8.81237721683803e-11,0.0
344,37.778408606387075,-122.3913807982741,1564104146.0,2019-07-25T18:22:26-07:00,POINT (-122.3913807982741 37.778408606387075),3.6073309225867596,2341.2160580131263,ios,0.07861884312357366,8.81237721683803e-11,1.1810411953971922e-09
345,37.77840794513125,-122.39138111493182,1564104147.0,2019-07-25T18:22:27-07:00,POINT (-122.39138111493182 37.77840794513125),3.636718620560757,2341.2888370963756,ios,0.07861884321169743,1.2691649675655725e-09,-2.3620823907943844e-09
346,37.778407283875424,-122.39138143158954,1564104148.0,2019-07-25T18:22:28-07:00,POINT (-122.39138143158954 37.778407283875424),3.666106319990048,2341.3616161820805,ios,0.0786188444808624,-1.092917423228812e-09,1.1810411953971922e-09
347,37.77840662261959,-122.39138174824727,1564104149.0,2019-07-25T18:22:29-07:00,POINT (-122.39138174824727 37.77840662261959),3.695494017818986,2341.4343952667246,ios,0.07861884338794498,8.81237721683803e-11,0.0
348,37.77840596136377,-122.39138206490499,1564104150.0,2019-07-25T18:22:30-07:00,POINT (-122.39138206490499 37.77840596136377),3.7248817175651987,2341.507174350878,ios,0.07861884347606875,8.81237721683803e-11,-3.5951002370054885e-05
349,37.77840530010794,-122.3913823815627,1564104151.0,2019-07-25T18:22:31-07:00,POINT (-122.3913823815627 37.77840530010794),3.754269414078375,2341.579953435463,ios,0.07861884356419252,-3.595091424628272e-05,5.205102124953635
350,37.778404638852116,-122.39138269822043,1564104152.0,2019-07-25T18:22:32-07:00,POINT (-122.39138269822043 37.778404638852116),3.7836571117945805,2341.652732518948,ios,0.07858289264994624,5.205066174039389,-5.305072274447794
351,37.77840397789867,-122.39138301473334,1564104153.0,2019-07-25T18:22:33-07:00,POINT (-122.39138301473334 37.77840397789867),3.813031369901048,2341.725478324182,ios,5.2836490666893345,-0.10000610040840563,-0.6999774939058367
352,37.77837648525627,-122.39143204886689,1564104154.0,2019-07-25T18:22:34-07:00,POINT (-122.39143204886689 37.77837648525627),2.717195689758295,2346.8975357608583,ios,5.183642966280929,-0.7999835943142424,12.182643031421843
353,37.77836014054508,-122.39148728560879,1564104155.0,2019-07-25T18:22:35-07:00,POINT (-122.39148728560879 37.77836014054508),0.3801868461507876,2351.5331772599457,ios,4.3836593719666865,11.3826594371076,-13.85294809181323
354,37.77833579111637,-122.39152651291563,1564104156.0,2019-07-25T18:22:36-07:00,POINT (-122.39152651291563 37.77833579111637),0.31893274661682813,2355.862567649172,ios,15.766318809074287,-2.47028865470563,0.3406796396465417
355,37.77822376698048,-122.39163648348524,1564104157.0,2019-07-25T18:22:37-07:00,POINT (-122.39163648348524 37.77822376698048),2.5394507773355377,2371.362140224155,ios,13.296030154368657,-2.1296090150590885,0.7460802982620098
356,37.778131063131404,-122.3917320371814,1564104158.0,2019-07-25T18:22:38-07:00,POINT (-122.3917320371814 37.778131063131404),4.629704730507578,2384.667578003045,ios,11.166421139309568,-1.3835287167970787,-0.4368891668468997
357,37.77805462017448,-122.39181443128957,1564104159.0,2019-07-25T18:22:39-07:00,POINT (-122.39181443128957 37.77805462017448),5.810931307726008,2395.7666465728353,ios,9.78289242251249,-1.8204178836439784,1.4386624788950648
358,37.777988906053615,-122.39188844349458,1564104160.0,2019-07-25T18:22:40-07:00,POINT (-122.39188844349458 37.777988906053615),6.633907241248648,2405.511651497624,ios,7.962474538868511,-0.38175540474891356,0.5912933297191421
359,37.77793209687327,-122.39194359881708,1564104161.0,2019-07-25T18:22:41-07:00,POINT (-122.39194359881708 37.77793209687327),7.738231050922884,2413.6229510669423,ios,7.580719134119597,0.2095379249702285,-0.2884529451754716
360,37.777881578868424,-122.39200151893698,1564104162.0,2019-07-25T18:22:42-07:00,POINT (-122.39200151893698 37.777881578868424),8.412399928285492,2420.679753873388,ios,7.790257059089826,-0.0789150202052431,-0.2016999991158963
361,37.77782946998791,-122.39206076727804,1564104163.0,2019-07-25T18:22:43-07:00,POINT (-122.39206076727804 37.77782946998791),9.265238664178804,2428.4207793991272,ios,7.711342038884583,-0.2806150193211394,0.650107386927302
362,37.77777809012098,-122.39211969735321,1564104164.0,2019-07-25T18:22:44-07:00,POINT (-122.39211969735321 37.77777809012098),10.004038952531896,2436.7921796137794,ios,7.430727019563443,0.36949236760616255,6.3357773921080245
363,37.777726916782555,-122.39217407155948,1564104165.0,2019-07-25T18:22:45-07:00,POINT (-122.39217407155948 37.777726916782555),10.546330222269637,2444.199763037324,ios,7.800219387169606,6.705269759714187,-13.877916867615934
364,37.77767755560188,-122.39223713305779,1564104166.0,2019-07-25T18:22:46-07:00,POINT (-122.39223713305779 37.77767755560188),10.400858397222894,2451.9981314286388,ios,14.505489146883793,-7.1726471079017475,3.6468195871698375
365,37.777540390414906,-122.39251792442276,1564104168.0,2019-07-25T18:22:48-07:00,POINT (-122.39251792442276 37.777540390414906),3.9985666441775183,2480.066580558323,ios,0.16019493108029723,0.12099206643792772,-0.09721203501972095
366,37.77752395066808,-122.39250314078656,1564104182.0,2019-07-25T18:23:02-07:00,POINT (-122.39250314078656 37.77752395066808),6.214179387162981,2480.402890727624,ios,1.8540838612112853,-1.2399764238381654,1.2399437739582564
367,37.77750734681358,-122.39250507623119,1564104183.0,2019-07-25T18:23:03-07:00,POINT (-122.39250507623119 37.77750734681358),7.4173146855002985,2481.808350947563,ios,0.6141074373731199,-3.264987990903023e-05,0.6461520646847441
368,37.77750182995366,-122.39250475221914,1564104184.0,2019-07-25T18:23:04-07:00,POINT (-122.39250475221914 37.77750182995366),7.876393970939818,2482.2142246991816,ios,0.6140747874932109,0.646119414804835,0.24238014820581555
369,37.77749631338705,-122.39250442822433,1564104185.0,2019-07-25T18:23:05-07:00,POINT (-122.39250442822433 37.77749631338705),8.335448851512577,2482.6200768691015,ios,1.260194202298046,0.8884995630106506,-0.18773712983615293
370,37.777650113759954,-122.3927150814897,1564104205.0,2019-07-25T18:23:25-07:00,POINT (-122.3927150814897 37.777650113759954),16.830190034080545,2484.045252998806,ios,19.030185462511056,-2.866243033712408,0.4063403842058035
371,37.776869209518445,-122.39355870533957,1564104211.0,2019-07-25T18:23:31-07:00,POINT (-122.39355870533957 37.776869209518445),7.444894209767083,2597.5919294361374,ios,1.8327272602366098,-0.42820072847758706,0.2140740795983811
372,37.77684808712245,-122.39359072420969,1564104213.0,2019-07-25T18:23:33-07:00,POINT (-122.39359072420969 37.77684808712245),7.785580064753445,2601.242590378252,ios,0.9763258032814357,-5.256928082486567e-05,-0.6210133189735874
373,37.776844901913435,-122.39360107613899,1564104214.0,2019-07-25T18:23:34-07:00,POINT (-122.39360107613899 37.776844901913435),8.181290526101446,2602.136690733699,ios,0.9762732340006108,-0.6210658882544122,0.6210658891307173
374,37.77684171687604,-122.39361142751052,1564104215.0,2019-07-25T18:23:35-07:00,POINT (-122.39361142751052 37.77684171687604),8.576979793279339,2603.0307428935644,ios,0.35520734574619856,8.763050840521203e-10,-2.7779384640713722e-05
375,37.77683853166981,-122.39361112016606,1564104216.0,2019-07-25T18:23:36-07:00,POINT (-122.39361112016606 37.77683853166981),8.308196977561186,2603.2617903984396,ios,0.35520734662250364,-2.777850833562967e-05,1.1713415233006295
376,37.77683534646357,-122.39361081282159,1564104217.0,2019-07-25T18:23:37-07:00,POINT (-122.39361081282159 37.77683534646357),8.039414159101076,2603.4928378999607,ios,0.355179568114168,1.1713137447922939,-1.1713946331045697
377,37.77683216150643,-122.39361050550117,1564104218.0,2019-07-25T18:23:38-07:00,POINT (-122.39361050550117 37.77683216150643),7.770652360561517,2603.723867333736,ios,1.526493312906462,-8.08883122758175e-05,0.16267136026600104
378,37.7768374841558,-122.39362651535991,1564104219.0,2019-07-25T18:23:39-07:00,POINT (-122.39362651535991 37.7768374841558),9.185832453242009,2604.301709149986,ios,1.5264124245941861,0.16259047195372522,-0.4272495367524436
379,37.776842806523454,-122.39364252437127,1564104220.0,2019-07-25T18:23:40-07:00,POINT (-122.39364252437127 37.776842806523454),10.600937666858844,2604.8795200684935,ios,1.6890028965479114,-0.26465906479871837,0.2645819541435077
380,37.77685035023631,-122.3936592043586,1564104221.0,2019-07-25T18:23:41-07:00,POINT (-122.3936592043586 37.77685035023631),12.231956913479518,2605.3246040071244,ios,1.424343831749193,-7.711065521065485e-05,-0.3076392920005786
381,37.77685154468983,-122.39367533995885,1564104222.0,2019-07-25T18:23:42-07:00,POINT (-122.39367533995885 37.77685154468983),13.33145116863416,2606.234494638056,ios,1.4242667210939823,-0.30771640265578926,0.37845705678325636
382,37.77685273907871,-122.39369147468581,1564104223.0,2019-07-25T18:23:43-07:00,POINT (-122.39369147468581 37.77685273907871),14.430886056690833,2607.1443358170222,ios,1.116550318438193,0.0707406541274671,1.4592990415288998
383,37.77684687174649,-122.39370178442671,1564104224.0,2019-07-25T18:23:44-07:00,POINT (-122.39370178442671 37.77684687174649),14.613770898786862,2608.2464651781784,ios,1.1872909725656602,1.5300396956563669,-1.0018335689083748
384,37.77683626863898,-122.39370337698831,1564104225.0,2019-07-25T18:23:45-07:00,POINT (-122.39370337698831 37.77683626863898),13.882090729269178,2609.1782966276883,ios,2.717330668222027,0.528206126747992,-0.5651181007157318
385,37.77681196111978,-122.39370656211152,1564104226.0,2019-07-25T18:23:46-07:00,POINT (-122.39370656211152 37.77681196111978),12.175682993789891,2611.2855358450106,ios,3.245536794970019,-0.03691197396773971,1.0927518433167034
386,37.776783001644326,-122.39371117215826,1564104227.0,2019-07-25T18:23:47-07:00,POINT (-122.39371117215826 37.776783001644326),10.193533343084624,2613.8467758896104,ios,3.2086248210022794,1.0558398693489637,-1.8775355003381526
387,37.77675475463064,-122.39371863205209,1564104228.0,2019-07-25T18:23:48-07:00,POINT (-122.39371863205209 37.77675475463064),8.44487760353754,2616.529332159889,ios,4.264464690351243,-0.821695630989189,0.2037927337699319
388,37.776719676365865,-122.3937382457055,1564104229.0,2019-07-25T18:23:49-07:00,POINT (-122.3937382457055 37.776719676365865),6.918522415926909,2620.504431171431,ios,3.442769059362054,-0.6179028972192571,-0.20681482601144818
389,37.77669268663765,-122.39375744026377,1564104230.0,2019-07-25T18:23:50-07:00,POINT (-122.39375744026377 37.77669268663765),5.999936188847887,2623.8181880277098,ios,2.824866162142797,-0.8247177232307052,0.7207396314573364
390,37.776667960023296,-122.39376481633856,1564104231.0,2019-07-25T18:23:51-07:00,POINT (-122.39376481633856 37.776667960023296),4.5219487359423205,2626.2190396801116,ios,2.000148438912092,-0.10397809177336881,-1.5046109739306488
391,37.77665023229809,-122.3937609606631,1564104232.0,2019-07-25T18:23:52-07:00,POINT (-122.3937609606631 37.77665023229809),2.8922757660828657,2627.371535186253,ios,1.896170347138723,-1.6085890657040176,1.7794354524294747
392,37.77663380376787,-122.39375517714991,1564104233.0,2019-07-25T18:23:53-07:00,POINT (-122.39375517714991 37.77663380376787),1.2077913433897558,2628.367952350982,ios,0.2875812814347055,0.17084638672545707,-0.0012893961223965102
393,37.77669909879358,-122.39382969226911,1564104267.0,2019-07-25T18:24:27-07:00,POINT (-122.39382969226911 37.77669909879358),10.982570112096875,2628.399761615244,ios,6.096358430100246,0.12700691856397572,-3.9864634296480728
394,37.77669574603231,-122.3938989267893,1564104268.0,2019-07-25T18:24:28-07:00,POINT (-122.3938989267893 37.77669574603231),14.784639226870759,2633.180824834964,ios,6.223365348664221,-3.859456511084097,3.5284916986767083
395,37.77668979488106,-122.39396933477595,1564104269.0,2019-07-25T18:24:29-07:00,POINT (-122.39396933477595 37.77668979488106),18.441542330581328,2638.2315517940565,ios,2.3639088375801243,-0.33096481240738873,0.1428689179699516
396,37.77668279599191,-122.39399473194256,1564104270.0,2019-07-25T18:24:30-07:00,POINT (-122.39399473194256 37.77668279599191),19.360460720445694,2640.4135463186876,ios,2.0329440251727355,-0.18809589443743713,0.002789567374617663
397,37.77667705438824,-122.39401669252887,1564104271.0,2019-07-25T18:24:31-07:00,POINT (-122.39401669252887 37.77667705438824),20.180624264440517,2642.277261681222,ios,1.8448481307352984,-0.18530632706281946,0.8862224798304986
398,37.77666070967705,-122.39402029674723,1564104272.0,2019-07-25T18:24:32-07:00,POINT (-122.39402029674723 37.77666070967705),19.044943117373204,2643.7262841116376,ios,1.659541803672479,0.7009161527676792,0.02543062262016421
399,37.77667248625101,-122.39405499782636,1564104274.0,2019-07-25T18:24:34-07:00,POINT (-122.39405499782636 37.77667248625101),22.077999372826614,2644.243279328326,ios,3.0613741092078373,0.7517773980080076,-1.047125554513829
400,37.7766314987445,-122.39410151738896,1564104276.0,2019-07-25T18:24:36-07:00,POINT (-122.39410151738896 37.7766314987445),22.281147685347044,2647.5508330047146,ios,4.564928905223852,-1.3424737110196503,1.6236050961745168
401,37.776590678876055,-122.39410704944505,1564104277.0,2019-07-25T18:24:37-07:00,POINT (-122.39410704944505 37.776590678876055),19.847055424808246,2651.4011200973864,ios,3.222455194204202,0.28113138515486646,2.0428386816376474
402,37.776576094364536,-122.39413873303904,1564104278.0,2019-07-25T18:24:38-07:00,POINT (-122.39413873303904 37.776576094364536),20.79160645537392,2656.2896490816947,ios,3.5035865793590686,2.323970066792514,-2.9461984740707123
403,37.776560126838994,-122.39417309884205,1564104279.0,2019-07-25T18:24:39-07:00,POINT (-122.39417309884205 37.776560126838994),21.76120124710397,2659.6598151807525,ios,5.827556646151582,-0.6222284072781985,-0.1020435342690702
404,37.77653841770978,-122.39423344854488,1564104280.0,2019-07-25T18:24:40-07:00,POINT (-122.39423344854488 37.77653841770978),23.791487294667807,2663.9187808174556,ios,5.205328238873384,-0.7242719415472687,-1.5162562071157888
405,37.776456526515794,-122.3942908645816,1564104282.0,2019-07-25T18:24:42-07:00,POINT (-122.3942908645816 37.776456526515794),23.95011549982355,2663.9187808174556,ios,3.7567843557788465,-3.7567843557788465,3.7567843557788465
406,37.77642438191713,-122.39430402416959,1564104283.0,2019-07-25T18:24:43-07:00,POINT (-122.39430402416959 37.77642438191713),24.39251496034634,2663.9187808174556,ios,0.0,0.0,0.0
