,latitude,longitude,ts,fmt_time,geometry,gt_distance,gt_projection,source,speed,acceleration,jerk
0,37.79122783283519,-122.39045290692816,1564189970.0,2019-07-26T18:12:50-07:00,POINT (-122.39045290692816 37.79122783283519),1.4670162486821499,739.6537331131153,ios,4.463797631272165,-0.26620637789686535,0.01663789865514976
1,37.79074396599426,-122.38991838837418,1564189986.0,2019-07-26T18:13:06-07:00,POINT (-122.38991838837418 37.79074396599426),5.053954637099211,812.0955313460271,ios,0.20449558492231948,5.855308182756147e-10,-5.2379606207964e-10
2,37.790743356378734,-122.38991619275605,1564189987.0,2019-07-26T18:13:07-07:00,POINT (-122.38991619275605 37.790743356378734),5.137584016762172,812.282493170415,ios,0.2044955855078503,6.173475619597468e-11,2.6181755097276493e-09
3,37.7907427467632,-122.38991399713792,1564189988.0,2019-07-26T18:13:08-07:00,POINT (-122.38991399713792 37.7907427467632),5.221213402620327,812.4694549966657,ios,0.20449558556958505,2.679910265923624e-09,-9.162406944263068e-10
4,37.790742137147674,-122.38991180151982,1564189989.0,2019-07-26T18:13:09-07:00,POINT (-122.38991180151982 37.790742137147674),5.304842792292771,812.656416817448,ios,0.20449558824949532,1.7636695714973172e-09,1.8324815276304918e-09
5,37.79074152753215,-122.38990960590169,1564189990.0,2019-07-26T18:13:10-07:00,POINT (-122.38990960590169 37.79074152753215),5.388472190611304,812.8433786406724,ios,0.2044955900131649,3.596151099127809e-09,0.5263373808971115
6,37.790740917916615,-122.38990741028357,1564189991.0,2019-07-26T18:13:11-07:00,POINT (-122.38990741028357 37.790740917916615),5.472101592028104,813.0303404624395,ios,0.204495593609316,0.5263373844932625,-0.526961639556991
7,37.79074030830109,-122.38990521466542,1564189992.0,2019-07-26T18:13:12-07:00,POINT (-122.38990521466542 37.79074030830109),5.555731001183853,813.2173022843109,ios,0.7308329781025785,-0.0006242550637285404,0.0006242586101529168
8,37.79073384833108,-122.38990674736277,1564189993.0,2019-07-26T18:13:13-07:00,POINT (-122.38990674736277 37.79073384833108),4.942117884261225,813.6115326303848,ios,0.73020872303885,3.546424376388302e-09,-2.262659282159518e-09
9,37.79072740083926,-122.3899083250021,1564189994.0,2019-07-26T18:13:14-07:00,POINT (-122.3899083250021 37.79072740083926),4.326792946240806,814.0019360468716,ios,0.7302087265852744,1.2837650942287837e-09,1.012792294474707e-09
10,37.79072095334743,-122.38990990264145,1564189995.0,2019-07-26T18:13:15-07:00,POINT (-122.38990990264145 37.79072095334743),3.7114679905930794,814.3923394396826,ios,0.7302087278690395,2.2965573887034907e-09,-2.3707458218780175e-10
11,37.79071450585561,-122.38991148028079,1564189996.0,2019-07-26T18:13:16-07:00,POINT (-122.38991148028079 37.79071450585561),3.0961430247945403,814.7827428141022,ios,0.7302087301655968,2.059482806515689e-09,8.437850797386366
12,37.79070805836379,-122.38991305792013,1564189997.0,2019-07-26T18:13:17-07:00,POINT (-122.38991305792013 37.79070805836379),2.480818043036269,815.1731461666337,ios,0.7302087322250796,8.43785079944585,-12.394737141192493
13,37.79070161087197,-122.38991463555945,1564189998.0,2019-07-26T18:13:18-07:00,POINT (-122.38991463555945 37.79070161087197),1.8669719136801837,815.5296433187012,ios,9.168059531670929,-3.956886341746644,3.572527106580755
14,37.79063841331544,-122.38998164434209,1564189999.0,2019-07-26T18:13:19-07:00,POINT (-122.38998164434209 37.79063841331544),7.270625668280672,816.2239442691215,ios,5.211173189924285,-0.3843592351658893,-1.2174640331851534
15,37.790608448011604,-122.38993604678883,1564190000.0,2019-07-26T18:13:20-07:00,POINT (-122.38993604678883 37.790608448011604),6.834855233955771,821.4184382252863,ios,4.8268139547583955,-1.6018232683510427,1.0086301970394334
16,37.79058774471077,-122.38988776702656,1564190001.0,2019-07-26T18:13:21-07:00,POINT (-122.38988776702656 37.79058774471077),5.499852180913584,826.0622945475127,ios,3.2249906864073528,-0.5931930713116094,-0.5734565935586569
17,37.790569388342824,-122.38985935237481,1564190002.0,2019-07-26T18:13:22-07:00,POINT (-122.38985935237481 37.790569388342824),5.203184418637344,829.274697170344,ios,2.6317976150957434,-1.1666496648702662,0.2963435099960119
18,37.79055094815585,-122.38984057691171,1564190003.0,2019-07-26T18:13:23-07:00,POINT (-122.38984057691171 37.79055094815585),5.507231520023795,831.8874643348307,ios,1.4651479502254772,-0.8703061548742543,0.8702821921630729
19,37.790539925953176,-122.38983144063725,1564190004.0,2019-07-26T18:13:24-07:00,POINT (-122.38983144063725 37.790539925953176),5.8175514761802996,833.317990946997,ios,0.5948417953512228,-2.396271118143556e-05,0.15192646055629655
20,37.79053504339621,-122.38982867455346,1564190005.0,2019-07-26T18:13:25-07:00,POINT (-122.38982867455346 37.79053504339621),6.033968213779072,833.871120947088,ios,0.5948178326400414,0.15190249784511511,-0.15190247353419228
21,37.79053016103598,-122.38982590858114,1564190006.0,2019-07-26T18:13:26-07:00,POINT (-122.38982590858114 37.79053016103598),6.250376206054195,834.4242286743346,ios,0.7467203304851565,2.4310922830395043e-08,-4.593305052091878e-05
22,37.79052541119346,-122.38981990142737,1564190007.0,2019-07-26T18:13:27-07:00,POINT (-122.38981990142737 37.79052541119346),6.256525573177898,835.1708615220476,ios,0.7467203547960793,-4.590873959808839e-05,-0.5793910596998024
23,37.79052066135094,-122.38981389427359,1564190008.0,2019-07-26T18:13:28-07:00,POINT (-122.38981389427359 37.79052066135094),6.262674868253862,835.9174943940077,ios,0.7466744460564813,-0.5794369684394005,1.012514815152171
24,37.79051591180059,-122.38980788748933,1564190009.0,2019-07-26T18:13:29-07:00,POINT (-122.38980788748933 37.79051591180059),6.268823712872274,836.6640813640222,ios,0.16723747761708072,0.43307784671277055,0.051780164556744696
25,37.79050053100827,-122.38981559884026,1564190020.0,2019-07-26T18:13:40-07:00,POINT (-122.38981559884026 37.79050053100827),7.9628572323158275,837.3736681203291,ios,4.931093791457557,1.0026596568369621,-0.25195125337880686
26,37.790466877667036,-122.38977905374243,1564190021.0,2019-07-26T18:13:41-07:00,POINT (-122.38977905374243 37.790466877667036),8.317914682800915,842.391100124865,ios,5.933753448294519,0.7507084034581553,-0.23340128914817182
27,37.79042697980794,-122.38973421056046,1564190022.0,2019-07-26T18:13:42-07:00,POINT (-122.38973421056046 37.79042697980794),8.640659277427547,848.3141095232114,ios,6.684461851752674,0.5173071143099834,0.043630301724875586
28,37.79038205280694,-122.38968366768434,1564190023.0,2019-07-26T18:13:43-07:00,POINT (-122.38968366768434 37.79038205280694),9.001134892473157,854.9866492579589,ios,7.201768966062658,0.560937416034859,-1.2654626949928298
29,37.79033197093549,-122.38963169988467,1564190024.0,2019-07-26T18:13:44-07:00,POINT (-122.38963169988467 37.79033197093549),9.676022885806917,862.1531567550957,ios,7.762706382097517,-0.7045252789579708,-0.1994246747664361
30,37.79027874585035,-122.38957453530504,1564190025.0,2019-07-26T18:13:45-07:00,POINT (-122.38957453530504 37.79027874585035),10.272459362718527,869.8896193489949,ios,7.058181103139546,-0.9039499537244069,0.3316415494359912
31,37.790229627897766,-122.3895236571528,1564190026.0,2019-07-26T18:13:46-07:00,POINT (-122.3895236571528 37.790229627897766),10.939927896309007,876.9126458202772,ios,6.154231149415139,-0.5723084042884157,0.670785901510647
32,37.79018813747707,-122.38947730522825,1564190027.0,2019-07-26T18:13:47-07:00,POINT (-122.38947730522825 37.79018813747707),11.293083523131816,883.0546252424997,ios,5.5819227451267235,0.09847749722223131,-0.24397837250600052
33,37.79015100564602,-122.38943455752208,1564190028.0,2019-07-26T18:13:48-07:00,POINT (-122.38943455752208 37.79015100564602),11.530165619246004,888.6299463012718,ios,5.680400242348955,-0.1455008752837692,-0.19855844234661202
34,37.790113957634,-122.38939004961624,1564190029.0,2019-07-26T18:13:49-07:00,POINT (-122.38939004961624 37.790113957634),11.650807101322254,894.3079798464807,ios,5.534899367065186,-0.3440593176303812,-0.5993771995058523
35,37.790078669821646,-122.38934562552943,1564190030.0,2019-07-26T18:13:50-07:00,POINT (-122.38934562552943 37.790078669821646),11.63894241227695,899.842352430278,ios,5.190840049434804,-0.9434365171362336,-0.6454078482208097
36,37.7900457708517,-122.38930371601357,1564190031.0,2019-07-26T18:13:51-07:00,POINT (-122.38930371601357 37.7900457708517),11.597117449825678,905.0326707819069,ios,4.247403532298571,-1.5888443653570432,1.1914432404814712
37,37.79001832011881,-122.38927010458185,1564190032.0,2019-07-26T18:13:52-07:00,POINT (-122.38927010458185 37.79001832011881),11.646966139018582,909.2791396809035,ios,2.6585591669415276,-0.397401124875572,-0.669341597844666
38,37.790000885760215,-122.38924940128102,1564190033.0,2019-07-26T18:13:53-07:00,POINT (-122.38924940128102 37.790000885760215),11.718813427433593,911.9361551883067,ios,2.2611580420659556,-1.066742722720238,0.9357286035761754
39,37.78999007310512,-122.38922760833277,1564190034.0,2019-07-26T18:13:54-07:00,POINT (-122.38922760833277 37.78999007310512),11.204496922097723,914.1399711819288,ios,1.1944153193457177,-0.13101411914406258,1.2620792583062062
40,37.789981565473404,-122.38921931024863,1564190035.0,2019-07-26T18:13:55-07:00,POINT (-122.38921931024863 37.789981565473404),11.352214320642544,915.3244744847912,ios,1.063401200201655,1.1310651391621436,-1.3537635170988012
41,37.789973560755875,-122.38921268854513,1564190036.0,2019-07-26T18:13:56-07:00,POINT (-122.38921268854513 37.789973560755875),11.565225004575865,916.365319245487,ios,2.1944663393637986,-0.2226983779366576,1.76777662744855
42,37.78997079472783,-122.38918796193077,1564190037.0,2019-07-26T18:13:57-07:00,POINT (-122.38918796193077 37.78997079472783),10.23813460244269,918.1183599045207,ios,1.971767961427141,1.5450782495118924,0.4123011331585704
43,37.78997330929878,-122.38916574988737,1564190038.0,2019-07-26T18:13:58-07:00,POINT (-122.38916574988737 37.78997330929878),8.654810521067528,919.2998782831028,ios,3.5168462109390335,1.9573793826704629,-2.592606315785855
44,37.78996853161397,-122.3891261873044,1564190039.0,2019-07-26T18:13:59-07:00,POINT (-122.3891261873044 37.78996853161397),6.559011008779558,922.1324337114444,ios,5.474225593609496,-0.6352269331153924,-1.4171289734624208
45,37.789941583795276,-122.38907405186667,1564190040.0,2019-07-26T18:14:00-07:00,POINT (-122.38907405186667 37.789941583795276),5.413155688915919,927.4896416223091,ios,4.838998660494104,-2.052355906577813,2.0522233609365195
46,37.789918826928165,-122.38902711320891,1564190041.0,2019-07-26T18:14:01-07:00,POINT (-122.38902711320891 37.789918826928165),4.2637620479768,932.1944809915665,ios,2.786642753916291,-0.00013254564129372426,-1.1509050721131093
47,37.78990797210476,-122.38899853023763,1564190042.0,2019-07-26T18:14:02-07:00,POINT (-122.38899853023763 37.78990797210476),3.328877962214793,934.8232581560965,ios,2.786510208274997,-1.151037617754403,1.150958171455697
48,37.78989711779895,-122.3889699486293,1564190043.0,2019-07-26T18:14:03-07:00,POINT (-122.3889699486293 37.78989711779895),2.3940373900739664,937.4519099516064,ios,1.635472590520594,-7.944629870615394e-05,-1.5212597150681364
49,37.789892151400544,-122.38895243002564,1564190044.0,2019-07-26T18:14:04-07:00,POINT (-122.38895243002564 37.789892151400544),1.689070805636176,938.9304311248573,ios,1.6353931442218879,-1.5213391613668426,1.6391841483733134
50,37.78988718524369,-122.38893491227402,1564190045.0,2019-07-26T18:14:05-07:00,POINT (-122.38893491227402 37.78988718524369),0.9841381559313163,940.4088803319692,ios,0.11405398285504526,0.11784498700647085,0.0660188722413612
51,37.78989284302833,-122.38891680736317,1564190060.0,2019-07-26T18:14:20-07:00,POINT (-122.38891680736317 37.78989284302833),0.5887598575512968,941.0881067293037,ios,1.881728787952108,1.1081280706268888,-0.17532666188195356
52,37.789876037312474,-122.38891932193413,1564190061.0,2019-07-26T18:14:21-07:00,POINT (-122.38891932193413 37.789876037312474),0.8832393636978028,942.253903043532,ios,2.989856858578997,0.9328014087449352,0.9516812756282595
53,37.789849676227,-122.38891261641159,1564190062.0,2019-07-26T18:14:22-07:00,POINT (-122.38891261641159 37.789849676227),2.5273800276796314,944.7438740424535,ios,3.922658267323932,1.8844826843731948,-3.002345992679495
54,37.78981560379061,-122.38890104938521,1564190063.0,2019-07-26T18:14:23-07:00,POINT (-122.38890104938521 37.78981560379061),4.471450051659642,948.1423111863853,ios,5.807140951697127,-1.1178633083063003,4.30487602401818
55,37.78977407146039,-122.38886098388805,1564190064.0,2019-07-26T18:14:24-07:00,POINT (-122.38886098388805 37.78977407146039),5.213083271735232,953.9045273816612,ios,4.6892776433908265,3.1870127157118793,-1.9396629462851562
56,37.78974142394754,-122.38882720481827,1564190065.0,2019-07-26T18:14:25-07:00,POINT (-122.38882720481827 37.78974142394754),5.652558146183534,958.5708145517259,ios,7.876290359102706,1.247349769426723,-1.2230263412021056
57,37.78968627102467,-122.38877096224799,1564190066.0,2019-07-26T18:14:26-07:00,POINT (-122.38877096224799 37.78968627102467),6.446357616625711,966.402818483959,ios,9.123640128529429,0.024323428224617416,-0.34427309870106804
58,37.78961808424237,-122.38871321093514,1564190067.0,2019-07-26T18:14:27-07:00,POINT (-122.38871321093514 37.78961808424237),7.350469651146058,977.2829399753988,ios,9.147963556754046,-0.3199496704764506,0.7965988523162597
59,37.789553585497465,-122.38864858646168,1564190068.0,2019-07-26T18:14:28-07:00,POINT (-122.38864858646168 37.789553585497465),7.6044892328217735,985.0985845425334,ios,8.828013886277596,0.4766491818398091,-2.097595290823504
60,37.789491978509155,-122.38858521927371,1564190069.0,2019-07-26T18:14:29-07:00,POINT (-122.38858521927371 37.789491978509155),7.698156030677258,994.6777204599191,ios,9.304663068117405,-1.620946108983695,-0.6124415272466432
61,37.78942584529313,-122.38852034334316,1564190070.0,2019-07-26T18:14:30-07:00,POINT (-122.38852034334316 37.78942584529313),7.314391332539936,1003.9688272508241,ios,7.68371695913371,-2.233387636230338,2.7577068697747436
62,37.78936415448579,-122.38848094839825,1564190071.0,2019-07-26T18:14:31-07:00,POINT (-122.38848094839825 37.78936415448579),8.148990074519745,1012.0081778523052,ios,5.450329322903372,0.5243192335444053,0.6610571405889054
63,37.789322705974605,-122.38844783988073,1564190072.0,2019-07-26T18:14:32-07:00,POINT (-122.38844783988073 37.789322705974605),8.088956731874866,1017.5560150197362,ios,5.974648556447777,1.1853763741333108,-1.1342054543169224
64,37.789277695154574,-122.38841070804968,1564190073.0,2019-07-26T18:14:33-07:00,POINT (-122.38841070804968 37.789277695154574),7.929857149657815,1023.5229883135258,ios,7.160024930581088,0.05117091981638833,-0.9112578600852279
65,37.78922371569815,-122.38836628396287,1564190074.0,2019-07-26T18:14:34-07:00,POINT (-122.38836628396287 37.78922371569815),6.785428182620045,1031.6764977481937,ios,7.211195850397476,-0.8600869402688396,0.268652647557885
66,37.78916772458496,-122.3883248773612,1564190075.0,2019-07-26T18:14:35-07:00,POINT (-122.3883248773612 37.78916772458496),6.061210269261496,1038.6565793949912,ios,6.351108910128636,-0.5914342927109546,-0.08402408080410062
67,37.789116008242395,-122.38829419959559,1564190076.0,2019-07-26T18:14:36-07:00,POINT (-122.38829419959559 37.789116008242395),6.089200211059047,1044.9985685956237,ios,5.759674617417682,-0.6754583735150552,-0.9539998521633231
68,37.789067644661095,-122.38827073026671,1564190077.0,2019-07-26T18:14:37-07:00,POINT (-122.38827073026671 37.789067644661095),6.015063281564168,1051.5926192749967,ios,5.084216243902627,-1.6294582256783783,0.9492693396350216
69,37.789022927207675,-122.38825866032614,1564190078.0,2019-07-26T18:14:38-07:00,POINT (-122.38825866032614 37.789022927207675),6.503258051464658,1056.6431216105195,ios,3.4547580182242483,-0.6801888860433567,0.03744858455255606
70,37.789001385716524,-122.38823032949342,1564190079.0,2019-07-26T18:14:39-07:00,POINT (-122.38823032949342 37.789001385716524),4.830472068710307,1059.8038475237788,ios,2.7745691321808916,-0.6427403014908006,1.5138290731358146
71,37.78899342290851,-122.3882004060991,1564190080.0,2019-07-26T18:14:40-07:00,POINT (-122.3882004060991 37.78899342290851),2.5439406404515648,1061.3832425209594,ios,2.131828830690091,0.871088771645014,-1.5514908081270584
72,37.788974270259764,-122.38819931645169,1564190081.0,2019-07-26T18:14:41-07:00,POINT (-122.38819931645169 37.788974270259764),3.0409579797488764,1063.451554339146,ios,3.002917602335105,-0.6804020364820444,1.1389463267062232
73,37.78895092665943,-122.38818213355019,1564190082.0,2019-07-26T18:14:42-07:00,POINT (-122.38818213355019 37.78895092665943),2.3054261318861826,1066.3595273740855,ios,2.3225155658530605,0.45854429022417875,-1.3013334347068906
74,37.78893051672521,-122.38817651767506,1564190083.0,2019-07-26T18:14:43-07:00,POINT (-122.38817651767506 37.78893051672521),2.45820583019625,1068.6723708167121,ios,2.7810598560772393,-0.8427891444827118,0.7949574045009713
75,37.78890863995793,-122.38816117879226,1564190084.0,2019-07-26T18:14:44-07:00,POINT (-122.38816117879226 37.78890863995793),1.8335504033588852,1071.3789571539846,ios,1.9382707115945275,-0.047831739981740506,-0.6116095573730855
76,37.788894851727214,-122.38814768392815,1564190085.0,2019-07-26T18:14:45-07:00,POINT (-122.38814768392815 37.788894851727214),1.1160676171454051,1073.1782693399089,ios,1.890438971612787,-0.659441297354826,0.10804667318379968
77,37.78887942902538,-122.38813863147273,1564190086.0,2019-07-26T18:14:46-07:00,POINT (-122.38813863147273 37.78887942902538),0.8246913127856343,1075.0433644198786,ios,1.230997674257961,-0.5513946241710264,0.5513946265930578
78,37.78886928692254,-122.3881330155976,1564190087.0,2019-07-26T18:14:47-07:00,POINT (-122.3881330155976 37.78886928692254),0.6615978259117045,1076.2616373027838,ios,0.6796030500869346,2.422031464277552e-09,-5.0068046784090825e-05
79,37.78886327974442,-122.38813159063906,1564190088.0,2019-07-26T18:14:48-07:00,POINT (-122.38813159063906 37.78886327974442),0.7258485874968169,1076.936802807619,ios,0.679603052508966,-5.006562475262655e-05,0.9691007461506964
80,37.78885727256629,-122.38813016568054,1564190089.0,2019-07-26T18:14:49-07:00,POINT (-122.38813016568054 37.78885727256629),0.7900993321838843,1077.6119683164793,ios,0.6795529868842134,0.9690506805259438,-1.0700631658917514
81,37.78885126583072,-122.38812874082697,1564190090.0,2019-07-26T18:14:50-07:00,POINT (-122.38812874082697 37.78885126583072),0.8543453218861298,1078.2870840883827,ios,1.6486036674101572,-0.10101248536580765,0.3118405795338801
82,37.78883739378097,-122.38812211912348,1564190091.0,2019-07-26T18:14:51-07:00,POINT (-122.38812211912348 37.78883739378097),0.7209049445943304,1079.927532697052,ios,1.5475911820443495,0.21082809416807247,-0.3397748101689957
83,37.78882469519767,-122.38811491068675,1564190092.0,2019-07-26T18:14:52-07:00,POINT (-122.38811491068675 37.78882469519767),0.5017272693602796,1081.457211952428,ios,1.758419276212422,-0.12894671600092322,1.101366556977567
84,37.788809943048086,-122.38810770225002,1564190093.0,2019-07-26T18:14:53-07:00,POINT (-122.38810770225002 37.788809943048086),0.34572402280327186,1083.205805358915,ios,1.6294725602114988,0.9724198409766438,0.213925792490119
85,37.78879628054592,-122.38810099672749,1564190094.0,2019-07-26T18:14:54-07:00,POINT (-122.38810099672749 37.78879628054592),0.17027557075748306,1084.8398188858796,ios,2.6018924011881426,1.1863456334667628,-1.538173393744012
86,37.788774445688155,-122.38809035171045,1564190095.0,2019-07-26T18:14:55-07:00,POINT (-122.38809035171045 37.788774445688155),0.2519773214364351,1087.402894150018,ios,3.7882380346549054,-0.35182776027724927,-0.11036210757978493
87,37.78874213345143,-122.38807668920828,1564190096.0,2019-07-26T18:14:56-07:00,POINT (-122.38807668920828 37.78874213345143),0.6966640921920569,1091.1582218443068,ios,3.436410274377656,-0.4621898678570342,0.40163753583842654
88,37.78871208432856,-122.38806755293382,1564190097.0,2019-07-26T18:14:57-07:00,POINT (-122.38806755293382 37.78871208432856),0.8025588593922787,1094.5862804375438,ios,2.974220406520622,-0.06055233201860766,-0.17964236970477998
89,37.7886857651526,-122.38806151796354,1564190098.0,2019-07-26T18:14:58-07:00,POINT (-122.38806151796354 37.7886857651526),0.7257493711576635,1097.5534084581006,ios,2.9136680745020143,-0.24019470172338764,0.0828054218864116
90,37.7886598650718,-122.38805648882163,1564190099.0,2019-07-26T18:14:59-07:00,POINT (-122.38805648882163 37.7886598650718),0.5717516403402293,1100.4569135200968,ios,2.6734733727786266,-0.15738927983697604,0.3820258468333577
91,37.78863606046679,-122.38805221405102,1564190100.0,2019-07-26T18:15:00-07:00,POINT (-122.38805221405102 37.78863606046679),0.40026320276053373,1103.1192522785943,ios,2.5160840929416506,0.22463656699638168,-0.34668420215649665
92,37.78861363887581,-122.38804835837556,1564190101.0,2019-07-26T18:15:01-07:00,POINT (-122.38804835837556 37.78861363887581),0.22402200200057718,1105.6238395480334,ios,2.7407206599380323,-0.12204763516011496,0.11646326198427737
93,37.788589205628064,-122.388044251243,1564190102.0,2019-07-26T18:15:02-07:00,POINT (-122.388044251243 37.788589205628064),0.02382590944085576,1108.3514369037448,ios,2.6186730247779173,-0.005584373175837598,-0.46574992748831745
94,37.78856586202773,-122.38804031174851,1564190103.0,2019-07-26T18:15:03-07:00,POINT (-122.38804031174851 37.78856586202773),0.1661035004676057,1110.9576713625743,ios,2.6130886516020797,-0.47133430066415505,0.47200127504393086
95,37.788542560336914,-122.38803645607305,1564190104.0,2019-07-26T18:15:04-07:00,POINT (-122.38803645607305 37.788542560336914),0.36230666509444076,1113.5578453009373,ios,2.1417543509379247,0.0006669743797758088,-0.015105717523360873
96,37.7885234915072,-122.38803301949275,1564190105.0,2019-07-26T18:15:05-07:00,POINT (-122.38803301949275 37.7885234915072),0.4986219853469008,1115.6907491997922,ios,2.1424213253177005,-0.014438743143585064,1.8555595163555427
97,37.78850438076797,-122.38802991818858,1564190106.0,2019-07-26T18:15:06-07:00,POINT (-122.38802991818858 37.78850438076797),0.6647860197259933,1117.8221696638946,ios,2.1279825821741154,1.8411207732119577,-2.278794343218326
98,37.78848535384777,-122.3880273197986,1564190107.0,2019-07-26T18:15:07-07:00,POINT (-122.3880273197986 37.78848535384777),0.8723961291859167,1119.9354338656346,ios,3.969103355386073,-0.43767357000636853,5.913609087874541
99,37.788449772668805,-122.38802371558023,1564190108.0,2019-07-26T18:15:08-07:00,POINT (-122.38802371558023 37.788449772668805),1.3687975862024548,1123.8647422680508,ios,3.5314297853797045,5.475935517868172,-5.958800582754888
100,37.78841808907482,-122.38802094955219,1564190109.0,2019-07-26T18:15:09-07:00,POINT (-122.38802094955219 37.78841808907482),1.8490388845713703,1127.3556505760555,ios,9.007365303247877,-0.4828650648867156,0.07340995494509464
101,37.78793340552392,-122.38797518436087,1564190115.0,2019-07-26T18:15:15-07:00,POINT (-122.38797518436087 37.78793340552392),6.910447486526903,1181.517459533141,ios,6.110174913927583,-0.042405335216147755,-0.023104468503648334
102,37.78787846214863,-122.38797627400828,1564190116.0,2019-07-26T18:15:16-07:00,POINT (-122.38797627400828 37.78787846214863),7.692520172223397,1187.5639257852213,ios,6.067769578711435,-0.06550980371979609,1.3778950618812011
103,37.78782389595899,-122.38797694456053,1564190117.0,2019-07-26T18:15:17-07:00,POINT (-122.38797694456053 37.78782389595899),8.433210987003045,1193.5729659869094,ios,6.002259774991639,1.312385258161405,-1.0480875685277722
104,37.78776991650256,-122.3879771121986,1564190118.0,2019-07-26T18:15:18-07:00,POINT (-122.3879771121986 37.78776991650256),8.873721427785005,1199.9895928870847,ios,7.314645033153044,0.26429768963363287,-0.4050636891180446
105,37.78770416047218,-122.38797945913149,1564190119.0,2019-07-26T18:15:19-07:00,POINT (-122.38797945913149 37.78770416047218),9.524557596968611,1207.259208591003,ios,7.578942722786677,-0.1407659994844117,-0.1161232675941406
106,37.787636015599396,-122.38798121933115,1564190120.0,2019-07-26T18:15:20-07:00,POINT (-122.38798121933115 37.787636015599396),9.793202085888657,1215.4043920198046,ios,7.4381767233022655,-0.2568892670785523,2.4590498346520393
107,37.78756912801209,-122.38798230897856,1564190121.0,2019-07-26T18:15:21-07:00,POINT (-122.38798230897856 37.78756912801209),9.870234493800432,1223.3480530456955,ios,7.181287456223713,2.202160567573487,-4.012917796269758
108,37.78750454544815,-122.38798256043566,1564190122.0,2019-07-26T18:15:22-07:00,POINT (-122.38798256043566 37.78750454544815),9.513769310960582,1230.504782033132,ios,9.3834480237972,-1.8107572286962714,7.448439726490934
109,37.78742055877837,-122.38799295399559,1564190123.0,2019-07-26T18:15:23-07:00,POINT (-122.38799295399559 37.78742055877837),9.942196071210281,1239.6760618464584,ios,7.572690795100929,5.637682497794662,-6.773095383812981
110,37.787352476127126,-122.38799505236433,1564190124.0,2019-07-26T18:15:24-07:00,POINT (-122.38799505236433 37.787352476127126),9.86636995910489,1247.2318491154747,ios,13.210373292895591,-1.1354128860183188,-0.14139350175463328
111,37.787233768066194,-122.38800108444167,1564190125.0,2019-07-26T18:15:25-07:00,POINT (-122.38800108444167 37.787233768066194),9.943022389251842,1260.4132318043069,ios,12.074960406877272,-1.276806387772952,-0.33028545216399685
112,37.78712518051061,-122.38799974333716,1564190126.0,2019-07-26T18:15:26-07:00,POINT (-122.38799974333716 37.78712518051061),9.064044315668442,1272.8630001068154,ios,10.79815401910432,-1.607091839936949,1.8336253233017281
113,37.787028076162365,-122.38800108444167,1564190127.0,2019-07-26T18:15:27-07:00,POINT (-122.38800108444167 37.787028076162365),8.32941473735749,1283.612499905179,ios,9.191062179167371,0.2265334833647792,-0.22332718666720197
114,37.786945432206004,-122.38799921167441,1564190128.0,2019-07-26T18:15:28-07:00,POINT (-122.38799921167441 37.786945432206004),7.528727509048638,1292.6187374543977,ios,9.41759566253215,0.0032062966975772156,2.243326173308674
115,37.78686075907627,-122.38799680591744,1564190129.0,2019-07-26T18:15:29-07:00,POINT (-122.38799680591744 37.78686075907627),6.726192218558346,1301.9814481474089,ios,9.420801959229728,2.246532470006251,-1.313335689101148
116,37.78677606905703,-122.38799380102219,1564190130.0,2019-07-26T18:15:30-07:00,POINT (-122.38799380102219 37.78677606905703),5.870886627040819,1311.3427094116837,ios,11.667334429235979,0.9331967809051029,-0.9923206390782386
117,37.78667115175501,-122.38799559297514,1564190131.0,2019-07-26T18:15:31-07:00,POINT (-122.38799559297514 37.78667115175501),5.2959157810243385,1322.9703580194846,ios,12.600531210141082,-0.0591238581731357,0.4250690181415173
118,37.78655786312159,-122.38799892859566,1564190132.0,2019-07-26T18:15:32-07:00,POINT (-122.38799892859566 37.78655786312159),4.798161101972492,1335.533534711291,ios,12.541407351967946,0.3659451599683816,-0.6920108972658419
119,37.78644509542594,-122.38800160872731,1564190133.0,2019-07-26T18:15:33-07:00,POINT (-122.38800160872731 37.78644509542594),4.246439938523475,1348.035394946894,ios,12.907352511936327,-0.32606573729746025,3.0235820517740883
120,37.78632901704951,-122.38800131414449,1564190134.0,2019-07-26T18:15:34-07:00,POINT (-122.38800131414449 37.78632901704951),3.4101890078258794,1360.8873725724482,ios,12.581286774638867,2.697516314476628,2.4112609218317065
121,37.786215872460645,-122.38800208531038,1564190135.0,2019-07-26T18:15:35-07:00,POINT (-122.38800208531038 37.786215872460645),2.688077774635065,1373.4203900582556,ios,15.278803089115495,5.108777236308335,-8.164714064421744
122,37.78607874457442,-122.38801313334133,1564190136.0,2019-07-26T18:15:36-07:00,POINT (-122.38801313334133 37.78607874457442),2.701670932141645,1388.6660681682679,ios,20.38758032542383,-3.05593682811341,0.8314630055117433
123,37.78589564252561,-122.38800107403513,1564190137.0,2019-07-26T18:15:37-07:00,POINT (-122.38800107403513 37.78589564252561),0.36362846965773177,1408.8745387410395,ios,17.33164349731042,-2.2244738226016665,0.6437631120363747
124,37.785740046255995,-122.38798945022545,1564190138.0,2019-07-26T18:15:38-07:00,POINT (-122.38798945022545 37.785740046255995),1.7441242037573859,1426.039647086125,ios,15.107169674708754,-1.5807107105652918,0.4562575666837141
125,37.785604463567374,-122.38797843178017,1564190139.0,2019-07-26T18:15:39-07:00,POINT (-122.38797843178017 37.785604463567374),3.658962204920063,1440.991961872057,ios,13.526458964143462,-1.1244531438815777,-3.1940432767107048
126,37.785483107770354,-122.38796779931663,1564190140.0,2019-07-26T18:15:40-07:00,POINT (-122.38796779931663 37.785483107770354),5.440562197941543,1454.3710403545867,ios,12.402005820261884,-4.3184964205922824,3.417923738425266
127,37.78537188220964,-122.3879573124153,1564190141.0,2019-07-26T18:15:41-07:00,POINT (-122.3879573124153 37.78537188220964),7.1386515322349595,1466.6291820324773,ios,8.083509399669602,-0.9005726821670166,0.07653105892268908
128,37.785299239008644,-122.3879537825697,1564190142.0,2019-07-26T18:15:42-07:00,POINT (-122.3879537825697 37.785299239008644),7.95599618276138,1474.6535619740944,ios,7.182936717502585,-0.8240416232443275,-0.34136961617487227
129,37.78523482855477,-122.38794756360289,1564190143.0,2019-07-26T18:15:43-07:00,POINT (-122.38794756360289 37.78523482855477),8.952190601670013,1481.7514128128091,ios,6.358895094258258,-1.1654112394191998,14.694088620267614
130,37.785178111811376,-122.38793830385995,1564190144.0,2019-07-26T18:15:44-07:00,POINT (-122.38793830385995 37.785178111811376),10.161902342666849,1487.980474818623,ios,5.193483854839058,13.528677380848414,-15.685994225019055
131,37.785132311014564,-122.3879267243561,1564190145.0,2019-07-26T18:15:45-07:00,POINT (-122.3879267243561 37.785132311014564),11.499272656437691,1492.9879376793888,ios,18.722161235687473,-2.1573168441706407,0.15764840770983035
132,37.784964006675324,-122.3879327831453,1564190146.0,2019-07-26T18:15:46-07:00,POINT (-122.3879327831453 37.784964006675324),12.141788000210914,1511.6582058517947,ios,16.564844391516832,-1.9996684364608104,-2.622607808357669
133,37.78481928206691,-122.38797746892008,1564190147.0,2019-07-26T18:15:47-07:00,POINT (-122.38797746892008 37.78481928206691),9.250373079280722,1527.8477282708384,ios,14.565175955056022,-4.6222762448184795,4.224676589218321
134,37.78469051799732,-122.38800787888846,1564190148.0,2019-07-26T18:15:48-07:00,POINT (-122.38800787888846 37.78469051799732),7.607637015673878,1542.2900169723528,ios,9.942899710237542,-0.39759965560015864,0.4930609978247471
135,37.7846017601031,-122.38802160797584,1564190149.0,2019-07-26T18:15:49-07:00,POINT (-122.38802160797584 37.7846017601031),7.074087124036789,1552.2958838895224,ios,9.545300054637384,0.09546134222458846,-1.7628991370429716
136,37.7845160957497,-122.38802861074257,1564190150.0,2019-07-26T18:15:50-07:00,POINT (-122.38802861074257 37.7845160957497),7.013388735790071,1561.820301973538,ios,9.640761396861972,-1.6674377948183832,1.7370541256703724
137,37.78442940139069,-122.38803001380093,1564190151.0,2019-07-26T18:15:51-07:00,POINT (-122.38803001380093 37.78442940139069),7.451612344442233,1571.4300189514768,ios,7.973323602043589,0.06961633085198926,-0.05751680180618379
138,37.78435774605419,-122.38802660976239,1564190152.0,2019-07-26T18:15:52-07:00,POINT (-122.38802660976239 37.78435774605419),8.214996791083992,1579.3492600397667,ios,8.042939932895578,0.012099529045805468,0.17956543655894208
139,37.78428597697298,-122.38801521482404,1564190153.0,2019-07-26T18:15:53-07:00,POINT (-122.38801521482404 37.78428597697298),9.681573245049934,1587.2400195295888,ios,8.055039461941384,0.19166496560474755,-0.7731566354712367
140,37.78421389881181,-122.38800605597706,1564190154.0,2019-07-26T18:15:54-07:00,POINT (-122.38800605597706 37.78421389881181),10.953585700332317,1595.176508737905,ios,8.246704427546131,-0.5814916698664891,0.9619362619705569
141,37.784139948023906,-122.38799893889434,1564190155.0,2019-07-26T18:15:55-07:00,POINT (-122.38799893889434 37.784139948023906),12.05824421156615,1603.330911431352,ios,7.665212757679642,0.3804445921040678,-0.05095400759097757
142,37.78407102039881,-122.38799767047581,1564190156.0,2019-07-26T18:15:56-07:00,POINT (-122.38799767047581 37.78407102039881),12.616227142936626,1610.9590021356955,ios,8.04565734978371,0.3294905845130902,0.2719186829998055
143,37.783998878696835,-122.38800471696821,1564190157.0,2019-07-26T18:15:57-07:00,POINT (-122.38800471696821 37.783998878696835),12.464089091968704,1618.9858387676713,ios,8.3751479342968,0.6014092675128957,0.14712182380219652
144,37.783924071043884,-122.38801580870354,1564190158.0,2019-07-26T18:15:58-07:00,POINT (-122.38801580870354 37.783924071043884),11.97361218739407,1627.3287594555402,ios,8.976557201809696,0.7485310913150922,-0.7059353928878345
145,37.783843716897074,-122.38802562926081,1564190159.0,2019-07-26T18:15:59-07:00,POINT (-122.38802562926081 37.783843716897074),11.630806430795774,1636.2794897956599,ios,9.725088293124788,0.042595698427257744,-2.0696935542046946
146,37.783756298682405,-122.38802904225638,1564190160.0,2019-07-26T18:16:00-07:00,POINT (-122.38802904225638 37.783756298682405),11.89702848444441,1645.9797148613839,ios,9.767683991552046,-2.027097855777437,0.8957768080161852
147,37.783668457222525,-122.38802840746777,1564190161.0,2019-07-26T18:16:01-07:00,POINT (-122.38802840746777 37.783668457222525),12.52690977952245,1655.5746037457995,ios,7.740586135774609,-1.1313210477612516,-3.9293352478851657
148,37.7835988901433,-122.38802521693462,1564190162.0,2019-07-26T18:16:02-07:00,POINT (-122.38802521693462 37.7835988901433),13.338632607021188,1663.2555466029164,ios,6.609265088013357,-5.060656295646417,3.697470202326846
149,37.7835395855761,-122.38802017011096,1564190163.0,2019-07-26T18:16:03-07:00,POINT (-122.38802017011096 37.7835395855761),14.23503141805002,1669.78929108494,ios,1.5486087923669403,-1.3631860933195714,1.83797704014847
150,37.783540203623495,-122.38803777444626,1564190164.0,2019-07-26T18:16:04-07:00,POINT (-122.38803777444626 37.783540203623495),12.683787692302877,1669.8276140128132,ios,0.18542269904736874,0.4747909468288987,-0.061526048785082804
151,37.78350830547305,-122.38807492900861,1564190190.0,2019-07-26T18:16:30-07:00,POINT (-122.38807492900861 37.78350830547305),9.663473551203738,1673.5836419685972,ios,12.529987316598735,-1.1248863215832543,8.879011486668329
152,37.78339577842297,-122.38808247272146,1564190191.0,2019-07-26T18:16:31-07:00,POINT (-122.38808247272146 37.78339577842297),9.619037529279257,1686.1496698140336,ios,11.40510099501548,7.754125165085075,-16.476407717429815
153,37.78329326774718,-122.38808683131111,1564190192.0,2019-07-26T18:16:32-07:00,POINT (-122.38808683131111 37.78329326774718),9.951964130893193,1697.5250325992993,ios,19.159226160100555,-8.722282552344742,8.685897421308328
154,37.78312097772749,-122.38808951352013,1564190193.0,2019-07-26T18:16:33-07:00,POINT (-122.38808951352013 37.78312097772749),10.919581643993116,1716.6179019176063,ios,10.436943607755813,-0.03638513103641472,0.08619017721848188
155,37.783027184231,-122.38808498729242,1564190194.0,2019-07-26T18:16:34-07:00,POINT (-122.38808498729242 37.783027184231),11.972453635677134,1726.9787437421635,ios,10.400558476719398,0.04980504618206716,-0.21105766268023984
156,37.78293372601064,-122.38808020960761,1564190195.0,2019-07-26T18:16:35-07:00,POINT (-122.38808020960761 37.78293372601064),13.045083829701818,1737.3010656839383,ios,10.450363522901466,-0.16125261649817269,-0.10966720573207489
157,37.7828398067856,-122.38807585101796,1564190196.0,2019-07-26T18:16:36-07:00,POINT (-122.38807585101796 37.7828398067856),14.084102968684014,1747.6767584750005,ios,10.289110906403293,-0.2709198222302476,0.015729804239693834
158,37.78274735439362,-122.38807098951412,1564190197.0,2019-07-26T18:16:37-07:00,POINT (-122.38807098951412 37.78274735439362),15.157076191669853,1757.8872380481664,ios,10.018191084173045,-0.25519001799055374,-0.08831641820738767
159,37.782657374663074,-122.38806520600093,1564190198.0,2019-07-26T18:16:38-07:00,POINT (-122.38806520600093 37.782657374663074),16.29381042836965,1767.8188039533732,ios,9.763001066182492,-0.3435064361979414,-7.58947777392044
160,37.7825696999559,-122.38805925484968,1564190199.0,2019-07-26T18:16:39-07:00,POINT (-122.38805925484968 37.7825696999559),17.429179306313245,1777.4942007623767,ios,9.41949462998455,-7.932984210118382,22.769972789710927
161,37.7824851265529,-122.38805313606036,1564190200.0,2019-07-26T18:16:40-07:00,POINT (-122.38805313606036 37.7824851265529),18.55762128247405,1786.8252548109965,ios,1.4865104198661685,14.836988579592546,-20.99418810593191
162,37.78247205078395,-122.3880566564597,1564190201.0,2019-07-26T18:16:41-07:00,POINT (-122.3880566564597 37.78247205078395),18.33955920932304,1788.2926740344624,ios,16.323498999458714,-6.1571995263393635,4.926794993169864
163,37.78232545129748,-122.38804693345202,1564190202.0,2019-07-26T18:16:42-07:00,POINT (-122.38804693345202 37.78232545129748),20.217973593311637,1804.4720134783054,ios,10.16629947311935,-1.2304045331694997,1.0599132809745448
164,37.78223442382904,-122.38803612079693,1564190203.0,2019-07-26T18:16:43-07:00,POINT (-122.38803612079693 37.78223442382904),21.804015668942963,1814.4917180107218,ios,8.93589493994985,-0.17049125219495487,3.597141452200429
165,37.78215429283472,-122.38802840944601,1564190204.0,2019-07-26T18:16:44-07:00,POINT (-122.38802840944601 37.78215429283472),23.041396304862698,1823.3220267804234,ios,8.765403687754896,3.426650200005474,-3.744771031324537
166,37.78207559825114,-122.38802258365432,1564190205.0,2019-07-26T18:16:45-07:00,POINT (-122.38802258365432 37.78207559825114),24.103033382784464,1832.0037312045122,ios,12.19205388776037,-0.31812083131906266,-0.015130868440694029
167,37.78121103536131,-122.38821004528775,1564190213.0,2019-07-26T18:16:53-07:00,POINT (-122.38821004528775 37.78121103536131),16.328741806775007,1927.3431165028592,ios,9.647087237207868,-0.4391677788446149,-0.0996656189784133
168,37.78112520467283,-122.38822605472281,1564190214.0,2019-07-26T18:16:54-07:00,POINT (-122.38822605472281 37.78112520467283),17.110770018623295,1934.4494449873919,ios,9.207919458363254,-0.5388333978230282,0.1192971614107492
169,37.78104410975965,-122.38824726093783,1564190215.0,2019-07-26T18:16:55-07:00,POINT (-122.38824726093783 37.78104410975965),18.05349596882086,1943.5903287523859,ios,8.669086060540225,-0.419536236412279,-0.4394602365146856
170,37.78096888217868,-122.38827316101863,1564190216.0,2019-07-26T18:16:56-07:00,POINT (-122.38827316101863 37.78096888217868),18.405270633110906,1952.2358300687793,ios,8.249549824127946,-0.8589964729269646,1.9693720875716938
171,37.78089847419204,-122.38830274913683,1564190217.0,2019-07-26T18:16:57-07:00,POINT (-122.38830274913683 37.78089847419204),18.66324566750021,1959.1693003585544,ios,7.390553351200982,1.1103756146447292,-2.0777065488224915
172,37.78083661574664,-122.38833351072147,1564190218.0,2019-07-26T18:16:58-07:00,POINT (-122.38833351072147 37.78083661574664),18.677616132430327,1966.39356557901,ios,8.500928965845711,-0.9673309341777623,1.623974019419535
173,37.78076650112661,-122.38837206747606,1564190219.0,2019-07-26T18:16:59-07:00,POINT (-122.38837206747606 37.78076650112661),18.701535652065992,1974.3352964585376,ios,7.533598031667949,0.6566430852417726,-0.9073272262666432
174,37.78070657051893,-122.38841204915418,1564190220.0,2019-07-26T18:17:00-07:00,POINT (-122.38841204915418 37.78070657051893),18.578587269870585,1979.602639640302,ios,8.190241116909721,-0.2506841410248706,0.4965462570311292
175,37.78064240705015,-122.3884578143455,1564190221.0,2019-07-26T18:17:01-07:00,POINT (-122.3884578143455 37.78064240705015),18.757540240600097,1987.6366108749485,ios,7.939556975884851,0.24586211600625862,-0.6195409092099906
176,37.780581889709254,-122.38850575883164,1564190222.0,2019-07-26T18:17:02-07:00,POINT (-122.38850575883164 37.780581889709254),18.69129017959892,1995.410274818228,ios,8.18541909189111,-0.373678793203732,4.428011467102312
177,37.78052066746378,-122.38855747527163,1564190223.0,2019-07-26T18:17:03-07:00,POINT (-122.38855747527163 37.78052066746378),18.584483181894534,2002.5850216098372,ios,7.811740298687377,4.05433267389858,-4.511556651372958
178,37.78046346914205,-122.38860908388837,1564190224.0,2019-07-26T18:17:04-07:00,POINT (-122.38860908388837 37.78046346914205),18.472861914729428,2010.178384503956,ios,11.866072972585958,-0.4572239774743778,-0.9723402025153405
179,37.78041425164582,-122.38872888509407,1564190225.0,2019-07-26T18:17:05-07:00,POINT (-122.38872888509407 37.78041425164582),13.578897179189967,2020.04640856712,ios,11.40884899511158,-1.4295641799897183,1.2721567508254505
180,37.780355243047495,-122.38883508380725,1564190226.0,2019-07-26T18:17:06-07:00,POINT (-122.38883508380725 37.780355243047495),10.855941911022464,2030.3741589129409,ios,9.979284815121861,-0.15740742916426775,-0.15370542827327327
181,37.78030524499508,-122.38892938021793,1564190227.0,2019-07-26T18:17:07-07:00,POINT (-122.38892938021793 37.78030524499508),8.356648197001215,2040.0427398667732,ios,9.821877385957594,-0.311112857437541,0.1636943190769582
182,37.780250636895914,-122.38901722256317,1564190228.0,2019-07-26T18:17:08-07:00,POINT (-122.38901722256317 37.780250636895914),6.83323735123422,2049.3788576074303,ios,9.510764528520053,-0.14741853836058283,-0.03008826258166941
183,37.7801951067874,-122.38909953285231,1564190229.0,2019-07-26T18:17:09-07:00,POINT (-122.38909953285231 37.7801951067874),6.001283853076446,2058.8555188700084,ios,9.36334599015947,-0.17750680094225224,0.14300531756911994
184,37.78013857085051,-122.38917849038019,1564190230.0,2019-07-26T18:17:10-07:00,POINT (-122.38917849038019 37.78013857085051),5.457863027169883,2068.204241755018,ios,9.185839189217218,-0.0345014833731323,-7.7313226306329055
185,37.780082160642166,-122.38925484951808,1564190231.0,2019-07-26T18:17:11-07:00,POINT (-122.38925484951808 37.780082160642166),5.067507108252352,2077.382320589347,ios,9.151337705844085,-7.765824114006038,7.765756154715133
186,37.780026420986076,-122.38933146011307,1564190232.0,2019-07-26T18:17:12-07:00,POINT (-122.38933146011307 37.780026420986076),4.609121682780681,2086.522998271809,ios,1.3855135918380472,-6.795929090452901e-05,1.7732883139942721
187,37.7800196105225,-122.38934466193477,1564190233.0,2019-07-26T18:17:13-07:00,POINT (-122.38934466193477 37.7800196105225),4.312330982320581,2087.877431513268,ios,1.3854456325471427,1.7732203547033676,-0.7540481212580576
188,37.78001280039342,-122.38935786310807,1564190234.0,2019-07-26T18:17:14-07:00,POINT (-122.38935786310807 37.78001280039342),4.0155545880877295,2089.23179826355,ios,3.1586659872505103,1.01917223344531,-0.40663669429497107
189,37.77999620422514,-122.3893870321311,1564190235.0,2019-07-26T18:17:15-07:00,POINT (-122.3893870321311 37.77999620422514),3.480489811455649,2092.346684378801,ios,4.17783822069582,0.6125355391503389,0.13074178118392066
190,37.77997193861546,-122.38942332577183,1564190236.0,2019-07-26T18:17:16-07:00,POINT (-122.38942332577183 37.77997193861546),3.096509550014686,2096.5079511936337,ios,4.790373759846159,0.7432773203342595,-0.5309122195608786
191,37.77994331441613,-122.38946406182124,1564190237.0,2019-07-26T18:17:17-07:00,POINT (-122.38946406182124 37.77994331441613),2.77372713492213,2101.2882187116675,ios,5.533651080180419,0.2123651007733809,-3.1107068011894117
192,37.77991121172698,-122.38951217394545,1564190238.0,2019-07-26T18:17:18-07:00,POINT (-122.38951217394545 37.77991121172698),2.2270682470576975,2106.8185483322786,ios,5.7460161809537995,-2.898341700416031,3.104794825023887
193,37.779877181200106,-122.38956137571707,1564190239.0,2019-07-26T18:17:19-07:00,POINT (-122.38956137571707 37.779877181200106),1.7461254568844011,2112.545527845232,ios,2.8476744805377687,0.20645312460785645,-0.006796815081006423
194,37.77839953548999,-122.39130984071865,1564190318.0,2019-07-26T18:18:38-07:00,POINT (-122.39130984071865 37.77839953548999),8.716333815352426,2337.1218188768535,ios,19.15747132455843,-0.330495266791651,0.056379857158393776
195,37.77826802342923,-122.39145065669193,1564190319.0,2019-07-26T18:18:39-07:00,POINT (-122.39145065669193 37.77826802342923),9.69121459178022,2356.840692797407,ios,18.826976057766778,-0.2741154096332572,3.1858621453968503
196,37.77814019940586,-122.39159113738909,1564190320.0,2019-07-26T18:18:40-07:00,POINT (-122.39159113738909 37.77814019940586),12.16962440370099,2374.3913729081146,ios,18.55286064813352,2.911746735763593,-13.812998011009162
197,37.77801472231538,-122.39173027698173,1564190321.0,2019-07-26T18:18:41-07:00,POINT (-122.39173027698173 37.77801472231538),14.118385198195208,2393.420361068861,ios,21.464607383897114,-10.901251275245569,16.160755742980214
198,37.77797856587773,-122.39197018312164,1564190322.0,2019-07-26T18:18:42-07:00,POINT (-122.39197018312164 37.77797856587773),2.4449697861705695,2411.611789982245,ios,10.563356108651545,5.259504467734645,-15.939586036544464
199,37.77791372970979,-122.39205803001552,1564190323.0,2019-07-26T18:18:43-07:00,POINT (-122.39205803001552 37.77791372970979),2.4396219805602075,2422.027930078277,ios,15.82286057638619,-10.680081568809818,6.070842682219546
200,37.7778166116126,-122.39218961587956,1564190324.0,2019-07-26T18:18:44-07:00,POINT (-122.39218961587956 37.7778166116126),2.612874702354141,2438.0375751941374,ios,5.1427790075763715,-4.609238886590273,6.064927300807822
201,37.77778504610162,-122.3922323841705,1564190325.0,2019-07-26T18:18:45-07:00,POINT (-122.3922323841705 37.77778504610162),2.366037332748721,2443.1747354130343,ios,0.5335401209860993,1.4556884142175495,-0.1678099302079108
202,37.7777683232472,-122.39225414860208,1564190330.0,2019-07-26T18:18:50-07:00,POINT (-122.39225414860208 37.7777683232472),2.2915491756125976,2445.8413307377036,ios,7.811982192073847,0.6166387631779955,-1.680858627725553
203,37.777718874284304,-122.39231728850781,1564190331.0,2019-07-26T18:18:51-07:00,POINT (-122.39231728850781 37.777718874284304),2.147939635712663,2453.6514888846814,ios,8.428620955251843,-1.0642198645475576,1.166956118301087
204,37.77766552208657,-122.3923854123377,1564190332.0,2019-07-26T18:18:52-07:00,POINT (-122.3923854123377 37.77766552208657),2.1648933021539616,2462.0229499416023,ios,7.364401090704285,0.10273625375352946,0.4092727727681176
205,37.77761890629364,-122.39244493465323,1564190333.0,2019-07-26T18:18:53-07:00,POINT (-122.39244493465323 37.77761890629364),2.2249738327556514,2469.3866307867806,ios,7.467137344457814,0.512009026521647,-0.6198829630094727
206,37.77757164020745,-122.39250528730882,1564190334.0,2019-07-26T18:18:54-07:00,POINT (-122.39250528730882 37.77757164020745),2.285885284333133,2476.853037815898,ios,7.9791463709794614,-0.10787393648782562,0.023308862111726114
207,37.77752113318222,-122.3925697782228,1564190335.0,2019-07-26T18:18:55-07:00,POINT (-122.3925697782228 37.77752113318222),2.350965287089251,2484.8314037699956,ios,7.871272434491636,-0.0845650743760995,-0.004323906276399114
208,37.777471309002934,-122.39263339723117,1564190336.0,2019-07-26T18:18:56-07:00,POINT (-122.39263339723117 37.777471309002934),2.415157300847075,2492.701906316052,ios,7.786707360115536,-0.08888898065249862,-7.580525365442729
209,37.77742183097734,-122.39269609470155,1564190337.0,2019-07-26T18:18:57-07:00,POINT (-122.39269609470155 37.77742183097734),2.5083105582369822,2500.487429036903,ios,7.697818379463038,-7.669414346095228,7.67478317665133
210,37.777372410737165,-122.39275742923014,1564190338.0,2019-07-26T18:18:58-07:00,POINT (-122.39275742923014 37.777372410737165),2.6804583433024365,2508.182365299352,ios,0.028404033367809892,0.005368830556102197,0.00054997633244898
211,37.777424652890176,-122.39286131892592,1564190719.0,2019-07-26T18:25:19-07:00,POINT (-122.39286131892592 37.777424652890176),7.851183490020687,2510.7097442264476,ios,2.073928475242747,0.21490981321916358,0.28149185099072493
212,37.77741139658956,-122.3928779185074,1564190720.0,2019-07-26T18:25:20-07:00,POINT (-122.3928779185074 37.77741139658956),7.814053828641804,2512.783121335435,ios,2.2888382884619105,0.4964016642098885,-1.6600907721489686
213,37.7773967666127,-122.39289623821058,1564190721.0,2019-07-26T18:25:21-07:00,POINT (-122.39289623821058 37.7773967666127),7.773077276313328,2515.071351126467,ios,2.785239952671799,-1.16368910793908,0.7159770187597865
214,37.77737896369853,-122.3929185310759,1564190722.0,2019-07-26T18:25:22-07:00,POINT (-122.3929185310759 37.77737896369853),7.723214674749361,2517.855850617408,ios,1.621550844732719,-0.4477120891792936,-0.19733787261311309
215,37.777368598944236,-122.39293150985398,1564190723.0,2019-07-26T18:25:23-07:00,POINT (-122.39293150985398 37.777368598944236),7.694185420270688,2519.4769703742804,ios,1.1738387555534253,-0.6450499617924067,0.6446989058059632
216,37.77736110095163,-122.39294091161449,1564190724.0,2019-07-26T18:25:24-07:00,POINT (-122.39294091161449 37.77736110095163),7.673967622229077,2520.6505143994555,ios,0.5287887937610186,-0.00035105598644347147,-0.5158061262458
217,37.777357738286504,-122.39294516598748,1564190725.0,2019-07-26T18:25:25-07:00,POINT (-122.39294516598748 37.777357738286504),7.667226193001287,2521.1792158363173,ios,0.5284377377745751,-0.5161571822322435,0.5475351378886566
218,37.77735437786388,-122.3929494175486,1564190726.0,2019-07-26T18:25:26-07:00,POINT (-122.3929494175486 37.77735437786388),7.660490847723001,2521.7075663024402,ios,0.012280555542331702,0.03137795565641314,-0.006315844617436746
219,37.77735398739351,-122.39294991156643,1564190731.0,2019-07-26T18:25:31-07:00,POINT (-122.39294991156643 37.77735398739351),7.659708225032474,2521.768958939327,ios,0.1691703338243974,-0.00020126743077059084,0.000201269217422001
220,37.777352911611516,-122.39295127263124,1564190732.0,2019-07-26T18:25:32-07:00,POINT (-122.39295127263124 37.777352911611516),7.657552028975423,2521.9381013328325,ios,0.1689690663936268,1.7866514101516628e-09,-5.586762164000447e-10
221,37.77735183710942,-122.39295263207673,1564190733.0,2019-07-26T18:25:33-07:00,POINT (-122.39295263207673 37.77735183710942),7.655398402599813,2522.107042495017,ios,0.1689690681802782,1.2279751937516181e-09,-5.551115123125783e-17
222,37.77735076260732,-122.39295399152222,1564190734.0,2019-07-26T18:25:34-07:00,POINT (-122.39295399152222 37.77735076260732),7.6532447777045025,2522.2759836573787,ios,0.1689690694082534,1.2279751382404669e-09,-5.586762441556203e-10
223,37.77734968810522,-122.39295535096771,1564190735.0,2019-07-26T18:25:35-07:00,POINT (-122.39295535096771 37.77734968810522),7.651091157554586,2522.444924823237,ios,0.16896907063622854,6.692988940848466e-10,1.1173524328000894e-09
224,37.77734861360312,-122.3929567104132,1564190736.0,2019-07-26T18:25:36-07:00,POINT (-122.3929567104132 37.77734861360312),7.64893754120905,2522.6138659869875,ios,0.16896907130552744,1.786651326884936e-09,-1.4418285454453894e-09
225,37.77734753910102,-122.3929580698587,1564190737.0,2019-07-26T18:25:37-07:00,POINT (-122.3929580698587 37.77734753910102),7.646783930604944,2522.782807153255,ios,0.16896907309217876,3.448227814395466e-10,1.5154112753810163
226,37.77734646459892,-122.39295942930418,1564190738.0,2019-07-26T18:25:38-07:00,POINT (-122.39295942930418 37.77734646459892),7.644630320817102,2522.9517483203526,ios,0.16896907343700154,1.5154112757258391,-2.775880584027631
227,37.77734539009682,-122.39296078874966,1564190739.0,2019-07-26T18:25:39-07:00,POINT (-122.39296078874966 37.77734539009682),7.642476715138144,2523.120689488308,ios,1.6843803491628406,-1.260469308301792,1.2603183362385395
228,37.777334678845904,-122.39297434047911,1564190740.0,2019-07-26T18:25:40-07:00,POINT (-122.39297434047911 37.777334678845904),7.6210085488940695,2524.804791661489,ios,0.4239110408610487,-0.0001509720632524303,0.0001509803454430303
229,37.77733198312618,-122.39297775106715,1564190741.0,2019-07-26T18:25:41-07:00,POINT (-122.39297775106715 37.77733198312618),7.615605676452087,2525.2286326923245,ios,0.42376006879779626,8.282190600006345e-09,-2.8836579790691985e-09
230,37.77732928836657,-122.39298116044048,1564190742.0,2019-07-26T18:25:42-07:00,POINT (-122.39298116044048 37.77732928836657),7.610204749774472,2525.6523227773096,ios,0.42376007707998686,5.3985326209371465e-09,3.2081336476252886e-09
231,37.77732659360696,-122.39298456981382,1564190743.0,2019-07-26T18:25:43-07:00,POINT (-122.39298456981382 37.77732659360696),7.604803847075111,2526.0760128694096,ios,0.4237600824785195,8.606666268562435e-09,0.16145805493612442
232,37.77732389884735,-122.39298797918713,1564190744.0,2019-07-26T18:25:44-07:00,POINT (-122.39298797918713 37.77732389884735),7.599402967608343,2526.499702969195,ios,0.42376009108518575,0.1614580635427907,-0.16160654279514408
233,37.77732120408774,-122.39299138856045,1564190745.0,2019-07-26T18:25:45-07:00,POINT (-122.39299138856045 37.77732120408774),7.594002109322478,2526.923393075908,ios,0.5852181546279764,-0.0001484792523533951,7.737596888598119
234,37.77731754882378,-122.39299617928135,1564190746.0,2019-07-26T18:25:46-07:00,POINT (-122.39299617928135 37.77731754882378),7.596866709900125,2527.508598473053,ios,0.585069675375623,7.737448409345765,-15.212703136825972
235,37.777313894504275,-122.39300096880737,1564190747.0,2019-07-26T18:25:47-07:00,POINT (-122.39300096880737 37.777313894504275),7.599733248154373,2528.0936553892984,ios,8.322518084721388,-7.475254727480207,7.474885731612779
236,37.777261370423275,-122.39306843031109,1564190748.0,2019-07-26T18:25:48-07:00,POINT (-122.39306843031109 37.777261370423275),7.645622917312021,2536.300913082259,ios,0.8472633572411804,-0.0003689958674284455,0.00036902644698422193
237,37.77725610086077,-122.39307539346898,1564190749.0,2019-07-26T18:25:49-07:00,POINT (-122.39307539346898 37.77725610086077),7.666015064208831,2537.1479371946543,ios,0.846894361373752,3.0579555776455436e-08,1.8042712879307032e-09
238,37.77725083362747,-122.39308235363528,1564190750.0,2019-07-26T18:25:50-07:00,POINT (-122.39308235363528 37.77725083362747),7.686403664110976,2537.9945923067426,ios,0.8468943919533077,3.238382706438614e-08,-2.706414203856866e-09
239,37.77724556639417,-122.39308931380157,1564190751.0,2019-07-26T18:25:51-07:00,POINT (-122.39308931380157 37.77724556639417),7.706792356149346,2538.8412474462816,ios,0.8468944243371348,2.9677412860529273e-08,3.608546572664295e-09
240,37.77724029916087,-122.39309627396787,1564190752.0,2019-07-26T18:25:52-07:00,POINT (-122.39309627396787 37.77724029916087),7.727181144048679,2539.687902616292,ios,0.8468944540145477,3.328595943319357e-08,-4.1549557128206516e-09
241,37.777235031927574,-122.39310323413414,1564190753.0,2019-07-26T18:25:53-07:00,POINT (-122.39310323413414 37.777235031927574),7.747570027110534,2540.5345578108513,ios,0.8468944873005071,2.9131003720372917e-08,7.889587940591334
242,37.777229764694276,-122.39311019430045,1564190754.0,2019-07-26T18:25:54-07:00,POINT (-122.39311019430045 37.777229764694276),7.767959005213518,2541.3812130363813,ios,0.8468945164315108,7.889587969722338,-16.419763529182045
243,37.777224497460985,-122.39311715446672,1564190755.0,2019-07-26T18:25:55-07:00,POINT (-122.39311715446672 37.777224497460985),7.788348077497881,2542.227868287455,ios,8.736482486153848,-8.530175559459709,8.530036011361886
244,37.77717234539297,-122.39319150231645,1564190756.0,2019-07-26T18:25:56-07:00,POINT (-122.39319150231645 37.77717234539297),8.328676897244168,2550.9490751756707,ios,0.20630692669413983,-0.0001395480978230168,7.640818867795462
245,37.77717112696175,-122.39319327257742,1564190757.0,2019-07-26T18:25:57-07:00,POINT (-122.39319327257742 37.77717112696175),8.343372951129071,2551.1549003590617,ios,0.2061673785963168,7.640679319697639,-9.994220128319892
246,37.777169909363586,-122.39319504165074,1564190758.0,2019-07-26T18:25:58-07:00,POINT (-122.39319504165074 37.777169909363586),8.35806037832267,2551.360586231095,ios,7.846846698293955,-2.3535408086222542,3.3066828283750054
247,37.77712356689986,-122.39326237356724,1564190759.0,2019-07-26T18:25:59-07:00,POINT (-122.39326237356724 37.77712356689986),8.917076379706064,2559.189106196787,ios,5.493305889671701,0.9531420197527511,-0.7468843054888632
248,37.77709112415418,-122.39330951029815,1564190760.0,2019-07-26T18:26:00-07:00,POINT (-122.39330951029815 37.77709112415418),9.308428980169365,2564.6695817767495,ios,6.446447909424452,0.20625771426388795,0.6892009883001675
249,37.77705305228679,-122.39336482569549,1564190761.0,2019-07-26T18:26:01-07:00,POINT (-122.39336482569549 37.77705305228679),9.767690147813425,2571.1009727749592,ios,6.65270562368834,0.8954587025640555,-5.8251449221394465
250,37.777011808882,-122.39341966100308,1564190762.0,2019-07-26T18:26:02-07:00,POINT (-122.39341966100308 37.777011808882),9.95242446191748,2577.743054946515,ios,7.548164326252396,-4.929686219575391,4.929669476629504
251,37.776964788163056,-122.39348160389127,1564190763.0,2019-07-26T18:26:03-07:00,POINT (-122.39348160389127 37.776964788163056),10.12889996022052,2585.2891621997865,ios,2.618478106677005,-1.6742945887049387e-05,-1.4939308693078248
252,37.77694824518499,-122.39350280702182,1564190764.0,2019-07-26T18:26:04-07:00,POINT (-122.39350280702182 37.77694824518499),10.1542214133666,2587.9073692049533,ios,2.618461363731118,-1.4939476122537119,1.4939476677739736
253,37.776931702313625,-122.3935240100132,1564190765.0,2019-07-26T18:26:05-07:00,POINT (-122.3935240100132 37.776931702313625),10.17954345296415,2590.525559450594,ios,1.1245137514774062,5.55202617213979e-08,-1.6356538997230885e-05
254,37.77692447319915,-122.39353295730723,1564190766.0,2019-07-26T18:26:06-07:00,POINT (-122.39353295730723 37.77692447319915),10.170769217538075,2591.6498925642645,ios,1.124513806997668,-1.6301018735509487e-05,-1.0347594092519175
255,37.77691724408468,-122.39354190460129,1564190767.0,2019-07-26T18:26:07-07:00,POINT (-122.39354190460129 37.77691724408468),10.161995148313284,2592.774225731832,ios,1.1244975059789324,-1.034775710270653,1.0347757091747933
256,37.776910015075345,-122.39355085176523,1564190768.0,2019-07-26T18:26:08-07:00,POINT (-122.39355085176523 37.776910015075345),10.153221368960306,2593.898542599408,ios,0.0897217957082794,-1.0958596807775223e-09,3.749762056415307e-09
257,37.77690943828466,-122.39355156564461,1564190769.0,2019-07-26T18:26:09-07:00,POINT (-122.39355156564461 37.77690943828466),10.152521330022784,2593.988249983264,ios,0.08972179461241972,2.6539023756377844e-09,-3.184980598702758e-09
258,37.776908861493986,-122.39355227952399,1564190770.0,2019-07-26T18:26:10-07:00,POINT (-122.39355227952399 37.776908861493986),10.151821292377397,2594.077957363817,ios,0.0897217972663221,-5.310782230649735e-10,8.733996997856153e-10
259,37.7769082847033,-122.39355299340339,1564190771.0,2019-07-26T18:26:11-07:00,POINT (-122.39355299340339 37.7769082847033),10.151121257405991,2594.1676647496183,ios,0.08972179673524387,3.4232147672064173e-10,-1.4381811852537396e-09
260,37.77690770791262,-122.39355370728278,1564190772.0,2019-07-26T18:26:12-07:00,POINT (-122.39355370728278 37.77690770791262),10.150421222092856,2594.257372133776,ios,0.08972179707756535,-1.0958597085330979e-09,4.623161908856588e-09
261,37.77690713112194,-122.39355442116216,1564190773.0,2019-07-26T18:26:13-07:00,POINT (-122.39355442116216 37.77690713112194),10.149721185950336,2594.3470795171165,ios,0.08972179598170564,3.52730220032349e-09,-5.805180017248723e-09
262,37.77690655433126,-122.39355513504154,1564190774.0,2019-07-26T18:26:14-07:00,POINT (-122.39355513504154 37.77690655433126),10.149021154090725,2594.436786900754,ios,0.08972179950900784,-2.2778778169252334e-09,3.4935990489426416e-09
263,37.77690597754058,-122.39355584892095,1564190775.0,2019-07-26T18:26:15-07:00,POINT (-122.39355584892095 37.77690597754058),10.148321123163377,2594.5264942879244,ios,0.08972179723113002,1.2157212320174082e-09,-1.4381812130093152e-09
264,37.7769054007499,-122.39355656280033,1564190776.0,2019-07-26T18:26:16-07:00,POINT (-122.39355656280033 37.7769054007499),10.147621090728176,2594.6162016716485,ios,0.08972179844685126,-2.22459980991907e-10,2.0029626984774396e-09
265,37.776904823959214,-122.39355727667972,1564190777.0,2019-07-26T18:26:17-07:00,POINT (-122.39355727667972 37.776904823959214),10.146921060942034,2594.7059090573284,ios,0.08972179822439127,1.7805027174855326e-09,-3.1849808623807263e-09
266,37.77690424716854,-122.3935579905591,1564190778.0,2019-07-26T18:26:18-07:00,POINT (-122.3935579905591 37.77690424716854),10.146221032472942,2594.7956164429984,ios,0.08972180000489399,-1.4044781448951937e-09,2.6201994046681776e-09
267,37.776903670377855,-122.3935587044385,1564190779.0,2019-07-26T18:26:19-07:00,POINT (-122.3935587044385 37.776903670377855),10.14552100442353,2594.885323829735,ios,0.08972179860041585,1.2157212597729838e-09,-1.4381812407648908e-09
268,37.77690309358717,-122.39355941831788,1564190780.0,2019-07-26T18:26:20-07:00,POINT (-122.39355941831788 37.77690309358717),10.144820976359162,2594.9750312144965,ios,0.08972179981613711,-2.22459980991907e-10,-1.753873813209461e-05
269,37.77690251679649,-122.39356013219727,1564190781.0,2019-07-26T18:26:21-07:00,POINT (-122.39356013219727 37.77690251679649),10.14412095037325,2595.0647386019587,ios,0.08972179959367713,-1.7538960592075603e-05,-0.05172052560671374
270,37.776901940005814,-122.39356084607665,1564190782.0,2019-07-26T18:26:22-07:00,POINT (-122.39356084607665 37.776901940005814),10.143420926357928,2595.1544459887473,ios,0.08970426063308505,-0.051738064567305814,0.05173806347793398
271,37.776901363327895,-122.39356155981649,1564190783.0,2019-07-26T18:26:23-07:00,POINT (-122.39356155981649 37.776901363327895),10.14272103855354,2595.2441358398437,ios,0.03796619606577924,-1.0893718357940507e-09,1.8618885808119323e-09
272,37.77690103495282,-122.39356167816219,1564190784.0,2019-07-26T18:26:24-07:00,POINT (-122.39356167816219 37.77690103495282),10.124364026793906,2595.2772879670656,ios,0.0379661949764074,7.725167450178816e-10,-2.2040582414728505e-09
273,37.776900706577756,-122.39356179650787,1564190785.0,2019-07-26T18:26:25-07:00,POINT (-122.39356179650787 37.776900706577756),10.106007010985225,2595.3104400922603,ios,0.037966195748924146,-1.4315414964549689e-09,3.230567417744634e-09
274,37.77690037820268,-122.39356191485355,1564190786.0,2019-07-26T18:26:26-07:00,POINT (-122.39356191485355 37.77690037820268),10.087649996181778,2595.3435922197523,ios,0.03796619431738265,1.7990259212896653e-09,-2.88839776402261e-09
275,37.77690004982762,-122.3935620331992,1564190787.0,2019-07-26T18:26:27-07:00,POINT (-122.3935620331992 37.77690004982762),10.069292980187283,2595.37674434215,ios,0.03796619611640857,-1.0893718427329446e-09,1.8618885808119323e-09
276,37.776899721452544,-122.3935621515449,1564190788.0,2019-07-26T18:26:28-07:00,POINT (-122.3935621515449 37.776899721452544),10.050935965466778,2595.409896469723,ios,0.03796619502703673,7.725167380789877e-10,-7.598594115032498e-10
277,37.77689939307748,-122.39356226989058,1564190789.0,2019-07-26T18:26:29-07:00,POINT (-122.39356226989058 37.77689939307748),10.03257895115598,2595.443048597047,ios,0.037966195799553466,1.2657326575737926e-11,-7.598594045643559e-10
278,37.776899064702405,-122.39356238823626,1564190790.0,2019-07-26T18:26:30-07:00,POINT (-122.39356238823626 37.776899064702405),10.014221937254888,2595.4762007241206,ios,0.03796619581221079,-7.472020779886179e-10,1.5197188230064995e-09
279,37.77689873632733,-122.39356250658194,1564190791.0,2019-07-26T18:26:31-07:00,POINT (-122.39356250658194 37.77689873632733),9.995864921860903,2595.5093528497237,ios,0.037966195065008715,7.725167450178816e-10,-1.5197188299453934e-09
280,37.77689840795227,-122.39356262492763,1564190792.0,2019-07-26T18:26:32-07:00,POINT (-122.39356262492763 37.77689840795227),9.977507907715982,2595.5425049772107,ios,0.03796619583752546,-7.472020849275118e-10,1.1775490860177484e-09
281,37.776898079577194,-122.3935627432733,1564190793.0,2019-07-26T18:26:33-07:00,POINT (-122.3935627432733 37.776898079577194),9.959150892404935,2595.5756571028955,ios,0.037966195090323375,4.303470010902366e-10,-8.353793420901034e-10
282,37.77689775120213,-122.39356286161899,1564190794.0,2019-07-26T18:26:34-07:00,POINT (-122.39356286161899 37.77689775120213),9.940793879732972,2595.608809229219,ios,0.037966195520670376,-4.0503234099986685e-10,1.1775490721399606e-09
283,37.776897422827055,-122.39356297996466,1564190795.0,2019-07-26T18:26:35-07:00,POINT (-122.39356297996466 37.776897422827055),9.922436863934264,2595.641961355731,ios,0.037966195115638035,7.725167311400938e-10,-7.59859390686568e-10
284,37.77689709445199,-122.39356309831034,1564190796.0,2019-07-26T18:26:36-07:00,POINT (-122.39356309831034 37.77689709445199),9.904079851101407,2595.6751134825495,ios,0.037966195888154766,1.2657340453525734e-11,-7.598594253810376e-10
285,37.776896766076916,-122.39356321665602,1564190797.0,2019-07-26T18:26:37-07:00,POINT (-122.39356321665602 37.776896766076916),9.885722835712407,2595.708265608811,ios,0.03796619590081211,-7.472020849275118e-10,1.8618886224452957e-09
286,37.77689643770184,-122.3935633350017,1564190798.0,2019-07-26T18:26:38-07:00,POINT (-122.3935633350017 37.77689643770184),9.86736582230895,2595.741417736375,ios,0.03796619515361002,1.114686537517784e-09,-2.204058414945198e-09
287,37.77689610932678,-122.39356345334738,1564190799.0,2019-07-26T18:26:39-07:00,POINT (-122.39356345334738 37.77689610932678),9.849008809071371,2595.774569864102,ios,0.03796619626829656,-1.0893718774274141e-09,1.1775491276511119e-09
288,37.776895780951705,-122.39356357169308,1564190800.0,2019-07-26T18:26:40-07:00,POINT (-122.39356357169308 37.776895780951705),9.830651795833791,2595.807721991829,ios,0.03796619517892468,8.817725022369771e-11,-1.5103984729591957e-10
289,37.77689545257664,-122.39356369003876,1564190801.0,2019-07-26T18:26:41-07:00,POINT (-122.39356369003876 37.77689545257664),9.812294780366834,2595.8408741186677,ios,0.03796619526710193,-6.286259707222186e-11,1.1775491484677936e-09
290,37.776895124201566,-122.39356380838441,1564190802.0,2019-07-26T18:26:42-07:00,POINT (-122.39356380838441 37.776895124201566),9.793937766699612,2595.8740262440106,ios,0.037966195204239335,1.1146865513955717e-09,-1.444199031197524e-09
291,37.7768947958265,-122.3935639267301,1564190803.0,2019-07-26T18:26:43-07:00,POINT (-122.3935639267301 37.7768947958265),9.775580752705613,2595.9071783696854,ios,0.037966196318925886,-3.295124798019522e-10,-4.1768959818666573e-10
292,37.77689446745143,-122.39356404507579,1564190804.0,2019-07-26T18:26:44-07:00,POINT (-122.39356404507579 37.77689446745143),9.757223740965916,2595.9403304995417,ios,0.03796619598941341,-7.472020779886179e-10,1.5197188091287117e-09
293,37.776894139076354,-122.39356416342147,1564190805.0,2019-07-26T18:26:45-07:00,POINT (-122.39356416342147 37.776894139076354),9.738866726811027,2595.9734826257118,ios,0.03796619524221133,7.725167311400938e-10,-1.5197188091287117e-09
294,37.77689381070129,-122.39356428176715,1564190806.0,2019-07-26T18:26:46-07:00,POINT (-122.39356428176715 37.77689381070129),9.720509714314913,2596.0066347535158,ios,0.03796619601472806,-7.472020779886179e-10,1.1775490374454911e-09
295,37.776893482326216,-122.39356440011284,1564190807.0,2019-07-26T18:26:47-07:00,POINT (-122.39356440011284 37.776893482326216),9.70215269958942,2596.0397868804307,ios,0.03796619526752598,4.303469594568732e-10,-8.353792588233766e-10
296,37.77689315395115,-122.39356451845852,1564190808.0,2019-07-26T18:26:48-07:00,POINT (-122.39356451845852 37.77689315395115),9.683795687259183,2596.072939008398,ios,0.03796619569787294,-4.050322993665034e-10,1.1775490374454911e-09
297,37.77689282557608,-122.39356463680419,1564190809.0,2019-07-26T18:26:49-07:00,POINT (-122.39356463680419 37.77689282557608),9.665438673353112,2596.106091134813,ios,0.03796619529284064,7.725167380789877e-10,-2.3834664780439385e-05
298,37.77689249720101,-122.39356475514987,1564190810.0,2019-07-26T18:26:50-07:00,POINT (-122.39356475514987 37.77689249720101),9.64708166110581,2596.1392432628622,ios,0.03796619606535738,-2.3833892263701306e-05,0.4741764718137671
299,37.77689216882594,-122.39356487349555,1564190811.0,2019-07-26T18:26:51-07:00,POINT (-122.39356487349555 37.77689216882594),9.628724646955908,2596.172395389691,ios,0.03794236217309368,0.4741526379215034,-0.4741769466275285
300,37.77689184065701,-122.39356499176694,1564190812.0,2019-07-26T18:26:52-07:00,POINT (-122.39356499176694 37.77689184065701),9.610379157468312,2596.20552670685,ios,0.5120950000945971,-2.4308706025100157e-05,1.2667063065110082
301,37.776893181793334,-122.3935705658648,1564190813.0,2019-07-26T18:26:53-07:00,POINT (-122.3935705658648 37.776893181793334),10.062969450124633,2596.4469268509392,ios,0.512070691388572,1.266681997804983,-1.4550645733203063
302,37.77689452286602,-122.39357613969817,1564190814.0,2019-07-26T18:26:54-07:00,POINT (-122.39357613969817 37.77689452286602),10.515538272351085,2596.68831550632,ios,1.778752689193555,-0.18838257551532323,-0.7854666306598547
303,37.77689758226068,-122.39359600480869,1564190815.0,2019-07-26T18:26:55-07:00,POINT (-122.39359600480869 37.77689758226068),11.993681269566897,2597.683725771561,ios,1.5903701136782318,-0.9738492061751779,0.9738192359426218
304,37.77689569633247,-122.39361394208147,1564190816.0,2019-07-26T18:26:56-07:00,POINT (-122.39361394208147 37.77689569633247),12.96408146458496,2598.9476209593763,ios,0.6165209075030539,-2.9970232556131293e-05,0.26014841415338985
305,37.7768925111318,-122.39361968382478,1564190817.0,2019-07-26T18:26:57-07:00,POINT (-122.39361968382478 37.7768925111318),13.07239590572249,2599.554947007922,ios,0.6164909372704978,0.2601184439208337,-0.26016125565380077
306,37.77688932608606,-122.3936254252888,1564190818.0,2019-07-26T18:26:58-07:00,POINT (-122.3936254252888 37.77688932608606),13.180705130681755,2600.162243525054,ios,0.8766093811913315,-4.2811732967051874e-05,-0.24368796177989138
307,37.77688561700326,-122.39363422650223,1564190819.0,2019-07-26T18:26:59-07:00,POINT (-122.39363422650223 37.77688561700326),13.438689021517343,2601.00102725215,ios,0.8765665694583644,-0.24373077351285843,0.24370043361778548
308,37.77688190810175,-122.39364302728548,1564190820.0,2019-07-26T18:27:00-07:00,POINT (-122.39364302728548 37.77688190810175),13.696660409833154,2601.8397699852044,ios,0.632835795945506,-3.033989507295054e-05,-0.36061227730614803
309,37.776883374969955,-122.39364998443182,1564190821.0,2019-07-26T18:27:01-07:00,POINT (-122.39364998443182 37.776883374969955),14.245323012619835,2602.157326299296,ios,0.632805456050433,-0.360642617201221,0.36064261794615426
310,37.77688484176786,-122.39365694124474,1564190822.0,2019-07-26T18:27:02-07:00,POINT (-122.39365694124474 37.77688484176786),14.793959334785786,2602.47486734496,ios,0.27216283884921205,7.449332817266452e-10,-1.3800051101853228e-09
311,37.77688240164338,-122.39365669909498,1564190823.0,2019-07-26T18:27:03-07:00,POINT (-122.39365669909498 37.77688240164338),14.587632523129265,2602.651451731241,ios,0.27216283959414533,-6.350718284586776e-10,1.3800051101853228e-09
312,37.77687996151889,-122.39365645694522,1564190824.0,2019-07-26T18:27:04-07:00,POINT (-122.39365645694522 37.77687996151889),14.38130571189242,2602.8280361185894,ios,0.2721628389590735,7.449332817266452e-10,-1.4776707080166318e-09
313,37.776877521394404,-122.39365621479546,1564190825.0,2019-07-26T18:27:05-07:00,POINT (-122.39365621479546 37.776877521394404),14.174978898328304,2603.0046205029917,ios,0.2721628397040068,-7.327374262899866e-10,1.5753362503367896e-09
314,37.776875081269914,-122.3936559726457,1564190826.0,2019-07-26T18:27:06-07:00,POINT (-122.3936559726457 37.776875081269914),13.9686520848571,2603.1812048887928,ios,0.27216283897126936,8.42598824046803e-10,-1.4776705969943293e-09
315,37.77687264114543,-122.39365573049595,1564190827.0,2019-07-26T18:27:07-07:00,POINT (-122.39365573049595 37.77687264114543),13.762325272351253,2603.357789271623,ios,0.2721628398138682,-6.350717729475264e-10,1.3800049991630203e-09
316,37.77687020102094,-122.3936554883462,1564190828.0,2019-07-26T18:27:08-07:00,POINT (-122.3936554883462 37.77687020102094),13.555998457382163,2603.534373655295,ios,0.2721628391787964,7.44933226215494e-10,-5.9569176803442314e-05
317,37.77686776089646,-122.39365524619643,1564190829.0,2019-07-26T18:27:09-07:00,POINT (-122.39365524619643 37.77686776089646),13.349671641066116,2603.7109580350257,ios,0.27216283992372964,-5.95684318702161e-05,1.7963337018254666
318,37.77686532077197,-122.39365500404668,1564190830.0,2019-07-26T18:27:10-07:00,POINT (-122.39365500404668 37.77686532077197),13.143344825169748,2603.887542415823,ios,0.2721032714918594,1.7962741333935963,-2.6849771517431185
319,37.77686288118155,-122.39365476194992,1564190831.0,2019-07-26T18:27:11-07:00,POINT (-122.39365476194992 37.77686288118155),12.937063166333218,2604.064088147672,ios,2.0683774048854557,-0.8887030183495221,0.3936569405239495
320,37.77684565637053,-122.39364587713256,1564190832.0,2019-07-26T18:27:12-07:00,POINT (-122.39364587713256 37.77684565637053),11.033288258458201,2604.8642494713044,ios,1.1796743865359336,-0.49504607782557264,0.479273626696645
321,37.77683555617721,-122.39364177,1564190833.0,2019-07-26T18:27:13-07:00,POINT (-122.39364177 37.77683555617721),9.985704485492954,2605.40203631171,ios,0.684628308710361,-0.015772451128927608,0.0004779530877592928
322,37.7766914500513,-122.39346055324721,1564190866.0,2019-07-26T18:27:46-07:00,POINT (-122.39346055324721 37.7766914500513),12.604796814160647,2605.4476246283757,ios,0.1641374214557499,7.671290547239806e-10,-1.5318332713398775e-09
323,37.77668997420112,-122.39346051732387,1564190867.0,2019-07-26T18:27:47-07:00,POINT (-122.39346051732387 37.77668997420112),12.722698127781934,2605.561302914362,ios,0.16413742222287894,-7.647042166158968e-10,7.659166356699387e-10
324,37.77668849835093,-122.39346048140055,1564190868.0,2019-07-26T18:27:48-07:00,POINT (-122.39346048140055 37.77668849835093),12.84059944154418,2605.6749812034777,ios,0.16413742145817473,1.2124190540419022e-12,0.0
325,37.776687022500745,-122.39346044547722,1564190869.0,2019-07-26T18:27:49-07:00,POINT (-122.39346044547722 37.776687022500745),12.958500754735821,2605.7886594918477,ios,0.16413742145938715,1.2124190540419022e-12,-2.402469889695169e-11
326,37.77668554665056,-122.39346040955388,1564190870.0,2019-07-26T18:27:50-07:00,POINT (-122.39346040955388 37.77668554665056),13.076402069176526,2605.902337778334,ios,0.16413742146059956,-2.281227984290979e-11,-5.686043333796853e-05
327,37.77668407080038,-122.39346037363055,1564190871.0,2019-07-26T18:27:51-07:00,POINT (-122.39346037363055 37.77668407080038),13.194303381880504,2606.016016065878,ios,0.16413742143778728,-5.686045615024837e-05,0.9001688167146786
328,37.776682594950195,-122.39346033770722,1564190872.0,2019-07-26T18:27:52-07:00,POINT (-122.39346033770722 37.776682594950195),13.31220469482831,2606.1296943538346,ios,0.16408056098163704,0.9001119562585284,-0.9001634254398742
329,37.776681119611276,-122.39346030179634,1564190873.0,2019-07-26T18:27:53-07:00,POINT (-122.39346030179634 37.776681119611276),13.430065165500302,2606.2433332586866,ios,1.0641925172401654,-5.146918134579792e-05,0.2397012914179768
330,37.776678290650494,-122.39347186910264,1564190874.0,2019-07-26T18:27:54-07:00,POINT (-122.39347186910264 37.776678290650494),12.93066937622779,2607.185057914486,ios,1.0641410480588196,0.239649822236631,0.1952866609195001
331,37.776675461826635,-122.39348343584909,1564190875.0,2019-07-26T18:27:55-07:00,POINT (-122.39348343584909 37.776675461826635),12.431297615079389,2608.126736953438,ios,1.3037908702954506,0.4349364831561311,-0.18469692402609184
332,37.77667177378924,-122.39349751744642,1564190876.0,2019-07-26T18:27:56-07:00,POINT (-122.39349751744642 37.77667177378924),11.842487260768081,2609.2923334598886,ios,1.7387273534515817,0.25023955913003926,-0.736886338398675
333,37.77666490062864,-122.39351528708114,1564190877.0,2019-07-26T18:27:57-07:00,POINT (-122.39351528708114 37.77666490062864),11.27338286996296,2610.937501328341,ios,1.988966912581621,-0.48664677926863575,0.38890551461712564
334,37.77665798555852,-122.39353615802004,1564190878.0,2019-07-26T18:27:58-07:00,POINT (-122.39353615802004 37.77665798555852),10.514228448264387,2612.778875823661,ios,1.5023201333129852,-0.09774126465151012,0.27695113862274745
335,37.77665534525902,-122.39355292182638,1564190879.0,2019-07-26T18:27:59-07:00,POINT (-122.39355292182638 37.77665534525902),9.67609859220252,2614.029028501888,ios,1.404578868661475,0.17920987397123733,-0.17928800334769934
336,37.77664302386136,-122.39354940142705,1564190880.0,2019-07-26T18:28:00-07:00,POINT (-122.39354940142705 37.77664302386136),10.86118165272458,2614.7777640627337,ios,1.5837887426327124,-7.812937646201057e-05,1.5772622191899544
337,37.77662967535117,-122.39355568800956,1564190881.0,2019-07-26T18:28:01-07:00,POINT (-122.39355568800956 37.77662967535117),11.515395537768425,2616.217207271858,ios,1.5837106132562504,1.5771840898134923,-1.4966121010813007
338,37.77661632749976,-122.39356197428181,1564190882.0,2019-07-26T18:28:02-07:00,POINT (-122.39356197428181 37.77661632749976),12.169576960957462,2617.6565795530673,ios,3.1608947030697427,0.08057198873219162,0.35058462431662196
339,37.776590678876055,-122.39357748080268,1564190883.0,2019-07-26T18:28:03-07:00,POINT (-122.39357748080268 37.776590678876055),13.212977019550221,2620.635593648231,ios,3.2414666918019344,0.4311566130488136,-1.7521514849657942
340,37.776564108243,-122.39359265204742,1564190884.0,2019-07-26T18:28:04-07:00,POINT (-122.39359265204742 37.776564108243),14.349534694699537,2623.6661670130206,ios,3.672623304850748,-1.3209948719169806,2.028938409688376
341,37.77653560977222,-122.39361377444341,1564190885.0,2019-07-26T18:28:05-07:00,POINT (-122.39361377444341 37.77653560977222),15.266181970126214,2627.218341664288,ios,2.3516284329337673,0.7079435377713952,-1.3329479350731828
342,37.776516121847344,-122.39362416800334,1564190886.0,2019-07-26T18:28:06-07:00,POINT (-122.39362416800334 37.776516121847344),16.21557902440905,2628.5259787362347,ios,3.0595719707051625,-0.6250043973017876,0.6503062909496276
343,37.77649550236554,-122.39364721823706,1564190887.0,2019-07-26T18:28:07-07:00,POINT (-122.39364721823706 37.77649550236554),16.558263621392044,2631.56524365628,ios,2.434567573403375,0.025301893647839968,-0.12262203442133135
344,37.776479283382905,-122.3936658260621,1564190888.0,2019-07-26T18:28:08-07:00,POINT (-122.3936658260621 37.776479283382905),16.79972249565406,2633.987100892072,ios,2.459869467051215,-0.09732014077349138,-0.11264325170842104
345,37.77646356731446,-122.39368552353456,1564190889.0,2019-07-26T18:28:09-07:00,POINT (-122.39368552353456 37.77646356731446),16.93551258393089,2636.442963710734,ios,2.3625493262777235,-0.20996339248191243,1.0964953175600773
346,37.77644977908374,-122.3937059753783,1564190890.0,2019-07-26T18:28:10-07:00,POINT (-122.3937059753783 37.77644977908374),16.867866129014555,2638.805128547739,ios,2.152585933795811,0.8865319250781649,-1.202365678677956
347,37.77643703859092,-122.39372441556527,1564190891.0,2019-07-26T18:28:11-07:00,POINT (-122.39372441556527 37.77643703859092),16.832314394120935,2640.9578445204743,ios,3.039117858873976,-0.31583375359979105,0.7683354554779664
348,37.77641708966137,-122.39374805253222,1564190892.0,2019-07-26T18:28:12-07:00,POINT (-122.39374805253222 37.77641708966137),16.889925117137857,2646.8313892259084,ios,2.723284105274185,0.4525017018781754,-0.2377616489980201
349,37.77639869138391,-122.39376850437596,1564190893.0,2019-07-26T18:28:13-07:00,POINT (-122.39376850437596 37.77639869138391),16.748275839419474,2649.550020391026,ios,3.1757858071523604,0.2147400528801553,-0.24898867671955527
350,37.77638268194885,-122.39379842777028,1564190894.0,2019-07-26T18:28:14-07:00,POINT (-122.39379842777028 37.77638268194885),15.788513069132566,2652.579627221633,ios,3.3905258600325157,-0.03424862383939997,0.7843623660742063
351,37.776370821555865,-122.39383396703973,1564190895.0,2019-07-26T18:28:15-07:00,POINT (-122.39383396703973 37.776370821555865),14.351012628142996,2654.2702439783943,ios,3.3562772361931157,0.7501137422348063,-0.9384268081853593
352,37.77636084709109,-122.39387000922336,1564190896.0,2019-07-26T18:28:16-07:00,POINT (-122.39387000922336 37.77636084709109),12.81591589885712,2657.2607565998255,ios,4.106390978427922,-0.18831306595055297,-0.6792255049720604
353,37.776344125194264,-122.39391166728213,1564190897.0,2019-07-26T18:28:17-07:00,POINT (-122.39391166728213 37.776344125194264),11.461628469525271,2660.5313898808886,ios,3.918077912477369,-0.8675385709226133,1.483971168145505
354,37.77632937304468,-122.39395215187444,1564190898.0,2019-07-26T18:28:18-07:00,POINT (-122.39395215187444 37.77632937304468),10.207933255848658,2663.9187808174556,ios,3.0505393415547557,0.6164325972228917,-1.1413837214791127
355,37.776319440489424,-122.39398450602069,1564190899.0,2019-07-26T18:28:19-07:00,POINT (-122.39398450602069 37.776319440489424),9.581487013377199,2663.9187808174556,ios,3.6669719387776474,-0.524951124256221,0.6193524707030571
356,37.77630548462064,-122.39402230840399,1564190900.0,2019-07-26T18:28:20-07:00,POINT (-122.39402230840399 37.77630548462064),10.308561026180532,2663.9187808174556,ios,3.1420208145214263,0.09440134644683607,0.01944754974216867
357,37.77629567779393,-122.39405583601668,1564190901.0,2019-07-26T18:28:21-07:00,POINT (-122.39405583601668 37.77629567779393),11.622379503805263,2663.9187808174556,ios,3.2364221609682624,0.11384889618900473,-0.6409356768754124
358,37.77628293730111,-122.3940889445342,1564190902.0,2019-07-26T18:28:22-07:00,POINT (-122.3940889445342 37.77628293730111),13.83938563956354,2663.9187808174556,ios,3.350271057157267,-0.5270867806864077,1.2747819192828294
359,37.77627032253684,-122.3941235617943,1564190903.0,2019-07-26T18:28:23-07:00,POINT (-122.3941235617943 37.77627032253684),16.455273362264304,2663.9187808174556,ios,2.8231842764708595,0.7476951385964217,-4.318574553663703
360,37.776269442437005,-122.39415566448345,1564190904.0,2019-07-26T18:28:24-07:00,POINT (-122.39415566448345 37.776269442437005),18.12823877093848,2663.9187808174556,ios,3.570879415067281,-3.570879415067281,3.570879415067281
361,37.77625364254953,-122.39419103611483,1564190905.0,2019-07-26T18:28:25-07:00,POINT (-122.39419103611483 37.77625364254953),21.471001804990905,2663.9187808174556,ios,0.0,0.0,0.0
