,latitude,longitude,ts,fmt_time,geometry,gt_distance,gt_projection,source,speed,acceleration,jerk
0,37.791298904062266,-122.39523927842691,1581039109.0,2020-02-06T17:31:49-08:00,POINT (-122.39523927842691 37.791298904062266),24.503415783366695,42.69585593917743,ios,1.949479491989001,-0.2673927666448508,0.34992255427831087
1,37.79131633769601,-122.39523693052404,1581039110.0,2020-02-06T17:31:50-08:00,POINT (-122.39523693052404 37.79131633769601),23.29867996629511,44.198421607468596,ios,1.6820867253441503,0.08252978763346008,-0.12178709913831387
2,37.791330671657654,-122.39523081250134,1581039111.0,2020-02-06T17:31:51-08:00,POINT (-122.39523081250134 37.791330671657654),22.57281220328922,45.71255840243754,ios,1.7646165129776104,-0.03925731150485379,0.20063673261671955
3,37.7913460524513,-122.39522586685764,1581039112.0,2020-02-06T17:31:52-08:00,POINT (-122.39522586685764 37.7913460524513),21.691941581410454,47.237659803656946,ios,1.7253592014727566,0.16137942111186576,1.0321450147402265
4,37.79136017641529,-122.39521773692084,1581039113.0,2020-02-06T17:31:53-08:00,POINT (-122.39521773692084 37.79136017641529),21.109082362392368,48.85890420288,ios,1.8867386225846223,1.1935244358520922,-2.063203114033903
5,37.79137593427093,-122.39520977399297,1581039114.0,2020-02-06T17:31:54-08:00,POINT (-122.39520977399297 37.79137593427093),20.389035996771963,50.59956252515495,ios,3.0802630584367146,-0.8696786781818107,1.3216893523611128
6,37.79139848075838,-122.39518940779641,1581039115.0,2020-02-06T17:31:55-08:00,POINT (-122.39518940779641 37.79139848075838),19.923973305454815,53.64213138728052,ios,2.210584380254904,0.4520106741793022,-0.4803579862943117
7,37.79141784362506,-122.39518370575121,1581039116.0,2020-02-06T17:31:56-08:00,POINT (-122.39518370575121 37.79141784362506),18.782037204282958,55.52984065705964,ios,2.662595054434206,-0.028347312115009515,-0.7137635125231727
8,37.791441731652355,-122.395185800097,1581039117.0,2020-02-06T17:31:57-08:00,POINT (-122.395185800097 37.791441731652355),16.798200815358907,57.29708404173529,ios,2.6342477423191966,-0.7421108246381822,0.36991026979054875
9,37.791465410800136,-122.39518672227607,1581039118.0,2020-02-06T17:31:58-08:00,POINT (-122.39518672227607 37.791465410800136),14.904391558407452,59.11986140683786,ios,1.8921369176810143,-0.3722005548476335,0.32402634751301895
10,37.79148242706772,-122.39518663858334,1581039119.0,2020-02-06T17:31:59-08:00,POINT (-122.39518663858334 37.79148242706772),13.590479946408468,60.475661405959514,ios,1.5199363628333808,-0.04817420733461453,-0.008721001707557186
11,37.79149554532029,-122.39518177759355,1581039120.0,2020-02-06T17:32:00-08:00,POINT (-122.39518177759355 37.79149554532029),12.879678763739705,61.81596657550784,ios,1.4717621554987663,-0.05689520904217171,0.1491522083426413
12,37.79150761547733,-122.39517490459073,1581039121.0,2020-02-06T17:32:01-08:00,POINT (-122.39517490459073 37.79150761547733),12.376865678639193,63.1968621365868,ios,1.4148669464565946,0.0922569993004696,0.031724481541123284
13,37.79151809308416,-122.39516576847973,1581039122.0,2020-02-06T17:32:02-08:00,POINT (-122.39516576847973 37.79151809308416),12.140065632200104,64.5905802350614,ios,1.5071239457570642,0.12398148084159288,0.463665643478377
14,37.79153125253697,-122.39516166084674,1581039123.0,2020-02-06T17:32:03-08:00,POINT (-122.39516166084674 37.79153125253697),11.378616741514533,65.88780768398735,ios,1.631105426598657,0.5876471243199699,-0.07821753196774095
15,37.79154592082483,-122.39516182812704,1581039124.0,2020-02-06T17:32:04-08:00,POINT (-122.39516182812704 37.79154592082483),10.23092298296662,67.04179834108291,ios,2.218752550918627,0.509429592352229,-0.19541242778839063
16,37.7915646960921,-122.3951703770699,1581039125.0,2020-02-06T17:32:05-08:00,POINT (-122.3951703770699 37.7915646960921),8.236883751425262,68.00612438746437,ios,2.728182143270856,0.3140171645638383,-0.4353068556626303
17,37.79158602799013,-122.39518571556589,1581039126.0,2020-02-06T17:32:06-08:00,POINT (-122.39518571556589 37.79158602799013),5.616975283344318,68.75567779163647,ios,3.0421993078346943,-0.12128969109879195,-0.3602726599297341
18,37.79161025163491,-122.3952018088591,1581039127.0,2020-02-06T17:32:07-08:00,POINT (-122.3952018088591 37.79161025163491),2.725341143093916,69.68832554972577,ios,2.9209096167359023,-0.48156235102852607,-0.18809195433242865
19,37.79163388875515,-122.3952163097191,1581039128.0,2020-02-06T17:32:08-08:00,POINT (-122.3952163097191 37.79163388875515),0.02051658613497359,70.67238796324858,ios,2.4393472657073763,-0.6696543053609547,0.5651757952331102
20,37.791654759949544,-122.39522485962804,1581039129.0,2020-02-06T17:32:09-08:00,POINT (-122.39522485962804 37.791654759949544),2.1771018355832332,71.80301876712593,ios,1.7696929603464215,-0.10447851012784448,0.31499770800910687
21,37.79166750090325,-122.39521279065532,1581039130.0,2020-02-06T17:32:10-08:00,POINT (-122.39521279065532 37.79166750090325),2.404630040411822,73.55682076241116,ios,1.665214450218577,0.2105191978812624,-0.116971172852681
22,37.791681456777155,-122.39520591723104,1581039131.0,2020-02-06T17:32:11-08:00,POINT (-122.39520591723104 37.791681456777155),3.0536070507862045,75.08741857735049,ios,1.8757336480998394,0.0935480250285814,0.010279610379655413
23,37.7916978014572,-122.39521119735595,1581039132.0,2020-02-06T17:32:12-08:00,POINT (-122.39521119735595 37.7916978014572),4.653314782848576,76.05992285017066,ios,1.9692816731284208,0.1038276354082368,-0.3785044577010648
24,37.79171523585476,-122.39521513691754,1581039133.0,2020-02-06T17:32:13-08:00,POINT (-122.39521513691754 37.79171523585476),6.253061939067794,77.20139591076426,ios,2.0731093085366576,-0.27467682229282797,-0.3285196802099182
25,37.79173371798802,-122.39521823826054,1581039134.0,2020-02-06T17:32:14-08:00,POINT (-122.39521823826054 37.79173371798802),7.88123605844179,78.47760052270311,ios,1.7984324862438297,-0.6031965025027461,0.5127905601636771
26,37.79174947605455,-122.39522284826776,1581039135.0,2020-02-06T17:32:15-08:00,POINT (-122.39522284826776 37.79174947605455),9.393256386828954,79.44476979982466,ios,1.1952359837410835,-0.09040594233906907,0.09038982719280297
27,37.79175974409162,-122.39522687161862,1581039136.0,2020-02-06T17:32:16-08:00,POINT (-122.39522687161862 37.79175974409162),10.442710316431791,80.01226467828319,ios,1.1048300414020145,-1.611514626609356e-05,0.21964803249102394
28,37.79176779080777,-122.39521949576324,1581039137.0,2020-02-06T17:32:17-08:00,POINT (-122.39521949576324 37.79176779080777),10.60193375768965,81.10473797524665,ios,1.1048139262557484,0.21963191734475784,-0.3192529964926196
29,37.79177583729381,-122.39521211981771,1581039138.0,2020-02-06T17:32:18-08:00,POINT (-122.39521211981771 37.79177583729381),10.761133819282842,82.19719849577365,ios,1.3244458436005062,-0.09962107914786178,0.23362057031429773
30,37.791784135531366,-122.39520130707167,1581039139.0,2020-02-06T17:32:19-08:00,POINT (-122.39520130707167 37.791784135531366),10.72337097628732,83.521077895389,ios,1.2248247644526444,0.13399949116643595,0.5952025417739304
31,37.79179293655757,-122.39519292509685,1581039140.0,2020-02-06T17:32:20-08:00,POINT (-122.39519292509685 37.79179293655757),10.877698370100946,84.73532145967351,ios,1.3588242556190804,0.7292020329403663,-0.5750728898512616
32,37.791803372023246,-122.39518487845444,1581039141.0,2020-02-06T17:32:21-08:00,POINT (-122.39518487845444 37.791803372023246),11.179857790287826,86.05866704909045,ios,2.0880262885594467,0.15412914308910475,-0.702780336869931
33,37.79180144430472,-122.39516124158726,1581039142.0,2020-02-06T17:32:22-08:00,POINT (-122.39516124158726 37.79180144430472),9.541553969654077,87.35982669207075,ios,2.2421554316485515,-0.5486511937808263,0.2249317811111191
34,37.79179293670697,-122.39513810748656,1581039143.0,2020-02-06T17:32:23-08:00,POINT (-122.39513810748656 37.79179293670697),7.424814698886308,88.10778413516813,ios,1.6935042378677252,-0.32371941266970716,-0.14981254005073752
35,37.791784973874954,-122.39512167887489,1581039144.0,2020-02-06T17:32:24-08:00,POINT (-122.39512167887489 37.791784973874954),5.772678869765468,88.48645184922066,ios,1.369784825198018,-0.4735319527204447,0.4735293136943043
36,37.7917775139689,-122.39510927362798,1581039145.0,2020-02-06T17:32:25-08:00,POINT (-122.39510927362798 37.7917775139689),4.41295908594543,88.65751637330706,ios,0.8962528724775733,-2.6390261403941295e-06,-0.07180806097519732
37,37.791773930691996,-122.39510013733063,1581039146.0,2020-02-06T17:32:26-08:00,POINT (-122.39510013733063 37.791773930691996),3.5596817164606604,88.93517462237912,ios,0.896250233451433,-0.07181070000133771,0.0718044303970854
38,37.79177034742924,-122.39509100105836,1581039147.0,2020-02-06T17:32:27-08:00,POINT (-122.39509100105836 37.79177034742924),2.7064070216245164,89.21283256378462,ios,0.8244395334500952,-6.2696042523180395e-06,-0.4152748414775553
39,37.79176839862932,-122.3950819485684,1581039148.0,2020-02-06T17:32:28-08:00,POINT (-122.3950819485684 37.79176839862932),1.9851212899232527,89.61507010360683,ios,0.8244332638458429,-0.4152811110818076,0.4152811180319051
40,37.79176644984427,-122.39507289614751,1581039149.0,2020-02-06T17:32:29-08:00,POINT (-122.39507289614751 37.79176644984427),1.2638410832353582,90.01730465940767,ios,0.4091521527640353,6.950097497515628e-09,-7.997539749282634e-06
41,37.79176494109186,-122.3950686492889,1581039150.0,2020-02-06T17:32:30-08:00,POINT (-122.3950686492889 37.79176494109186),0.8793707944106691,90.15882156803937,ios,0.4091521597141328,-7.990589651785118e-06,0.5144652580780604
42,37.79176343233946,-122.3950644024303,1581039151.0,2020-02-06T17:32:31-08:00,POINT (-122.3950644024303 37.79176343233946),0.4949005061589121,90.30033849940511,ios,0.40914416912448104,0.5144572674884086,-0.5144735925970649
43,37.791761923616555,-122.39506015565469,1581039152.0,2020-02-06T17:32:32-08:00,POINT (-122.39506015565469 37.791761923616555),0.11043773524514515,90.44185268697618,ios,0.9236014366128896,-1.63251086563454e-05,-0.28930369197882166
44,37.7917645429844,-122.39505018110192,1581039153.0,2020-02-06T17:32:33-08:00,POINT (-122.39505018110192 37.7917645429844),0.3147804945360906,91.26341087427711,ios,0.9235851115042333,-0.289320017087478,0.28930578595639056
45,37.79176716230604,-122.39504020672514,1581039154.0,2020-02-06T17:32:34-08:00,POINT (-122.39504020672514 37.79176716230604),0.7399911115149347,92.08495459029373,ios,0.6342650944167553,-1.4231131087449889e-05,0.4420003611294726
46,37.79176984454511,-122.39503383640736,1581039155.0,2020-02-06T17:32:35-08:00,POINT (-122.39503383640736 37.79176984454511),0.9333088510784283,92.68976553771344,ios,0.6342508632856678,0.44198612999838516,0.20762222729973123
47,37.79177252672407,-122.39502746623234,1581039156.0,2020-02-06T17:32:36-08:00,POINT (-122.39502746623234 37.79177252672407),1.1266222026985526,93.29456292961736,ios,1.076236993284053,0.6496083572981164,-0.4754958308590671
48,37.7917818725461,-122.39503065135553,1581039157.0,2020-02-06T17:32:37-08:00,POINT (-122.39503065135553 37.7917818725461),0.20146072196045248,93.84042476743409,ios,1.7258453505821694,0.1741125264390493,-0.3683906772432797
49,37.79179557695779,-122.39503987144901,1581039158.0,2020-02-06T17:32:38-08:00,POINT (-122.39503987144901 37.79179557695779),1.4417352601162698,94.36096553713651,ios,1.8999578770212187,-0.1942781508042304,0.45488829332477576
50,37.7918088203648,-122.39505353395118,1581039159.0,2020-02-06T17:32:39-08:00,POINT (-122.39505353395118 37.7918088203648),3.3290132955895486,94.57161173070855,ios,1.7056797262169883,0.2606101425205454,-0.24970226734868128
51,37.79181971683892,-122.39506719645335,1581039160.0,2020-02-06T17:32:40-08:00,POINT (-122.39506719645335 37.79181971683892),5.034345300448641,94.59597286807005,ios,1.9662898687375336,0.01090787517186409,-0.05727662775347275
52,37.791856513393846,-122.39514363941028,1581039164.0,2020-02-06T17:32:44-08:00,POINT (-122.39514363941028 37.791856513393846),11.418023356840285,116.89196473169929,ios,2.00992136942499,-0.21819863584202692,0.16860508421197595
53,37.791866445949104,-122.39516275014951,1581039165.0,2020-02-06T17:32:45-08:00,POINT (-122.39516275014951 37.791866445949104),11.80878296241993,118.86506972302116,ios,1.791722733582963,-0.04959355163005097,0.17334060595038414
54,37.79187512121889,-122.39517993305101,1581039166.0,2020-02-06T17:32:46-08:00,POINT (-122.39517993305101 37.79187512121889),12.180354493960875,120.61930472484272,ios,1.742129181952912,0.12374705432033317,-0.3402431771158205
55,37.79188258111271,-122.39519736740961,1581039167.0,2020-02-06T17:32:47-08:00,POINT (-122.39519736740961 37.79188258111271),12.663728500351924,122.29496234424126,ios,1.8658762362732453,-0.21649612279548736,0.2267276431898415
56,37.79189029246363,-122.39521622669174,1581039168.0,2020-02-06T17:32:48-08:00,POINT (-122.39521622669174 37.79189029246363),13.214995688421963,124.07975039914798,ios,1.649380113477758,0.010231520394354154,0.03976042120221357
57,37.79189641125294,-122.39523332577421,1581039169.0,2020-02-06T17:32:49-08:00,POINT (-122.39523332577421 37.79189641125294),13.783973704724934,125.63017149076128,ios,1.659611633872112,0.049991941596567724,-0.21660454512394378
58,37.79190353587064,-122.3952499219425,1581039170.0,2020-02-06T17:32:50-08:00,POINT (-122.3952499219425 37.79190353587064),14.242255350546944,127.22708378173714,ios,1.7096035754686798,-0.16661260352737606,-0.04422823313953028
59,37.791911875864294,-122.39526626665368,1581039171.0,2020-02-06T17:32:51-08:00,POINT (-122.39526626665368 37.791911875864294),14.588733645775916,128.9025732960181,ios,1.5429909719413037,-0.21084083666690634,0.23670739853936462
60,37.7919211378673,-122.39527934242263,1581039172.0,2020-02-06T17:32:52-08:00,POINT (-122.39527934242263 37.7919211378673),14.660685542762124,130.44411168937165,ios,1.3321501352743974,0.025866561872458282,-0.48469477676678874
61,37.79192918449434,-122.39529057417288,1581039173.0,2020-02-06T17:32:53-08:00,POINT (-122.39529057417288 37.79192918449434),14.715294884224928,131.7753056425645,ios,1.3580166971468557,-0.45882821489433046,0.4587900171204019
62,37.79193681202623,-122.39530264411344,1581039174.0,2020-02-06T17:32:54-08:00,POINT (-122.39530264411344 37.79193681202623),14.85477088749491,133.12665835337637,ios,0.8991884822525252,-3.819777392854995e-05,0.07800627877115462
63,37.791942050826876,-122.3953104394488,1581039175.0,2020-02-06T17:32:55-08:00,POINT (-122.3953104394488 37.791942050826876),14.920082149569922,134.02370138052095,ios,0.8991502844785967,0.07796808099722607,-0.05592138957006966
64,37.79194728940519,-122.39531823445334,1581039176.0,2020-02-06T17:32:56-08:00,POINT (-122.39531823445334 37.79194728940519),14.985390529058305,134.92070630737012,ios,0.9771183654758228,0.022046691427156415,-0.011153760040916968
65,37.792102480342415,-122.39513752062096,1581039200.0,2020-02-06T17:33:20-08:00,POINT (-122.39513752062096 37.792102480342415),8.449303586665128,135.6096739295134,ios,1.5062389597275767,-0.2456435495548508,0.17069297040946707
66,37.79211123943123,-122.39515059638991,1581039201.0,2020-02-06T17:33:21-08:00,POINT (-122.39515059638991 37.79211123943123),8.337501098656146,137.11215246226487,ios,1.260595410172726,-0.07495057914538372,0.21564927475905526
67,37.79211559802088,-122.39516383979692,1581039202.0,2020-02-06T17:33:22-08:00,POINT (-122.39516383979692 37.79211559802088),7.866675219622871,138.28341747148943,ios,1.1856448310273422,0.14069869561367154,-0.19281360233128164
68,37.792121088167455,-122.3951754068233,1581039203.0,2020-02-06T17:33:23-08:00,POINT (-122.3951754068233 37.792121088167455),7.588829297740062,139.4371489778968,ios,1.3263435266410137,-0.0521149067176101,0.035394120279687025
69,37.792130098713365,-122.39518529746904,1581039204.0,2020-02-06T17:33:24-08:00,POINT (-122.39518529746904 37.792130098713365),7.6932533381505674,140.75887091188577,ios,1.2742286199234036,-0.016720786437923074,-0.020609664231306057
70,37.792139402625885,-122.39519376319124,1581039205.0,2020-02-06T17:33:25-08:00,POINT (-122.39519376319124 37.792139402625885),7.908742343113355,142.01377509714084,ios,1.2575078334854806,-0.03733045066922913,0.024367493529682926
71,37.792147700710025,-122.39520348619892,1581039206.0,2020-02-06T17:33:26-08:00,POINT (-122.39520348619892 37.792147700710025),7.967043455770909,143.26962382532727,ios,1.2201773828162514,-0.012962957139546205,0.037165914721065896
72,37.79215482532772,-122.39521404739692,1581039207.0,2020-02-06T17:33:27-08:00,POINT (-122.39521404739692 37.79215482532772),7.880702181229426,144.4870445695559,ios,1.2072144256767052,0.02420295758151969,0.05206021438013342
73,37.792162075673964,-122.39522427331879,1581039208.0,2020-02-06T17:33:28-08:00,POINT (-122.39522427331879 37.792162075673964),7.824986931407908,145.69314701344354,ios,1.231417383258225,0.07626317196165311,-0.11745999736563717
74,37.79217041566762,-122.39523349341228,1581039209.0,2020-02-06T17:33:29-08:00,POINT (-122.39523349341228 37.79217041566762),7.917604292342937,146.9206263489664,ios,1.307680555219878,-0.04119682540398406,0.11258935279654914
75,37.792180473951426,-122.3952412047632,1581039210.0,2020-02-06T17:33:30-08:00,POINT (-122.3952412047632 37.792180473951426),8.239362211129965,148.18668063731928,ios,1.266483729815894,0.07139252739256507,-0.17405922956427222
76,37.79219065796378,-122.39524765882864,1581039211.0,2020-02-06T17:33:31-08:00,POINT (-122.39524765882864 37.79219065796378),8.648569844823971,149.38343928603035,ios,1.337876257208459,-0.10266670217170715,-0.07316336378379096
77,37.792202224990156,-122.39525184978022,1581039212.0,2020-02-06T17:33:32-08:00,POINT (-122.39525184978022 37.792202224990156),9.306843061662098,150.54529847110277,ios,1.235209555036752,-0.1758300659554981,0.2069090976465624
78,37.79221249282154,-122.39525721419825,1581039213.0,2020-02-06T17:33:33-08:00,POINT (-122.39525721419825 37.79221249282154),9.789847998366302,151.68004794617667,ios,1.0593794890812538,0.031079031691064296,0.1905013201230794
79,37.79222049753907,-122.39526375208273,1581039214.0,2020-02-06T17:33:34-08:00,POINT (-122.39526375208273 37.79222049753907),10.021204431293997,152.7128272133573,ios,1.090458520772318,0.2215803518141437,-0.3149301382414553
80,37.792228334618535,-122.39527121197655,1581039215.0,2020-02-06T17:33:35-08:00,POINT (-122.39527121197655 37.792228334618535),10.182453767300958,153.7905644961952,ios,1.3120388725864618,-0.09334978642731162,-0.039292402061778864
81,37.79223809953573,-122.39527959387972,1581039216.0,2020-02-06T17:33:36-08:00,POINT (-122.39527959387972 37.79223809953573),10.439640089788096,155.07599995539096,ios,1.2186890861591502,-0.13264218848909048,0.1770650172159196
82,37.79224702626261,-122.39528764050677,1581039217.0,2020-02-06T17:33:37-08:00,POINT (-122.39528764050677 37.79224702626261),10.651072115442215,156.27525661508668,ios,1.0860468976700597,0.04442282872682912,-0.0711431183010589
83,37.79225486334207,-122.39529501658156,1581039218.0,2020-02-06T17:33:38-08:00,POINT (-122.39529501658156 37.79225486334207),10.817487678118047,157.34772302815793,ios,1.1304697263968888,-0.026720289574229783,0.2143466325793737
84,37.792262742331054,-122.39530314702763,1581039219.0,2020-02-06T17:33:39-08:00,POINT (-122.39530314702763 37.792262742331054),10.940732183069544,158.4708801354384,ios,1.103749436822659,0.18762634300514391,0.024724175123694625
85,37.7922689449394,-122.39531295385434,1581039220.0,2020-02-06T17:33:40-08:00,POINT (-122.39531295385434 37.7922689449394),10.811721693547328,160.2906426160507,ios,1.291375779827803,0.21235051812883854,-0.23118534910791988
86,37.79227338734808,-122.39532653253748,1581039221.0,2020-02-06T17:33:41-08:00,POINT (-122.39532653253748 37.79227338734808),10.248112297442379,161.45454727423035,ios,1.5037262979566415,-0.01883483097908134,-0.06737647236027255
87,37.79227816503289,-122.39534254197254,1581039222.0,2020-02-06T17:33:42-08:00,POINT (-122.39534254197254 37.79227816503289),9.549622418975328,162.7887347655991,ios,1.4848914669775601,-0.0862113033393539,0.2121294640182656
88,37.79228243980351,-122.3953585514076,1581039223.0,2020-02-06T17:33:43-08:00,POINT (-122.3953585514076 37.79228243980351),8.813971895660169,164.08129742131982,ios,1.3986801636382062,0.1259181606789117,-0.039772447896478935
89,37.79228889386895,-122.39537221390977,1581039224.0,2020-02-06T17:33:44-08:00,POINT (-122.39537221390977 37.79228889386895),8.393501693040228,165.4166166789982,ios,1.524598324317118,0.08614571278243277,-0.31469904070536026
90,37.7922958927581,-122.39538713369741,1581039225.0,2020-02-06T17:33:45-08:00,POINT (-122.39538713369741 37.7922958927581),7.930709522185533,166.87075346769095,ios,1.6107440370995507,-0.22855332792292749,-0.09782883581345136
91,37.792304023204174,-122.39540230494215,1581039226.0,2020-02-06T17:33:46-08:00,POINT (-122.39540230494215 37.792304023204174),7.5350138549581684,168.4332910008905,ios,1.3821907091766232,-0.32638216373637885,0.41454133156304085
92,37.79231051917913,-122.39541571598723,1581039227.0,2020-02-06T17:33:47-08:00,POINT (-122.39541571598723 37.79231051917913),7.134157264025729,169.75733417096646,ios,1.0558085454402444,0.088159167826662,0.14498792287203077
93,37.79231437485459,-122.39542669628038,1581039228.0,2020-02-06T17:33:48-08:00,POINT (-122.39542669628038 37.79231437485459),6.697860281755806,170.72031384103576,ios,1.1439677132669064,0.23314709069869277,-0.10248140182786303
94,37.79231823053005,-122.39543876622095,1581039229.0,2020-02-06T17:33:49-08:00,POINT (-122.39543876622095 37.79231823053005),6.192062271097605,171.58716673290942,ios,1.3771148039655992,0.13066568887082974,-0.02167859603233091
95,37.792324055952754,-122.39545259636118,1581039230.0,2020-02-06T17:33:50-08:00,POINT (-122.39545259636118 37.792324055952754),5.784183135830774,172.71964633637432,ios,1.507780492836429,0.10898709283849883,-0.2048771857377496
96,37.792330635746744,-122.39546759996786,1581039231.0,2020-02-06T17:33:51-08:00,POINT (-122.39546759996786 37.792330635746744),5.365092555663079,174.16962585539028,ios,1.6167675856749277,-0.09589009289925077,0.1290654904776123
97,37.79233662880751,-122.3954843637742,1581039232.0,2020-02-06T17:33:52-08:00,POINT (-122.3954843637742 37.79233662880751),4.7903295555215415,175.68303266099073,ios,1.520877492775677,0.03317539757836152,-0.27527214356494434
98,37.79234228659215,-122.39550012175216,1581039233.0,2020-02-06T17:33:53-08:00,POINT (-122.39550012175216 37.79234228659215),4.251958129599477,177.10754369185028,ios,1.5540528903540385,-0.24209674598658282,0.327130205488924
99,37.792349243571785,-122.39551546063497,1581039234.0,2020-02-06T17:33:54-08:00,POINT (-122.39551546063497 37.792349243571785),3.8415449483836706,178.6079963730784,ios,1.3119561443674557,0.0850334595023412,-0.04092013357188473
100,37.792355907184806,-122.39552778203263,1581039235.0,2020-02-06T17:33:55-08:00,POINT (-122.39552778203263 37.792355907184806),3.596155561960678,179.89770397545138,ios,1.3969896038697969,0.04411332593045647,-0.0928539698876587
101,37.79236324135008,-122.39554069016351,1581039236.0,2020-02-06T17:33:56-08:00,POINT (-122.39554069016351 37.79236324135008),3.3667715276855903,181.2765622855603,ios,1.4411029298002533,-0.048740643957202234,0.20943779268673945
102,37.792370701243904,-122.39555410120859,1581039237.0,2020-02-06T17:33:57-08:00,POINT (-122.39555410120859 37.792370701243904),3.1159069000537345,182.69657771460794,ios,1.392362285843051,0.16069714872953722,-0.2105690518800356
103,37.792377155309346,-122.39556767989173,1581039238.0,2020-02-06T17:33:58-08:00,POINT (-122.39556767989173 37.792377155309346),2.775749997347335,184.04804408096044,ios,1.5530594345725883,-0.04987190315049839,-0.33634729422515597
104,37.79238532766494,-122.39558201294615,1581039239.0,2020-02-06T17:33:59-08:00,POINT (-122.39558201294615 37.79238532766494),2.5232852424028778,185.5813575420518,ios,1.50318753142209,-0.38621919737565436,-0.31453116646196777
105,37.79239337429198,-122.39559575926735,1581039240.0,2020-02-06T17:34:00-08:00,POINT (-122.39559575926735 37.79239337429198),2.2975244401767245,187.06829960552105,ios,1.1169683340464356,-0.7007503638376221,0.7007503693532628
106,37.79239886443856,-122.39560640428438,1581039241.0,2020-02-06T17:34:01-08:00,POINT (-122.39560640428438 37.79239886443856),2.0646041047719574,188.16158340111247,ios,0.41621797020881346,5.515640666420296e-09,-3.075937412544416e-05
107,37.79239633583548,-122.3956098968301,1581039242.0,2020-02-06T17:34:02-08:00,POINT (-122.3956098968301 37.79239633583548),1.6487652083769158,188.18030065341455,ios,0.4162179757244541,-3.075385848477774e-05,-0.04553724930109776
108,37.792393807232386,-122.39561338937577,1581039243.0,2020-02-06T17:34:03-08:00,POINT (-122.39561338937577 37.792393807232386),1.2329263092172955,188.19901792639436,ios,0.41618722186596935,-0.04556800315958254,0.04556799575715992
109,37.79239127881619,-122.39561688166333,1581039244.0,2020-02-06T17:34:04-08:00,POINT (-122.39561688166333 37.79239127881619),0.8171181359182167,188.21773383997515,ios,0.3706192187063868,-7.402422619318116e-09,2.977903867940057e-09
110,37.79239330099963,-122.39562023450634,1581039245.0,2020-02-06T17:34:05-08:00,POINT (-122.39562023450634 37.79239330099963),0.7667209398541371,188.58508683169273,ios,0.3706192113039642,-4.424518751378059e-09,-3.61444381202225e-05
111,37.792395323183065,-122.39562358734933,1581039246.0,2020-02-06T17:34:06-08:00,POINT (-122.39562358734933 37.792395323183065),0.7163237640074872,188.95243981753396,ios,0.37061920687944544,-3.614886263897388e-05,-0.24172980521160858
112,37.7923973453665,-122.39562694019236,1581039247.0,2020-02-06T17:34:07-08:00,POINT (-122.39562694019236 37.7923973453665),0.6659266042112134,189.3197928030377,ios,0.37058305801680647,-0.24176595407424756,0.24176595445495427
113,37.79239936735275,-122.3956302927084,1581039248.0,2020-02-06T17:34:08-08:00,POINT (-122.3956302927084 37.79239936735275),0.6155343818217152,189.6871099589349,ios,0.1288171039425589,3.807067161520905e-10,-9.671113909703877e-10
114,37.79240049512732,-122.39563062799274,1581039249.0,2020-02-06T17:34:09-08:00,POINT (-122.39563062799274 37.79240049512732),0.6830491587959898,189.79651961367415,ios,0.12881710432326562,-5.864046748182972e-10,1.979651997885412e-10
115,37.79240162290189,-122.39563096327707,1581039250.0,2020-02-06T17:34:10-08:00,POINT (-122.39563096327707 37.79240162290189),0.7505639393047804,189.90592926748795,ios,0.12881710373686095,-3.8843947502975595e-10,1.3403272658418786e-09
116,37.79240275067646,-122.39563129856141,1581039251.0,2020-02-06T17:34:11-08:00,POINT (-122.39563129856141 37.79240275067646),0.8180787183997961,190.01533891875783,ios,0.12881710334842147,9.518877908121226e-10,-2.1094735125348762e-09
117,37.792403878451026,-122.39563163384574,1581039252.0,2020-02-06T17:34:12-08:00,POINT (-122.39563163384574 37.792403878451026),0.8855935004674993,190.12474857165734,ios,0.12881710430030927,-1.1575857217227536e-09,1.340327238086303e-09
118,37.7924050062256,-122.39563196913008,1581039253.0,2020-02-06T17:34:13-08:00,POINT (-122.39563196913008 37.7924050062256),0.9531082817836755,190.2341582226677,ios,0.12881710314272354,1.827415163635493e-10,-5.711809636377296e-10
119,37.79240613400017,-122.3956323044144,1581039254.0,2020-02-06T17:34:14-08:00,POINT (-122.3956323044144 37.79240613400017),1.0206230640857956,190.34356787334326,ios,0.12881710332546506,-3.8843944727418034e-10,1.0547367146340747e-09
120,37.792407261774734,-122.39563263969875,1581039255.0,2020-02-06T17:34:15-08:00,POINT (-122.39563263969875 37.792407261774734),1.088137845736808,190.4529775253396,ios,0.1288171029370256,6.662972673598944e-10,-1.5382924933859954e-09
121,37.7924083895493,-122.39563297498307,1581039256.0,2020-02-06T17:34:16-08:00,POINT (-122.39563297498307 37.7924083895493),1.1556526299289644,190.56238717542826,ios,0.12881710360332288,-8.71995226026101e-10,-3.467296487519311e-05
122,37.792409517323875,-122.3956333102674,1581039257.0,2020-02-06T17:34:17-08:00,POINT (-122.3956333102674 37.792409517323875),1.223167414444817,190.67179682452723,ios,0.12881710273132765,-3.467383687041914e-05,1.042033457459253
123,37.79241064509844,-122.39563364555173,1581039258.0,2020-02-06T17:34:18-08:00,POINT (-122.39563364555173 37.79241064509844),1.2906822014199615,190.78120647180137,ios,0.12878242889445723,1.0419987836223825,-0.9574712410649491
124,37.792411772569444,-122.39563398074581,1581039259.0,2020-02-06T17:34:19-08:00,POINT (-122.39563398074581 37.792411772569444),1.3581788125919811,190.89058667113449,ios,1.1707812125168398,0.08452754255743344,-0.4588298677747895
125,37.792421788943734,-122.39563808787837,1581039260.0,2020-02-06T17:34:20-08:00,POINT (-122.39563808787837 37.792421788943734),1.8874476937215077,191.93256308990416,ios,1.2553087550742732,-0.37430232521735607,0.37425965417888474
126,37.792432601598826,-122.39564219501092,1581039261.0,2020-02-06T17:34:21-08:00,POINT (-122.39564219501092 37.792432601598826),2.4791372365899558,193.03706313849617,ios,0.8810064298569171,-4.267103847133136e-05,1.3048682655414254
127,37.792438636715154,-122.3956486911431,1581039262.0,2020-02-06T17:34:22-08:00,POINT (-122.3956486911431 37.792438636715154),2.547455813540812,193.91504603253358,ios,0.8809637588184458,1.304825594502954,-0.8931892795152039
128,37.79244467153939,-122.39565518696084,1581039263.0,2020-02-06T17:34:23-08:00,POINT (-122.39565518696084 37.79244467153939),2.61577118065548,194.79298639403433,ios,2.1857893533214,0.4116363149877502,-0.46323040350707645
129,37.79245862740817,-122.39567270513847,1581039264.0,2020-02-06T17:34:24-08:00,POINT (-122.39567270513847 37.79245862740817),2.6182138428223034,196.97855687637067,ios,2.59742566830915,-0.05159408851932623,0.6417487895178287
130,37.79247132599148,-122.39569751557185,1581039265.0,2020-02-06T17:34:25-08:00,POINT (-122.39569751557185 37.79247132599148),2.0677169164235307,199.5190381323959,ios,2.545831579789824,0.5901547009985024,-2.3153121254046853
131,37.7924822224656,-122.3957229965575,1581039266.0,2020-02-06T17:34:26-08:00,POINT (-122.3957229965575 37.7924822224656),1.3341710039569272,201.9597317551096,ios,3.1359862807883263,-1.725157424406183,1.5378489295016133
132,37.79249454386326,-122.39575509924664,1581039267.0,2020-02-06T17:34:27-08:00,POINT (-122.39575509924664 37.79249454386326),0.2997273426428482,204.92422902842128,ios,1.4108288563821434,-0.18730849490456958,-1.0362118665730042
133,37.79249550778213,-122.3957711086817,1581039268.0,2020-02-06T17:34:28-08:00,POINT (-122.3957711086817 37.79249550778213),0.6222595798664817,205.9958218294617,ios,1.2235203614775738,-1.2235203614775738,1.2235203614775738
134,37.7924890956262,-122.39578242425098,1581039269.0,2020-02-06T17:34:29-08:00,POINT (-122.39578242425098 37.7924890956262),1.8299839034566718,206.1962553283493,ios,0.0,0.0,0.0
