,latitude,longitude,ts,fmt_time,geometry,gt_distance,gt_projection,source,speed,acceleration,jerk
0,37.86943936724017,-122.25763617094816,1564182929.0,2019-07-26T16:15:29-07:00,POINT (-122.25763617094816 37.86943936724017),22.725857991930194,0.0,ios,1.5494119777918032,-0.29333449996613314,-0.09571470417019645
1,37.86945152099977,-122.2576275375879,1564182930.0,2019-07-26T16:15:30-07:00,POINT (-122.2576275375879 37.86945152099977),23.32063192137506,0.0,ios,1.25607747782567,-0.3890492041363296,0.38899977073572756
2,37.869460950640836,-122.25761965859891,1564182931.0,2019-07-26T16:15:31-07:00,POINT (-122.25761965859891 37.869460950640836),23.78381552734971,0.0,ios,0.8670282736893404,-4.943340060203916e-05,0.3170091937701649
3,37.86946696482771,-122.25761337199242,1564182932.0,2019-07-26T16:15:32-07:00,POINT (-122.25761337199242 37.86946696482771),24.050672423360783,0.0,ios,0.8669788402887384,0.31695976036956286,-0.08258564899505472
4,37.86947297867189,-122.25760708574416,1564182933.0,2019-07-26T16:15:33-07:00,POINT (-122.25760708574416 37.86947297867189),24.345452679124655,0.0,ios,1.1839386006583013,0.23437411137450814,-0.14508466515625607
5,37.86947834308992,-122.25759543489875,1564182934.0,2019-07-26T16:15:34-07:00,POINT (-122.25759543489875 37.86947834308992),24.387578188861596,0.0,ios,1.4183127120328094,0.08928944621825208,-0.26945554993133203
6,37.869483833236494,-122.25758085038723,1564182935.0,2019-07-26T16:15:35-07:00,POINT (-122.25758085038723 37.869483833236494),24.396246659431096,0.0,ios,1.5076021582510615,-0.18016610371307995,0.8280259240635832
7,37.869487563183405,-122.25756433803798,1564182936.0,2019-07-26T16:15:36-07:00,POINT (-122.25756433803798 37.869487563183405),24.245963716426438,0.0,ios,1.3274360545379815,0.6478598203505033,-0.9000525840438742
8,37.86948395896504,-122.25754992116453,1564182937.0,2019-07-26T16:15:37-07:00,POINT (-122.25754992116453 37.86948395896504),23.46318414603058,0.0,ios,1.9752958748884848,-0.25219276369337096,0.27077136401607466
9,37.86947272721479,-122.25753248680593,1564182938.0,2019-07-26T16:15:38-07:00,POINT (-122.25753248680593 37.86947272721479),21.84550948099248,0.0,ios,1.7231031111951138,0.0185786003227037,0.0116412982236887
10,37.869296204334,-122.2574095242864,1564182951.0,2019-07-26T16:15:51-07:00,POINT (-122.2574095242864 37.869296204334),5.611945426712002,0.05045133156426916,ios,1.964624915390262,0.1699154772306568,-0.34831783970079133
11,37.86927881188492,-122.25740558479191,1564182952.0,2019-07-26T16:15:52-07:00,POINT (-122.25740558479191 37.86927881188492),5.345217102769807,2.1173009087241703,ios,2.1345403926209188,-0.17840236247013452,-0.16669603827002355
12,37.869259617326655,-122.25740524951578,1564182953.0,2019-07-26T16:15:53-07:00,POINT (-122.25740524951578 37.869259617326655),4.712382684561482,4.151062300643978,ios,1.9561380301507842,-0.3450984007401581,-0.16109943408557403
13,37.86924205723951,-122.25740659062029,1564182954.0,2019-07-26T16:15:54-07:00,POINT (-122.25740659062029 37.86924205723951),3.9956512675447264,5.966667775821229,ios,1.6110396294106262,-0.5061978348257321,0.4090770966498454
14,37.86922759845654,-122.25740776408674,1564182955.0,2019-07-26T16:15:55-07:00,POINT (-122.25740776408674 37.86922759845654),3.3997149197912826,7.459728219803325,ios,1.104841794584894,-0.09712073817588673,0.3543854471964758
15,37.86921766590128,-122.25740809936286,1564182956.0,2019-07-26T16:15:56-07:00,POINT (-122.25740809936286 37.86921766590128),3.0297025561936226,8.498246893335528,ios,1.0077210564090073,0.25726470902058907,-0.45467599322193775
16,37.86920878108392,-122.257405836249,1564182957.0,2019-07-26T16:15:57-07:00,POINT (-122.257405836249 37.86920878108392),2.9130302910141666,9.497171532852036,ios,1.2649857654295964,-0.19741128420134868,0.2437195926693414
17,37.869197591243186,-122.25740323785902,1564182958.0,2019-07-26T16:15:58-07:00,POINT (-122.25740323785902 37.869197591243186),2.7450304925671203,10.748377180383542,ios,1.0675744812282477,0.04630830846799272,0.18213994248453247
18,37.869187993964054,-122.2574029025829,1564182959.0,2019-07-26T16:15:59-07:00,POINT (-122.2574029025829 37.869187993964054),2.44263050780254,11.769833331113967,ios,1.1138827896962404,0.2284482509525252,-0.5675047789902121
19,37.86917801949928,-122.25740172911645,1564182960.0,2019-07-26T16:16:00-07:00,POINT (-122.25740172911645 37.86917801949928),2.1973300189078833,12.853951716428181,ios,1.3423310406487656,-0.33905652803768693,0.3308922299840119
20,37.86916615910629,-122.25739887926937,1564182961.0,2019-07-26T16:16:01-07:00,POINT (-122.25739887926937 37.86916615910629),2.0272690444126886,14.182749337754403,ios,1.0032745126110787,-0.008164298053675023,0.008109290298482397
21,37.86915790293167,-122.25739426922263,1564182962.0,2019-07-26T16:16:02-07:00,POINT (-122.25739426922263 37.86915790293167),2.1284820034765657,15.179422290342915,ios,0.9951102145574037,-5.500775519262646e-05,0.45096874636063056
22,37.86915073620625,-122.25738747969328,1564182963.0,2019-07-26T16:16:03-07:00,POINT (-122.25738747969328 37.86915073620625),2.4494441363861896,16.120668060926338,ios,0.995055206802211,0.45091373860543793,-0.3050053333995316
23,37.869143569877245,-122.25738069053948,1564182964.0,2019-07-26T16:16:04-07:00,POINT (-122.25738069053948 37.869143569877245),2.770388635589802,17.061861763283233,ios,1.445968945407649,0.1459084052059063,-0.30631236673866447
24,37.86913187712232,-122.25737348210276,1564182965.0,2019-07-26T16:16:05-07:00,POINT (-122.25737348210276 37.86913187712232),2.970547254731607,18.491939247758406,ios,1.5918773506135553,-0.16040396153275815,-0.13398379967176166
25,37.86911779552499,-122.25737021316053,1564182966.0,2019-07-26T16:16:06-07:00,POINT (-122.25737021316053 37.86911779552499),2.759053852804904,20.066464624342384,ios,1.4314733890807971,-0.2943877612045198,0.14812612548768744
26,37.86910497121314,-122.25736878823699,1564182967.0,2019-07-26T16:16:07-07:00,POINT (-122.25736878823699 37.86910497121314),2.511668274370302,21.316545248065864,ios,1.1370856278762773,-0.14626163571683237,0.14620636767000883
27,37.86909478720079,-122.25736761477054,1564182968.0,2019-07-26T16:16:08-07:00,POINT (-122.25736761477054 37.86909478720079),2.322779658529778,22.435388484026976,ios,0.9908239921594449,-5.526804682354225e-05,0.03330054863351617
28,37.8690862583764,-122.25736434573713,1564182969.0,2019-07-26T16:16:09-07:00,POINT (-122.25736434573713 37.8690862583764),2.3590144055107785,23.42376341604777,ios,0.9907687241126214,0.03324528058669263,-0.03330263824802315
29,37.86907773002783,-122.25736107688608,1564182970.0,2019-07-26T16:16:10-07:00,POINT (-122.25736107688608 37.86907773002783),2.3667758107268515,24.48498507233135,ios,1.024014004699314,-5.7357661330526e-05,0.2948786769416296
30,37.86906920120243,-122.25735667626361,1564182971.0,2019-07-26T16:16:11-07:00,POINT (-122.25735667626361 37.86906920120243),2.468144428851443,25.502367783739444,ios,1.0239566470379835,0.2948213192802991,-0.5082860785786143
31,37.86906067285488,-122.25735227588773,1564182972.0,2019-07-26T16:16:12-07:00,POINT (-122.25735227588773 37.86906067285488),2.569507455290488,26.519693499276148,ios,1.3187779663182826,-0.2134647592983152,0.15035830924245785
32,37.869048980099954,-122.25734976131679,1564182973.0,2019-07-26T16:16:13-07:00,POINT (-122.25734976131679 37.869048980099954),2.411827673209397,27.826306352606668,ios,1.1053132070199674,-0.06310645005585735,0.22199737746872672
33,37.86903908945421,-122.25735101860226,1564182974.0,2019-07-26T16:16:14-07:00,POINT (-122.25735101860226 37.86903908945421),1.9931144696459395,28.84671882773045,ios,1.04220675696411,0.15889092741286936,0.2755599410875955
34,37.8690300789083,-122.25734774966003,1564182975.0,2019-07-26T16:16:15-07:00,POINT (-122.25734774966003 37.8690300789083),1.983839473945024,29.886971263194653,ios,1.2010976843769794,0.4344508685004649,-0.2205657092358282
35,37.8690208169053,-122.25734070886136,1564182976.0,2019-07-26T16:16:16-07:00,POINT (-122.25734070886136 37.8690208169053),2.28462465570148,31.048503724877243,ios,1.6355485528774443,0.2138851592646367,-0.5476284140906198
36,37.86901067480246,-122.25732721399726,1564182977.0,2019-07-26T16:16:17-07:00,POINT (-122.25732721399726 37.86901067480246),3.1017352852779965,32.46540149621743,ios,1.849433712142081,-0.3337432548259831,-0.3574790738846273
37,37.86899986214737,-122.2573112045622,1564182978.0,2019-07-26T16:16:18-07:00,POINT (-122.2573112045622 37.86899986214737),4.086566632388304,34.090857365399785,ios,1.5156904573160979,-0.6912223287106104,0.6911763291328428
38,37.86899236034403,-122.25729678768874,1564182979.0,2019-07-26T16:16:19-07:00,POINT (-122.25729678768874 37.86899236034403),4.109655974653291,43.031637302096534,ios,0.8244681286054875,-4.5999577767630306e-05,0.4506178612164017
39,37.8689925908528,-122.25728739969531,1564182980.0,2019-07-26T16:16:20-07:00,POINT (-122.25728739969531 37.8689925908528),4.017141963728962,43.85258525617303,ios,0.8244221290277198,0.45057186163863405,-0.4253706394885799
40,37.868992821348705,-122.25727801222564,1564182981.0,2019-07-26T16:16:21-07:00,POINT (-122.25727801222564 37.868992821348705),3.9246331958569747,44.6734874155659,ios,1.2749939906663539,0.02520122215005416,-0.06859028966663416
41,37.86899856295238,-122.25726543937088,1564182982.0,2019-07-26T16:16:22-07:00,POINT (-122.25726543937088 37.86899856295238),4.3973749259809125,45.85895711749139,ios,1.300195212816408,-0.043389067516580004,0.0871671598098489
42,37.8690041788275,-122.25725244742097,1564182983.0,2019-07-26T16:16:23-07:00,POINT (-122.25725244742097 37.8690041788275),4.851049279083519,47.07892158749712,ios,1.256806145299828,0.0437780922932689,-0.19718287173094162
43,37.86901004615972,-122.25724020984234,1564182984.0,2019-07-26T16:16:24-07:00,POINT (-122.25724020984234 37.86901004615972),5.341806903765556,48.2371931816812,ios,1.300584237593097,-0.15340477943767272,0.019735446570505077
44,37.86901654213468,-122.25722788844467,1564182985.0,2019-07-26T16:16:25-07:00,POINT (-122.25722788844467 37.86901654213468),5.900550260968128,49.412714709285574,ios,1.1471794581554242,-0.13366933286716765,0.28647083689446173
45,37.86902261901448,-122.25721732724668,1564182986.0,2019-07-26T16:16:26-07:00,POINT (-122.25721732724668 37.86902261901448),6.435360832678128,50.428361623363195,ios,1.0135101252882566,0.1528015040272941,-0.07929976112556258
46,37.86902827679912,-122.25720827479125,1564182987.0,2019-07-26T16:16:27-07:00,POINT (-122.25720827479125 37.86902827679912),6.943082548687104,51.30602527270373,ios,1.1663116293155507,0.0735017429017315,0.21788624854463334
47,37.86903280302683,-122.25719628866972,1564182988.0,2019-07-26T16:16:28-07:00,POINT (-122.25719628866972 37.86903280302683),7.289716630561037,52.4211720217197,ios,1.2398133722172822,0.29138799144636485,-0.12840559063899137
48,37.869037329254546,-122.25718338053883,1564182989.0,2019-07-26T16:16:29-07:00,POINT (-122.25718338053883 37.869037329254546),7.624778849467553,53.616586769898575,ios,1.531201363663647,0.16298240080737347,-0.13134597987933305
49,37.86904005337308,-122.25716628145636,1564182990.0,2019-07-26T16:16:30-07:00,POINT (-122.25716628145636 37.86904005337308),7.709333504105696,55.14832468524145,ios,1.6941837644710205,0.03163642092804042,0.04538002399329111
50,37.869042609853544,-122.25714725453616,1564182991.0,2019-07-26T16:16:31-07:00,POINT (-122.25714725453616 37.869042609853544),7.751282456401227,56.84524173124457,ios,1.725820185399061,0.07701644492133153,-0.16900735590494143
51,37.869046255981424,-122.25712814379693,1564182992.0,2019-07-26T16:16:32-07:00,POINT (-122.25712814379693 37.869046255981424),7.9118449100430395,58.56670751723276,ios,1.8028366303203924,-0.0919909109836099,-0.05054902103415504
52,37.86904952492366,-122.25710802722932,1564182993.0,2019-07-26T16:16:33-07:00,POINT (-122.25710802722932 37.86904952492366),8.018361231375646,60.36976666288557,ios,1.7108457193367825,-0.14253993201776494,0.2551768981598037
53,37.86905178803752,-122.25708874885203,1564182994.0,2019-07-26T16:16:34-07:00,POINT (-122.25708874885203 37.86905178803752),8.024937753843973,62.08393011281335,ios,1.5683057873190176,0.11263696614203877,-0.10400851281847445
54,37.86905325487057,-122.2570709792173,1564182995.0,2019-07-26T16:16:35-07:00,POINT (-122.2570709792173 37.86905325487057),7.963002892174065,63.65413874866799,ios,1.6809427534610564,0.008628453323564322,-0.0213909689564602
55,37.86905421878944,-122.25705186847807,1564182996.0,2019-07-26T16:16:36-07:00,POINT (-122.25705186847807 37.86905421878944),7.829006400299665,65.33313870002347,ios,1.6895712067846207,-0.012762515632895877,-0.008795095428287825
56,37.869055350346365,-122.25703267391981,1564182997.0,2019-07-26T16:16:37-07:00,POINT (-122.25703267391981 37.869055350346365),7.712368291392662,67.02208985209938,ios,1.6768086911517248,-0.0215576110611837,-0.02147535049042082
57,37.86905669145087,-122.25701364699961,1564182998.0,2019-07-26T16:16:38-07:00,POINT (-122.25701364699961 37.86905669145087),7.620847041900423,68.69976441274493,ios,1.6552510800905411,-0.04303296155160452,-0.040340242248829705
58,37.869058074464895,-122.2569948715365,1564182999.0,2019-07-26T16:16:39-07:00,POINT (-122.2569948715365 37.869058074464895),7.56537643852447,69.702547426066,ios,1.6122181185389366,-0.08337320380043423,-0.20203702712254668
59,37.86905954129795,-122.25697659898759,1564183000.0,2019-07-26T16:16:40-07:00,POINT (-122.25697659898759 37.86905954129795),7.62354201438695,72.786447078786,ios,1.5288449147385024,-0.2854102309229809,-0.388073151376521
60,37.86906134340713,-122.25695933226706,1564183001.0,2019-07-26T16:16:41-07:00,POINT (-122.25695933226706 37.86906134340713),7.445895009934154,74.30796093657587,ios,1.2434346838155215,-0.6734833822995019,0.6639958185148898
61,37.86906255878309,-122.25694525066973,1564183002.0,2019-07-26T16:16:42-07:00,POINT (-122.25694525066973 37.86906255878309),7.273658792227425,75.54190466573438,ios,0.5699513015160196,-0.00948756378461213,0.06010254065395487
62,37.86906115477548,-122.25693900597916,1564183003.0,2019-07-26T16:16:43-07:00,POINT (-122.25693900597916 37.86906115477548),6.988352234958347,75.99740826236791,ios,0.5604637377314075,0.05061497686934274,-0.025307497940772444
63,37.86906300940187,-122.25692645407479,1564183005.0,2019-07-26T16:16:45-07:00,POINT (-122.25692645407479 37.86906300940187),7.002356300777468,76.40564250792738,ios,0.6616936914700929,-1.9012202145951562e-08,-7.43068491414478e-05
64,37.8690662679582,-122.25692014651558,1564183006.0,2019-07-26T16:16:46-07:00,POINT (-122.25692014651558 37.8690662679582),7.283401408778786,77.00525698495076,ios,0.6616936724578908,-7.432586134359376e-05,1.078260950919276
65,37.869069526514544,-122.25691383895636,1564183007.0,2019-07-26T16:16:47-07:00,POINT (-122.25691383895636 37.869069526514544),7.5644465627808435,77.60487142160254,ios,0.6616193465965472,1.0781866250579324,-0.9886605020954282
66,37.86907278470496,-122.25690753210546,1564183008.0,2019-07-26T16:16:48-07:00,POINT (-122.25690753210546 37.86907278470496),7.845460199130559,78.20441848015321,ios,1.7398059716544796,0.08952612296250417,0.07508700882073538
67,37.86907693374703,-122.25688842136623,1564183009.0,2019-07-26T16:16:49-07:00,POINT (-122.25688842136623 37.86907693374703),8.068038617008344,79.93298573290211,ios,1.8293320946169838,0.16461313178323955,-0.18672928630839913
68,37.869078107213475,-122.25686763424636,1564183010.0,2019-07-26T16:16:50-07:00,POINT (-122.25686763424636 37.869078107213475),7.943190147172813,81.76174877258889,ios,1.9939452264002233,-0.02211615452515958,-0.4335955060550307
69,37.86907798148493,-122.25684491928877,1564183011.0,2019-07-26T16:16:51-07:00,POINT (-122.25684491928877 37.86907798148493),7.652047803737248,83.738429592839,ios,1.9718290718750637,-0.4557116605801903,0.5274052008346555
70,37.86907793957541,-122.25682245578827,1564183012.0,2019-07-26T16:16:52-07:00,POINT (-122.25682245578827 37.86907793957541),7.332365140316752,85.86241661438375,ios,1.5161174112948734,0.07169354025446517,-0.09624678942891762
71,37.869079322589435,-122.25680527288677,1564183013.0,2019-07-26T16:16:53-07:00,POINT (-122.25680527288677 37.869079322589435),7.23989851209542,87.37874059547022,ios,1.5878109515493386,-0.02455324917445245,0.012347438434920699
72,37.86908116660813,-122.25678733561398,1564183014.0,2019-07-26T16:16:54-07:00,POINT (-122.25678733561398 37.86908116660813),7.187204520348654,88.96880250451815,ios,1.5632577023748861,-0.012205810739531753,0.08258780750305972
73,37.86908330399344,-122.25676973361732,1564183015.0,2019-07-26T16:16:55-07:00,POINT (-122.25676973361732 37.86908330399344),7.171393961349665,90.53501386080322,ios,1.5510518916353544,0.07038199676352797,-0.02191350812200832
74,37.86908594429294,-122.25675238307775,1564183016.0,2019-07-26T16:16:56-07:00,POINT (-122.25675238307775 37.86908594429294),7.2142227095447256,92.08840273795127,ios,1.6214338883988824,0.04846848864151965,0.05199777703755837
75,37.869088836049535,-122.2567342781669,1564183017.0,2019-07-26T16:16:57-07:00,POINT (-122.2567342781669 37.869088836049535),7.273878472725786,93.71177727596614,ios,1.669902377040402,0.10046626567907802,-0.1352923841557223
76,37.86909021906356,-122.25671533506573,1564183018.0,2019-07-26T16:16:58-07:00,POINT (-122.25671533506573 37.86909021906356),7.156427771633797,95.38089504136161,ios,1.77036864271948,-0.0348261184766443,-0.06508363124335581
77,37.869092063082256,-122.25669530231715,1564183019.0,2019-07-26T16:16:59-07:00,POINT (-122.25669530231715 37.869092063082256),7.0739906963327845,97.15285429007321,ios,1.7355425242428357,-0.09990974972000011,0.10362492457603567
78,37.8690940328295,-122.25667568866373,1564183020.0,2019-07-26T16:17:00-07:00,POINT (-122.25667568866373 37.8690940328295),7.011270341553911,98.89068532106315,ios,1.6356327745228356,0.0037151748560355635,-0.09839191328667685
79,37.869095625391104,-122.25665716465772,1564183021.0,2019-07-26T16:17:01-07:00,POINT (-122.25665716465772 37.869095625391104),6.922715308920721,100.52717572285187,ios,1.6393479493788712,-0.09467673843064128,0.12742708047474327
80,37.86909688267658,-122.25663855683268,1564183022.0,2019-07-26T16:17:02-07:00,POINT (-122.25663855683268 37.86909688267658),6.7962577250356775,102.16493855558612,ios,1.54467121094823,0.03275034204410199,-0.1603477480799751
81,37.86909876860479,-122.25662112247409,1564183023.0,2019-07-26T16:17:03-07:00,POINT (-122.25662112247409 37.86909876860479),6.755294458099165,103.71209525664729,ios,1.5774215529923319,-0.1275974060358731,0.3295849728624278
82,37.869101283175745,-122.2566034366584,1564183024.0,2019-07-26T16:17:04-07:00,POINT (-122.2566034366584 37.869101283175745),6.779599210194247,105.29233608919652,ios,1.4498241469564588,0.20198756682655472,-0.23105140870277419
83,37.869104216841855,-122.2565873434043,1564183025.0,2019-07-26T16:17:05-07:00,POINT (-122.2565873434043 37.869104216841855),6.872401421494276,106.74183906550431,ios,1.6518117137830135,-0.029063841876219465,-0.0519447799695425
84,37.86911134145955,-122.25657083105506,1564183026.0,2019-07-26T16:17:06-07:00,POINT (-122.25657083105506 37.86911134145955),7.418168782726257,108.30276437936188,ios,1.622747871906794,-0.08100862184576196,0.03976907155215703
85,37.869119388086595,-122.25655540835322,1564183027.0,2019-07-26T16:17:07-07:00,POINT (-122.25655540835322 37.869119388086595),8.080364553261203,109.7856121924235,ios,1.541739250061032,-0.04123955029360493,0.007929893268761257
86,37.86912659652332,-122.25654040474654,1564183028.0,2019-07-26T16:17:08-07:00,POINT (-122.25654040474654 37.86912659652332),8.656726703886186,111.21707170934073,ios,1.5004996997674271,-0.033309657024843675,-0.08001991482819504
87,37.86913149993668,-122.25652447913052,1564183029.0,2019-07-26T16:17:09-07:00,POINT (-122.25652447913052 37.86913149993668),8.96759901769667,112.68729241681689,ios,1.4671900427425835,-0.11332957185303871,0.4077963547407726
88,37.8691339306886,-122.2565080506003,1564183030.0,2019-07-26T16:17:10-07:00,POINT (-122.2565080506003 37.8691339306886),9.000573815803017,114.15689324052552,ios,1.3538604708895448,0.29446678288773387,-0.38697042704397044
89,37.86913380496005,-122.25649262789847,1564183031.0,2019-07-26T16:17:11-07:00,POINT (-122.25649262789847 37.86913380496005),8.767888669886238,115.49340729623165,ios,1.6483272537772786,-0.09250364415623658,-0.1825644000473745
90,37.869134056417145,-122.25647385243536,1564183032.0,2019-07-26T16:17:12-07:00,POINT (-122.25647385243536 37.869134056417145),8.5289152586256,117.12771116969923,ios,1.555823609621042,-0.2750680442036111,0.004920892502435548
91,37.8691331344078,-122.25645616661967,1564183033.0,2019-07-26T16:17:13-07:00,POINT (-122.25645616661967 37.8691331344078),8.176913258423006,118.64641654708745,ios,1.280755565417431,-0.27014715170117554,0.27009103153865577
92,37.86913279913167,-122.25644158210815,1564183034.0,2019-07-26T16:17:14-07:00,POINT (-122.25644158210815 37.86913279913167),7.93318081543268,119.90641964996225,ios,1.0106084137162554,-5.612016251976826e-05,0.2932988166110213
93,37.86913131130253,-122.25643022431389,1564183035.0,2019-07-26T16:17:15-07:00,POINT (-122.25643022431389 37.86913131130253),7.60904418359473,120.86569069461913,ios,1.0105522935537357,0.29324269644850154,-0.24630589746352638
94,37.869129823556044,-122.25641886715056,1564183036.0,2019-07-26T16:17:16-07:00,POINT (-122.25641886715056 37.869129823556044),7.284925671675197,121.82490851318457,ios,1.3037949900022372,0.04693679898497516,-0.09664198376846178
95,37.869127979537346,-122.25640419882001,1564183037.0,2019-07-26T16:17:17-07:00,POINT (-122.25640419882001 37.869127979537346),6.874794944742801,123.06517252374255,ios,1.3507317889872124,-0.04970518478348662,0.3392471026307875
96,37.86912638697574,-122.25638894375624,1564183038.0,2019-07-26T16:17:18-07:00,POINT (-122.25638894375624 37.86912638697574),6.483870911667949,124.36087046075276,ios,1.3010266042037257,0.2895419178473009,0.09161913795987076
97,37.869125255418815,-122.25637419160665,1564183039.0,2019-07-26T16:17:19-07:00,POINT (-122.25637419160665 37.869125255418815),6.150566181656154,125.62116769895252,ios,1.5905685220510266,0.38116105580717163,-1.0300482667723072
98,37.86912466868559,-122.2563560866958,1564183040.0,2019-07-26T16:17:20-07:00,POINT (-122.2563560866958 37.86912466868559),5.829330088407205,127.18225651078595,ios,1.9717295778581982,-0.6488872109651356,0.7378192992839998
99,37.86912730898509,-122.2563338746524,1564183041.0,2019-07-26T16:17:21-07:00,POINT (-122.2563338746524 37.86912730898509),5.803159933448062,129.15764673105195,ios,1.3228423668930627,0.08893208831886423,0.4784982824085775
100,37.86912898536573,-122.25631895486475,1564183042.0,2019-07-26T16:17:22-07:00,POINT (-122.25631895486475 37.86912898536573),5.774948811506646,130.48277388085612,ios,1.411774455211927,0.5674303707274417,-0.7878077676873458
101,37.86913020074169,-122.2563029454297,1564183043.0,2019-07-26T16:17:23-07:00,POINT (-122.2563029454297 37.86913020074169),5.680790548692788,131.8942331550246,ios,1.9792048259393686,-0.2203773969599041,0.8847434374910326
102,37.869133260136344,-122.25628073338629,1564183044.0,2019-07-26T16:17:24-07:00,POINT (-122.25628073338629 37.869133260136344),5.671265377468571,133.96930390613446,ios,1.7588274289794645,0.6643660405311285,-1.1966189237324487
103,37.869138415006795,-122.25626179028512,1564183045.0,2019-07-26T16:17:25-07:00,POINT (-122.25626179028512 37.869138415006795),5.938654918504889,135.7105218896364,ios,2.423193469510593,-0.5322528832013202,0.15971025638500702
104,37.86914038475404,-122.25623429764272,1564183046.0,2019-07-26T16:17:26-07:00,POINT (-122.25623429764272 37.86914038475404),5.724871539501391,138.12913928442856,ios,1.8909405863092728,-0.3725426268163132,0.2505877937815797
105,37.86914051048259,-122.25621275615157,1564183047.0,2019-07-26T16:17:27-07:00,POINT (-122.25621275615157 37.86914051048259),5.402563534319003,139.99631786614896,ios,1.5183979594929595,-0.12195483303473353,0.2195586016373403
106,37.86913623571197,-122.25619632762135,1564183048.0,2019-07-26T16:17:28-07:00,POINT (-122.25619632762135 37.86913623571197),4.679496378711327,141.33430737686464,ios,1.396443126458226,0.09760376860260678,0.2529306403799547
107,37.86913187712232,-122.25618140783371,1564183049.0,2019-07-26T16:17:29-07:00,POINT (-122.25618140783371 37.86913187712232),3.9708123129523214,142.5400457977753,ios,1.4940468950608328,0.3505344089825615,-0.5688306190965127
108,37.869131541846194,-122.25616439257027,1564183050.0,2019-07-26T16:17:30-07:00,POINT (-122.25616439257027 37.869131541846194),3.6687719807740766,144.0063473639086,ios,1.8445813040433943,-0.21829621011395117,-0.3607969809875915
109,37.869133972598114,-122.2561436054504,1564183051.0,2019-07-26T16:17:31-07:00,POINT (-122.2561436054504 37.869133972598114),3.6099336852588855,145.853584042039,ios,1.626285093929443,-0.5790931911015427,0.5634905352883512
110,37.8691373672689,-122.25612558435859,1564183052.0,2019-07-26T16:17:32-07:00,POINT (-122.25612558435859 37.8691373672689),3.699500903399264,147.48035196605417,ios,1.0471919028279004,-0.015602655813191424,0.22971467959136427
111,37.86913967229227,-122.25611401733221,1564183053.0,2019-07-26T16:17:33-07:00,POINT (-122.25611401733221 37.86913967229227),3.7707624270760363,148.52699170617169,ios,1.031589247014709,0.21411202377817284,-0.572715298616284
112,37.86914088766823,-122.2561023664868,1564183054.0,2019-07-26T16:17:34-07:00,POINT (-122.2561023664868 37.86914088766823),3.721730821997978,149.55944489287336,ios,1.2457012707928818,-0.35860327483811116,0.35855395795258427
113,37.86914273168693,-122.2560883687085,1564183055.0,2019-07-26T16:17:35-07:00,POINT (-122.2560883687085 37.86914273168693),3.704734211707122,150.80742706274995,ios,0.8870979959547707,-4.9316885526895504e-05,0.1271861539242496
114,37.86914723708502,-122.25608002848318,1564183056.0,2019-07-26T16:17:36-07:00,POINT (-122.25608002848318 37.86914723708502),4.087263682247521,151.49180594725607,ios,0.8870486790692438,0.1271368370387227,0.053125289814238474
115,37.86915174223284,-122.25607168872118,1564183057.0,2019-07-26T16:17:37-07:00,POINT (-122.25607168872118 37.86915174223284),4.474033927598858,152.2907866515451,ios,1.0141855161079665,0.18026212685296117,-0.2170476304253368
116,37.86915765147457,-122.25606288772286,1564183058.0,2019-07-26T16:17:38-07:00,POINT (-122.25606288772286 37.86915765147457),5.008952722416494,153.15276735051387,ios,1.1944476429609276,-0.036785503572375644,0.08526604349386901
117,37.869163309259214,-122.25605132069649,1564183059.0,2019-07-26T16:17:39-07:00,POINT (-122.25605132069649 37.869163309259214),5.480557810907712,154.25130986431907,ios,1.157662139388552,0.04848053992149337,0.10077031991251095
118,37.86916779357741,-122.25603941839398,1564183060.0,2019-07-26T16:17:40-07:00,POINT (-122.25603941839398 37.86916779357741),5.819041979650158,155.3599091418973,ios,1.2061426793100454,0.14925085983400432,-0.16608977309366546
119,37.869170685334005,-122.25602617498697,1564183061.0,2019-07-26T16:17:41-07:00,POINT (-122.25602617498697 37.869170685334005),5.965420679182254,156.55925080165,ios,1.3553935391440497,-0.016838913259661137,0.08981595086440719
120,37.86917257126222,-122.2560109199232,1564183062.0,2019-07-26T16:17:42-07:00,POINT (-122.2560109199232 37.86917257126222),5.975431625333762,157.91723302330743,ios,1.3385546258843886,0.07297703760474605,-0.08747140676697263
121,37.86917378663818,-122.25599574867846,1564183063.0,2019-07-26T16:17:43-07:00,POINT (-122.25599574867846 37.86917378663818),5.912929696070209,159.25700045500076,ios,1.4115316634891346,-0.014494369162226572,-0.09569793664645321
122,37.869175965933,-122.25597990688146,1564183064.0,2019-07-26T16:17:44-07:00,POINT (-122.25597990688146 37.869175965933),5.947563096083812,160.6708096445223,ios,1.397037294326908,-0.11019230580867978,0.2644585265152113
123,37.86917814522783,-122.25596423272253,1564183065.0,2019-07-26T16:17:45-07:00,POINT (-122.25596423272253 37.86917814522783),5.984361305450078,162.07003347271137,ios,1.2868449885182283,0.1542662207065315,-0.20684999341505428
124,37.86918057597975,-122.25594989966811,1564183066.0,2019-07-26T16:17:46-07:00,POINT (-122.25594989966811 37.86918057597975),6.06607451868852,163.3566705007582,ios,1.4411112092247598,-0.05258377270852277,0.08655676501845688
125,37.869184431655206,-122.25593422550918,1564183067.0,2019-07-26T16:17:47-07:00,POINT (-122.25593422550918 37.869184431655206),6.286861680075412,164.7831993657767,ios,1.388527436516237,0.033972992309934114,0.030325488557824576
126,37.869188580697276,-122.25591930572153,1564183068.0,2019-07-26T16:17:48-07:00,POINT (-122.25591930572153 37.869188580697276),6.544198651484193,166.30675202440338,ios,1.4225004288261711,0.06429848086775869,-0.04546257688654087
127,37.86919289737741,-122.25590405065776,1564183069.0,2019-07-26T16:17:49-07:00,POINT (-122.25590405065776 37.86919289737741),6.787216215855266,167.7105939737784,ios,1.4867989096939298,0.018835903981217816,-0.021784772969150712
128,37.869197800790765,-122.2558882926798,1564183070.0,2019-07-26T16:17:50-07:00,POINT (-122.2558882926798 37.869197800790765),7.08683405518251,169.16912913390163,ios,1.5056348136751476,-0.0029488689879328955,-0.021375332684640425
129,37.86920282993267,-122.25587236706377,1564183071.0,2019-07-26T16:17:51-07:00,POINT (-122.25587236706377 37.86920282993267),7.39768231103611,170.64457303992992,ios,1.5026859446872147,-0.02432420167257332,-0.18064161535327705
130,37.869208110531666,-122.25585660908581,1564183072.0,2019-07-26T16:17:52-07:00,POINT (-122.25585660908581 37.869208110531666),7.738537929768936,172.1102479165544,ios,1.4783617430146414,-0.20496581702585037,0.0331074049470923
131,37.86921360067824,-122.255841270203,1564183073.0,2019-07-26T16:17:53-07:00,POINT (-122.255841270203 37.86921360067824),8.108592371261834,173.54356709736484,ios,1.273395925988791,-0.17185841207875807,0.2197792233065996
132,37.86921842027257,-122.25582811061503,1564183074.0,2019-07-26T16:17:54-07:00,POINT (-122.25582811061503 37.86921842027257),8.438039042443684,174.77531737343222,ios,1.101537513910033,0.04792081122784153,-0.09895873340668793
133,37.86922135393868,-122.25581612449349,1564183075.0,2019-07-26T16:17:55-07:00,POINT (-122.25581612449349 37.86922135393868),8.57890875070132,175.86966549524684,ios,1.1494583251378745,-0.051037922178846395,0.03229090066464946
134,37.86922374278108,-122.25580338400067,1564183076.0,2019-07-26T16:17:56-07:00,POINT (-122.25580338400067 37.86922374278108),8.648893560082204,177.01908023145253,ios,1.098420402959028,-0.018747021514196938,0.2175090212523616
135,37.869227346999445,-122.25579173315526,1564183077.0,2019-07-26T16:17:57-07:00,POINT (-122.25579173315526 37.869227346999445),8.868105405497362,178.09706375548694,ios,1.0796733814448312,0.19876199973816466,-0.19554479330231933
136,37.86922952629427,-122.25577974703373,1564183078.0,2019-07-26T16:17:58-07:00,POINT (-122.25577974703373 37.86922952629427),8.926501057472006,179.1771317844908,ios,1.2784353811829958,0.0032172064358453323,0.07906995937823402
137,37.86923313051263,-122.2557659168935,1564183079.0,2019-07-26T16:17:59-07:00,POINT (-122.2557659168935 37.86923313051263),9.113010681596226,180.4439906121289,ios,1.2816525876188412,0.08228716581407935,-0.16543093330340453
138,37.869235645083585,-122.2557516676581,1564183080.0,2019-07-26T16:18:00-07:00,POINT (-122.2557516676581 37.869235645083585),9.17410171538551,181.72654503897226,ios,1.3639397534329205,-0.08314376748932517,0.058489220422102584
139,37.869238578749695,-122.2557365802324,1564183081.0,2019-07-26T16:18:01-07:00,POINT (-122.2557365802324 37.869238578749695),9.268434264796959,183.08967708467736,ios,1.2807959859435953,-0.024654547067222587,-0.007971493220554349
140,37.869241596234836,-122.25572249863507,1564183082.0,2019-07-26T16:18:02-07:00,POINT (-122.25572249863507 37.869241596234836),9.387024301399862,184.36722244205382,ios,1.2561414388763728,-0.032626040287776936,-0.029629297898941198
141,37.869244236534335,-122.2557085846758,1564183083.0,2019-07-26T16:18:03-07:00,POINT (-122.2557085846758 37.869244236534335),9.466892848596418,185.62309892608496,ios,1.2235153985885958,-0.062255338186718134,-0.01035776411496192
142,37.86924641582916,-122.25569492217363,1564183084.0,2019-07-26T16:18:04-07:00,POINT (-122.25569492217363 37.86924641582916),9.500133846012368,186.84845546872742,ios,1.1612600604018777,-0.07261310230168005,-0.2646193314987403
143,37.869248385576405,-122.25568193022372,1564183085.0,2019-07-26T16:18:05-07:00,POINT (-122.25568193022372 37.869248385576405),9.520527693650424,188.0117298382184,ios,1.0886469581001976,-0.33723243380042034,0.33719104771333575
144,37.86925090014736,-122.25566994410218,1564183086.0,2019-07-26T16:18:06-07:00,POINT (-122.25566994410218 37.86925090014736),9.615580017698717,189.09814410681628,ios,0.7514145242997773,-4.13860870845939e-05,0.08302907241490942
145,37.86925123543271,-122.25566139432551,1564183087.0,2019-07-26T16:18:07-07:00,POINT (-122.25566139432551 37.86925123543271),9.52393920633886,189.8454841009288,ios,0.7513731382126927,0.08298768632782483,-0.08303482015735653
146,37.86925157069961,-122.25565284501971,1564183088.0,2019-07-26T16:18:08-07:00,POINT (-122.25565284501971 37.86925157069961),9.43230351200403,190.59278294418777,ios,0.8343608245405175,-4.713382953169809e-05,0.30682462936071786
147,37.86925062770886,-122.25564341511223,1564183089.0,2019-07-26T16:18:09-07:00,POINT (-122.25564341511223 37.86925062770886),9.187703262598593,191.39220524859394,ios,0.8343136907109858,0.30677749553118616,-0.23843994203649843
148,37.8692496847714,-122.25563398573757,1564183090.0,2019-07-26T16:18:10-07:00,POINT (-122.25563398573757 37.8692496847714),8.943116914698862,192.19158242097927,ios,1.141091186242172,0.06833755349468773,0.015944034199962376
149,37.86925090014736,-122.25562107760669,1564183091.0,2019-07-26T16:18:11-07:00,POINT (-122.25562107760669 37.86925090014736),8.882294775966223,193.33331251889166,ios,1.2094287397368597,0.0842815876946501,-0.08238707724129823
150,37.869252744166054,-122.25560749892355,1564183092.0,2019-07-26T16:18:12-07:00,POINT (-122.25560749892355 37.869252744166054),8.880139368326224,194.5450579373086,ios,1.2937103274315098,0.001894510453351872,-0.009931080722249241
151,37.86925442054669,-122.25559291441203,1564183093.0,2019-07-26T16:18:13-07:00,POINT (-122.25559291441203 37.86925442054669),8.844563167330723,195.84080333122367,ios,1.2956048378848617,-0.00803657026889737,0.08699397066851389
152,37.86925479773233,-122.25557816226245,1564183094.0,2019-07-26T16:18:14-07:00,POINT (-122.25557816226245 37.86925479773233),8.664432138982837,197.12648470120428,ios,1.2875682676159643,0.07895740039961652,-0.029655834805710546
153,37.86925479773233,-122.2555634939319,1564183095.0,2019-07-26T16:18:15-07:00,POINT (-122.2555634939319 37.86925479773233),8.444321815953776,198.39776179102415,ios,1.3665256680155808,0.04930156559390597,-0.15044645842978044
154,37.869255887379744,-122.25554798741103,1564183096.0,2019-07-26T16:18:16-07:00,POINT (-122.25554798741103 37.869255887379744),8.33076387734192,199.76230958022276,ios,1.4158272336094868,-0.10114489283587447,0.08879786190346439
155,37.86925743803183,-122.25553197797598,1564183097.0,2019-07-26T16:18:17-07:00,POINT (-122.25553197797598 37.86925743803183),8.260060659714645,201.17917049960442,ios,1.3146823407736123,-0.012347030932410075,-0.045905769571720656
156,37.869259826874234,-122.25551730964543,1564183098.0,2019-07-26T16:18:18-07:00,POINT (-122.25551730964543 37.869259826874234),8.301120383560106,202.49566666785742,ios,1.3023353098412023,-0.05825280050413073,0.017046339088416795
157,37.86926259290228,-122.25550289277197,1564183099.0,2019-07-26T16:18:19-07:00,POINT (-122.25550289277197 37.86926259290228),8.387190903569286,203.7975093059771,ios,1.2440825093370715,-0.041206461415713935,0.09200384109821269
158,37.86926556847791,-122.2554892302698,1564183100.0,2019-07-26T16:18:20-07:00,POINT (-122.2554892302698 37.86926556847791),8.507491133966631,205.03793849560844,ios,1.2028760479213576,0.050797379682498756,-0.06894416909091405
159,37.86926858596305,-122.25547607068182,1564183101.0,2019-07-26T16:18:21-07:00,POINT (-122.25547607068182 37.86926858596305),8.639920067484969,206.2355742902541,ios,1.2536734276038564,-0.018146789408415298,0.05508047942144101
160,37.869271645357706,-122.25546232436062,1564183102.0,2019-07-26T16:18:22-07:00,POINT (-122.25546232436062 37.869271645357706),8.768126746066077,207.48485441890494,ios,1.235526638195441,0.03693369001302571,0.21750986830884478
161,37.86927403420011,-122.25544857803942,1564183103.0,2019-07-26T16:18:23-07:00,POINT (-122.25544857803942 37.86927403420011),8.823022897263693,208.72144148163403,ios,1.2724603282084668,0.2544435583218705,-0.08229642736608711
162,37.86927646495203,-122.25543441262306,1564183104.0,2019-07-26T16:18:24-07:00,POINT (-122.25543441262306 37.86927646495203),8.876212348132166,209.9951440134887,ios,1.5269038865303373,0.17214713095578338,-0.34761197778903385
163,37.86927860233734,-122.25541722972156,1564183105.0,2019-07-26T16:18:25-07:00,POINT (-122.25541722972156 37.86927860233734),8.852049157575347,211.52481317575052,ios,1.6990510174861206,-0.17546484683325048,0.27134684450709945
164,37.869280572084584,-122.2553980351633,1564183106.0,2019-07-26T16:18:26-07:00,POINT (-122.2553980351633 37.869280572084584),8.939913407478771,211.70303348654448,ios,1.5235861706528702,0.09588199767384897,-0.08197843931744053
165,37.86928094927023,-122.25538068462373,1564183107.0,2019-07-26T16:18:27-07:00,POINT (-122.25538068462373 37.86928094927023),8.98176392499487,213.22914517776508,ios,1.6194681683267191,0.01390355835640844,-0.07177104445561677
166,37.8692814102749,-122.25536224443675,1564183108.0,2019-07-26T16:18:28-07:00,POINT (-122.25536224443675 37.8692814102749),9.032914912439036,214.85109961961692,ios,1.6333717266831276,-0.05786748609920833,-0.021447127091687834
167,37.8692814102749,-122.25534363661171,1564183109.0,2019-07-26T16:18:29-07:00,POINT (-122.25534363661171 37.8692814102749),8.95639236020543,218.02377441513386,ios,1.5755042405839192,-0.07931461319089617,-0.09146135217164275
168,37.86928191318909,-122.25532569933893,1564183110.0,2019-07-26T16:18:30-07:00,POINT (-122.25532569933893 37.86928191318909),8.74391644192109,219.58811644706952,ios,1.496189627393023,-0.17077596536253892,0.3054050180547492
169,37.86928346384118,-122.25530876789452,1564183111.0,2019-07-26T16:18:31-07:00,POINT (-122.25530876789452 37.86928346384118),8.661008606357683,221.08497696186492,ios,1.3254136620304842,0.13462905269221026,-0.11316006450451765
170,37.869284804945686,-122.25529376428784,1564183112.0,2019-07-26T16:18:32-07:00,POINT (-122.25529376428784 37.869284804945686),8.583933764290823,222.41078234168512,ios,1.4600427147226944,0.021468988187692606,-0.020293644873283112
171,37.86928685851196,-122.25527733575763,1564183113.0,2019-07-26T16:18:33-07:00,POINT (-122.25527733575763 37.86928685851196),8.563518939363385,223.87350787752544,ios,1.481511702910387,0.0011753433144094938,0.04889333026851861
172,37.869287654792764,-122.25526048813225,1564183114.0,2019-07-26T16:18:34-07:00,POINT (-122.25526048813225 37.869287654792764),8.399371680158067,225.34891274946813,ios,1.4826870462247965,0.0500686735829281,-0.350225943395702
173,37.86928928926388,-122.25524372432591,1564183115.0,2019-07-26T16:18:35-07:00,POINT (-122.25524372432591 37.86928928926388),8.328130172584483,226.83281825504332,ios,1.5327557198077246,-0.3001572698127739,0.44226582809834847
174,37.86929134283016,-122.25522645760537,1564183116.0,2019-07-26T16:18:36-07:00,POINT (-122.25522645760537 37.86929134283016),8.295217668472215,228.36820177624531,ios,1.2325984499949507,0.14210855828557456,0.17910805375692718
175,37.86929222292999,-122.25521245982708,1564183117.0,2019-07-26T16:18:37-07:00,POINT (-122.25521245982708 37.86929222292999),8.182731580805713,229.59814592459472,ios,1.3747070082805253,0.32121661204250174,-0.23505770804419335
176,37.869293396396436,-122.25519686948718,1564183118.0,2019-07-26T16:18:38-07:00,POINT (-122.25519686948718 37.869293396396436),8.078578088526301,230.97165861074208,ios,1.695923620323027,0.08615890399830839,-0.3515591826644173
177,37.86929440222482,-122.25517759110988,1564183119.0,2019-07-26T16:18:39-07:00,POINT (-122.25517759110988 37.86929440222482),7.901100552244238,232.6617134555223,ios,1.7820825243213354,-0.26540027866610894,-0.30511272453707217
178,37.86929507277707,-122.25515730690421,1564183120.0,2019-07-26T16:18:40-07:00,POINT (-122.25515730690421 37.86929507277707),7.671962999519517,234.43265145378368,ios,1.5166822456552265,-0.5705130032031811,0.5704595196871758
179,37.86929557569126,-122.25514004018368,1564183121.0,2019-07-26T16:18:41-07:00,POINT (-122.25514004018368 37.86929557569126),7.469488981542236,235.93886721697854,ios,0.9461692424520454,-5.348351600531487e-05,-0.27336889427690003
180,37.86929710543181,-122.25512943677658,1564183122.0,2019-07-26T16:18:42-07:00,POINT (-122.25512943677658 37.86929710543181),7.480253504484219,236.85902636146488,ios,0.94611575893604,-0.27342237779290535,0.2733848546954404
181,37.86929863508592,-122.25511883396865,1564183123.0,2019-07-26T16:18:43-07:00,POINT (-122.25511883396865 37.86929863508592),7.4929387343631,237.80685695388874,ios,0.6726933811431347,-3.7523097464964295e-05,-0.1492115303598296
182,37.86929777591688,-122.25511124813467,1564183124.0,2019-07-26T16:18:44-07:00,POINT (-122.25511124813467 37.86929777591688),7.288257969848828,238.44903407476664,ios,0.6726558580456697,-0.14924905345729456,0.14924904509606973
183,37.86929691679577,-122.25510366272391,1564183125.0,2019-07-26T16:18:45-07:00,POINT (-122.25510366272391 37.86929691679577),7.0835886740799685,239.09117539322634,ios,0.5234068045883752,-8.361224823616453e-09,-4.342271232105066e-05
184,37.86929775500927,-122.2550977952294,1564183126.0,2019-07-26T16:18:46-07:00,POINT (-122.2550977952294 37.86929775500927),7.089702407708337,239.61554352542626,ios,0.5234067962271504,-4.343107354587428e-05,0.5580033261296312
185,37.869298593222766,-122.25509192773492,1564183127.0,2019-07-26T16:18:47-07:00,POINT (-122.25509192773492 37.869298593222766),7.095816173989544,240.13991164943752,ios,0.5233633651536045,0.5579598950560853,-0.6821492482538084
186,37.86929943136672,-122.25508606072725,1564183128.0,2019-07-26T16:18:48-07:00,POINT (-122.25508606072725 37.86929943136672),7.101929467965617,240.6642362630477,ios,1.0813232602096898,-0.12418935319772306,0.12413523084672073
187,37.86930295176605,-122.2550745775199,1564183129.0,2019-07-26T16:18:49-07:00,POINT (-122.2550745775199 37.86930295176605),7.319595235943462,241.72506926896236,ios,0.9571339070119668,-5.4122351002328095e-05,0.09056773149346042
188,37.86930697519325,-122.25506493805894,1564183130.0,2019-07-26T16:18:50-07:00,POINT (-122.25506493805894 37.86930697519325),7.619200534208207,242.63523475095465,ios,0.9570797846609644,0.0905136091424581,0.11422537419021506
189,37.8693109983931,-122.25505529914263,1564183131.0,2019-07-26T16:18:51-07:00,POINT (-122.25505529914263 37.8693109983931),7.918789006923564,243.54534872783452,ios,1.0475933938034225,0.20473898333267315,-0.15191501929850526
190,37.8693141835163,-122.25504406739236,1564183132.0,2019-07-26T16:18:52-07:00,POINT (-122.25504406739236 37.8693141835163),8.103438284678228,244.57819998095067,ios,1.2523323771360957,0.05282396403416789,-0.16682914251278214
191,37.86931552462081,-122.255029901976,1564183133.0,2019-07-26T16:18:53-07:00,POINT (-122.255029901976 37.86931552462081),8.043518044057977,245.83157810891976,ios,1.3051563411702636,-0.11400517847861424,0.23614503558771105
192,37.869316991453864,-122.25501514982642,1564183134.0,2019-07-26T16:18:54-07:00,POINT (-122.25501514982642 37.869316991453864),7.98879508203686,247.13816286842328,ios,1.1911511626916493,0.1221398571090968,-0.013220080230083253
193,37.86931862592498,-122.25500173878135,1564183135.0,2019-07-26T16:18:55-07:00,POINT (-122.25500173878135 37.86931862592498),7.971980631068836,248.3315064587264,ios,1.3132910198007461,0.10891977687901355,-0.06608573643664162
194,37.869319506024816,-122.2549868189937,1564183136.0,2019-07-26T16:18:56-07:00,POINT (-122.2549868189937 37.869319506024816),7.850612874102456,249.64183390821498,ios,1.4222107966797597,0.042834040442371935,-0.16145155019077784
195,37.869320218486585,-122.25497064192058,1564183137.0,2019-07-26T16:18:57-07:00,POINT (-122.25497064192058 37.869320218486585),7.692559914716767,251.0581321361654,ios,1.4650448371221316,-0.1186175097484059,-0.03444561235886723
196,37.86932067949126,-122.25495396193327,1564183138.0,2019-07-26T16:18:58-07:00,POINT (-122.25495396193327 37.86932067949126),7.499656055522738,252.51342502065654,ios,1.3464273273737257,-0.15306312210727313,0.025816452997319495
197,37.86932067949126,-122.25493862305046,1564183139.0,2019-07-26T16:18:59-07:00,POINT (-122.25493862305046 37.86932067949126),7.275875489072501,253.84390743065967,ios,1.1933642052664526,-0.12724666910995364,-0.04997468776214409
198,37.869322439690926,-122.25492521200539,1564183140.0,2019-07-26T16:19:00-07:00,POINT (-122.25492521200539 37.869322439690926),7.272819063396999,255.03956485205734,ios,1.066117536156499,-0.17722135687209772,0.17717174150461212
199,37.86932491235236,-122.25491347734095,1564183141.0,2019-07-26T16:19:01-07:00,POINT (-122.25491347734095 37.86932491235236),7.372176207533459,256.1029262092289,ios,0.8888961792844012,-4.961536748560036e-05,0.1666008439046962
200,37.86932702884195,-122.25490371215135,1564183142.0,2019-07-26T16:19:02-07:00,POINT (-122.25490371215135 37.86932702884195),7.461294467234342,256.98890200237287,ios,0.8888465639169156,0.1665512285372106,-0.028244616520034294
201,37.86932914521346,-122.25489394750655,1564183143.0,2019-07-26T16:19:03-07:00,POINT (-122.25489394750655 37.86932914521346),7.550407850951108,257.8748283374871,ios,1.0553977924541262,0.1383066120171763,-0.1261626721714888
202,37.86933184845232,-122.25488242206957,1564183144.0,2019-07-26T16:19:04-07:00,POINT (-122.25488242206957 37.86933184845232),7.67874540849217,258.82074042223735,ios,1.1937044044713025,0.012143939845687513,0.08889657402456452
203,37.86933786239276,-122.25485631276132,1564183146.0,2019-07-26T16:19:06-07:00,POINT (-122.25485631276132 37.86933786239276),8.332458300878661,258.82074042223735,ios,1.2179922841626776,0.18993708789481656,0.03397078904317152
204,37.869341131335,-122.25484306935431,1564183147.0,2019-07-26T16:19:07-07:00,POINT (-122.25484306935431 37.869341131335),8.917881791849807,258.82074042223735,ios,1.4079293720574941,0.22390787693798808,-0.4448365186384726
205,37.869344106910624,-122.25482747901441,1564183148.0,2019-07-26T16:19:08-07:00,POINT (-122.25482747901441 37.869344106910624),9.669001689021416,258.82074042223735,ios,1.6318372489954822,-0.22092864170048454,0.21871042425121634
206,37.86934796258608,-122.25480954174162,1564183149.0,2019-07-26T16:19:09-07:00,POINT (-122.25480954174162 37.86934796258608),10.741116671819597,258.82074042223735,ios,1.4109086072949977,-0.0022182174492682005,0.0879845015059264
207,37.86934909414301,-122.25479353230656,1564183150.0,2019-07-26T16:19:10-07:00,POINT (-122.25479353230656 37.86934909414301),11.59652229777968,258.82074042223735,ios,1.4086903898457295,0.0857662840566582,-0.07279128322736494
208,37.869349974242844,-122.2547775228715,1564183151.0,2019-07-26T16:19:11-07:00,POINT (-122.2547775228715 37.869349974242844),12.53187560454322,258.82074042223735,ios,1.4944566739023877,0.01297500082929326,-0.11010406226291702
209,37.86935043524752,-122.25476050760807,1564183152.0,2019-07-26T16:19:12-07:00,POINT (-122.25476050760807 37.86935043524752),13.578802717981876,258.82074042223735,ios,1.507431674731681,-0.09712906143362376,-0.07337479134794234
210,37.869351692532994,-122.2547434085256,1564183153.0,2019-07-26T16:19:13-07:00,POINT (-122.2547434085256 37.869351692532994),14.767872135789625,258.82074042223735,ios,1.4103026132980572,-0.1705038527815661,0.21196593052108081
211,37.86935336891363,-122.25472748290957,1564183154.0,2019-07-26T16:19:14-07:00,POINT (-122.25472748290957 37.86935336891363),15.95940863067849,258.82074042223735,ios,1.239798760516491,0.04146207773951471,0.0020444051718189193
212,37.869355632027485,-122.25471365276934,1564183155.0,2019-07-26T16:19:15-07:00,POINT (-122.25471365276934 37.869355632027485),17.075191256614595,258.82074042223735,ios,1.2812608382560058,0.04350648291133363,0.035905209770507485
213,37.86935781132231,-122.25469931971492,1564183156.0,2019-07-26T16:19:16-07:00,POINT (-122.25469931971492 37.86935781132231),18.23819314333994,258.82074042223735,ios,1.3247673211673394,0.07941169268184112,-0.14548194591792796
214,37.86936032589326,-122.25468456756533,1564183157.0,2019-07-26T16:19:17-07:00,POINT (-122.25468456756533 37.86936032589326),19.46767886360565,258.82074042223735,ios,1.4041790138491805,-0.06607025323608684,0.05175226570846991
215,37.86936367865453,-122.2546691448635,1564183158.0,2019-07-26T16:19:18-07:00,POINT (-122.2546691448635 37.86936367865453),20.80873365771581,258.82074042223735,ios,1.3381087606130937,-0.014317987527616927,0.06159459911468601
216,37.869366444682576,-122.25465430889489,1564183159.0,2019-07-26T16:19:19-07:00,POINT (-122.25465430889489 37.869366444682576),22.080050820576076,258.82074042223735,ios,1.3237907730854768,0.047276611587069084,-1.3506011419348207
217,37.869368582067885,-122.25463947292627,1564183160.0,2019-07-26T16:19:20-07:00,POINT (-122.25463947292627 37.869368582067885),23.324147801842567,258.82074042223735,ios,1.3710673846725459,-1.3033245303477516,1.3097243249596597
218,37.86936933643917,-122.25462388258637,1564183161.0,2019-07-26T16:19:21-07:00,POINT (-122.25462388258637 37.86936933643917),24.561149002897196,258.82074042223735,ios,0.06774285432479414,0.006399794611908014,-0.0008552644692483756
219,37.86922625735203,-122.25459932361008,1564183398.0,2019-07-26T16:23:18-07:00,POINT (-122.25459932361008 37.86922625735203),24.08548464132836,258.82074042223735,ios,1.5844941773469936,-0.196297884599957,-0.12667733325536568
220,37.86922282077173,-122.25461684178771,1564183399.0,2019-07-26T16:23:19-07:00,POINT (-122.25461684178771 37.86922282077173),22.641791673724565,258.82074042223735,ios,1.3881962927470366,-0.3229752178553227,0.3229150710496478
221,37.86922072529594,-122.25463243212761,1564183400.0,2019-07-26T16:23:20-07:00,POINT (-122.25463243212761 37.86922072529594),21.350133212687087,258.82074042223735,ios,1.065221074891714,-6.014680567489883e-05,0.06838502294465365
222,37.86921735148459,-122.25464378992729,1564183401.0,2019-07-26T16:23:21-07:00,POINT (-122.25464378992729 37.86921735148459),20.467606871004524,258.82074042223735,ios,1.065160928086039,0.06832487613897875,-0.4792530047723289
223,37.869213977863886,-122.2546551470852,1564183402.0,2019-07-26T16:23:22-07:00,POINT (-122.2546551470852 37.869213977863886),19.60346528590238,258.82074042223735,ios,1.1334858042250178,-0.41092812863335015,0.4108873276731715
224,37.869208613445856,-122.25466612737836,1564183403.0,2019-07-26T16:23:23-07:00,POINT (-122.25466612737836 37.869208613445856),18.861777193896206,258.82074042223735,ios,0.7225576755916676,-4.08009601786663e-05,-0.22192093008115954
225,37.86920530250056,-122.25467321028663,1564183404.0,2019-07-26T16:23:24-07:00,POINT (-122.25467321028663 37.86920530250056),18.398783850528513,258.82074042223735,ios,0.722516874631489,-0.2219617310413382,0.22196173372502848
226,37.86920199174235,-122.25468029279472,1564183405.0,2019-07-26T16:23:25-07:00,POINT (-122.25468029279472 37.86920199174235),17.953019393854852,258.82074042223735,ios,0.5005551435901507,2.683690270011141e-09,-4.2127588088525236e-05
227,37.86919770288158,-122.25468202510332,1564183406.0,2019-07-26T16:23:26-07:00,POINT (-122.25468202510332 37.86919770288158),17.999723038257024,258.82074042223735,ios,0.500555146273841,-4.2124904398255225e-05,0.3067800776874009
228,37.8691934140208,-122.2546837574119,1564183407.0,2019-07-26T16:23:27-07:00,POINT (-122.2546837574119 37.8691934140208),18.060135537123653,258.82074042223735,ios,0.5005130213694428,0.30673795278300264,-0.3067833735257117
229,37.86918912552098,-122.2546854895747,1564183408.0,2019-07-26T16:23:28-07:00,POINT (-122.2546854895747 37.86918912552098),18.13411308307503,258.82074042223735,ios,0.8072509741524454,-4.542074270907914e-05,-0.17746291377846235
230,37.86918191688145,-122.2546843998966,1564183409.0,2019-07-26T16:23:29-07:00,POINT (-122.2546843998966 37.86918191688145),18.595253298458413,258.82074042223735,ios,0.8072055534097363,-0.17750833452117143,0.17747320467681837
231,37.86917470864753,-122.25468331027987,1564183410.0,2019-07-26T16:23:30-07:00,POINT (-122.25468331027987 37.86917470864753),19.079245939396277,258.82074042223735,ios,0.6296972188885649,-3.512984435305455e-05,0.34854859334358623
232,37.86916909261574,-122.25468423231491,1564183411.0,2019-07-26T16:23:31-07:00,POINT (-122.25468423231491 37.86916909261574),19.339941003088832,258.82074042223735,ios,0.6296620890442118,0.3485134634992332,-0.34856896464609877
233,37.86916347689728,-122.25468515429856,1564183412.0,2019-07-26T16:23:32-07:00,POINT (-122.25468515429856 37.86916347689728),19.617291356151448,258.82074042223735,ios,0.978175552543445,-5.55011468655886e-05,0.1504352282620871
234,37.86915484329206,-122.2546872917445,1564183413.0,2019-07-26T16:23:33-07:00,POINT (-122.2546872917445 37.86915484329206),20.02398917929214,258.82074042223735,ios,0.9781200513965794,0.15037972711522152,-0.13709586147484643
235,37.869146210176744,-122.25468942906917,1564183414.0,2019-07-26T16:23:34-07:00,POINT (-122.25468942906917 37.869146210176744),20.469174348046934,258.82074042223735,ios,1.128499778511801,0.013283865640375092,-0.2489829123778261
236,37.86913610998342,-122.25469068635465,1564183415.0,2019-07-26T16:23:35-07:00,POINT (-122.25469068635465 37.86913610998342),21.1167431950184,258.82074042223735,ios,1.141783644152176,-0.235699046737451,0.23564786396775383
237,37.86912630315671,-122.25468683067919,1564183416.0,2019-07-26T16:23:36-07:00,POINT (-122.25468683067919 37.86912630315671),22.104505214275964,258.82074042223735,ios,0.906084597414725,-5.118276969717783e-05,0.10082614770465959
238,37.86911894782887,-122.25468238814499,1564183417.0,2019-07-26T16:23:37-07:00,POINT (-122.25468238814499 37.86911894782887),22.952032636855428,258.82074042223735,ios,0.9060334146450278,0.10077496493496241,-1.1075833445149526
239,37.869111592916646,-122.25467794586184,1564183418.0,2019-07-26T16:23:38-07:00,POINT (-122.25467794586184 37.869111592916646),23.803731270685102,258.82074042223735,ios,1.0068083795799903,-1.0068083795799903,1.0068083795799903
240,37.86910287573735,-122.25467484455766,1564183419.0,2019-07-26T16:23:39-07:00,POINT (-122.25467484455766 37.86910287573735),24.685934008766086,258.82074042223735,ios,0.0,0.0,0.0
