,latitude,longitude,ts,fmt_time,geometry,gt_distance,gt_projection,source,speed,acceleration,jerk
0,37.869007489679255,-122.25699772138358,1564097593.0,2019-07-25T16:33:13-07:00,POINT (-122.25699772138358 37.869007489679255),2.0176267867180333,69.30724049843485,ios,1.7537512505121837,-0.010476094441337347,-0.9349072401424615
1,37.86902324765722,-122.25699688319327,1564097594.0,2019-07-25T16:33:14-07:00,POINT (-122.25699688319327 37.86902324765722),3.737649358298366,69.62969525626292,ios,1.7432751560708464,-0.9453833345837989,1.056986770071455
2,37.86903892181615,-122.25699730228843,1564097595.0,2019-07-25T16:33:15-07:00,POINT (-122.25699730228843 37.86903892181615),5.466009792456283,69.702547426066,ios,0.7978918214870475,0.11160343548765611,-0.0930890875550343
3,37.869112724473574,-122.25696184683801,1564097606.0,2019-07-25T16:33:26-07:00,POINT (-122.25696184683801 37.869112724473574),13.027797384454225,75.48812516541562,ios,2.025529611851265,-0.9123765276177211,0.5345327656435657
4,37.8691053903083,-122.25694072444202,1564097607.0,2019-07-25T16:33:27-07:00,POINT (-122.25694072444202 37.8691053903083),11.83485623898511,75.99740826236791,ios,1.1131530842335438,-0.3778437619741555,0.37780273294626
5,37.8690985171477,-122.25693150434853,1564097608.0,2019-07-25T16:33:28-07:00,POINT (-122.25693150434853 37.8690985171477),10.965654438806013,76.51259660042844,ios,0.7353093222593883,-4.1029027895489456e-05,0.44009325534451604
6,37.86910480375044,-122.25692890588606,1564097609.0,2019-07-25T16:33:29-07:00,POINT (-122.25692890588606 37.86910480375044),11.624710002750188,76.83576087484425,ios,0.7352682932314928,0.44005222631662055,0.3033153882403373
7,37.869111090002455,-122.25692630756858,1564097610.0,2019-07-25T16:33:30-07:00,POINT (-122.25692630756858 37.869111090002455),12.283728811088336,77.15890708058106,ios,1.1753205195481133,0.7433676145569579,-0.6386446110742743
8,37.86911775361548,-122.25691591400863,1564097611.0,2019-07-25T16:33:31-07:00,POINT (-122.25691591400863 37.86911775361548),12.889039978357417,78.16687982309791,ios,1.9186881341050712,0.1047230034826836,-0.0418640031592139
9,37.86911976527224,-122.25689420487942,1564097612.0,2019-07-25T16:33:32-07:00,POINT (-122.25689420487942 37.86911976527224),12.845035764713302,80.08886382229791,ios,2.023411137587755,0.0628590003234697,0.028948946140330722
10,37.869119597634175,-122.2568711546457,1564097613.0,2019-07-25T16:33:33-07:00,POINT (-122.2568711546457 37.869119597634175),12.545194564737157,82.09410264601723,ios,2.0862701379112245,0.09180794646380042,-0.09293587465107978
11,37.86911842416773,-122.25684743385972,1564097614.0,2019-07-25T16:33:34-07:00,POINT (-122.25684743385972 37.86911842416773),12.120029444675819,84.41912617379636,ios,2.178078084375025,-0.001127928187279359,-0.01675056611319592
12,37.86911813080112,-122.25682262342633,1564097615.0,2019-07-25T16:33:35-07:00,POINT (-122.25682262342633 37.86911813080112),11.735725709144251,86.56753813789389,ios,2.1769501561877456,-0.01787849430047528,0.05942381829627541
13,37.86911963954369,-122.25679789681197,1564097616.0,2019-07-25T16:33:36-07:00,POINT (-122.25679789681197 37.86911963954369),11.549945173202332,88.7409432516483,ios,2.1590716618872703,0.04154532399580013,-0.16720341634160052
14,37.86912156738142,-122.25677342165471,1564097617.0,2019-07-25T16:33:37-07:00,POINT (-122.25677342165471 37.86912156738142),11.413625955402837,90.90002508033744,ios,2.2006169858830704,-0.1256580923458004,0.12228318907978686
15,37.86912106446723,-122.25674835976423,1564097618.0,2019-07-25T16:33:38-07:00,POINT (-122.25674835976423 37.86912106446723),11.002808885170428,93.06651278069725,ios,2.07495889353727,-0.003374903266013529,-0.20179035763857178
16,37.86912085491965,-122.25672472279729,1564097619.0,2019-07-25T16:33:39-07:00,POINT (-122.25672472279729 37.86912085491965),10.644342741646646,95.11456342536809,ios,2.0715839902712565,-0.2051652609045853,-0.023422667308202083
17,37.869122028386094,-122.25670116964938,1564097620.0,2019-07-25T16:33:40-07:00,POINT (-122.25670116964938 37.869122028386094),10.438508409018123,97.18010264536586,ios,1.8664187293666712,-0.2285879282127874,0.12014021708366429
18,37.869124459138014,-122.25668013107241,1564097621.0,2019-07-25T16:33:41-07:00,POINT (-122.25668013107241 37.869124459138014),10.406042237666812,99.04987800967345,ios,1.6378308011538838,-0.1084477111291231,-0.010823236507462308
19,37.86912709943751,-122.25666177470447,1564097622.0,2019-07-25T16:33:42-07:00,POINT (-122.25666177470447 37.86912709943751),10.434595233920449,100.69057678970839,ios,1.5293830900247607,-0.11927094763658541,0.050055308469583615
20,37.86912973973701,-122.256644675622,1564097623.0,2019-07-25T16:33:43-07:00,POINT (-122.256644675622 37.86912973973701),10.480995284655487,102.2221370585967,ios,1.4101121423881753,-0.0692156391670018,-0.0452181422466682
21,37.86913078747491,-122.25662866618694,1564097624.0,2019-07-25T16:33:44-07:00,POINT (-122.25662866618694 37.86913078747491),10.368475555933092,103.63059419531082,ios,1.3408965032211735,-0.11443378141367,0.18414832104252965
22,37.869131416117646,-122.25661341112317,1564097625.0,2019-07-25T16:33:45-07:00,POINT (-122.25661341112317 37.869131416117646),10.220772708643738,104.96606395081993,ios,1.2264627218075035,0.06971453962885965,0.27543940530659206
23,37.86913242194603,-122.2565994971639,1564097626.0,2019-07-25T16:33:46-07:00,POINT (-122.2565994971639 37.86913242194603),10.133408765721606,106.19187323696072,ios,1.2961772614363631,0.3451539449354517,-0.6859011447194314
24,37.869133763050534,-122.25658482883335,1564097627.0,2019-07-25T16:33:47-07:00,POINT (-122.25658482883335 37.869133763050534),10.072050116968798,107.48916903924321,ios,1.6413312063718148,-0.3407471997839797,0.6054843176283655
25,37.869135774707296,-122.25656630482734,1564097628.0,2019-07-25T16:33:48-07:00,POINT (-122.25656630482734 37.869135774707296),10.02938820822849,109.1331629737275,ios,1.3005840065878351,0.2647371178443858,0.026542964782878098
26,37.86913686435471,-122.25655155267776,1564097629.0,2019-07-25T16:33:49-07:00,POINT (-122.25655155267776 37.86913686435471),9.939305429073737,110.43323207368127,ios,1.565321124432221,0.2912800826272639,-0.1798102083518096
27,37.86913866646389,-122.25653386686207,1564097630.0,2019-07-25T16:33:50-07:00,POINT (-122.25653386686207 37.86913866646389),9.885596155008324,112.00071485297035,ios,1.8566012070594848,0.1114698742754543,-0.23093860275095857
28,37.86914038475404,-122.25651282828511,1564097631.0,2019-07-25T16:33:51-07:00,POINT (-122.25651282828511 37.86914038475404),9.775118058223866,113.85773266423655,ios,1.9680710813349391,-0.11946872847550427,-0.26891990543353406
29,37.86914323460112,-122.25649070006074,1564097632.0,2019-07-25T16:33:52-07:00,POINT (-122.25649070006074 37.86914323460112),9.77308012161385,115.82959861420647,ios,1.8486023528594349,-0.3883886339090383,0.5893974670004332
30,37.86914545580546,-122.25646982912184,1564097633.0,2019-07-25T16:33:53-07:00,POINT (-122.25646982912184 37.86914545580546),9.720052101164145,117.68106966892965,ios,1.4602137189503965,0.20100883309139483,-0.1314178427140904
31,37.86914704836706,-122.25645331677259,1564097634.0,2019-07-25T16:33:54-07:00,POINT (-122.25645331677259 37.86914704836706),9.660055264952318,119.14293764873293,ios,1.6612225520417914,0.06959099037730443,-0.3272379899069986
32,37.86915010776172,-122.25643479276658,1564097635.0,2019-07-25T16:33:55-07:00,POINT (-122.25643479276658 37.86915010776172),9.732124196056814,120.80569194422495,ios,1.7308135424190958,-0.25764699952969417,0.3644485626541156
33,37.86915367007057,-122.25641559820832,1564097636.0,2019-07-25T16:33:56-07:00,POINT (-122.25641559820832 37.86915367007057),9.849745032376493,122.53565840430414,ios,1.4731665428894016,0.10680156312442146,-0.32020890634075205
34,37.86915563981781,-122.25639900204004,1564097637.0,2019-07-25T16:33:57-07:00,POINT (-122.25639900204004 37.86915563981781),9.829861565058968,124.0115559530463,ios,1.579968106013823,-0.2134073432163306,0.22927506728980096
35,37.86915790293167,-122.25638123240532,1564097638.0,2019-07-25T16:33:58-07:00,POINT (-122.25638123240532 37.86915790293167),9.82544569345231,125.59456898000566,ios,1.3665607627974925,0.01586772407347037,0.09003726775643717
36,37.8691595793123,-122.25636580970348,1564097639.0,2019-07-25T16:33:59-07:00,POINT (-122.25636580970348 37.8691595793123),9.790095439429395,126.96335095899617,ios,1.3824284868709629,0.10590499182990754,-0.340326275845384
37,37.86916133951197,-122.25635021936358,1564097640.0,2019-07-25T16:34:00-07:00,POINT (-122.25635021936358 37.86916133951197),9.761544179151638,128.34818554774952,ios,1.4883334787008704,-0.23442128401547646,0.2406343494647265
38,37.86916205197374,-122.25633328791918,1564097641.0,2019-07-25T16:34:01-07:00,POINT (-122.25633328791918 37.86916205197374),9.599228550333688,129.8306740464891,ios,1.253912194685394,0.006213065449250044,-0.07088644100164587
39,37.86916284825454,-122.25631903868378,1564097642.0,2019-07-25T16:34:02-07:00,POINT (-122.25631903868378 37.86916284825454),9.48416364916899,131.08183465418315,ios,1.260125260134644,-0.06467337555239583,0.07880541877812552
40,37.86916611700974,-122.25630529314911,1564097643.0,2019-07-25T16:34:03-07:00,POINT (-122.25630529314911 37.86916611700974),9.642243390930854,132.48989598569023,ios,1.1954518845822482,0.014132043225729696,0.050930992660476626
41,37.86916888322482,-122.2562921327746,1564097644.0,2019-07-25T16:34:04-07:00,POINT (-122.2562921327746 37.86916888322482),9.73900792317039,133.68353646397472,ios,1.2095839278079779,0.06506303588620632,-0.21215400311210852
42,37.869172110257544,-122.25627897318662,1564097645.0,2019-07-25T16:34:05-07:00,POINT (-122.25627897318662 37.869172110257544),9.886104580778413,134.88617690850165,ios,1.2746469636941842,-0.1470909672259022,0.023656958946382423
43,37.869176343118646,-122.25626547832252,1564097646.0,2019-07-25T16:34:06-07:00,POINT (-122.25626547832252 37.869176343118646),10.137804206928863,136.13763287843125,ios,1.127555996468282,-0.12343400827951978,-0.04160291989642839
44,37.86918015688459,-122.25625357602001,1564097647.0,2019-07-25T16:34:07-07:00,POINT (-122.25625357602001 37.86918015688459),10.368583538133537,137.24298423498212,ios,1.0041219881887622,-0.16503692817594817,0.1649904998651427
45,37.869183928741016,-122.25624318246008,1564097648.0,2019-07-25T16:34:08-07:00,POINT (-122.25624318246008 37.869183928741016),10.618322333374088,138.21690901909187,ios,0.839085060012814,-4.642831080547971e-05,0.3125619265077112
46,37.869185165105925,-122.2562337525582,1564097649.0,2019-07-25T16:34:09-07:00,POINT (-122.2562337525582 37.869185165105925),10.606227008521596,139.0575222620335,ios,0.8390386317020085,0.3125154981969057,-0.05915021121549369
47,37.86918640140245,-122.25622432317795,1564097650.0,2019-07-25T16:34:10-07:00,POINT (-122.25622432317795 37.86918640140245),10.594132441511702,139.89808899579003,ios,1.1515541298989143,0.25336528698141203,-0.29312096638882457
48,37.86918723959277,-122.256211247409,1564097651.0,2019-07-25T16:34:11-07:00,POINT (-122.256211247409 37.86918723959277),10.481684273650515,141.0464652655,ios,1.4049194168803263,-0.039755679407412536,-0.05752618708841983
49,37.869189796073236,-122.25619557325007,1564097652.0,2019-07-25T16:34:12-07:00,POINT (-122.25619557325007 37.869189796073236),10.516334019411424,142.45357970157607,ios,1.3651637374729138,-0.09728186649583237,-0.1474396794207462
50,37.86919218491564,-122.2561803181863,1564097653.0,2019-07-25T16:34:13-07:00,POINT (-122.2561803181863 37.86919218491564),10.539216180846921,143.82111700185493,ios,1.2678818709770814,-0.24472154591657858,0.3372783810285267
51,37.86919625013868,-122.25616682332219,1564097654.0,2019-07-25T16:34:14-07:00,POINT (-122.25616682332219 37.86919625013868),10.772611701637388,145.06927359653986,ios,1.0231603250605028,0.09255683511194812,-0.3721467872439148
52,37.86919968671898,-122.2561560106671,1564097655.0,2019-07-25T16:34:15-07:00,POINT (-122.2561560106671 37.86919968671898),10.979202796975143,146.07287862231303,ios,1.115717160172451,-0.2795899521319667,0.2795420991652007
53,37.86920354239444,-122.25614427600266,1564097656.0,2019-07-25T16:34:16-07:00,POINT (-122.25614427600266 37.86920354239444),11.217174926612133,147.16454279250124,ios,0.8361272080404842,-4.785296676601547e-05,-0.09945141357348786
54,37.86920433869802,-122.25613480418107,1564097657.0,2019-07-25T16:34:17-07:00,POINT (-122.25613480418107 37.86920433869802),11.156373436429528,148.00012497127227,ios,0.8360793550737182,-0.09949926654025387,0.0994578415967009
55,37.86920513495604,-122.25612533290148,1564097658.0,2019-07-25T16:34:18-07:00,POINT (-122.25612533290148 37.86920513495604),11.095575511793761,148.83565933530917,ios,0.7365800885334643,-4.1424943552970106e-05,-0.05078288133209563
56,37.86920268318038,-122.25611753751221,1564097659.0,2019-07-25T16:34:19-07:00,POINT (-122.25611753751221 37.86920268318038),10.706246525321522,149.46220789841203,ios,0.7365386635899114,-0.0508243062756486,0.05078605863681773
57,37.869200231542685,-122.25610974256158,1564097660.0,2019-07-25T16:34:20-07:00,POINT (-122.25610974256158 37.869200231542685),10.316939492534056,150.08872126160912,ios,0.6857143573142628,-3.824763883086835e-05,0.3582963219120492
58,37.869199246641585,-122.25610203099555,1564097661.0,2019-07-25T16:34:21-07:00,POINT (-122.25610203099555 37.869199246641585),10.089095833362736,150.73687920002362,ios,0.6856761096754319,0.3582580742732183,-0.25262711781650504
59,37.86919826179544,-122.25609431985976,1564097662.0,2019-07-25T16:34:22-07:00,POINT (-122.25609431985976 37.86919826179544),9.871931716336416,151.07949463563412,ios,1.0439341839486502,0.10563095645671328,0.022672933133138784
60,37.869199309533336,-122.25608250137628,1564097663.0,2019-07-25T16:34:23-07:00,POINT (-122.25608250137628 37.869199309533336),9.834321443197021,152.12482481527738,ios,1.1495651404053635,0.12830388958985206,-0.04753261204442283
61,37.86920140500913,-122.25606967706443,1564097664.0,2019-07-25T16:34:24-07:00,POINT (-122.25606967706443 37.86920140500913),9.898716605047069,153.27473271143649,ios,1.2778690299952156,0.08077127754542923,-0.42110072300762624
62,37.86920341666589,-122.25605534401001,1564097665.0,2019-07-25T16:34:25-07:00,POINT (-122.25605534401001 37.86920341666589),9.934431315612889,154.55454307963015,ios,1.3586403075406448,-0.340329445462197,0.34027237179893177
63,37.86920505113701,-122.2560400051272,1564097666.0,2019-07-25T16:34:26-07:00,POINT (-122.2560400051272 37.86920505113701),9.915761377083765,155.91572156695682,ios,1.0183108620784478,-5.7073663265239105e-05,0.07701925638573304
64,37.869206350368394,-122.25602852159815,1564097667.0,2019-07-25T16:34:27-07:00,POINT (-122.25602852159815 37.869206350368394),9.910078982689033,156.93600544149976,ios,1.0182537884151825,0.0769621827224678,-0.11731742359023145
65,37.86920764952699,-122.25601703871253,1564097668.0,2019-07-25T16:34:28-07:00,POINT (-122.25601703871253 37.86920764952699),9.904397034277695,157.95623213729104,ios,1.0952159711376503,-0.04035524086776365,0.1522703116828077
66,37.86920920017908,-122.25600471731485,1564097669.0,2019-07-25T16:34:29-07:00,POINT (-122.25600471731485 37.86920920017908),9.915490479771357,159.0535097355872,ios,1.0548607302698867,0.11191507081504404,-0.11654234143744846
67,37.86921091846923,-122.25599289883138,1564097670.0,2019-07-25T16:34:30-07:00,POINT (-122.25599289883138 37.86921091846923),9.951476620560731,160.10976190834677,ios,1.1667758010849307,-0.0046272706224044224,0.11494004491160092
68,37.86921280439744,-122.25597982306243,1564097671.0,2019-07-25T16:34:31-07:00,POINT (-122.25597982306243 37.86921280439744),9.989627510379085,161.27813439176418,ios,1.1621485304625263,0.1103127742891965,-0.18927500929124785
69,37.8692148160542,-122.25596683111252,1564097672.0,2019-07-25T16:34:32-07:00,POINT (-122.25596683111252 37.8692148160542),10.042659986533213,162.44126207923617,ios,1.2724613047517228,-0.07896223500205135,0.12513184665676036
70,37.86921724680612,-122.25595266569616,1564097673.0,2019-07-25T16:34:33-07:00,POINT (-122.25595266569616 37.86921724680612),10.126537825965755,163.71331318478494,ios,1.1934990697496715,0.04616961165470901,-0.22817419840173336
71,37.86921967755804,-122.25593942228915,1564097674.0,2019-07-25T16:34:34-07:00,POINT (-122.25593942228915 37.86921967755804),10.222320934867305,164.90514503997156,ios,1.2396686814043805,-0.18200458674702436,0.14609827871457481
72,37.86922223403851,-122.25592567596794,1564097675.0,2019-07-25T16:34:35-07:00,POINT (-122.25592567596794 37.86922223403851),10.319069907397173,166.3917032041936,ios,1.0576640946573561,-0.03590630803244954,0.3110220170687843
73,37.86922502982057,-122.255914159015,1564097676.0,2019-07-25T16:34:36-07:00,POINT (-122.255914159015 37.86922502982057),10.45190419702377,167.4427793337792,ios,1.0217577866249066,0.27511570903633475,-0.20108634324656927
74,37.86922797454028,-122.2559031327727,1564097677.0,2019-07-25T16:34:37-07:00,POINT (-122.2559031327727 37.86922797454028),10.608385462186053,168.45414578833243,ios,1.2968734956612413,0.07402936578976549,-0.3614621450842288
75,37.86923208099529,-122.25588930450019,1564097678.0,2019-07-25T16:34:38-07:00,POINT (-122.25588930450019 37.86923208099529),10.849830349257473,169.7303501776722,ios,1.3709028614510068,-0.2874327792944633,0.25082957862178024
76,37.869236313910825,-122.25587463615541,1564097679.0,2019-07-25T16:34:39-07:00,POINT (-122.25587463615541 37.869236313910825),11.092495000134527,171.08175580617774,ios,1.0834700821565435,-0.03660320067268308,-0.35615406694140384
77,37.86923933197034,-122.2558628999879,1564097680.0,2019-07-25T16:34:40-07:00,POINT (-122.2558628999879 37.86923933197034),11.246341669064764,172.15603823293824,ios,1.0468668814838604,-0.3927572676140869,0.3924184109597072
78,37.86924209816149,-122.25585150019472,1564097681.0,2019-07-25T16:34:41-07:00,POINT (-122.25585150019472 37.86924209816149),11.377699682099136,173.1963998910842,ios,0.6541096138697735,-0.00033885665437971557,0.15139068381837884
79,37.86924603736374,-122.2558459658659,1564097682.0,2019-07-25T16:34:42-07:00,POINT (-122.2558459658659 37.86924603736374),11.725319299380875,173.75061743218424,ios,0.6537707572153938,0.15105182716399912,-0.15147654430415491
80,37.86924997557845,-122.25584043560697,1564097683.0,2019-07-25T16:34:43-07:00,POINT (-122.25584043560697 37.86924997557845),12.072892062607337,174.30446350187614,ios,0.8048225843793929,-0.00042471714015579476,0.44089891795860636
81,37.86925464973809,-122.25583343508703,1564097684.0,2019-07-25T16:34:44-07:00,POINT (-122.25583343508703 37.86925464973809),12.478862001588992,174.99966542801621,ios,0.8043978672392371,0.44047420081845057,-0.2859161503255676
82,37.86925932133817,-122.25582643816135,1564097685.0,2019-07-25T16:34:45-07:00,POINT (-122.25582643816135 37.86925932133817),12.88460610176983,175.69450732460163,ios,1.2448720680576877,0.15455805049288296,-0.02753782909176783
83,37.86926255020434,-122.25581285886878,1564097686.0,2019-07-25T16:34:46-07:00,POINT (-122.25581285886878 37.86926255020434),13.033842611035743,176.9325199953447,ios,1.3994301185505706,0.12702022140111513,-0.13001166703846678
84,37.869263137592846,-122.2557969335491,1564097687.0,2019-07-25T16:34:47-07:00,POINT (-122.2557969335491 37.869263137592846),12.859085188431756,178.32385623819232,ios,1.5264503399516858,-0.002991445637351653,-0.2288481675424181
85,37.86926405954017,-122.25577958306827,1564097688.0,2019-07-25T16:34:48-07:00,POINT (-122.25577958306827 37.86926405954017),12.699518933937064,179.8450415710223,ios,1.5234588943143341,-0.23183961317976975,0.5382473687197011
86,37.86926544247936,-122.25576231604606,1564097689.0,2019-07-25T16:34:49-07:00,POINT (-122.25576231604606 37.86926544247936),12.591605032530415,181.3677200822377,ios,1.2916192811345644,0.3064077555399314,-0.4687601448381058
87,37.86926741213459,-122.25574781464768,1564097690.0,2019-07-25T16:34:50-07:00,POINT (-122.25574781464768 37.86926741213459),12.589337280377606,182.66181346247643,ios,1.5980270366744957,-0.16235238929817442,0.06025375660429688
88,37.86926892098706,-122.2557297100972,1564097691.0,2019-07-25T16:34:51-07:00,POINT (-122.2557297100972 37.86926892098706),12.482621941848599,184.2594624149893,ios,1.4356746473763213,-0.10209863269387753,0.25161015200519965
89,37.86926938217132,-122.25571336493215,1564097692.0,2019-07-25T16:34:52-07:00,POINT (-122.25571336493215 37.86926938217132),12.287767838908431,185.68479693523204,ios,1.3335760146824438,0.14951151931132212,-0.7051164134176983
90,37.86926875369328,-122.25569819334007,1564097693.0,2019-07-25T16:34:53-07:00,POINT (-122.25569819334007 37.86926875369328),11.991393053459383,186.9877934071947,ios,1.483087533993766,-0.5556048941063761,0.5554135085963227
91,37.869269759298334,-122.25568134568739,1564097694.0,2019-07-25T16:34:54-07:00,POINT (-122.25568134568739 37.869269759298334),11.848520027016582,188.4669832417458,ios,0.9274826398873898,-0.0001913855100534878,0.3300450018563724
92,37.86927158227439,-122.2556710349883,1564097695.0,2019-07-25T16:34:55-07:00,POINT (-122.2556710349883 37.86927158227439),11.89310239289982,189.395100006786,ios,0.9272912543773363,0.32985361634631893,-0.48679527404832557
93,37.869273405119294,-122.25566072648607,1564097696.0,2019-07-25T16:34:56-07:00,POINT (-122.25566072648607 37.869273405119294),11.937703491439041,190.3230238644637,ios,1.2571448707236552,-0.15694165770200663,-0.4744270652992799
94,37.869276338910865,-122.25564689534224,1564097697.0,2019-07-25T16:34:57-07:00,POINT (-122.25564689534224 37.869276338910865),12.050902833927008,191.57727796355914,ios,1.1002032130216486,-0.6313687230012865,0.6312664449642518
95,37.869278476399366,-122.25563465748888,1564097698.0,2019-07-25T16:34:58-07:00,POINT (-122.25563465748888 37.869278476399366),12.100952200056941,192.6783709890152,ios,0.468834490020362,-0.00010227803703483085,0.00010226642077709736
96,37.8692806417562,-122.25563007455854,1564097699.0,2019-07-25T16:34:59-07:00,POINT (-122.25563007455854 37.8692806417562),12.268917273272413,193.11655378979063,ios,0.46873221198332715,-1.1616257733493285e-08,0.5443455590193033
97,37.86928280690361,-122.25562549282724,1564097700.0,2019-07-25T16:35:00-07:00,POINT (-122.25562549282724 37.86928280690361),12.43687746803748,193.55462868791508,ios,0.4687322003670694,0.5443455474030455,-0.544454907994732
98,37.86928497205102,-122.25562091109595,1564097701.0,2019-07-25T16:35:01-07:00,POINT (-122.25562091109595 37.86928497205102),12.604837684804915,193.99270356388254,ios,1.013077747770115,-0.00010936059168642487,0.28219963445730145
99,37.86928692124708,-122.25560963705604,1564097702.0,2019-07-25T16:35:02-07:00,POINT (-122.25560963705604 37.86928692124708),12.648764426922078,195.00670031465842,ios,1.0129683871784285,0.282090273865615,-0.3039831678751874
100,37.869288869910406,-122.25559836414344,1564097703.0,2019-07-25T16:35:03-07:00,POINT (-122.25559836414344 37.869288869910406),12.692649968022575,196.0205892489262,ios,1.2950586610440435,-0.021892894009572395,0.040012710316730926
101,37.86928874444725,-122.25558361132953,1564097704.0,2019-07-25T16:35:04-07:00,POINT (-122.25558361132953 37.86928874444725),12.457554995802958,197.29681278360098,ios,1.2731657670344712,0.01811981630715853,0.07445058629555135
102,37.86928849299627,-122.25556911056759,1564097705.0,2019-07-25T16:35:05-07:00,POINT (-122.25556911056759 37.86928849299627),12.212468363241282,198.54880662681575,ios,1.2912855833416297,0.09257040260270988,0.2728941965849201
103,37.869287612925845,-122.25555444218637,1564097706.0,2019-07-25T16:35:06-07:00,POINT (-122.25555444218637 37.869287612925845),11.89614042308835,199.8034284397453,ios,1.3838559859443396,0.36546459918762997,-0.4859450396675242
104,37.869287235713344,-122.25553868415598,1564097707.0,2019-07-25T16:35:07-07:00,POINT (-122.25553868415598 37.869287235713344),11.61843851771884,201.162006901005,ios,1.7493205851319695,-0.12048044047989426,-0.050097916934737086
105,37.86928849293512,-122.25551881914578,1564097708.0,2019-07-25T16:35:08-07:00,POINT (-122.25551881914578 37.86928849293512),11.457799292739761,202.90746827460046,ios,1.6288401446520753,-0.17057835741463134,0.45071572099760715
106,37.869290127399644,-122.2555003788165,1564097709.0,2019-07-25T16:35:09-07:00,POINT (-122.2555003788165 37.869290127399644),11.359782367622012,204.5365961519833,ios,1.458261787237444,0.2801373635829758,-0.32196629666187015
107,37.869290714169935,-122.25548378252734,1564097710.0,2019-07-25T16:35:10-07:00,POINT (-122.25548378252734 37.869290714169935),11.174893714193619,205.98607249215516,ios,1.7383991508204197,-0.04182893307889435,-0.0282913450888993
108,37.8692899598361,-122.25546400126474,1564097711.0,2019-07-25T16:35:11-07:00,POINT (-122.25546400126474 37.8692899598361),10.795591120195834,207.6861985215715,ios,1.6965702177415254,-0.07012027816779365,-0.12133328478247174
109,37.86928887019418,-122.2554447228144,1564097712.0,2019-07-25T16:35:12-07:00,POINT (-122.2554447228144 37.86928887019418),10.387175075120975,209.33639975035746,ios,1.6264499395737317,-0.1914535629502654,-0.0901551510905132
110,37.86928853489899,-122.25542619871125,1564097713.0,2019-07-25T16:35:13-07:00,POINT (-122.25542619871125 37.86928853489899),10.072550738364967,210.93550236926666,ios,1.4349963766234664,-0.2816087140407786,0.3829113062156
111,37.86928878634526,-122.25540985393512,1564097714.0,2019-07-25T16:35:14-07:00,POINT (-122.25540985393512 37.86928878634526),9.889384895574175,211.53020837141324,ios,1.1533876625826878,0.1013025921748214,-0.2483258715093628
112,37.869290336980704,-122.2553968618734,1564097715.0,2019-07-25T16:35:15-07:00,POINT (-122.2553968618734 37.869290336980704),10.023382020446434,211.80623353687113,ios,1.2546902547575092,-0.1470232793345414,0.21899244997669753
113,37.86929184572708,-122.2553826964426,1564097716.0,2019-07-25T16:35:16-07:00,POINT (-122.2553826964426 37.86929184572708),10.190785440391624,213.0521905819964,ios,1.1076669754229678,0.07196917064215613,-0.10321282919871955
114,37.86929327065498,-122.25537020735791,1564097717.0,2019-07-25T16:35:17-07:00,POINT (-122.25537020735791 37.86929327065498),10.348888928488774,214.15070023433958,ios,1.179636146065124,-0.031243658556563414,-0.09691673366542974
115,37.86929507276504,-122.25535696392615,1564097718.0,2019-07-25T16:35:18-07:00,POINT (-122.25535696392615 37.86929507276504),10.54884299830688,215.3155603812986,ios,1.1483924875085605,-0.12816039222199316,0.2832218717714414
116,37.869297419700445,-122.25534422339658,1564097719.0,2019-07-25T16:35:19-07:00,POINT (-122.25534422339658 37.869297419700445),10.715763361082967,218.2740496290169,ios,1.0202320952865673,0.15506147954944827,-0.1558532030631048
117,37.869299515179755,-122.25533290780804,1564097720.0,2019-07-25T16:35:20-07:00,POINT (-122.25533290780804 37.869299515179755),10.776171875814821,219.29435100098036,ios,1.1752935748360156,-0.0007917235136565282,0.010662606417280118
118,37.8693023231213,-122.25531999965402,1564097721.0,2019-07-25T16:35:21-07:00,POINT (-122.25531999965402 37.8693023231213),10.890740544729505,220.4661044514029,ios,1.174501851322359,0.00987088290362359,-0.015845796146640945
119,37.869305550156035,-122.25530725915195,1564097722.0,2019-07-25T16:35:22-07:00,POINT (-122.25530725915195 37.869305550156035),11.053636894868399,221.6312082432551,ios,1.1843727342259827,-0.005974913243017355,-0.07626356227016795
120,37.86930886100779,-122.2552944348401,1564097723.0,2019-07-25T16:35:23-07:00,POINT (-122.2552944348401 37.86930886100779),11.224449041595001,222.80515357605432,ios,1.1783978209829653,-0.0822384755131853,-0.03502643906027436
121,37.86931095648358,-122.25528127525212,1564097724.0,2019-07-25T16:35:24-07:00,POINT (-122.25528127525212 37.86931095648358),11.257361290774362,223.9853006830588,ios,1.09615934546978,-0.11726491457345967,0.11724950820520297
122,37.86931208804051,-122.25526887003542,1564097725.0,2019-07-25T16:35:25-07:00,POINT (-122.25526887003542 37.86931208804051),11.196118394080207,225.0819241244105,ios,0.9788944308963203,-1.54063682566985e-05,0.21967856775728567
123,37.86931231854466,-122.2552577220165,1564097726.0,2019-07-25T16:35:26-07:00,POINT (-122.2552577220165 37.86931231854466),11.055092480709089,226.05261924758946,ios,0.9788790245280636,0.21966316138902897,-0.2201434374776965
124,37.86931254904518,-122.25524657417299,1564097727.0,2019-07-25T16:35:27-07:00,POINT (-122.25524657417299 37.86931254904518),10.914068902677364,227.02329911207516,ios,1.1985421859170926,-0.0004802760886675195,0.03455942749228513
125,37.86931368060211,-122.25523299548985,1564097728.0,2019-07-25T16:35:28-07:00,POINT (-122.25523299548985 37.86931368060211),10.835328545135704,228.22164379517355,ios,1.198061909828425,0.034079151403617614,0.08841696728316895
126,37.869314770249524,-122.25521941680671,1564097729.0,2019-07-25T16:35:29-07:00,POINT (-122.25521941680671 37.869314770249524),10.75200558279304,229.41920015651172,ios,1.2321410612320427,0.12249611868678656,-0.4028939443304529
127,37.86931623702173,-122.25520550342463,1564097730.0,2019-07-25T16:35:30-07:00,POINT (-122.25520550342463 37.86931623702173),10.70493040800944,230.65286341978702,ios,1.3546371799188293,-0.28039782564366633,0.40102582242433127
128,37.86931581798742,-122.25519008014561,1564097731.0,2019-07-25T16:35:31-07:00,POINT (-122.25519008014561 37.86931581798742),10.429129108904165,231.98193914925494,ios,1.074239354275163,0.12062799678066494,0.08255904160979721
129,37.86931590180645,-122.25517784256698,1564097732.0,2019-07-25T16:35:32-07:00,POINT (-122.25517784256698 37.86931590180645),10.255817425627807,233.04432304515308,ios,1.1948673510558279,0.20318703839046215,-0.45807638320625754
130,37.86931514743517,-122.25516426388384,1564097733.0,2019-07-25T16:35:33-07:00,POINT (-122.25516426388384 37.86931514743517),9.970852747327159,234.20719347820204,ios,1.39805438944629,-0.2548893448157954,0.3625385890056889
131,37.86931531507323,-122.25514833826782,1564097734.0,2019-07-25T16:35:34-07:00,POINT (-122.25514833826782 37.86931531507323),9.75171389385059,235.59084943124356,ios,1.1431650446304946,0.10764924418989352,0.18762877081308882
132,37.869316027535,-122.2551353463179,1564097735.0,2019-07-25T16:35:35-07:00,POINT (-122.2551353463179 37.869316027535),9.636898160778921,236.69467769562246,ios,1.2508142888203881,0.29527801500298234,-0.4506317819664807
133,37.86931594371597,-122.25512109708251,1564097736.0,2019-07-25T16:35:36-07:00,POINT (-122.25512109708251 37.86931594371597),9.419840800927732,237.92910200893422,ios,1.5460923038233705,-0.15535376696349834,-0.031058429335959925
134,37.86931544080178,-122.25510349508585,1564097737.0,2019-07-25T16:35:37-07:00,POINT (-122.25510349508585 37.86931544080178),9.10801256852962,239.4466291522758,ios,1.3907385368598721,-0.18641219629945827,0.09637778030030142
135,37.86931673999677,-122.25508773710789,1564097738.0,2019-07-25T16:35:38-07:00,POINT (-122.25508773710789 37.86931673999677),9.020271595882534,240.8373734032127,ios,1.2043263405604139,-0.09003441599915685,0.10149654074527592
136,37.869318290648856,-122.25507415842475,1564097739.0,2019-07-25T16:35:39-07:00,POINT (-122.25507415842475 37.869318290648856),8.991839150284127,242.04371516974606,ios,1.114291924561257,0.011462124746119073,0.1600631347019872
137,37.86931967366288,-122.25506158556999,1564097740.0,2019-07-25T16:35:40-07:00,POINT (-122.25506158556999 37.86931967366288),8.959738415046022,243.15972700894415,ios,1.125754049307376,0.17152525944810626,-0.14745308794995027
138,37.869321308134,-122.2550489288962,1564097741.0,2019-07-25T16:35:41-07:00,POINT (-122.2550489288962 37.869321308134),8.95392904991506,244.28763699277138,ios,1.2972793087554824,0.024072171498155992,0.057586333236554266
139,37.86932273305754,-122.25503426056565,1564097742.0,2019-07-25T16:35:42-07:00,POINT (-122.25503426056565 37.86932273305754),8.895843014002084,245.5861799499849,ios,1.3213514802536384,0.08165850473471026,-0.08506507224689175
140,37.8693236969764,-122.25501925695897,1564097743.0,2019-07-25T16:35:43-07:00,POINT (-122.25501925695897 37.8693236969764),8.78242332011282,246.9053202586349,ios,1.4030099849883486,-0.003406567512181491,-0.2479594199539894
141,37.86932675637106,-122.2550037504381,1564097744.0,2019-07-25T16:35:44-07:00,POINT (-122.2550037504381 37.86932675637106),8.890950685863098,248.30664750892845,ios,1.3996034174761671,-0.2513659874661709,0.2562982681976689
142,37.86933019295136,-122.2549884115553,1564097745.0,2019-07-25T16:35:45-07:00,POINT (-122.2549884115553 37.86933019295136),9.043195100393271,249.70037551445313,ios,1.1482374300099962,0.004932280731497984,-0.322607634662299
143,37.86933048631797,-122.25497533578636,1564097746.0,2019-07-25T16:35:46-07:00,POINT (-122.25497533578636 37.86933048631797),8.884530687102316,250.8399560486843,ios,1.1531697107414942,-0.31767535393080104,0.31763673908897483
144,37.86932533144752,-122.25496393639804,1564097747.0,2019-07-25T16:35:47-07:00,POINT (-122.25496393639804 37.86932533144752),8.154185063942336,251.73386108293474,ios,0.8354943568106932,-3.861484182621222e-05,-0.5521300768026033
145,37.86932023932358,-122.25495693734702,1564097748.0,2019-07-25T16:35:48-07:00,POINT (-122.25495693734702 37.86932023932358),7.494902186772906,252.24723931507972,ios,0.835455741968867,-0.5521686916444295,0.5521686953043448
146,37.86931514743517,-122.25494993861975,1564097749.0,2019-07-25T16:35:49-07:00,POINT (-122.25494993861975 37.86931514743517),6.835649833144736,252.76059389052605,ios,0.28328705032443746,3.659915315257223e-09,-2.458581616071598e-09
147,37.869313104297554,-122.25494801073606,1564097750.0,2019-07-25T16:35:50-07:00,POINT (-122.25494801073606 37.869313104297554),6.5839665362262,252.89021577122887,ios,0.2832870539843528,1.201333699185625e-09,-2.701370843605222e-05
148,37.86931106115995,-122.25494608285234,1564097751.0,2019-07-25T16:35:51-07:00,POINT (-122.25494608285234 37.86931106115995),6.332283240919939,253.01983766155493,ios,0.2832870551856865,-2.7012507102353034e-05,0.9750748457465591
149,37.869309018022335,-122.25494415496867,1564097752.0,2019-07-25T16:35:52-07:00,POINT (-122.25494415496867 37.869309018022335),6.080599947569787,253.14945955955528,ios,0.2832600426785841,0.9750478332394568,-0.3911935308461203
150,37.869306975079574,-122.25494222726883,1564097753.0,2019-07-25T16:35:53-07:00,POINT (-122.25494222726883 37.869306975079574),5.828940659309065,253.27906910759947,ios,1.2583078759180408,0.5838543023933365,-0.6595176490519941
151,37.86931275859276,-122.25492990587117,1564097754.0,2019-07-25T16:35:54-07:00,POINT (-122.25492990587117 37.86931275859276),6.282006336605164,254.454255208667,ios,1.8421621783113773,-0.0756633466586576,-0.8267653658108359
152,37.86932616963784,-122.2549175844735,1564097755.0,2019-07-25T16:35:55-07:00,POINT (-122.2549175844735 37.86932616963784),7.5696658601908755,255.7698154333827,ios,1.7664988316527197,-0.9024287124694935,0.9023856520268744
153,37.86934201143483,-122.25491607573093,1564097756.0,2019-07-25T16:35:56-07:00,POINT (-122.25491607573093 37.86934201143483),9.281041566567716,256.19222907764,ios,0.8640701191832262,-4.306044261914721e-05,0.11072085754897476
154,37.86934961820148,-122.25491406402405,1564097757.0,2019-07-25T16:35:57-07:00,POINT (-122.25491406402405 37.86934961820148),10.084014211697234,256.50671496015093,ios,0.864027058740607,0.11067779710635561,-0.11072733851513705
155,37.86935722458909,-122.25491205241741,1564097758.0,2019-07-25T16:35:58-07:00,POINT (-122.25491205241741 37.86935722458909),10.886946856985373,256.8211851351516,ios,0.9747048558469626,-4.954140878143942e-05,0.34499512978314106
156,37.86936277774094,-122.25490346074851,1564097759.0,2019-07-25T16:35:59-07:00,POINT (-122.25490346074851 37.86936277774094),11.369220459901069,257.6686173551983,ios,0.9746553144381812,0.3449455883743596,-0.29717178870156113
157,37.86936833061079,-122.25489486951591,1564097760.0,2019-07-25T16:36:00-07:00,POINT (-122.25489486951591 37.86936833061079),11.85146966060158,258.51600644173834,ios,1.3196009028125408,0.04777379967279849,0.004302980854909544
158,37.86937298256705,-122.25488103937568,1564097761.0,2019-07-25T16:36:01-07:00,POINT (-122.25488103937568 37.86937298256705),12.198181678753318,258.82074042223735,ios,1.3673747024853393,0.05207678052770803,0.16559873361819832
159,37.869384675321974,-122.2548536305523,1564097763.0,2019-07-25T16:36:03-07:00,POINT (-122.2548536305523 37.869384675321974),13.518985390549583,258.82074042223735,ios,1.4715282635407554,0.3832742477641047,-0.5479126071062854
160,37.86938936918775,-122.25483795639337,1564097764.0,2019-07-25T16:36:04-07:00,POINT (-122.25483795639337 37.86938936918775),14.237197933547156,258.82074042223735,ios,1.85480251130486,-0.16463835934218074,-0.12313028141721083
161,37.86939301531563,-122.25481733691157,1564097765.0,2019-07-25T16:36:05-07:00,POINT (-122.25481733691157 37.86939301531563),15.079542690100045,258.82074042223735,ios,1.6901641519626793,-0.28776864075939157,0.24951188445589811
162,37.86939573943416,-122.2547983938104,1564097766.0,2019-07-25T16:36:06-07:00,POINT (-122.2547983938104 37.86939573943416),15.941261193118532,258.82074042223735,ios,1.4023955112032878,-0.038256756303493455,-0.18777359566797114
163,37.86939674526254,-122.25478246819438,1564097767.0,2019-07-25T16:36:07-07:00,POINT (-122.25478246819438 37.86939674526254),16.637275482165304,258.82074042223735,ios,1.3641387548997943,-0.2260303519714646,-0.36249378956539824
164,37.86939825400511,-122.25476704549254,1564097768.0,2019-07-25T16:36:08-07:00,POINT (-122.25476704549254 37.86939825400511),17.444004778582432,258.82074042223735,ios,1.1381084029283297,-0.5885241415368628,0.5884953032857367
165,37.86940047520945,-122.25475438881875,1564097769.0,2019-07-25T16:36:09-07:00,POINT (-122.25475438881875 37.86940047520945),18.246991532587483,258.82074042223735,ios,0.5495842613914669,-2.8838251126095393e-05,-0.27470214542769045
166,37.86940259169551,-122.25474873088574,1564097770.0,2019-07-25T16:36:10-07:00,POINT (-122.25474873088574 37.86940259169551),18.720013986832754,258.82074042223735,ios,0.5495554231403408,-0.27473098367881654,0.2747309858632597
167,37.869404708070554,-122.25474307324947,1564097771.0,2019-07-25T16:36:11-07:00,POINT (-122.25474307324947 37.869404708070554),19.197130105036063,258.82074042223735,ios,0.27482443946152424,2.184443181896256e-09,-3.5369857043221486e-10
168,37.86940360162958,-122.25474027361851,1564097772.0,2019-07-25T16:36:12-07:00,POINT (-122.25474027361851 37.86940360162958),19.241018904825545,258.82074042223735,ios,0.2748244416459674,1.8307446114640413e-09,4.053692326255742e-09
169,37.8694024951886,-122.25473747398756,1564097773.0,2019-07-25T16:36:13-07:00,POINT (-122.25473747398756 37.8694024951886),19.288733305968247,258.82074042223735,ios,0.27482444347671203,5.884436937719784e-09,-3.6958696332245466e-05
170,37.86940138874763,-122.25473467435663,1564097774.0,2019-07-25T16:36:14-07:00,POINT (-122.25473467435663 37.86940138874763),19.3402449923892,258.82074042223735,ios,0.27482444936114897,-3.695281189530775e-05,1.1929806831576562
171,37.86940028230666,-122.25473187472566,1564097775.0,2019-07-25T16:36:15-07:00,POINT (-122.25473187472566 37.86940028230666),19.395523709232243,258.82074042223735,ios,0.27478749654925366,1.1929437303457608,-0.8976214570366161
172,37.86939917601446,-122.25472907547118,1564097776.0,2019-07-25T16:36:16-07:00,POINT (-122.25472907547118 37.86939917601446),19.45452916202704,258.82074042223735,ios,1.4677312268950145,0.29532227330914473,-0.2885482084668882
173,37.86940009802381,-122.25471239548386,1564097777.0,2019-07-25T16:36:17-07:00,POINT (-122.25471239548386 37.86940009802381),20.490556282760586,258.82074042223735,ios,1.7630535002041592,0.006774064842256511,-0.37023985627917
174,37.86940194204251,-122.25469244655432,1564097778.0,2019-07-25T16:36:18-07:00,POINT (-122.25469244655432 37.86940194204251),21.853128709134126,258.82074042223735,ios,1.7698275650464157,-0.3634657914369135,-1.0428959821725887
175,37.86940374415169,-122.25467241380574,1564097779.0,2019-07-25T16:36:19-07:00,POINT (-122.25467241380574 37.86940374415169),23.27245585184132,258.82074042223735,ios,1.4063617736095022,-1.4063617736095022,1.4063617736095022
176,37.86940512716571,-122.25465648818971,1564097780.0,2019-07-25T16:36:20-07:00,POINT (-122.25465648818971 37.86940512716571),24.430274255188234,258.82074042223735,ios,0.0,0.0,0.0
