,latitude,longitude,ts,fmt_time,geometry,gt_distance,gt_projection,source,speed,acceleration,jerk
0,37.869479055551686,-122.25767891865434,1574208763.0,2019-11-19T16:12:43-08:00,POINT (-122.25767891865434 37.869479055551686),24.00309361095176,0.0,ios,1.1442163685794,-0.16358552764751322,0.16353007646070228
1,37.869479893742,-122.25766592670442,1574208764.0,2019-11-19T16:12:44-08:00,POINT (-122.25766592670442 37.869479893742),23.698271577060524,0.0,ios,0.9806308409318868,-5.5451186810939745e-05,0.38664877373523254
2,37.8694863060791,-122.25765825704633,1574208765.0,2019-11-19T16:12:45-08:00,POINT (-122.25765825704633 37.8694863060791),22.89241771937976,0.0,ios,0.9805753897450759,0.3865933225484216,-0.5034621509645248
3,37.869492718053856,-122.25765058782162,1574208766.0,2019-11-19T16:12:46-08:00,POINT (-122.25765058782162 37.869492718053856),22.100725200049585,0.0,ios,1.3671687122934975,-0.11686882841610324,0.13613140521713385
4,37.86950428508023,-122.25764530722262,1574208767.0,2019-11-19T16:12:47-08:00,POINT (-122.25764530722262 37.86950428508023),20.77486912128912,0.0,ios,1.2502998838773942,0.019262576801030606,-0.41865122184649517
5,37.86951551683048,-122.25764463667036,1574208768.0,2019-11-19T16:12:48-08:00,POINT (-122.25764463667036 37.86951551683048),19.529082552902214,0.0,ios,1.2695624606784248,-0.39938864504546456,0.3993392596526357
6,37.869526832399764,-122.25764270883263,1574208769.0,2019-11-19T16:12:49-08:00,POINT (-122.25764270883263 37.869526832399764),18.26281268900252,0.0,ios,0.8701738156329603,-4.9385392828837915e-05,0.26007282528576436
7,37.86953420868383,-122.25763939788696,1574208770.0,2019-11-19T16:12:50-08:00,POINT (-122.25763939788696 37.86953420868383),17.420404632628543,0.0,ios,0.8701244302401314,0.2600234398929355,-0.10129038177019556
8,37.869541584549346,-122.25763608712914,1574208771.0,2019-11-19T16:12:51-08:00,POINT (-122.25763608712914 37.869541584549346),16.580758406505336,0.0,ios,1.130147870133067,0.15873305812273997,-0.008331959516076681
9,37.86955172665218,-122.25763524893881,1574208772.0,2019-11-19T16:12:52-08:00,POINT (-122.25763524893881 37.86955172665218),15.453092832849487,0.0,ios,1.288880928255807,0.15040109860666329,-0.3901273502191185
10,37.86956308413098,-122.25763818260492,1574208773.0,2019-11-19T16:12:53-08:00,POINT (-122.25763818260492 37.86956308413098),14.220846788291837,0.0,ios,1.4392820268624702,-0.2397262516124552,0.2526468673470881
11,37.869575195981064,-122.25764396611811,1574208774.0,2019-11-19T16:12:54-08:00,POINT (-122.25764396611811 37.869575195981064),12.95152229794214,0.0,ios,1.199555775250015,0.012920615734632879,-0.19019527983796292
12,37.869585505721965,-122.25764798943163,1574208775.0,2019-11-19T16:12:55-08:00,POINT (-122.25764798943163 37.869585505721965),11.885515650345864,0.0,ios,1.2124763909846479,-0.17727466410333004,0.19381126910372415
13,37.86959606691996,-122.25765142601193,1574208776.0,2019-11-19T16:12:56-08:00,POINT (-122.25765142601193 37.86959606691996),10.807343028434644,0.0,ios,1.0352017268813178,0.01653660500039411,0.7399133390709667
14,37.86960537083248,-122.25765184510709,1574208777.0,2019-11-19T16:12:57-08:00,POINT (-122.25765184510709 37.86960537083248),9.8185890703139,0.0,ios,1.051738331881712,0.7564499440713608,-0.4731511339555332
15,37.86961471665452,-122.2576500010884,1574208778.0,2019-11-19T16:12:58-08:00,POINT (-122.2576500010884 37.86961471665452),8.777136081214952,0.0,ios,1.8081882759530727,0.2832988101158276,-0.6418958540337294
16,37.86963089372764,-122.25765209656419,1574208779.0,2019-11-19T16:12:59-08:00,POINT (-122.25765209656419 37.86963089372764),7.140611550006667,0.0,ios,2.0914870860689003,-0.3585970439179018,0.17899007873800254
17,37.869649250095584,-122.25765729334415,1574208780.0,2019-11-19T16:13:00-08:00,POINT (-122.25765729334415 37.869649250095584),5.55012348907762,0.0,ios,1.7328900421509985,-0.17960696517989927,-0.17617253620355466
18,37.8696638346071,-122.25766425032378,1574208781.0,2019-11-19T16:13:01-08:00,POINT (-122.25766425032378 37.8696638346071),4.772481624640204,0.0,ios,1.5532830769710992,-0.35577950138345393,0.2675965578677686
19,37.86967640746186,-122.2576719616747,1574208782.0,2019-11-19T16:13:02-08:00,POINT (-122.2576719616747 37.86967640746186),4.687176910140425,0.0,ios,1.1975035755876453,-0.08818294351568534,0.0993513364934242
20,37.86968457981745,-122.25768084649206,1574208783.0,2019-11-19T16:13:03-08:00,POINT (-122.25768084649206 37.86968457981745),5.239212276859952,0.019685616252491968,ios,1.10932063207196,0.011168392977738861,0.11825912646835501
21,37.86969338081578,-122.25768679764332,1574208784.0,2019-11-19T16:13:04-08:00,POINT (-122.25768679764332 37.86969338081578),5.630241066424088,1.056353720890673,ios,1.1204890250496988,0.12942751944609387,-0.32973907153676585
22,37.86970310382346,-122.25769015040458,1574208785.0,2019-11-19T16:13:05-08:00,POINT (-122.25769015040458 37.86970310382346),5.781292175553732,2.1645066569030593,ios,1.2499165444957927,-0.20031155209067197,0.2002504877815765
23,37.86971416793565,-122.25769266497554,1574208786.0,2019-11-19T16:13:06-08:00,POINT (-122.25769266497554 37.86971416793565),5.8397629647042715,3.4105237403581943,ios,1.0496049924051207,-6.1064309095471e-05,0.283107885650125
24,37.86972343020806,-122.2576903598851,1574208787.0,2019-11-19T16:13:07-08:00,POINT (-122.2576903598851 37.86972343020806),5.504149490627043,4.402812537616323,ios,1.0495439280960253,0.28304682134102954,-0.03281426099861795
25,37.86973269194166,-122.25768805492878,1574208788.0,2019-11-19T16:13:08-08:00,POINT (-122.25768805492878 37.86973269194166),5.168555593468513,5.395043623256733,ios,1.3325907494370548,0.2502325603424116,0.1693447222915867
26,37.869743630325296,-122.25768185232045,1574208789.0,2019-11-19T16:13:09-08:00,POINT (-122.25768185232045 37.869743630325296),4.5785285112889245,5.530084119551054,ios,1.5828233097794664,0.4195772826339983,-0.5701926533935209
27,37.8697555326278,-122.2576719616747,1574208790.0,2019-11-19T16:13:10-08:00,POINT (-122.2576719616747 37.8697555326278),3.915162506819662,6.654312502283901,ios,2.0024005924134647,-0.15061537075952258,0.20541686382608892
28,37.86976948849658,-122.25765754480125,1574208791.0,2019-11-19T16:13:11-08:00,POINT (-122.25765754480125 37.86976948849658),2.9052146472027074,8.382254279515477,ios,1.851785221653942,0.05480149306656634,0.1030723425850717
29,37.869783192908265,-122.25764555867971,1574208792.0,2019-11-19T16:13:12-08:00,POINT (-122.25764555867971 37.869783192908265),2.1020624744441827,10.049160930589865,ios,1.9065867147205084,0.15787383565163804,-0.6023423131037091
30,37.86979798696736,-122.25763457838656,1574208793.0,2019-11-19T16:13:13-08:00,POINT (-122.25763457838656 37.86979798696736),1.5550670971093126,11.25359134066799,ios,2.0644605503721465,-0.4444684774520711,0.2068752176558768
31,37.86981290675501,-122.25762058060826,1574208794.0,2019-11-19T16:13:14-08:00,POINT (-122.25762058060826 37.86981290675501),1.3427755568599613,13.30572293601923,ios,1.6199920729200754,-0.23759325979619428,0.23901826287937333
32,37.86982409659574,-122.25760876212479,1574208795.0,2019-11-19T16:13:15-08:00,POINT (-122.25760876212479 37.86982409659574),1.0837488236487627,14.90416189881043,ios,1.3823988131238811,0.001425003083179055,-0.10589483372379282
33,37.869834029151,-122.2575992905742,1574208796.0,2019-11-19T16:13:16-08:00,POINT (-122.2575992905742 37.869834029151),0.9308678406086459,16.27719660519328,ios,1.3838238162070602,-0.10446983064061377,0.3711620377141296
34,37.86984417125384,-122.25759015429975,1574208797.0,2019-11-19T16:13:17-08:00,POINT (-122.25759015429975 37.86984417125384),0.9167931038893948,17.58805116962398,ios,1.2793539855664464,0.2666922070735158,0.360499910908479
35,37.86985297225217,-122.2575807665682,1574208798.0,2019-11-19T16:13:18-08:00,POINT (-122.2575807665682 37.86985297225217),0.8042961864318112,18.861919128309456,ios,1.5460461926399622,0.6271921179819948,-0.8418098488101551
36,37.86985904913197,-122.2575649247712,1574208799.0,2019-11-19T16:13:19-08:00,POINT (-122.2575649247712 37.86985904913197),0.053651365054158046,20.21569629162047,ios,2.173238310621957,-0.21461773082816027,-0.5378707353269623
37,37.86986093506018,-122.25754028197588,1574208800.0,2019-11-19T16:13:20-08:00,POINT (-122.25754028197588 37.86986093506018),1.5976323368087495,21.63524550126145,ios,1.9586205797937968,-0.7524884661551225,0.5713291689534632
38,37.869862611440816,-122.25751806993247,1574208801.0,2019-11-19T16:13:21-08:00,POINT (-122.25751806993247 37.869862611440816),3.087537189420871,22.91263817900996,ios,1.2061321136386742,-0.18115929720165935,0.08601448938701284
39,37.86986550319741,-122.25750482652546,1574208802.0,2019-11-19T16:13:22-08:00,POINT (-122.25750482652546 37.86986550319741),3.8549216477342387,23.845880998030697,ios,1.0249728164370149,-0.09514480781464651,0.09509133930077407
40,37.86987007133464,-122.25749468442262,1574208803.0,2019-11-19T16:13:23-08:00,POINT (-122.25749468442262 37.86987007133464),4.2921831835872615,24.774047857180065,ios,0.9298280086223684,-5.3468513872445556e-05,-0.15558322041636563
41,37.86987531017463,-122.2574864280108,1574208804.0,2019-11-19T16:13:24-08:00,POINT (-122.2574864280108 37.86987531017463),4.550998263103962,25.66751126182417,ios,0.9297745401084959,-0.15563668893023808,0.1555921918241595
42,37.8698805487136,-122.25747817207339,1574208805.0,2019-11-19T16:13:25-08:00,POINT (-122.25747817207339 37.8698805487136),4.809798345890911,26.560923324052617,ios,0.7741378511782578,-4.449710607856705e-05,0.0976245275773081
43,37.86988656290191,-122.25747372953707,1574208806.0,2019-11-19T16:13:26-08:00,POINT (-122.25747372953707 37.86988656290191),4.7448426739780265,27.33148550625016,ios,0.7740933540721793,0.09758003047122954,-0.09762928551181005
44,37.869892576744654,-122.25746928725601,1574208807.0,2019-11-19T16:13:27-08:00,POINT (-122.25746928725601 37.869892576744654),4.679890671217228,28.102003391916202,ios,0.8716733845434088,-4.9255040580509224e-05,0.3391815069738189
45,37.86990037213484,-122.25747033502351,1574208808.0,2019-11-19T16:13:28-08:00,POINT (-122.25747033502351 37.86990037213484),4.112742987058953,28.5266321382116,ios,0.8716241295028283,0.33913225193323837,-0.4222079019246888
46,37.86990816708455,-122.25747138273181,1574208809.0,2019-11-19T16:13:29-08:00,POINT (-122.25747138273181 37.86990816708455),3.6414361137743563,28.557657880362374,ios,1.2107563814360667,-0.08307564999145045,0.3864626250629801
47,37.86991902164916,-122.25747247237922,1574208810.0,2019-11-19T16:13:30-08:00,POINT (-122.25747247237922 37.86991902164916),3.1085591497059224,29.641974422568612,ios,1.1276807314446162,0.3033869750715297,-0.2595351375638537
48,37.86992903802345,-122.25747046072246,1574208811.0,2019-11-19T16:13:31-08:00,POINT (-122.25747046072246 37.86992903802345),2.791619842181676,31.574577805192867,ios,1.431067706516146,0.04385183750767596,-0.11882719411631859
49,37.86994085650692,-122.25746400665702,1574208812.0,2019-11-19T16:13:32-08:00,POINT (-122.25746400665702 37.86994085650692),2.4218677482954387,32.95483732178518,ios,1.4749195440238219,-0.07497535660864263,-0.0512637535704199
50,37.8699516272525,-122.2574541998303,1574208813.0,2019-11-19T16:13:33-08:00,POINT (-122.2574541998303 37.8699516272525),2.452093913873321,33.74548247409577,ios,1.3999441874151792,-0.12623911017906253,0.03213686476405975
51,37.869973210653164,-122.25743777130009,1574208815.0,2019-11-19T16:13:35-08:00,POINT (-122.25743777130009 37.869973210653164),3.9655148031020384,34.21373795063941,ios,1.1474659670570542,-0.061965380650943036,-0.2732609570372433
52,37.86998289175133,-122.25743324507238,1574208816.0,2019-11-19T16:13:36-08:00,POINT (-122.25743324507238 37.86998289175133),4.624836248215474,35.150557616111165,ios,1.0855005864061111,-0.3352263376881863,0.33518376360659907
53,37.86999248903046,-122.25743098195852,1574208817.0,2019-11-19T16:13:37-08:00,POINT (-122.25743098195852 37.86999248903046),5.089330948104623,36.12923889631489,ios,0.7502742487179248,-4.25740815872544e-05,-0.13579314236658901
54,37.86999915283254,-122.25742964081597,1574208818.0,2019-11-19T16:13:38-08:00,POINT (-122.25742964081597 37.86999915283254),5.392270815718092,36.8139527157955,ios,0.7502316746363376,-0.13583571644817627,0.13579997218222162
55,37.8700058162565,-122.2574282997495,1574208819.0,2019-11-19T16:13:39-08:00,POINT (-122.2574282997495 37.8700058162565),5.615771742450069,38.18568101097605,ios,0.6143959581881613,-3.574426595465141e-05,-0.047839203901096194
56,37.87001118083057,-122.25742662332013,1574208820.0,2019-11-19T16:13:40-08:00,POINT (-122.25742662332013 37.87001118083057),5.843134721294804,38.75519464140868,ios,0.6143602139222066,-0.047874948167050846,-0.38371012928324066
57,37.87001654509256,-122.25742494698824,1574208821.0,2019-11-19T16:13:41-08:00,POINT (-122.25742494698824 37.87001654509256),6.070484453750107,39.32467514561773,ios,0.5664852657551558,-0.4315850774502915,0.45761396424581663
58,37.87002138577956,-122.25742293527416,1574208822.0,2019-11-19T16:13:42-08:00,POINT (-122.25742293527416 37.87002138577956),6.311930411271289,107.48522539088495,ios,0.13490018830486425,0.02602888679552514,-0.0018469500758491032
59,37.870022160967686,-122.25735378463031,1574208867.0,2019-11-19T16:14:27-08:00,POINT (-122.25735378463031 37.870022160967686),0.2912317665940516,108.35268755638602,ios,1.3062000941034955,-0.0570838666176845,0.07975872579345022
60,37.870010929217436,-122.25734942604066,1574208868.0,2019-11-19T16:14:28-08:00,POINT (-122.25734942604066 37.870010929217436),0.5474717345293028,109.4876587206096,ios,1.249116227485811,0.022674859175765727,-0.14068954526370336
61,37.8700007871146,-122.25734330725135,1574208869.0,2019-11-19T16:14:29-08:00,POINT (-122.25734330725135 37.8700007871146),0.7687746121721493,110.71526643224992,ios,1.2717910866615767,-0.11801468608793764,-0.049525036725978966
62,37.869991022197404,-122.25733576353849,1574208870.0,2019-11-19T16:14:30-08:00,POINT (-122.25733576353849 37.869991022197404),0.8639298044478256,111.98219720139899,ios,1.153776400573639,-0.1675397228139166,0.16748284934072233
63,37.86998213738004,-122.25732897419692,1574208871.0,2019-11-19T16:14:31-08:00,POINT (-122.25732897419692 37.86998213738004),0.9558223400465717,113.1311117675957,ios,0.9862366777597225,-5.687347319427438e-05,0.0839097639992854
64,37.869974677271,-122.25732289714182,1574208872.0,2019-11-19T16:14:32-08:00,POINT (-122.25732289714182 37.869974677271),1.0061200595728272,114.11515074661331,ios,0.9861798042865282,0.08385289052609113,-0.027941344853821715
65,37.8699672175924,-122.25731682043732,1574208873.0,2019-11-19T16:14:33-08:00,POINT (-122.25731682043732 37.8699672175924),1.056414767902275,115.09913298594648,ios,1.0700326948126193,0.055911545672269414,-0.05132710249078998
66,37.86995950624148,-122.25730952818157,1574208874.0,2019-11-19T16:14:34-08:00,POINT (-122.25730952818157 37.86995950624148),1.0362965397070352,116.16827879403557,ios,1.1259442404848887,0.004584443181479436,-0.08429725267831278
67,37.869950956700244,-122.25730265502096,1574208875.0,2019-11-19T16:14:35-08:00,POINT (-122.25730265502096 37.869950956700244),1.100457826458357,117.29132360748372,ios,1.1305286836663682,-0.07971280949683335,0.08778651154892958
68,37.86994156896869,-122.2572977096981,1574208876.0,2019-11-19T16:14:36-08:00,POINT (-122.2572977096981 37.86994156896869),1.3565591091645284,118.39068129415134,ios,1.0508158741695348,0.008073702052096232,0.24515586002043688
69,37.869932516513266,-122.2572942731178,1574208877.0,2019-11-19T16:14:37-08:00,POINT (-122.2572942731178 37.869932516513266),1.6985712063366811,119.38227260395264,ios,1.058889576221631,0.2532295620725331,-0.06831945796750172
70,37.86992329641978,-122.25729125563265,1574208878.0,2019-11-19T16:14:38-08:00,POINT (-122.25729125563265 37.86992329641978),2.0813637299293197,120.36740237283317,ios,1.3121191382941642,0.1849101041050314,-0.4707247335256255
71,37.86991223230759,-122.25728605885269,1574208879.0,2019-11-19T16:14:39-08:00,POINT (-122.25728605885269 37.86991223230759),2.428269231513211,121.6305925722454,ios,1.4970292423991955,-0.2858146294205941,0.15133518968094162
72,37.86989991090993,-122.25727918569208,1574208880.0,2019-11-19T16:14:40-08:00,POINT (-122.25727918569208 37.86989991090993),2.737112689467863,123.09316571114964,ios,1.2112146129786014,-0.13447943973965248,0.34888964051256943
73,37.8698911099116,-122.25727105524601,1574208881.0,2019-11-19T16:14:41-08:00,POINT (-122.25727105524601 37.8698911099116),2.796921549452167,123.68584032017357,ios,1.076735173238949,0.21441020077291695,-0.026638025665931764
74,37.869886793231466,-122.25726007495285,1574208882.0,2019-11-19T16:14:42-08:00,POINT (-122.25726007495285 37.869886793231466),2.650643871643126,124.30999452022093,ios,1.291145374011866,0.18777217510698518,0.1285999751141913
75,37.869885284488895,-122.25724549044133,1574208883.0,2019-11-19T16:14:43-08:00,POINT (-122.25724549044133 37.869885284488895),2.107877432893905,125.48431303865841,ios,1.478917549118851,0.3163721502211765,-0.44411984633643375
76,37.86988541021744,-122.25722864281596,1574208884.0,2019-11-19T16:14:44-08:00,POINT (-122.25722864281596 37.86988541021744),1.3055267473340784,126.73024605880293,ios,1.7952896993400276,-0.12774769611525727,0.1332161356009296
77,37.86988394338439,-122.25720827479125,1574208885.0,2019-11-19T16:14:45-08:00,POINT (-122.25720827479125 37.86988394338439),0.6720145345333637,127.99723470290098,ios,1.6675420032247703,0.005468439485672327,-0.015690586694250497
78,37.86988281182746,-122.25718933169009,1574208886.0,2019-11-19T16:14:46-08:00,POINT (-122.25718933169009 37.86988281182746),1.0212486627724788,129.41329371562267,ios,1.6730104427104426,-0.01022214720857817,-0.2323050544856764
79,37.869881931727626,-122.25717030476989,1574208887.0,2019-11-19T16:14:47-08:00,POINT (-122.25717030476989 37.869881931727626),1.5670125408520172,130.9983617785497,ios,1.6627882955018645,-0.24252720169425457,0.3203217528764941
80,37.869881931727626,-122.25715136166872,1574208888.0,2019-11-19T16:14:48-08:00,POINT (-122.25715136166872 37.869881931727626),2.0167589681095173,132.60269008551765,ios,1.42026109380761,0.07779455118223955,0.32527932696653417
81,37.86988453011761,-122.25713551987172,1574208889.0,2019-11-19T16:14:49-08:00,POINT (-122.25713551987172 37.86988453011761),2.1152702380733084,134.02218443054372,ios,1.4980556449898494,0.4030738781487737,-0.3161084694304519
82,37.869889014435806,-122.25711942661763,1574208890.0,2019-11-19T16:14:50-08:00,POINT (-122.25711942661763 37.869889014435806),2.018264648840829,135.5194584471729,ios,1.9011295231386232,0.08696540871832181,-0.450154266285115
83,37.869895007496574,-122.25709914241196,1574208891.0,2019-11-19T16:14:51-08:00,POINT (-122.25709914241196 37.869895007496574),1.859570600316323,137.4168588742822,ios,1.988094931856945,-0.3631888575667932,0.09647013430663054
84,37.86990225784282,-122.25707843911113,1574208892.0,2019-11-19T16:14:52-08:00,POINT (-122.25707843911113 37.86990225784282),1.5765017357576723,139.38740859895572,ios,1.6249060742901518,-0.26671872326016266,0.03882711321125476
85,37.8699101368318,-122.25706284877123,1574208893.0,2019-11-19T16:14:53-08:00,POINT (-122.25706284877123 37.8699101368318),1.104878918099413,140.94375917673648,ios,1.358187351029989,-0.2278916100489079,0.32565122595054485
86,37.869919063558676,-122.25705228757323,1574208894.0,2019-11-19T16:14:54-08:00,POINT (-122.25705228757323 37.869919063558676),0.40191758836939395,142.10556125969134,ios,1.1302957409810812,0.09775961590163695,-0.13283400386865774
87,37.86992497280041,-122.25704181019427,1574208895.0,2019-11-19T16:14:55-08:00,POINT (-122.25704181019427 37.86992497280041),0.019344844703266827,143.1698913454004,ios,1.2280553568827182,-0.03507438796702078,-0.27141366719739735
88,37.869932139327624,-122.25703116517724,1574208896.0,2019-11-19T16:14:56-08:00,POINT (-122.25703116517724 37.869932139327624),0.49357249907392764,144.28607431957144,ios,1.1929809689156974,-0.3064880551644181,0.30643729367362893
89,37.86993855148355,-122.25702026870312,1574208897.0,2019-11-19T16:14:57-08:00,POINT (-122.25702026870312 37.86993855148355),0.9199252513173325,145.400960300828,ios,0.8864929137512793,-5.076149078919734e-05,0.5143730287797877
90,37.869943455037195,-122.25701230566727,1574208898.0,2019-11-19T16:14:58-08:00,POINT (-122.25701230566727 37.869943455037195),1.2547488716788644,146.22222536277525,ios,0.8864421522604901,0.5143222672889985,-0.21928186697774021
91,37.86994835831026,-122.25700434308708,1574208899.0,2019-11-19T16:14:59-08:00,POINT (-122.25700434308708 37.86994835831026),1.5895534182976108,147.04344336055655,ios,1.4007644195494886,0.29504040031125833,-0.5061221443943871
92,37.869953471271195,-122.25698975857557,1574208900.0,2019-11-19T16:15:00-08:00,POINT (-122.25698975857557 37.869953471271195),1.7895439631252528,148.4317654564258,ios,1.695804819860747,-0.21108174408312874,0.044099383939326886
93,37.869957326946654,-122.2569710669315,1574208901.0,2019-11-19T16:15:01-08:00,POINT (-122.2569710669315 37.869957326946654),1.7576996428766198,150.13027305930706,ios,1.4847230757776182,-0.16698236014380186,0.1495038472158623
94,37.869960763526954,-122.25695472222031,1574208902.0,2019-11-19T16:15:02-08:00,POINT (-122.25695472222031 37.869960763526954),1.7368011389309035,151.6174625673411,ios,1.3177407156338163,-0.01747851292793956,-0.03389235152904502
95,37.869964493473866,-122.25694047298492,1574208903.0,2019-11-19T16:15:03-08:00,POINT (-122.25694047298492 37.869964493473866),1.796995537906013,152.93596837772924,ios,1.3002622027058768,-0.05137086445698458,-0.04272253004155524
96,37.86996688231627,-122.25692597229244,1574208904.0,2019-11-19T16:15:04-08:00,POINT (-122.25692597229244 37.86996688231627),1.7079406259457752,154.2356048997136,ios,1.2488913382488922,-0.09409339449853982,0.13782705143930185
97,37.86996889397303,-122.25691197451414,1574208905.0,2019-11-19T16:15:05-08:00,POINT (-122.25691197451414 37.86996889397303),1.5905286067368232,155.48135205748702,ios,1.1547979437503524,0.043733656940762033,0.04570364723438658
98,37.86997052844415,-122.25689898256422,1574208906.0,2019-11-19T16:15:06-08:00,POINT (-122.25689898256422 37.86997052844415),1.4566994911946847,156.6306170958244,ios,1.1985316006911144,0.08943730417514861,-0.14848925298074422
99,37.86997166000108,-122.25688540388109,1574208907.0,2019-11-19T16:15:07-08:00,POINT (-122.25688540388109 37.86997166000108),1.255210685052843,157.81451161979786,ios,1.287968904866263,-0.05905194880559561,0.11012760315168668
100,37.86997195336769,-122.25687073555054,1574208908.0,2019-11-19T16:15:08-08:00,POINT (-122.25687073555054 37.86997195336769),0.938302298887074,159.06558704897537,ios,1.2289169560606674,0.05107565434609107,0.0709517950150047
101,37.86997216291527,-122.25685673777224,1574208909.0,2019-11-19T16:15:09-08:00,POINT (-122.25685673777224 37.86997216291527),0.6283591604014577,160.25736181420194,ios,1.2799926104067585,0.12202744936109577,-0.1603303246451122
102,37.86997618622879,-122.25684307527007,1574208910.0,2019-11-19T16:15:10-08:00,POINT (-122.25684307527007 37.86997618622879),0.733827413346725,161.53496202039952,ios,1.4020200597678543,-0.038302875284016435,0.2113921563677157
103,37.869982011651494,-122.25682890985371,1574208911.0,2019-11-19T16:15:11-08:00,POINT (-122.25682890985371 37.869982011651494),1.019887764766749,162.90912726080668,ios,1.3637171844838378,0.17308928108369925,-0.3543824235393567
104,37.86998842380742,-122.2568156664467,1574208912.0,2019-11-19T16:15:12-08:00,POINT (-122.2568156664467 37.86998842380742),1.390523153167867,164.2227779936663,ios,1.536806465567537,-0.18129314245565742,0.20042341849408207
105,37.86999320149223,-122.25679923791648,1574208913.0,2019-11-19T16:15:13-08:00,POINT (-122.25679923791648 37.86999320149223),1.5109168643045379,165.75723119550906,ios,1.3555133231118797,0.019130276038424654,0.08445799223673678
106,37.86999680571059,-122.2567844857669,1574208914.0,2019-11-19T16:15:14-08:00,POINT (-122.2567844857669 37.86999680571059),1.5457411798334253,167.11456366979434,ios,1.3746435991503043,0.10358826827516143,-0.479093001812144
107,37.87000095475266,-122.25676973361732,1574208915.0,2019-11-19T16:15:15-08:00,POINT (-122.25676973361732 37.87000095475266),1.63877305669388,168.4882132630045,ios,1.4782318674254658,-0.37550473353698255,0.4686794773938088
108,37.8700058162565,-122.25675405945839,1574208916.0,2019-11-19T16:15:16-08:00,POINT (-122.25675405945839 37.8700058162565),1.786032516770789,169.96128735848657,ios,1.1027271338884832,0.09317474385682623,-0.05842240783838326
109,37.87001025866518,-122.25674282770814,1574208917.0,2019-11-19T16:15:17-08:00,POINT (-122.25674282770814 37.87001025866518),1.9939870045101464,171.04557355357304,ios,1.1959018777453094,0.034752336018442964,-0.1336927043406806
110,37.87001537162612,-122.2567308415866,1574208918.0,2019-11-19T16:15:18-08:00,POINT (-122.2567308415866 37.87001537162612),2.2556715100015374,172.21383147195476,ios,1.2306542137637524,-0.09894036832223763,0.24950174504066602
111,37.87002040076802,-122.25671835255088,1574208919.0,2019-11-19T16:15:19-08:00,POINT (-122.25671835255088 37.87002040076802),2.496461265454556,173.4221717247471,ios,1.1317138454415148,0.1505613767184284,-0.6437178708706608
112,37.870025513728955,-122.25670720461966,1574208920.0,2019-11-19T16:15:20-08:00,POINT (-122.25670720461966 37.870025513728955),2.7780460214960767,174.51944149624586,ios,1.2822752221599432,-0.4931564941522324,0.4931115023633109
113,37.87003200970391,-122.25669513467909,1574208921.0,2019-11-19T16:15:21-08:00,POINT (-122.25669513467909 37.87003200970391),3.185498148990591,175.73621832153975,ios,0.7891187280077108,-4.4991788921477927e-05,0.0009737098545464784
114,37.87003517396251,-122.25668708782278,1574208922.0,2019-11-19T16:15:22-08:00,POINT (-122.25668708782278 37.87003517396251),3.3325137747816043,176.51248952037992,ios,0.7890737362187893,0.0009287180656250005,-0.0009743226679916894
115,37.87003833804081,-122.25667904142499,1574208923.0,2019-11-19T16:15:23-08:00,POINT (-122.25667904142499 37.87003833804081),3.4795210996855457,177.28871644418854,ios,0.7900024542844143,-4.560460236668895e-05,0.3397583299380619
116,37.87004131370228,-122.25667086883365,1574208924.0,2019-11-19T16:15:24-08:00,POINT (-122.25667086883365 37.87004131370228),3.6034025878432128,178.06998793704284,ios,0.7899568496820476,0.3397127253356952,-0.015268249593734962
117,37.870044289192066,-122.25666269671382,1574208925.0,2019-11-19T16:15:25-08:00,POINT (-122.25666269671382 37.870044289192066),3.727277002637721,178.85121431861162,ios,1.1296695750177428,0.3244444757419602,-0.22837851073101634
118,37.870047222858176,-122.25665037531616,1574208926.0,2019-11-19T16:15:26-08:00,POINT (-122.25665037531616 37.870047222858176),3.7481733100187267,179.9825983091695,ios,1.454114050759703,0.09606596501094389,-0.17330969756648296
119,37.87005032416235,-122.25663428206207,1574208927.0,2019-11-19T16:15:27-08:00,POINT (-122.25663428206207 37.87005032416235),3.69743045781025,181.43844860647076,ios,1.550180015770647,-0.07724373255553907,-0.4148525604444201
120,37.87005145571928,-122.2566166800654,1574208928.0,2019-11-19T16:15:28-08:00,POINT (-122.2566166800654 37.87005145571928),3.4004262055128756,182.96308460664625,ios,1.4729362832151078,-0.49209629299995916,0.4920406133807129
121,37.8700520424525,-122.25659991625906,1574208929.0,2019-11-19T16:15:29-08:00,POINT (-122.25659991625906 37.8700520424525),3.0651146960058573,184.4004156303537,ios,0.9808399902151487,-5.567961924624054e-05,0.09645375314027393
122,37.870053676969995,-122.25658893565435,1574208930.0,2019-11-19T16:15:30-08:00,POINT (-122.25658893565435 37.870053676969995),2.979046867313509,185.37933664844468,ios,0.9807843105959024,0.0963980735210277,-0.09646129620306465
123,37.87005531139474,-122.25657795567274,1574208931.0,2019-11-19T16:15:31-08:00,POINT (-122.25657795567274 37.87005531139474),2.8929840414145387,186.35820210704236,ios,1.0771823841169301,-6.322268203695636e-05,0.4220132236752525
124,37.870058727120444,-122.25656647212863,1574208932.0,2019-11-19T16:15:32-08:00,POINT (-122.25656647212863 37.870058727120444),2.9852750471465836,187.43306383341343,ios,1.0771191614348932,0.42195000099321556,-0.40895828995064454
125,37.87006214264582,-122.25655498925805,1574208933.0,2019-11-19T16:15:33-08:00,POINT (-122.25655498925805 37.87006214264582),3.0775607842010313,188.50786246130792,ios,1.4990691624281087,0.01299171104257102,0.11809880040256471
126,37.8700668365116,-122.256538979823,1574208934.0,2019-11-19T16:15:34-08:00,POINT (-122.256538979823 37.8700668365116),3.198954101263303,190.00430971230517,ios,1.5120608734706797,0.13109051144513573,-0.2613752413094501
127,37.870072620024786,-122.2565233894831,1574208935.0,2019-11-19T16:15:35-08:00,POINT (-122.2565233894831 37.870072620024786),3.446712325020098,191.4978969440462,ios,1.6431513849158155,-0.13028472986431439,0.0796030364355742
128,37.87007764916669,-122.25650578748645,1574208936.0,2019-11-19T16:15:36-08:00,POINT (-122.25650578748645 37.87007764916669),3.5661166384295524,193.13926229139997,ios,1.512866655051501,-0.05068169342874018,-0.1271157243745311
129,37.87008196584682,-122.25648944277526,1574208937.0,2019-11-19T16:15:37-08:00,POINT (-122.25648944277526 37.87008196584682),3.6392535264399397,194.652807994439,ios,1.462184961622761,-0.1777974178032713,0.04252214594914738
130,37.87008603106986,-122.25647360097827,1574208938.0,2019-11-19T16:15:38-08:00,POINT (-122.25647360097827 37.87008603106986),3.697465579631695,196.11622992200859,ios,1.2843875438194896,-0.1352752718541239,0.4315519724556576
131,37.87008980292629,-122.25645977083803,1574208939.0,2019-11-19T16:15:39-08:00,POINT (-122.25645977083803 37.87008980292629),3.7720947303928947,197.40049465540082,ios,1.1491122719653657,0.29627670060153366,-0.13364409021376766
132,37.870092443225786,-122.25644711416425,1574208940.0,2019-11-19T16:15:40-08:00,POINT (-122.25644711416425 37.870092443225786),3.753691376458499,198.55148709906337,ios,1.4453889725668994,0.162632610387766,-0.05271400002005122
133,37.870096215082214,-122.25643135618628,1574208941.0,2019-11-19T16:15:41-08:00,POINT (-122.25643135618628 37.870096215082214),3.7825516762034432,199.9990239669575,ios,1.6080215829546654,0.10991861036771478,-0.19716649775207906
134,37.8700988134722,-122.25641333509446,1574208942.0,2019-11-19T16:15:42-08:00,POINT (-122.25641333509446 37.8700988134722),3.632313391158303,201.60308397664704,ios,1.7179401933223801,-0.08724788738436429,-0.24967232655205662
135,37.87010183095734,-122.2563941405362,1574208943.0,2019-11-19T16:15:43-08:00,POINT (-122.2563941405362 37.87010183095734),3.4989908561830156,203.31907857573395,ios,1.6306923059380158,-0.3369202139364209,0.3037626215285891
136,37.870105393266186,-122.25637611944438,1574208944.0,2019-11-19T16:15:44-08:00,POINT (-122.25637611944438 37.870105393266186),3.451735570677069,204.95200696103527,ios,1.293772092001595,-0.03315759240783178,0.034551629672330275
137,37.87010882984649,-122.25636203784705,1574208945.0,2019-11-19T16:15:45-08:00,POINT (-122.25636203784705 37.87010882984649),3.4845763300009036,206.2475265221181,ios,1.2606144995937631,0.0013940372644984933,0.25005883850450794
138,37.87011163778405,-122.25634812388779,1574208946.0,2019-11-19T16:15:46-08:00,POINT (-122.25634812388779 37.87011163778405),3.4542348291660296,207.51002122854013,ios,1.2620085368582616,0.25145287576900643,-0.22796272950435248
139,37.87011473908822,-122.25633429374756,1574208947.0,2019-11-19T16:15:47-08:00,POINT (-122.25633429374756 37.87011473908822),3.4572259389041333,208.77420312746995,ios,1.513461412627268,0.023490146264653955,-0.06479456171473497
140,37.870120690239474,-122.25631878722669,1574208948.0,2019-11-19T16:15:48-08:00,POINT (-122.25631878722669 37.870120690239474),3.724887634410959,210.26571079553258,ios,1.536951558891922,-0.04130441545008101,-0.07823888097621468
141,37.870126850938306,-122.25630311306776,1574208949.0,2019-11-19T16:15:49-08:00,POINT (-122.25630311306776 37.870126850938306),3.9650276050709747,211.9730348562771,ios,1.495647143441841,-0.11954329642629569,0.3266348922431921
142,37.87013452037971,-122.25628911528946,1574208950.0,2019-11-19T16:15:50-08:00,POINT (-122.25628911528946 37.87013452037971),4.382223864420582,213.41037136847447,ios,1.3761038470155453,0.2070915958168964,-0.6772552943426475
143,37.87013938188355,-122.25627469841601,1574208951.0,2019-11-19T16:15:51-08:00,POINT (-122.25627469841601 37.87013938188355),4.492229293236729,214.7839925521081,ios,1.5831954428324417,-0.47016369852575113,-0.10037926498696192
144,37.870138795150325,-122.25625667732419,1574208952.0,2019-11-19T16:15:52-08:00,POINT (-122.25625667732419 37.870138795150325),3.928437932950841,216.26683937967846,ios,1.1130317443066906,-0.570542963512713,0.5705119096058922
145,37.87013749595533,-122.25624410446943,1574208953.0,2019-11-19T16:15:53-08:00,POINT (-122.25624410446943 37.87013749595533),3.4414452164077964,217.27011187499497,ios,0.5424887807939776,-3.105390682089926e-05,1.2587621949428132
146,37.87014013633038,-122.25623890754079,1574208954.0,2019-11-19T16:15:54-08:00,POINT (-122.25623890754079 37.87014013633038),3.5745472903631614,217.7964727990318,ios,0.5424577268871567,1.2587311410359923,-1.3216545872547925
147,37.87014277655433,-122.2562337109095,1574208955.0,2019-11-19T16:15:55-08:00,POINT (-122.2562337109095 37.87014277655433),3.7076417815034506,218.32280358168708,ios,1.801188867923149,-0.0629234462188002,-0.047917458864987994
148,37.87015099081944,-122.2562160250938,1574208956.0,2019-11-19T16:15:56-08:00,POINT (-122.2562160250938 37.87015099081944),4.079434815334648,220.08697243167583,ios,1.7382654217043487,-0.11084090508378819,0.09807266458783714
149,37.87016063000809,-122.25620043475391,1574208957.0,2019-11-19T16:15:57-08:00,POINT (-122.25620043475391 37.87016063000809),4.659568288034643,221.7263954153062,ios,1.6274245166205605,-0.012768240495951044,-0.3828560612720897
150,37.87017093974899,-122.25618727516593,1574208958.0,2019-11-19T16:15:58-08:00,POINT (-122.25618727516593 37.87017093974899),5.377990097969124,223.18659019713994,ios,1.6146562761246095,-0.39562430176804075,0.03734493851746623
151,37.87018066275667,-122.25617361266376,1574208959.0,2019-11-19T16:15:59-08:00,POINT (-122.25617361266376 37.87018066275667),6.0206521790727425,224.6681223937768,ios,1.2190319743565687,-0.3582793632505745,0.35823028008463487
152,37.87018720064114,-122.25616246473254,1574208960.0,2019-11-19T16:16:00-08:00,POINT (-122.25616246473254 37.87018720064114),6.398154617621122,225.82793387504643,ios,0.8607526111059942,-4.9083165939656226e-05,0.00678143564608058
153,37.87019214610491,-122.25615492080473,1574208961.0,2019-11-19T16:16:01-08:00,POINT (-122.25615492080473 37.87019214610491),6.708467997204983,226.63110767662104,ios,0.8607035279400546,0.006732352480140924,-0.006783866560762575
154,37.87019709128688,-122.25614737730682,1574208962.0,2019-11-19T16:16:02-08:00,POINT (-122.25614737730682 37.87019709128688),7.018763774637825,227.4342356438258,ios,0.8674358804201955,-5.151408062165075e-05,-0.19963137609503234
155,37.870198809628036,-122.25613773783205,1574208963.0,2019-11-19T16:16:03-08:00,POINT (-122.25613773783205 37.870198809628036),6.931066511509882,228.29882644147978,ios,0.8673843663395738,-0.199682890175654,0.1996458139777203
156,37.87020052786718,-122.25612809892952,1574208964.0,2019-11-19T16:16:04-08:00,POINT (-122.25612809892952 37.87020052786718),6.843374551482931,229.16336590267895,ios,0.6677014761639198,-3.707619793369421e-05,0.15471935075144205
157,37.870199060993386,-122.25612072264987,1574208965.0,2019-11-19T16:16:05-08:00,POINT (-122.25612072264987 37.870199060993386),6.483504819626252,229.7272049509066,ios,0.6676643999659861,0.15468227455350836,-0.1547301001072109
158,37.87019759420107,-122.25611334677994,1574208966.0,2019-11-19T16:16:06-08:00,POINT (-122.25611334677994 37.87019759420107),6.1236551177085,230.29101271821182,ios,0.8223466745194945,-4.782555370252961e-05,-0.05484094412756013
159,37.870196483566595,-122.25610408450754,1574208967.0,2019-11-19T16:16:07-08:00,POINT (-122.25610408450754 37.870196483566595),5.748736430175053,231.0247159804848,ios,0.822298848965792,-0.05488876968126266,0.054844122082665425
160,37.87019537299673,-122.25609482277395,1574208968.0,2019-11-19T16:16:08-08:00,POINT (-122.25609482277395 37.87019537299673),5.373839621546356,231.75837660883082,ios,0.7674100792845293,-4.4647598597236104e-05,-0.10277496850849854
161,37.87019589688092,-122.25608610534108,1574208969.0,2019-11-19T16:16:09-08:00,POINT (-122.25608610534108 37.87019589688092),5.186121145998045,232.50406663330912,ios,0.7673654316859321,-0.10281961610709578,0.10278127159445882
162,37.87019642073463,-122.25607738841533,1574208970.0,2019-11-19T16:16:10-08:00,POINT (-122.25607738841533 37.87019642073463),4.998413660547861,233.24971329282772,ios,0.6645458155788363,-3.8344512636956374e-05,0.5095651297277491
163,37.87019692366333,-122.25606984448487,1574208971.0,2019-11-19T16:16:11-08:00,POINT (-122.25606984448487 37.87019692366333),4.841181773184315,233.89676377424775,ios,0.6645074710661993,0.5095267852151122,-0.5147340446238884
164,37.87019742656301,-122.25606230098964,1574208972.0,2019-11-19T16:16:12-08:00,POINT (-122.25606230098964 37.87019742656301),4.683959009030639,234.54377693688645,ios,1.1740342562813115,-0.005207259408776199,-0.1566054191597599
165,37.87019964776735,-122.25604922522069,1574208973.0,2019-11-19T16:16:13-08:00,POINT (-122.25604922522069 37.87019964776735),4.5534558985904745,235.7127235105033,ios,1.1688269968725353,-0.1618126785685361,-0.1258138238867994
166,37.87020329389523,-122.25603673618497,1574208974.0,2019-11-19T16:16:14-08:00,POINT (-122.25603673618497 37.87020329389523),4.589261700954991,236.88279577582043,ios,1.0070143183039992,-0.2876265024553355,0.28758496958445734
167,37.87020752675633,-122.25602659408213,1574208975.0,2019-11-19T16:16:15-08:00,POINT (-122.25602659408213 37.87020752675633),4.752198907645213,237.87768714298454,ios,0.7193878158486637,-4.153287087815816e-05,-0.10731086789080702
168,37.8702108377036,-122.25601955308034,1574208976.0,2019-11-19T16:16:16-08:00,POINT (-122.25601955308034 37.8702108377036),4.904502657811105,238.581460731785,ios,0.7193462829777856,-0.10735240076168517,0.10735239315999134
169,37.87021414845984,-122.25601251248482,1574208977.0,2019-11-19T16:16:17-08:00,POINT (-122.25601251248482 37.87021414845984),5.056797682407519,239.2851936726999,ios,0.6119938822161004,-7.601693829961675e-09,-5.252727801130508e-05
170,37.87021493079318,-122.25600561118708,1574208978.0,2019-11-19T16:16:18-08:00,POINT (-122.25600561118708 37.87021493079318),4.9468743604350855,239.8884495078679,ios,0.6119938746144066,-5.253487970513504e-05,0.27770701554523636
171,37.87021571312653,-122.25599870988935,1574208979.0,2019-11-19T16:16:19-08:00,POINT (-122.25599870988935 37.87021571312653),4.836951084701565,240.49170534313436,ios,0.6119413397347014,0.2776544806655312,-0.2777062557954788
172,37.870216495392725,-122.25599180918398,1574208980.0,2019-11-19T16:16:20-08:00,POINT (-122.25599180918398 37.870216495392725),4.7080016696311775,243.90137559462605,ios,0.8895958204002327,-5.1775129947584375e-05,0.29993927714405977
173,37.8702183813758,-122.25598196016125,1574208981.0,2019-11-19T16:16:21-08:00,POINT (-122.25598196016125 37.8702183813758),4.159135628802936,244.60350526407348,ios,0.8895440452702851,0.2998875020141122,-0.1861761294594756
174,37.87022026724915,-122.2559721117115,1574208982.0,2019-11-19T16:16:22-08:00,POINT (-122.2559721117115 37.87022026724915),3.610301607680745,245.3055941318007,ios,1.1894315472843973,0.11371137255463659,-0.1343797610875841
175,37.87022538021009,-122.25596020940901,1574208983.0,2019-11-19T16:16:23-08:00,POINT (-122.25596020940901 37.87022538021009),3.142334467291392,246.40049851887582,ios,1.3031429198390339,-0.0206683885329475,0.1136222818903938
176,37.8702322952802,-122.25594822328748,1574208984.0,2019-11-19T16:16:24-08:00,POINT (-122.25594822328748 37.8702322952802),2.792803320782113,247.65667558489147,ios,1.2824745313060864,0.0929538933574463,-0.1486236319533667
177,37.870240467635796,-122.25593791354657,1574208985.0,2019-11-19T16:16:25-08:00,POINT (-122.25593791354657 37.870240467635796),2.645480013402461,248.9305768755774,ios,1.3754284246635327,-0.05566973859592039,0.10475529527251504
178,37.87024922672461,-122.25592684943439,1574208986.0,2019-11-19T16:16:26-08:00,POINT (-122.25592684943439 37.87024922672461),2.486602185922756,250.29671274357082,ios,1.3197586860676123,0.049085556676594644,-0.12156390575543008
179,37.87025760862778,-122.25591620441736,1574208987.0,2019-11-19T16:16:27-08:00,POINT (-122.25591620441736 37.87025760862778),2.330613297974531,251.60715330744077,ios,1.368844242744207,-0.07247834907883544,-0.12535328573148918
180,37.870266283897564,-122.25590514030517,1574208988.0,2019-11-19T16:16:28-08:00,POINT (-122.25590514030517 37.870266283897564),2.165958610481802,252.96600104231194,ios,1.2963658936653715,-0.19783163481032462,0.19776924478622337
181,37.87027500107686,-122.25589533347846,1574208989.0,2019-11-19T16:16:29-08:00,POINT (-122.25589533347846 37.87027500107686),2.090853215323974,254.2597954837161,ios,1.0985342588550469,-6.239002410124428e-05,0.22214594112447972
182,37.87028074284344,-122.25588514917717,1574208990.0,2019-11-19T16:16:30-08:00,POINT (-122.25588514917717 37.87028074284344),1.7846449164532825,255.31550374460645,ios,1.0984718688309456,0.22208355110037847,-0.2742996321309188
183,37.87028648428421,-122.25587496545376,1574208991.0,2019-11-19T16:16:31-08:00,POINT (-122.25587496545376 37.87028648428421),1.478454164335351,256.371152094024,ios,1.320555419931324,-0.05221608103054032,0.03577902645661779
184,37.87029159724514,-122.25586138677062,1574208992.0,2019-11-19T16:16:32-08:00,POINT (-122.25586138677062 37.87029159724514),0.8949418196454898,257.557652784457,ios,1.2683393389007838,-0.016437054573922527,-0.1798844547626306
185,37.87029796749155,-122.25584940064908,1574208993.0,2019-11-19T16:16:33-08:00,POINT (-122.25584940064908 37.87029796749155),0.507859890967122,258.76645744739574,ios,1.2519022843268612,-0.19632150933655312,0.19626130946456288
186,37.87030538547586,-122.25583867181302,1574208994.0,2019-11-19T16:16:34-08:00,POINT (-122.25583867181302 37.87030538547586),0.5715471452093016,259.6666979973362,ios,1.0555807749903081,-6.0199871990240794e-05,0.13452932039591348
187,37.87031167208235,-122.25582966101038,1574208995.0,2019-11-19T16:16:35-08:00,POINT (-122.25582966101038 37.87031167208235),1.1349364836334985,260.5596104682403,ios,1.0555205751183179,0.13446912052392324,-0.34371722276330363
188,37.87031795833062,-122.25582065072119,1574208996.0,2019-11-19T16:16:36-08:00,POINT (-122.25582065072119 37.87031795833062),1.698293816183872,261.45247193718586,ios,1.189989695642241,-0.2092481022393804,0.20919147169143082
189,37.870323951391384,-122.25580941897095,1574208997.0,2019-11-19T16:16:37-08:00,POINT (-122.25580941897095 37.870323951391384),2.1986239629246884,262.5331195703791,ios,0.9807415934028607,-5.663054794957656e-05,0.08563323754952568
190,37.87032921118736,-122.25580045007582,1574208998.0,2019-11-19T16:16:38-08:00,POINT (-122.25580045007582 37.87032921118736),2.6501006524344977,263.4043711429887,ios,0.9806849628549111,0.0855766070015761,0.13528008660188628
191,37.870334470679865,-122.25579148169817,1574208999.0,2019-11-19T16:16:39-08:00,POINT (-122.25579148169817 37.870334470679865),3.1015513884292933,264.2755723504795,ios,1.0662615698564872,0.22085669360346238,-0.18699788642784299
192,37.87033954173128,-122.25578117195727,1574209000.0,2019-11-19T16:16:40-08:00,POINT (-122.25578117195727 37.87033954173128),3.5136952024362675,265.25996239101266,ios,1.2871182634599496,0.0338588071756194,-0.3034221047598846
193,37.870344780420766,-122.25576809618832,1574209001.0,2019-11-19T16:16:41-08:00,POINT (-122.25576809618832 37.870344780420766),3.905723124423086,266.48752135104985,ios,1.320977070635569,-0.2695632975842652,0.2849926570259176
194,37.87034897137235,-122.25575401459099,1574209002.0,2019-11-19T16:16:42-08:00,POINT (-122.25575401459099 37.87034897137235),4.168968925445579,267.7840472980245,ios,1.0514137730513038,0.015429359441652357,0.13710333927954887
195,37.870352072676525,-122.25574269902171,1574209003.0,2019-11-19T16:16:43-08:00,POINT (-122.25574269902171 37.870352072676525),4.351316730739056,268.82122259410875,ios,1.0668431324929561,0.15253269872120123,0.10484531774727479
196,37.870355215890214,-122.25573121581436,1574209004.0,2019-11-19T16:16:44-08:00,POINT (-122.25573121581436 37.870355215890214),4.53592397396241,269.87369255846767,ios,1.2193758312141574,0.257378016468476,-0.39937620863274303
197,37.87035852674197,-122.25571797240735,1574209005.0,2019-11-19T16:16:45-08:00,POINT (-122.25571797240735 37.87035852674197),4.7144089644913745,271.08197621762326,ios,1.4767538476826334,-0.141998192164267,-0.034418376614042234
198,37.87036317869823,-122.25570221442939,1574209006.0,2019-11-19T16:16:46-08:00,POINT (-122.25570221442939 37.87036317869823),5.004840129602556,272.5321846083872,ios,1.3347556555183664,-0.17641656877830925,0.18328911845949358
199,37.87036736964981,-122.255687965194,1574209007.0,2019-11-19T16:16:47-08:00,POINT (-122.255687965194 37.87036736964981),5.26575466213105,273.8432692817394,ios,1.1583390867400571,0.006872549681184337,-0.0992731952342063
200,37.870371099596724,-122.25567564379634,1574209008.0,2019-11-19T16:16:48-08:00,POINT (-122.25567564379634 37.870371099596724),5.502983091150672,274.978832260318,ios,1.1652116364212415,-0.09240064555302197,0.34014373144090415
201,37.870374829543636,-122.25566323857964,1574209009.0,2019-11-19T16:16:49-08:00,POINT (-122.25566323857964 37.870374829543636),5.739045561037434,276.1216747563366,ios,1.0728109908682195,0.2477430858878822,-0.2167360039916073
202,37.870378475671515,-122.25565192301036,1574209010.0,2019-11-19T16:16:50-08:00,POINT (-122.25565192301036 37.870378475671515),5.9810846212391064,277.16841130317397,ios,1.3205540767561017,0.03100708189627488,-0.29253768650361733
203,37.87038358863245,-122.25563834432722,1574209011.0,2019-11-19T16:16:51-08:00,POINT (-122.25563834432722 37.87038358863245),6.352342998914915,278.43744019567623,ios,1.3515611586523766,-0.26153060460734245,0.23709213340200952
204,37.870387486217425,-122.2556237598157,1574209012.0,2019-11-19T16:16:52-08:00,POINT (-122.2556237598157 37.870387486217425),6.576453159617488,279.77249413731306,ios,1.0900305540450341,-0.024438471205332934,0.09522255860798401
205,37.8703897912408,-122.25561168987514,1574209013.0,2019-11-19T16:16:53-08:00,POINT (-122.25561168987514 37.8703897912408),6.6610679709101595,280.86121025765925,ios,1.0655920828397012,0.07078408740265107,0.055510380248819935
206,37.87039167716901,-122.25559978757263,1574209014.0,2019-11-19T16:16:54-08:00,POINT (-122.25559978757263 37.87039167716901),6.70209962810091,281.92801195865354,ios,1.1363761702423523,0.126294467651471,-0.27369854593457776
207,37.87039519756834,-122.25558763381304,1574209015.0,2019-11-19T16:16:55-08:00,POINT (-122.25558763381304 37.87039519756834),6.918703654418346,283.0453375891234,ios,1.2626706378938233,-0.14740407828310675,0.09137397384117074
208,37.870399304700896,-122.25557422276796,1574209016.0,2019-11-19T16:16:56-08:00,POINT (-122.25557422276796 37.870399304700896),7.182097905271471,284.28215438289294,ios,1.1152665596107165,-0.05603010444193601,-0.0806577215786719
209,37.870401148719594,-122.25556173373224,1574209017.0,2019-11-19T16:16:57-08:00,POINT (-122.25556173373224 37.870401148719594),7.210375684558822,285.39917763236997,ios,1.0592364551687805,-0.13668782602060792,0.13663414574336996
210,37.870403369923935,-122.2555499990678,1574209018.0,2019-11-19T16:16:58-08:00,POINT (-122.2555499990678 37.870403369923935),7.290472587819501,286.4573040781085,ios,0.9225486291481726,-5.368027723795521e-05,0.29795420077087154
211,37.870404354826206,-122.2555395632948,1574209019.0,2019-11-19T16:16:59-08:00,POINT (-122.2555395632948 37.870404354826206),7.253192403461706,287.38092586289093,ios,0.9224949488709346,0.2979005204936336,-0.3769444914976341
212,37.87040533967118,-122.2555291281289,1574209020.0,2019-11-19T16:17:00-08:00,POINT (-122.2555291281289 37.87040533967118),7.2159144936432025,288.30449390935416,ios,1.2203954693645682,-0.07904397100400051,-0.09846015697488641
213,37.87040906961809,-122.25551605235995,1574209021.0,2019-11-19T16:17:01-08:00,POINT (-122.25551605235995 37.87040906961809),7.442649994259684,289.50557236708255,ios,1.1413514983605677,-0.17750412797888693,0.17744922426448018
214,37.87040948871325,-122.25550306041004,1574209022.0,2019-11-19T16:17:02-08:00,POINT (-122.25550306041004 37.87040948871325),7.307819031581774,290.64126564268463,ios,0.9638473703816808,-5.4903714406751014e-05,0.10076172137737438
215,37.87040797992769,-122.25549224744687,1574209023.0,2019-11-19T16:17:03-08:00,POINT (-122.25549224744687 37.87040797992769),6.992086484455865,291.5538817512621,ios,0.963792466667274,0.10070681766296763,-0.10076825958008906
216,37.87040647122811,-122.25548143509985,1574209024.0,2019-11-19T16:17:04-08:00,POINT (-122.25548143509985 37.87040647122811),6.676372030332784,292.4664459126209,ios,1.0644992843302417,-6.144191712142977e-05,0.3917616741062093
217,37.87040812670174,-122.25546949054325,1574209025.0,2019-11-19T16:17:05-08:00,POINT (-122.25546949054325 37.87040812670174),6.691569056769929,293.53287259854113,ios,1.0644378424131202,0.3917002321890879,-0.6092559636186659
218,37.87040978207986,-122.25545754667581,1574209026.0,2019-11-19T16:17:06-08:00,POINT (-122.25545754667581 37.87040978207986),6.706765347178614,294.5992377340343,ios,1.4561380746022081,-0.21755573142957796,0.03520426823787837
219,37.87041103936534,-122.25544103432657,1574209027.0,2019-11-19T16:17:07-08:00,POINT (-122.25544103432657 37.87041103936534),6.614789932101214,296.0553845558647,ios,1.2385823431726302,-0.1823514631916996,0.13619602228365824
220,37.87041032690357,-122.25542695272924,1574209028.0,2019-11-19T16:17:08-08:00,POINT (-122.25542695272924 37.87041032690357),6.340828615251047,297.26585400795943,ios,1.0562308799809306,-0.046155440908041356,0.33917648270771306
221,37.87040948871325,-122.2554149666077,1574209029.0,2019-11-19T16:17:09-08:00,POINT (-122.2554149666077 37.87040948871325),6.082245291403039,298.2921269345927,ios,1.0100754390728892,0.2930210417996717,-0.22098354645061247
222,37.87040890198003,-122.25540348340036,1574209030.0,2019-11-19T16:17:10-08:00,POINT (-122.25540348340036 37.87040890198003),5.8582080138620665,299.2791353393109,ios,1.303096480872561,0.07203749534905923,-0.17891854124118534
223,37.87040848288487,-122.25538864743174,1574209031.0,2019-11-19T16:17:11-08:00,POINT (-122.25538864743174 37.87040848288487),5.605893187041033,300.5602699165925,ios,1.3751339762216201,-0.1068810458921261,0.1896729200118661
224,37.87040596831392,-122.25537330854894,1574209032.0,2019-11-19T16:17:12-08:00,POINT (-122.25537330854894 37.87040596831392),5.117004242382184,301.8483068483966,ios,1.268252930329494,0.08279187411973998,-0.10194015985302562
225,37.87040521394263,-122.25535889167548,1574209033.0,2019-11-19T16:17:13-08:00,POINT (-122.25535889167548 37.87040521394263),4.833787852505964,303.08715950110735,ios,1.351044804449234,-0.01914828573328564,0.061092530658984234
226,37.87040420811425,-122.25534355279268,1574209034.0,2019-11-19T16:17:14-08:00,POINT (-122.25534355279268 37.87040420811425),4.510195291568935,304.4016748263608,ios,1.3318965187159484,0.04194424492569859,0.2692270240210928
227,37.87040441766183,-122.25532838154794,1574209035.0,2019-11-19T16:17:15-08:00,POINT (-122.25532838154794 37.87040441766183),4.322090231501728,305.7229606327823,ios,1.373840763641647,0.31117126894679137,-0.3842426693382306
228,37.87041007544647,-122.25531446758868,1574209036.0,2019-11-19T16:17:16-08:00,POINT (-122.25531446758868 37.87041007544647),4.7483789551576825,307.03066783981643,ios,1.6850120325884383,-0.07307140039143922,-0.1701410178339804
229,37.87041669714998,-122.25529720086814,1574209037.0,2019-11-19T16:17:17-08:00,POINT (-122.25529720086814 37.87041669714998),5.2336300721811835,308.6464755780612,ios,1.6119406321969991,-0.2432124182254196,0.20624983607531444
230,37.870425330510244,-122.25528244871856,1574209038.0,2019-11-19T16:17:18-08:00,POINT (-122.25528244871856 37.870425330510244),5.974258839240148,310.07919909920656,ios,1.3687282139715795,-0.03696258215010517,-0.05197006773679602
231,37.87042868327151,-122.25526744511188,1574209039.0,2019-11-19T16:17:19-08:00,POINT (-122.25526744511188 37.87042868327151),6.13285356757709,311.4410880352806,ios,1.3317656318214743,-0.0889326498869012,0.10889317004244492
232,37.870428557542965,-122.25525227386714,1574209040.0,2019-11-19T16:17:20-08:00,POINT (-122.25525227386714 37.870428557542965),5.908017209194001,312.7564895718766,ios,1.2428329819345731,0.019960520155543726,0.09900448584330346
233,37.870425623876855,-122.25523861136497,1574209041.0,2019-11-19T16:17:21-08:00,POINT (-122.25523861136497 37.870425623876855),5.396536339518262,313.89157982831676,ios,1.2627935020901169,0.11896500599884718,-0.11067220001678946
234,37.87042088810156,-122.25522553559603,1574209042.0,2019-11-19T16:17:22-08:00,POINT (-122.25522553559603 37.87042088810156),4.695781299026565,314.94408653067893,ios,1.381758508088964,0.008292805982057727,-0.04555378855194059
235,37.870414601674184,-122.25521195691289,1574209043.0,2019-11-19T16:17:23-08:00,POINT (-122.25521195691289 37.870414601674184),3.843102256679405,315.57576565602517,ios,1.3900513140710218,-0.03726098256988286,0.14665554783542767
236,37.870399933343634,-122.25518630828918,1574209045.0,2019-11-19T16:17:25-08:00,POINT (-122.25518630828918 37.870399933343634),3.0371749518430704,315.6738164542839,ios,1.315529348931256,0.2560501131009725,-0.7602819106494565
237,37.87038974933128,-122.2551786807573,1574209046.0,2019-11-19T16:17:26-08:00,POINT (-122.2551786807573 37.87038974933128),2.6342357443814333,316.92464393901093,ios,1.5715794620322285,-0.504231797548484,1.0896804385234555
238,37.8703768412004,-122.25517138850154,1574209047.0,2019-11-19T16:17:27-08:00,POINT (-122.25517138850154 37.8703768412004),1.9852113412478611,318.35343296793604,ios,1.0673476644837445,0.5854486409749715,-0.6503631553709772
239,37.87036858502577,-122.25516518589319,1574209048.0,2019-11-19T16:17:28-08:00,POINT (-122.25516518589319 37.87036858502577),1.6596534516330035,319.3687292582617,ios,1.652796305458716,-0.06491451439600571,0.28093966286493166
240,37.87035534161876,-122.25515663635196,1574209049.0,2019-11-19T16:17:29-08:00,POINT (-122.25515663635196 37.87035534161876),1.0559425328984884,320.9050355815838,ios,1.5878817910627103,0.21602514846892595,-0.32283542378135
241,37.87034494805883,-122.25514423113526,1574209050.0,2019-11-19T16:17:30-08:00,POINT (-122.25514423113526 37.87034494805883),0.9137290163350847,322.486248563808,ios,1.8039069395316363,-0.10681027531242404,0.03966409230828427
242,37.870332542842135,-122.25513098772825,1574209051.0,2019-11-19T16:17:31-08:00,POINT (-122.25513098772825 37.870332542842135),0.6530045242818959,324.27046541647087,ios,1.6970966642192122,-0.06714618300413977,0.10590299260239444
243,37.87032089199673,-122.25511849869253,1574209052.0,2019-11-19T16:17:32-08:00,POINT (-122.25511849869253 37.87032089199673),0.41110274346746833,325.9495433108733,ios,1.6299504812150725,0.03875680959825467,-0.4210984006068492
244,37.87031133662711,-122.2551044170952,1574209053.0,2019-11-19T16:17:33-08:00,POINT (-122.2551044170952 37.87031133662711),0.494119056947807,327.44754713543057,ios,1.6687072908133271,-0.38234159100859455,0.47857732614729387
245,37.87030111070524,-122.25509050313593,1574209054.0,2019-11-19T16:17:34-08:00,POINT (-122.25509050313593 37.87030111070524),0.9199765968648624,329.06116166354036,ios,1.2863656998047326,0.09623573513869932,0.1741302627459207
246,37.87029302216868,-122.25508002575697,1574209055.0,2019-11-19T16:17:35-08:00,POINT (-122.25508002575697 37.87029302216868),1.2175790322109428,330.31261668383314,ios,1.382601434943432,0.27036599788462,-0.7108577260841742
247,37.87028350870858,-122.25506988365413,1574209056.0,2019-11-19T16:17:36-08:00,POINT (-122.25506988365413 37.87028350870858),1.4056042256011112,331.681796022905,ios,1.652967432828052,-0.4404917281995542,0.3974415610646824
248,37.87026988811593,-122.25506233994128,1574209057.0,2019-11-19T16:17:37-08:00,POINT (-122.25506233994128 37.87026988811593),1.1565649611747286,333.31342142728397,ios,1.2124757046284977,-0.04305016713487175,0.11490735523275575
249,37.87025932691793,-122.25505890336098,1574209058.0,2019-11-19T16:17:38-08:00,POINT (-122.25505890336098 37.87025932691793),0.7184600951048721,334.54395892102514,ios,1.169425537493626,0.071857188097884,0.0474493576693078
250,37.8702497296388,-122.25505345512391,1574209059.0,2019-11-19T16:17:39-08:00,POINT (-122.25505345512391 37.8702497296388),0.43248067950543784,335.6761274351238,ios,1.24128272559151,0.1193065457671918,-0.1691516094071015
251,37.87024004854064,-122.25504641432525,1574209060.0,2019-11-19T16:17:40-08:00,POINT (-122.25504641432525 37.87024004854064),0.250493887331636,336.90260061039993,ios,1.3605892713587018,-0.049845063639909704,0.11382117171903694
252,37.87023011598538,-122.25503736186982,1574209061.0,2019-11-19T16:17:41-08:00,POINT (-122.25503736186982 37.87023011598538),0.23085549588037046,338.1535172984771,ios,1.310744207718792,0.06397610807912724,0.09190129893323018
253,37.87022089589189,-122.2550280579573,1574209062.0,2019-11-19T16:17:42-08:00,POINT (-122.2550280579573 37.87022089589189),0.8635708351812889,339.30065309512884,ios,1.3747203157979193,0.15587740701235742,-0.23068180577829178
254,37.87021343599807,-122.25501556892158,1574209063.0,2019-11-19T16:17:43-08:00,POINT (-122.25501556892158 37.87021343599807),1.805536995751803,340.3028994716949,ios,1.5305977228102767,-0.07480439876593437,-0.18336992888332992
255,37.87020631138037,-122.25500064913393,1574209064.0,2019-11-19T16:17:44-08:00,POINT (-122.25500064913393 37.87020631138037),2.964515823241125,341.3047944642313,ios,1.4557933240443424,-0.2581743276492643,0.18156309599014375
256,37.8701979294772,-122.25498790864111,1574209065.0,2019-11-19T16:17:45-08:00,POINT (-122.25498790864111 37.8701979294772),3.9109048835434415,342.4116126693036,ios,1.197618996395078,-0.07661123165912054,0.34428246831227005
257,37.870189589483545,-122.25497927528085,1574209066.0,2019-11-19T16:17:46-08:00,POINT (-122.25497927528085 37.870189589483545),4.50208237904092,343.4524985005808,ios,1.1210077647359575,0.2676712366531495,-0.2345849620752718
258,37.87018070466618,-122.25497324031056,1574209067.0,2019-11-19T16:17:47-08:00,POINT (-122.25497324031056 37.87018070466618),4.857768334122468,344.5141442743648,ios,1.388679001389107,0.03308627457787772,0.03958963766471002
259,37.87016888618271,-122.25496812734963,1574209068.0,2019-11-19T16:17:48-08:00,POINT (-122.25496812734963 37.87016888618271),5.078256054354455,345.8827957059703,ios,1.4217652759669848,0.07267591224258774,-0.17931456036932536
260,37.87015664860408,-122.25496343348385,1574209069.0,2019-11-19T16:17:49-08:00,POINT (-122.25496343348385 37.87015664860408),5.254520120179432,347.29101239994924,ios,1.4944411882095725,-0.10663864812673762,-0.01666964304329821
261,37.870143656654164,-122.2549590748942,1574209070.0,2019-11-19T16:17:50-08:00,POINT (-122.2549590748942 37.870143656654164),5.387508200823383,348.77670674257047,ios,1.3878025400828349,-0.12330829117003583,0.35589958537435984
262,37.8701315867136,-122.25495505158068,1574209071.0,2019-11-19T16:17:51-08:00,POINT (-122.25495505158068 37.8701315867136),5.508808620323162,350.15657699103997,ios,1.264494248912799,0.232591294204324,-0.4216048166774944
263,37.87012064832996,-122.25495111208619,1574209072.0,2019-11-19T16:17:52-08:00,POINT (-122.25495111208619 37.87012064832996),5.644165932957323,351.41146652451675,ios,1.497085543117123,-0.18901352247317038,0.2336049589641387
264,37.87010761447053,-122.25494683731557,1574209073.0,2019-11-19T16:17:53-08:00,POINT (-122.25494683731557 37.87010761447053),5.769099330439127,352.90049138672134,ios,1.3080720206439527,0.044591436490968306,-0.06441892686885775
265,37.870096717996404,-122.25494122144045,1574209074.0,2019-11-19T16:17:54-08:00,POINT (-122.25494122144045 37.870096717996404),6.050553514712049,354.1758390655422,ios,1.352663457134921,-0.019827490377889445,-0.18640752590903253
266,37.8700858634318,-122.25493426446081,1574209075.0,2019-11-19T16:17:55-08:00,POINT (-122.25493426446081 37.8700858634318),6.449043128714395,355.46663673595134,ios,1.3328359667570315,-0.20623501628692198,0.4296640366418014
267,37.87007446404348,-122.25492957059504,1574209076.0,2019-11-19T16:17:56-08:00,POINT (-122.25492957059504 37.87007446404348),6.641102291750711,356.78320255728045,ios,1.1266009504701096,0.22342902035487944,-0.3652328326152423
268,37.870064952606086,-122.25492514861098,1574209077.0,2019-11-19T16:17:57-08:00,POINT (-122.25492514861098 37.870064952606086),6.845170072292292,357.889271544984,ios,1.350029970824989,-0.14180381226036287,0.09401555697130237
269,37.87005322049467,-122.2549211902335,1574209078.0,2019-11-19T16:17:58-08:00,POINT (-122.2549211902335 37.87005322049467),6.967208518071786,359.23123232174487,ios,1.2082261585646261,-0.0477882552890605,0.036802019115107054
270,37.87004249178234,-122.25491901035161,1574209079.0,2019-11-19T16:17:59-08:00,POINT (-122.25491901035161 37.87004249178234),6.953995969096293,360.4369116808617,ios,1.1604379032755656,-0.010986236173953445,0.21670930545941536
271,37.870032055918394,-122.2549190931815,1574209080.0,2019-11-19T16:18:00-08:00,POINT (-122.2549190931815 37.870032055918394),6.75017194772616,361.5767710041076,ios,1.1494516671016122,0.2057230692854619,-0.05598641821235151
272,37.87002178744545,-122.25492060142037,1574209081.0,2019-11-19T16:18:01-08:00,POINT (-122.25492060142037 37.87002178744545),6.425948982590043,362.67703533498815,ios,1.355174736387074,0.1497366510731104,-0.2586069989145594
273,37.87001009556385,-122.25492495885719,1574209082.0,2019-11-19T16:18:02-08:00,POINT (-122.25492495885719 37.87001009556385),5.731031222982607,365.0893368542022,ios,1.5049113874601845,-0.108870347841449,0.1813490117636678
274,37.86999735481583,-122.2549307421179,1574209083.0,2019-11-19T16:18:03-08:00,POINT (-122.2549307421179 37.86999735481583),4.737253456542852,366.21609367825806,ios,1.3960410396187355,0.0724786639222188,0.10777165598647942
275,37.86998553572403,-122.25493610681225,1574209084.0,2019-11-19T16:18:04-08:00,POINT (-122.25493610681225 37.86998553572403),3.909257011047185,366.4097899961459,ios,1.4685197035409543,0.18025031990869822,-0.05390945028563676
276,37.86997287905742,-122.25494088477504,1574209085.0,2019-11-19T16:18:05-08:00,POINT (-122.25494088477504 37.86997287905742),3.286901046167053,367.69712834751243,ios,1.6487700234496525,0.12634086962306146,-0.43303467754565905
277,37.869958630094985,-122.25494608150248,1574209086.0,2019-11-19T16:18:06-08:00,POINT (-122.25494608150248 37.869958630094985),2.6023413881102333,369.19374784723516,ios,1.775110893072714,-0.3066938079225976,-0.2995433763421068
278,37.869943332920286,-122.25495186503893,1574209087.0,2019-11-19T16:18:07-08:00,POINT (-122.25495186503893 37.869943332920286),1.8496293832552038,370.7978200747919,ios,1.4684170851501164,-0.6062371842647044,0.6059095445212089
279,37.86993075912772,-122.254956978274,1574209088.0,2019-11-19T16:18:08-08:00,POINT (-122.254956978274 37.86993075912772),1.1996598734059751,372.11166959578276,ios,0.862179900885412,-0.0003276397434954781,0.323392084136673
280,37.86992321410584,-122.25495924208074,1574209089.0,2019-11-19T16:18:09-08:00,POINT (-122.25495924208074 37.86992321410584),0.8796264466186914,372.91045982043335,ios,0.8618522611419165,0.3230644443931775,-0.18941119167732123
281,37.869915671898084,-122.25496150474306,1574209090.0,2019-11-19T16:18:10-08:00,POINT (-122.25496150474306 37.869915671898084),0.5597384508542869,373.70895598248563,ios,1.184916705535094,0.13365325271585626,0.035819223030468805
282,37.86990502578415,-122.2549620922739,1574209091.0,2019-11-19T16:18:11-08:00,POINT (-122.2549620922739 37.86990502578415),0.3349554463016315,374.86976706504174,ios,1.3185699582509502,0.16947247574632507,-0.31951299437934044
283,37.86989324927323,-122.25496385228362,1574209092.0,2019-11-19T16:18:12-08:00,POINT (-122.25496385228362 37.86989324927323),0.010274369339742696,376.13947709813664,ios,1.4880424339972753,-0.15004051863301537,0.035721829634657754
284,37.8698798802488,-122.2549646068325,1574209093.0,2019-11-19T16:18:13-08:00,POINT (-122.2549646068325 37.8698798802488),0.2940062915573364,377.5969672175534,ios,1.33800191536426,-0.11431868899835762,0.14348262776222143
285,37.86986785185354,-122.25496418791519,1574209094.0,2019-11-19T16:18:14-08:00,POINT (-122.25496418791519 37.86986785185354),0.453776050871036,378.9224982100894,ios,1.2236832263659023,0.029163938763863806,-0.13555402345655
286,37.86985712271627,-122.25496108696201,1574209095.0,2019-11-19T16:18:15-08:00,POINT (-122.25496108696201 37.86985712271627),0.3590112143973019,380.14011858795527,ios,1.2528471651297661,-0.10639008469268618,-0.030538306186144615
287,37.869846393767695,-122.2549567284933,1574209096.0,2019-11-19T16:18:16-08:00,POINT (-122.2549567284933 37.869846393767695),0.15483794206277765,381.37397977808274,ios,1.14645708043708,-0.1369283908788308,0.30464662545285326
288,37.86983662865371,-122.2549525374873,1574209097.0,2019-11-19T16:18:17-08:00,POINT (-122.2549525374873 37.86983662865371),0.05048875941371719,382.4998947916027,ios,1.0095286895582491,0.16771823457402246,-0.12529097554707835
289,37.86982770175046,-122.25495044175375,1574209098.0,2019-11-19T16:18:18-08:00,POINT (-122.25495044175375 37.86982770175046),0.08719791685734571,383.50672140907574,ios,1.1772469241322716,0.04242725902694411,-0.18255390571440877
290,37.86981726633479,-122.25494817863482,1574209099.0,2019-11-19T16:18:19-08:00,POINT (-122.25494817863482 37.86981726633479),0.11386190804868108,384.6812714840105,ios,1.2196741831592157,-0.14012664668746466,0.11400848963321009
291,37.86980636983168,-122.25494658599895,1574209100.0,2019-11-19T16:18:20-08:00,POINT (-122.25494658599895 37.86980636983168),0.07467154246036473,385.8977554784808,ios,1.079547536471751,-0.026118157054254576,0.15637851461195806
292,37.86979668855246,-122.25494566392341,1574209101.0,2019-11-19T16:18:21-08:00,POINT (-122.25494566392341 37.86979668855246),0.003034734548243179,386.972197585054,ios,1.0534293794174965,0.1302603575577035,0.048540458238746975
293,37.86978721691275,-122.25494591528786,1574209102.0,2019-11-19T16:18:22-08:00,POINT (-122.25494591528786 37.86978721691275),0.17941190060320292,388.0084574993565,ios,1.1836897369752,0.17880081579645046,-0.20810788533587887
294,37.86977657194072,-122.25494583149298,1574209103.0,2019-11-19T16:18:23-08:00,POINT (-122.25494583149298 37.86977657194072),0.34577004016981505,389.177824484397,ios,1.3624905527716504,-0.02930706953942841,-0.09469185023766058
295,37.869764669622995,-122.25494214367313,1574209104.0,2019-11-19T16:18:24-08:00,POINT (-122.25494214367313 37.869764669622995),0.2190842780648752,390.5317902296567,ios,1.333183483232222,-0.12399891977708899,0.24214122543396344
296,37.86975289297966,-122.25493929376033,1574209105.0,2019-11-19T16:18:25-08:00,POINT (-122.25493929376033 37.86975289297966),0.16324728239415998,391.8611278719388,ios,1.209184563455133,0.11814230565687445,-0.23380293639893246
297,37.869742415483884,-122.25493560575347,1574209106.0,2019-11-19T16:18:26-08:00,POINT (-122.25493560575347 37.869742415483884),0.013302361070290881,393.0587221343576,ios,1.3273268691120075,-0.11566063074205801,0.17100407020981767
298,37.86973080655037,-122.25493208532882,1574209107.0,2019-11-19T16:18:27-08:00,POINT (-122.25493208532882 37.86973080655037),0.10360598374270366,394.3783243648111,ios,1.2116662383699495,0.05534343946775966,0.20256598955704797
299,37.86971990997576,-122.25493200135031,1574209108.0,2019-11-19T16:18:28-08:00,POINT (-122.25493200135031 37.86971990997576),0.06684032827461107,395.5753070673758,ios,1.2670096778377091,0.2579094290248076,-0.3217381593476163
300,37.86970867820412,-122.25492957068488,1574209109.0,2019-11-19T16:18:29-08:00,POINT (-122.25492957068488 37.86970867820412),0.038589789248910475,396.83942368104783,ios,1.5249191068625167,-0.06382873032280867,-0.2747384412242404
301,37.869695770079794,-122.25492370345447,1574209110.0,2019-11-19T16:18:30-08:00,POINT (-122.25492370345447 37.869695770079794),0.26130066796455587,398.3319594741448,ios,1.461090376539708,-0.3385671715470491,0.476446326294627
302,37.86968365814595,-122.25491724937741,1574209111.0,2019-11-19T16:18:31-08:00,POINT (-122.25491724937741 37.86968365814595),0.6252357489059931,399.7447023089945,ios,1.122523204992659,0.13787915474757795,-0.29663923374725676
303,37.86967359977609,-122.25491615957725,1574209112.0,2019-11-19T16:18:32-08:00,POINT (-122.25491615957725 37.86967359977609),0.5559708298695578,400.8626989824701,ios,1.260402359740237,-0.1587600789996788,0.1789107161022872
304,37.8696624518376,-122.25491356121697,1574209113.0,2019-11-19T16:18:33-08:00,POINT (-122.25491356121697 37.8696624518376),0.21607428007193757,402.89557352067976,ios,1.1016422807405581,0.0201506371026084,-0.00030663243104761637
305,37.86959363620833,-122.25490266471017,1574209120.0,2019-11-19T16:18:40-08:00,POINT (-122.25490266471017 37.86959363620833),7.4762685806530635,403.1120602505972,ios,1.242696740458817,0.018004210085275085,0.14413404667884722
306,37.86958382936003,-122.25489587535725,1574209121.0,2019-11-19T16:18:41-08:00,POINT (-122.25489587535725 37.86958382936003),8.616981933887821,403.60134669970415,ios,1.260700950544092,0.1621382567641223,-0.17289667568978118
307,37.86957360341946,-122.25488967273594,1574209122.0,2019-11-19T16:18:42-08:00,POINT (-122.25488967273594 37.86957360341946),9.798994063028585,404.03477610735604,ios,1.4228392073082143,-0.010758418925658875,-0.055893825737574954
308,37.86956170111696,-122.25488372158469,1574209123.0,2019-11-19T16:18:43-08:00,POINT (-122.25488372158469 37.86956170111696),11.164001867438818,404.42822586708496,ios,1.4120807883825555,-0.06665224466323383,0.10836388939945008
309,37.8695491282622,-122.25488145847083,1574209124.0,2019-11-19T16:18:44-08:00,POINT (-122.25488145847083 37.8695491282622),12.571732751492446,404.4916166933126,ios,1.3454285437193216,0.04171164473621625,0.0010708726002051083
310,37.869537142140665,-122.25487936299504,1574209125.0,2019-11-19T16:18:45-08:00,POINT (-122.25487936299504 37.869537142140665),13.91324260545596,404.54661920106093,ios,1.3871401884555379,0.042782517336421355,-0.12354093972197766
311,37.86951283462147,-122.25487223837735,1574209127.0,2019-11-19T16:18:47-08:00,POINT (-122.25487223837735 37.86951283462147),16.658211123900436,404.9098625088842,ios,1.4727052231283806,-0.20429936210753397,0.12493848744212976
312,37.86950055513332,-122.25486595194997,1574209128.0,2019-11-19T16:18:48-08:00,POINT (-122.25486595194997 37.86950055513332),18.067722277580007,405.32862299823717,ios,1.2684058610208466,-0.0793608746654042,0.08131134636221571
313,37.8694896586592,-122.25486167717935,1574209129.0,2019-11-19T16:18:49-08:00,POINT (-122.25486167717935 37.8694896586592),19.307408467028313,405.586091788845,ios,1.1890449863554424,0.0019504716968115066,-0.03389755193975345
314,37.86945864561746,-122.25487207073928,1574209132.0,2019-11-19T16:18:52-08:00,POINT (-122.25487207073928 37.86945864561746),22.644093227770323,404.34382749117174,ios,1.194896401445877,-0.09974218412244884,-0.9954120332009793
315,37.86944795869092,-122.25487349566282,1574209133.0,2019-11-19T16:18:53-08:00,POINT (-122.25487349566282 37.86944795869092),23.8122177716815,404.1045554659166,ios,1.095154217323428,-1.095154217323428,1.095154217323428
316,37.86943810995469,-122.25487341184379,1574209134.0,2019-11-19T16:18:54-08:00,POINT (-122.25487341184379 37.86943810995469),24.57911105876712,428.31724264036944,ios,0.0,0.0,0.0
