,latitude,longitude,ts,fmt_time,geometry,gt_distance,gt_projection,source,speed,acceleration,jerk
0,37.86947042219142,-122.25764237355651,1575936810.0,2019-12-09T16:13:30-08:00,POINT (-122.25764237355651 37.86947042219142),24.49584533701439,0.0,ios,0.7304589113516079,-0.36653632448158274,0.7427413576936519
1,37.86946681786865,-122.25764933073766,1575936811.0,2019-12-09T16:13:31-08:00,POINT (-122.25764933073766 37.86946681786865),24.946709801103232,0.0,ios,0.36392258687002516,0.37620503321206916,0.33843784532921667
2,37.86946815946349,-122.25766165183549,1575936814.0,2019-12-09T16:13:34-08:00,POINT (-122.25766165183549 37.86946815946349),24.92786376602356,0.0,ios,1.4925376865062325,1.3915185691997192,-1.0200445246975527
3,37.86948131866554,-122.25765829917253,1575936815.0,2019-12-09T16:13:35-08:00,POINT (-122.25765829917253 37.86948131866554),23.44096802480278,0.0,ios,2.8840562557059517,0.3714740445021665,-1.0452270373428152
4,37.86950227342347,-122.2576389369762,1575936816.0,2019-12-09T16:13:36-08:00,POINT (-122.2576389369762 37.86950227342347),20.949137366655826,0.0,ios,3.255530300208118,-0.6737529928406487,0.8674711840321652
5,37.86952444355736,-122.25761471327604,1575936817.0,2019-12-09T16:13:37-08:00,POINT (-122.25761471327604 37.86952444355736),18.44515042672939,0.0,ios,2.5817773073674695,0.19371819119151645,-1.7942961497211651
6,37.86954162645886,-122.25759493198456,1575936818.0,2019-12-09T16:13:38-08:00,POINT (-122.25759493198456 37.86954162645886),16.695840613773715,0.0,ios,2.775495498558986,-1.6005779585296487,1.6005779501871502
7,37.86956270694534,-122.25757800054015,1575936819.0,2019-12-09T16:13:39-08:00,POINT (-122.25757800054015 37.86956270694534),14.702067769433686,0.0,ios,1.1749175400293372,-8.342498469815496e-09,-1.2413470251715353e-09
8,37.86957297507294,-122.25758115781476,1575936820.0,2019-12-09T16:13:40-08:00,POINT (-122.25758115781476 37.86957297507294),13.529831130281199,0.0,ios,1.1749175316868388,-9.583845494987031e-09,9.471061712673645e-10
9,37.86958324320055,-122.25758431508936,1575936821.0,2019-12-09T16:13:41-08:00,POINT (-122.25758431508936 37.86958324320055),12.35767513421029,0.0,ios,1.1749175221029933,-8.636739323719667e-09,-9.471081696688088e-10
10,37.869593511328155,-122.25758747236398,1575936822.0,2019-12-09T16:13:42-08:00,POINT (-122.25758747236398 37.869593511328155),11.185625128312873,0.0,ios,1.174917513466254,-9.583847493388475e-09,9.471063933119694e-10
11,37.869603779455765,-122.25759062963859,1575936823.0,2019-12-09T16:13:43-08:00,POINT (-122.25759062963859 37.869603779455765),10.013718329164103,0.0,ios,1.1749175038824065,-8.636741100076506e-09,-1.2413470251715353e-09
12,37.86961404758337,-122.2575937869132,1575936824.0,2019-12-09T16:13:44-08:00,POINT (-122.2575937869132 37.86961404758337),8.842011674695302,0.0,ios,1.1749174952456654,-9.878088125248041e-09,1.5355841043174223e-09
13,37.86962431571098,-122.25759694418781,1575936825.0,2019-12-09T16:13:45-08:00,POINT (-122.25759694418781 37.86962431571098),7.670596880117304,0.0,ios,1.1749174853675772,-8.342504020930619e-09,-0.0003050541001310414
14,37.86963458383858,-122.25760010146242,1575936826.0,2019-12-09T16:13:46-08:00,POINT (-122.25760010146242 37.86963458383858),6.499631747909032,0.0,ios,1.1749174770250732,-0.0003050624426350623,-0.3448774632865338
15,37.86964485196619,-122.25760325873702,1575936827.0,2019-12-09T16:13:47-08:00,POINT (-122.25760325873702 37.86964485196619),5.3294126763625025,0.0,ios,1.1746124145824381,-0.34518252572916885,0.34513547671403033
16,37.869655117427804,-122.25760641519189,1575936828.0,2019-12-09T16:13:48-08:00,POINT (-122.25760641519189 37.869655117427804),4.160872420558401,0.0,ios,0.8294298888532693,-4.7049015138522776e-05,-0.015098333386577734
17,37.86964851649178,-122.25761081581592,1575936829.0,2019-12-09T16:13:49-08:00,POINT (-122.25761081581592 37.86964851649178),4.7664551893630005,0.0,ios,0.8293828398381308,-0.015145382401716256,0.015097799765506847
18,37.86964191593031,-122.25761521619023,1575936830.0,2019-12-09T16:13:50-08:00,POINT (-122.25761521619023 37.86964191593031),5.431150494015243,0.0,ios,0.8142374574364145,-4.7582636209408946e-05,0.4665750566210939
19,37.86964432579786,-122.25762397553486,1575936831.0,2019-12-09T16:13:51-08:00,POINT (-122.25762397553486 37.86964432579786),5.136814425661018,0.0,ios,0.8141898748002051,0.4665274739848845,-0.46660051343514974
20,37.86964673552463,-122.25763273436786,1575936832.0,2019-12-09T16:13:52-08:00,POINT (-122.25763273436786 37.86964673552463),4.960500259335803,0.0,ios,1.2807173487850896,-7.303945026526648e-05,-0.01666211019892372
21,37.86965086372956,-122.25764635534858,1575936833.0,2019-12-09T16:13:53-08:00,POINT (-122.25764635534858 37.86965086372956),4.90979974586061,0.0,ios,1.2806443093348243,-0.016735149649188985,-0.14462084313333845
22,37.86965499169926,-122.25765997555317,1575936834.0,2019-12-09T16:13:54-08:00,POINT (-122.25765997555317 37.86965499169926),5.18611315973604,0.0,ios,1.2639091596856353,-0.16135599278252744,0.3409136987471426
23,37.86965335722814,-122.25767422478856,1575936835.0,2019-12-09T16:13:55-08:00,POINT (-122.25767422478856 37.86965335722814),6.19327440494146,0.0,ios,1.102553166903108,0.17955770596461518,-0.026473020332926422
24,37.86964866336236,-122.25768528890075,1575936836.0,2019-12-09T16:13:56-08:00,POINT (-122.25768528890075 37.86964866336236),7.2704029351820685,0.0,ios,1.282110872867723,0.15308468563168875,-0.8571638068655011
25,37.869648034719624,-122.25769987341226,1575936837.0,2019-12-09T16:13:57-08:00,POINT (-122.25769987341226 37.869648034719624),8.336265666314034,0.0,ios,1.4351955584994118,-0.7040791212338123,0.7040369236244223
26,37.86964836999575,-122.25771621812345,1575936838.0,2019-12-09T16:13:58-08:00,POINT (-122.25771621812345 37.86964836999575),9.537498788225045,0.0,ios,0.7311164372655995,-4.219760939006001e-05,-0.019999441601561863
27,37.869650297889095,-122.25772418116117,1575936839.0,2019-12-09T16:13:59-08:00,POINT (-122.25772418116117 37.869650297889095),10.05653217266297,0.0,ios,0.7310742396562094,-0.020041639210951923,0.020000106304052356
28,37.86965222567121,-122.25773214373947,1575936840.0,2019-12-09T16:14:00-08:00,POINT (-122.25773214373947 37.86965222567121),10.60074369214866,0.0,ios,0.7110326004452575,-4.1532906899566235e-05,1.3880469744501527
29,37.869658617059045,-122.25773239520393,1575936841.0,2019-12-09T16:14:01-08:00,POINT (-122.25773239520393 37.869658617059045),10.357191396264016,0.0,ios,0.710991067538358,1.3880054415432532,-0.3233959732964804
30,37.86966500807355,-122.25773264665368,1575936842.0,2019-12-09T16:14:02-08:00,POINT (-122.25773264665368 37.86966500807355),10.157463382612349,0.0,ios,2.098996509081611,1.0646094682467728,-1.1043898546551194
31,37.869683238712945,-122.25772644404532,1575936843.0,2019-12-09T16:14:03-08:00,POINT (-122.25772644404532 37.869683238712945),9.23477753844626,0.39748989226976816,ios,3.163605977328384,-0.03978038640834658,-0.15319506664983829
32,37.86971094090293,-122.25771822978021,1575936844.0,2019-12-09T16:14:04-08:00,POINT (-122.25771822978021 37.86971094090293),8.11589454410193,3.3500813355175802,ios,3.1238255909200374,-0.19297545305818486,0.01592758593284449
33,37.86973788872162,-122.2577081714964,1575936845.0,2019-12-09T16:14:05-08:00,POINT (-122.2577081714964 37.86973788872162),6.879721251919215,5.530084119551054,ios,2.9308501378618526,-0.17704786712534037,0.0881049417938975
34,37.86976248960743,-122.25769618537487,1575936846.0,2019-12-09T16:14:06-08:00,POINT (-122.25769618537487 37.86976248960743),6.140395476527954,7.083071108211655,ios,2.753802270736512,-0.08894292533144288,0.01762320654880334
35,37.869785833207764,-122.2576857079959,1575936847.0,2019-12-09T16:14:07-08:00,POINT (-122.2576857079959 37.869785833207764),5.635784222538596,9.785524297394193,ios,2.6648593454050693,-0.07131971878263954,0.27131587344165853
36,37.86980804525117,-122.25767430860759,1575936848.0,2019-12-09T16:14:08-08:00,POINT (-122.25767430860759 37.86980804525117),5.1794675067413,11.147149158163538,ios,2.5935396266224298,0.199996154659019,-0.4449147996399745
37,37.86982677880476,-122.25765670661093,1575936849.0,2019-12-09T16:14:09-08:00,POINT (-122.25765670661093 37.86982677880476),4.86062687091085,13.00488175050747,ios,2.7935357812814487,-0.2449186449809555,-0.10960740622688503
38,37.869847440196075,-122.25763860170008,1575936850.0,2019-12-09T16:14:10-08:00,POINT (-122.25763860170008 37.869847440196075),4.66338562461577,15.789217763598074,ios,2.5486171363004932,-0.35452605120784053,0.18849728920278475
39,37.869865964202084,-122.25762150261761,1575936851.0,2019-12-09T16:14:11-08:00,POINT (-122.25762150261761 37.869865964202084),4.563544806061583,17.976451484063237,ios,2.1940910850926527,-0.16602876200505579,0.29147870959207545
40,37.86988226700375,-122.25760742102028,1575936852.0,2019-12-09T16:14:12-08:00,POINT (-122.25760742102028 37.86988226700375),4.593006565087641,20.168541556961415,ios,2.028062323087597,0.12544994758701966,-0.1261242799448099
41,37.86989743824849,-122.25759459670843,1575936853.0,2019-12-09T16:14:13-08:00,POINT (-122.25759459670843 37.86989743824849),4.640548680431413,22.19430054676168,ios,2.1535122706746166,-0.0006743323577902416,-0.26482822907336256
42,37.86991386677871,-122.25758160475851,1575936854.0,2019-12-09T16:14:14-08:00,POINT (-122.25758160475851 37.86991386677871),4.756392493531782,24.342588384860065,ios,2.1528379383168263,-0.2655025614311528,0.15371022180858818
43,37.86992870274732,-122.25756584678055,1575936855.0,2019-12-09T16:14:15-08:00,POINT (-122.25756584678055 37.86992870274732),4.5715775200751185,26.486567797836855,ios,1.8873353768856735,-0.11179233962256463,0.21437176000432245
44,37.869942658616104,-122.25755360920192,1575936856.0,2019-12-09T16:14:16-08:00,POINT (-122.25755360920192 37.869942658616104),4.49221387532826,29.45047625748811,ios,1.775543037263109,0.10257942038175782,-0.32200797472242204
45,37.869956111570694,-122.2575427127278,1575936857.0,2019-12-09T16:14:17-08:00,POINT (-122.2575427127278 37.869956111570694),4.160510971637004,30.91369821330819,ios,1.8781224576448667,-0.21942855434066422,0.10480238587355228
46,37.86997023507754,-122.25753097806336,1575936858.0,2019-12-09T16:14:18-08:00,POINT (-122.25753097806336 37.86997023507754),4.044950293384688,35.9889383513458,ios,1.6586939033042025,-0.11462616846711193,0.03585835130196635
47,37.869982514565685,-122.2575202492273,1575936859.0,2019-12-09T16:14:19-08:00,POINT (-122.2575202492273 37.869982514565685),2.784516349252387,37.065120036760234,ios,1.5440677348370906,-0.07876781716514558,0.3582951382840047
48,37.86999399777303,-122.25751035858156,1575936860.0,2019-12-09T16:14:20-08:00,POINT (-122.25751035858156 37.86999399777303),1.713315514537237,37.87236917170335,ios,1.465299917671945,0.27952732111885914,0.23148414977397547
49,37.87000535525183,-122.25750189285935,1575936861.0,2019-12-09T16:14:21-08:00,POINT (-122.25750189285935 37.87000535525183),0.8035702801304588,39.01904138391796,ios,1.7448272387908041,0.5110114708928346,-0.3572645319147403
50,37.87002069413463,-122.25749770190777,1575936862.0,2019-12-09T16:14:22-08:00,POINT (-122.25749770190777 37.87002069413463),0.20596488258804482,40.65468343341186,ios,2.2558387096836388,0.15374693897809433,-0.17225612217096575
51,37.8700377932171,-122.25748387176753,1575936863.0,2019-12-09T16:14:23-08:00,POINT (-122.25748387176753 37.8700377932171),1.2582002659395746,42.36800906661939,ios,2.409585648661733,-0.018509183192871426,-0.9941974653877896
52,37.870055940037474,-122.25746886816086,1575936864.0,2019-12-09T16:14:24-08:00,POINT (-122.25746886816086 37.870055940037474),2.840488763846608,44.182401753235666,ios,2.3910764654688617,-1.012706648580661,-0.3365638759788414
53,37.87006901580642,-122.25744724285067,1575936865.0,2019-12-09T16:14:25-08:00,POINT (-122.25744724285067 37.87006901580642),4.922898478264513,45.3598634061654,ios,1.3783698168882006,-1.3492705245595025,1.3746540138998635
54,37.87007245238672,-122.25743215542497,1575936866.0,2019-12-09T16:14:26-08:00,POINT (-122.25743215542497 37.87007245238672),6.2256481827766414,101.76201540374004,ios,0.029099292328698182,0.025383489340361005,-0.0024654395684341563
55,37.87006809379707,-122.25741547543765,1575936919.0,2019-12-09T16:15:19-08:00,POINT (-122.25741547543765 37.87006809379707),4.852359124771104,102.46939283431493,ios,1.3744242273678313,-0.10528480778664928,0.19095138613531648
56,37.87005782596569,-122.25740675825836,1575936920.0,2019-12-09T16:15:20-08:00,POINT (-122.25740675825836 37.87005782596569),4.273481056201232,103.71467243662802,ios,1.269139419581182,0.0856665783486672,-0.345218651059801
57,37.87005003079574,-122.25739619706036,1575936921.0,2019-12-09T16:15:21-08:00,POINT (-122.25739619706036 37.87005003079574),3.4914489712306467,104.71437889534138,ios,1.3548059979298492,-0.2595520727111338,0.3498287954609436
58,37.87004181653063,-122.25738479767205,1575936922.0,2019-12-09T16:15:22-08:00,POINT (-122.25738479767205 37.87004181653063),2.6438832282471143,105.77155693562241,ios,1.0952539252187155,0.0902767227498098,0.24075634371442267
59,37.8700354043747,-122.25737532612146,1575936923.0,2019-12-09T16:15:23-08:00,POINT (-122.25737532612146 37.8700354043747),1.9324812094753017,106.60469559393034,ios,1.1855306479685253,0.3310330664642325,-0.38159436497658716
60,37.87002836357603,-122.25736518401862,1575936924.0,2019-12-09T16:15:24-08:00,POINT (-122.25736518401862 37.87002836357603),1.1737493020098266,107.5159605847027,ios,1.5165637144327577,-0.05056129851235469,0.11046640735964042
61,37.87001960448722,-122.25735194061161,1575936925.0,2019-12-09T16:15:25-08:00,POINT (-122.25735194061161 37.87001960448722),0.1762408285689221,108.64162650713446,ios,1.466002415920403,0.059905108847285726,-0.04389421614873945
62,37.87001231223146,-122.25733802665235,1575936926.0,2019-12-09T16:15:26-08:00,POINT (-122.25733802665235 37.87001231223146),0.3556790696479924,109.9493714035765,ios,1.5259075247676888,0.016010892698546275,-0.0034587825564520447
63,37.870004265604415,-122.25732394505502,1575936927.0,2019-12-09T16:15:27-08:00,POINT (-122.25732394505502 37.870004265604415),0.8385188002718427,111.3978347515501,ios,1.541918417466235,0.01255211014209423,-0.07461846502239111
64,37.86999563224415,-122.25731019873382,1575936928.0,2019-12-09T16:15:28-08:00,POINT (-122.25731019873382 37.86999563224415),1.2593725477121722,112.8818722214304,ios,1.5544705276083293,-0.06206635488029688,-0.15897820082415182
65,37.86998657978872,-122.25729670386971,1575936929.0,2019-12-09T16:15:29-08:00,POINT (-122.25729670386971 37.86998657978872),1.6350962446756236,114.39070403623214,ios,1.4924041727280324,-0.2210445557044487,0.23818346321289385
66,37.86997740160475,-122.25728429865302,1575936930.0,2019-12-09T16:15:30-08:00,POINT (-122.25728429865302 37.86997740160475),1.9249094198817087,115.85481909017865,ios,1.2713596170235837,0.017138907508445156,-0.1403881186696163
67,37.869969648344316,-122.25727365363599,1575936931.0,2019-12-09T16:15:31-08:00,POINT (-122.25727365363599 37.869969648344316),2.1815547219591087,117.10015090794055,ios,1.2884985245320288,-0.12324921116117116,0.21679394600386592
68,37.86996181126485,-122.2572628409809,1575936932.0,2019-12-09T16:15:32-08:00,POINT (-122.2572628409809 37.86996181126485),2.4447251269615156,118.36164850423756,ios,1.1652493133708577,0.09354473484269477,-0.1269426460951344
69,37.869954896194734,-122.25725286651613,1575936933.0,2019-12-09T16:15:33-08:00,POINT (-122.25725286651613 37.869954896194734),2.7078956894206545,119.49704697818733,ios,1.2587940482135525,-0.03339791125243963,-0.15353229562722048
70,37.869947310572364,-122.2572422214991,1575936934.0,2019-12-09T16:15:34-08:00,POINT (-122.2572422214991 37.869947310572364),2.9754164232502043,120.72728873864222,ios,1.2253961369611128,-0.1869302068796601,0.44573291559657324
71,37.86994085650692,-122.25723090592982,1575936935.0,2019-12-09T16:15:35-08:00,POINT (-122.25723090592982 37.86994085650692),3.3641912812597856,121.8901547601454,ios,1.0384659300814527,0.25880270871691313,-0.017655213033661132
72,37.86993792284081,-122.25721967417957,1575936936.0,2019-12-09T16:15:36-08:00,POINT (-122.25721967417957 37.86993792284081),3.975355585390743,122.73181741640973,ios,1.2972686387983658,0.241147495683252,0.03901508452773017
73,37.86993649791727,-122.25720500584902,1575936937.0,2019-12-09T16:15:37-08:00,POINT (-122.25720500584902 37.86993649791727),4.598042979595769,125.46467636564738,ios,1.5384161344816178,0.28016258021098217,-0.6333530189862115
74,37.86993691701243,-122.25718748767139,1575936938.0,2019-12-09T16:15:38-08:00,POINT (-122.25718748767139 37.86993691701243),4.715398439923123,131.18991459727374,ios,1.8185787146926,-0.3531904387752294,0.22067688211981107
75,37.869938509574034,-122.25716686818959,1575936939.0,2019-12-09T16:15:39-08:00,POINT (-122.25716686818959 37.869938509574034),4.395995804971582,132.98391457265052,ios,1.4653882759173706,-0.1325135566554183,0.013807572821072922
76,37.86993905439774,-122.25715018820227,1575936940.0,2019-12-09T16:15:40-08:00,POINT (-122.25715018820227 37.86993905439774),4.058187755789157,134.4128916888169,ios,1.3328747192619523,-0.11870598383434539,0.10312892212925617
77,37.86993955731193,-122.25713501695753,1575936941.0,2019-12-09T16:15:41-08:00,POINT (-122.25713501695753 37.86993955731193),3.7517229289731047,135.71283540079767,ios,1.214168735427607,-0.015577061705089212,0.07304098756607513
78,37.86994077268789,-122.25712127063633,1575936942.0,2019-12-09T16:15:42-08:00,POINT (-122.25712127063633 37.86994077268789),3.5552059089419963,136.9134378101461,ios,1.1985916737225177,0.05746392586098592,-0.008575675710996045
79,37.86994311962078,-122.25710794341029,1575936943.0,2019-12-09T16:15:43-08:00,POINT (-122.25710794341029 37.86994311962078),3.489531200939535,138.11243623214293,ios,1.2560555995835037,0.048888250149989876,-0.4860253248069478
80,37.86994705911527,-122.25709453236522,1575936944.0,2019-12-09T16:15:44-08:00,POINT (-122.25709453236522 37.86994705911527),3.5920109741382156,139.36623038476503,ios,1.3049438497334935,-0.43713707465695795,0.4370873856447902
81,37.86995183680008,-122.25708095368208,1575936945.0,2019-12-09T16:15:45-08:00,POINT (-122.25708095368208 37.86995183680008),3.7800605543548778,140.65932570459495,ios,0.8678067750765356,-4.9689012167730695e-05,0.0038994174073321286
82,37.869955755451926,-122.25707240389625,1575936946.0,2019-12-09T16:15:46-08:00,POINT (-122.25707240389625 37.869955755451926),3.995729289860535,141.5007861995229,ios,0.8677570860643679,0.003849728395164398,-0.003900261289619622
83,37.86995967387954,-122.25706385459961,1575936947.0,2019-12-09T16:15:47-08:00,POINT (-122.25706385459961 37.86995967387954),4.211385773010513,142.34219849097732,ios,0.8716068144595323,-5.053289445522413e-05,0.2646108477260737
84,37.86996392781863,-122.25705551436435,1575936948.0,2019-12-09T16:15:48-08:00,POINT (-122.25705551436435 37.86996392781863),4.467850853562301,143.17595342219383,ios,0.871556281565077,0.26456031483161846,-0.10849119272619978
85,37.86996818151126,-122.2570471746123,1575936949.0,2019-12-09T16:15:49-08:00,POINT (-122.2570471746123 37.86996818151126),4.724301161566244,144.0096599845074,ios,1.1361165963966955,0.15606912210541868,-0.09367153537595496
86,37.86997203718672,-122.25703518849076,1575936950.0,2019-12-09T16:15:50-08:00,POINT (-122.25703518849076 37.86997203718672),4.8516571801371295,145.1402638722171,ios,1.2921857185021142,0.06239758672946372,-0.04567707750665018
87,37.86997601859073,-122.25702135835053,1575936951.0,2019-12-09T16:15:51-08:00,POINT (-122.25702135835053 37.86997601859073),4.948665472670727,146.43080665520802,ios,1.3545833052315779,0.01672050922281354,0.03134468155251069
88,37.869979371351995,-122.25700652238191,1575936952.0,2019-12-09T16:15:52-08:00,POINT (-122.25700652238191 37.869979371351995),4.954631554512395,147.78770718037964,ios,1.3713038144543914,0.04806519077532423,-0.11344956416604912
89,37.869982807932296,-122.25699151877524,1575936953.0,2019-12-09T16:15:53-08:00,POINT (-122.25699151877524 37.869982807932296),4.965572812712016,149.16131558859422,ios,1.4193690052297157,-0.06538437339072489,-0.14748517035751618
90,37.8699870407934,-122.25697626371146,1575936954.0,2019-12-09T16:15:54-08:00,POINT (-122.25697626371146 37.8699870407934),5.0556164680256055,150.58006869102869,ios,1.3539846318389908,-0.21286954374824107,0.28194529064269824
91,37.86999186038772,-122.2569620982951,1575936955.0,2019-12-09T16:15:55-08:00,POINT (-122.2569620982951 37.86999186038772),5.234215286730393,151.92410988936092,ios,1.1411150880907497,0.06907574689445717,-0.1432953370825294
92,37.86999613515834,-122.25695027981163,1575936956.0,2019-12-09T16:15:56-08:00,POINT (-122.25695027981163 37.86999613515834),5.41032729719441,153.0530675306639,ios,1.2101908349852069,-0.07421959018807223,0.18383480038733224
93,37.87000074520508,-122.25693779077591,1575936957.0,2019-12-09T16:15:57-08:00,POINT (-122.25693779077591 37.87000074520508),5.606339277195058,154.24885683032332,ios,1.1359712447971346,0.10961521019926002,-0.12672523113364753
94,37.8700050007066,-122.25692602556585,1575936958.0,2019-12-09T16:15:58-08:00,POINT (-122.25692602556585 37.8700050007066),5.781657765688874,155.37272538137663,ios,1.2455864549963946,-0.017110020934387515,-0.09001026057480588
95,37.87000941868677,-122.25691298562165,1575936959.0,2019-12-09T16:15:59-08:00,POINT (-122.25691298562165 37.87000941868677),5.944070786777193,156.60941965561506,ios,1.2284764340620071,-0.1071202815091934,0.16814533327984105
96,37.87001335822876,-122.25689991035088,1575936960.0,2019-12-09T16:16:00-08:00,POINT (-122.25689991035088 37.87001335822876),6.054530409375594,157.8347766793138,ios,1.1213561525528137,0.061025051770647654,-0.15227515722194962
97,37.87001625051923,-122.25688767210164,1575936961.0,2019-12-09T16:16:01-08:00,POINT (-122.25688767210164 37.87001625051923),6.0729773456391625,158.95787994078893,ios,1.1823812043234614,-0.09125010545130197,0.16956621331412958
98,37.87001905856602,-122.25687468012298,1575936962.0,2019-12-09T16:16:02-08:00,POINT (-122.25687468012298 37.87001905856602),6.064529315099661,160.14229485748209,ios,1.0911310988721594,0.07831610786282761,-0.01434157657247348
99,37.870021657104765,-122.2568626932999,1575936963.0,2019-12-09T16:16:03-08:00,POINT (-122.2568626932999 37.870021657104765),6.057562305558027,161.2353065460081,ios,1.169447206734987,0.06397453129035413,-0.28748449444222035
100,37.87002450693879,-122.25684986893968,1575936964.0,2019-12-09T16:16:04-08:00,POINT (-122.25684986893968 37.87002450693879),6.057558575170721,162.4067769760852,ios,1.2334217380253412,-0.22350996315186622,0.246371741904569
101,37.87002781770595,-122.25683645780505,1575936965.0,2019-12-09T16:16:05-08:00,POINT (-122.25683645780505 37.87002781770595),6.0928687413106335,163.64174713062195,ios,1.009911774873475,0.022861778752702788,-0.005206402808583199
102,37.87003091914582,-122.25682564408656,1575936966.0,2019-12-09T16:16:06-08:00,POINT (-122.25682564408656 37.87003091914582),6.1674820453016475,164.65046793126407,ios,1.0327735536261777,0.01765537594411959,-0.01793679912959334
103,37.87003368532504,-122.25681441224526,1575936967.0,2019-12-09T16:16:07-08:00,POINT (-122.25681441224526 37.87003368532504),6.196350338134076,165.68455939744285,ios,1.0504289295702973,-0.00028142318547375034,0.18394538109077807
104,37.87003536207079,-122.25680263535787,1575936968.0,2019-12-09T16:16:08-08:00,POINT (-122.25680263535787 37.87003536207079),6.095886716037984,166.73218380808635,ios,1.0501475063848236,0.18366395790530432,-0.2633617292614301
105,37.870037038057035,-122.2567908615545,1575936969.0,2019-12-09T16:16:09-08:00,POINT (-122.2567908615545 37.870037038057035),5.995415308867308,167.7795242703579,ios,1.233811464290128,-0.07969777135612577,0.09216988774293666
106,37.87003900817331,-122.25677702882028,1575936970.0,2019-12-09T16:16:10-08:00,POINT (-122.25677702882028 37.87003900817331),5.877485767362609,169.0100484913199,ios,1.1541136929340021,0.012472116386810894,-0.04887188941030063
107,37.87004060084869,-122.25676403641928,1575936971.0,2019-12-09T16:16:11-08:00,POINT (-122.25676403641928 37.87004060084869),5.739182580437104,170.15809914781133,ios,1.166585809320813,-0.036399773023489734,0.10792974056689486
108,37.87004206771779,-122.25675087675688,1575936972.0,2019-12-09T16:16:12-08:00,POINT (-122.25675087675688 37.87004206771779),5.583467749885328,171.31654765648895,ios,1.1301860362973233,0.07152996754340513,-0.0041535609243397165
109,37.87004353457007,-122.25673813601995,1575936973.0,2019-12-09T16:16:13-08:00,POINT (-122.25673813601995 37.87004353457007),5.43769722131527,172.439516078363,ios,1.2017160038407284,0.06737640661906541,-0.11921937509018155
110,37.870046007095546,-122.25672480870041,1575936974.0,2019-12-09T16:16:14-08:00,POINT (-122.25672480870041 37.870046007095546),5.385443614891389,173.6422826112939,ios,1.2690924104597938,-0.051842968471116135,-0.07288386348656672
111,37.87004910833689,-122.25671089467372,1575936975.0,2019-12-09T16:16:15-08:00,POINT (-122.25671089467372 37.87004910833689),5.3864310106831885,174.91356811490857,ios,1.2172494419886777,-0.12472683195768286,0.12637880991660255
112,37.87005132969368,-122.25669731578985,1575936976.0,2019-12-09T16:16:16-08:00,POINT (-122.25669731578985 37.87005132969368),5.3013711516404465,176.13011769345192,ios,1.0925226100309948,0.0016519779589196926,0.09077363089967161
113,37.870052126172446,-122.25668491030093,1575936977.0,2019-12-09T16:16:17-08:00,POINT (-122.25668491030093 37.870052126172446),5.09193987824114,177.20461601825795,ios,1.0941745879899145,0.0924256088585913,-0.2534458573057301
114,37.87005116246251,-122.25667250495412,1575936978.0,2019-12-09T16:16:18-08:00,POINT (-122.25667250495412 37.87005116246251),4.694458788702333,178.2263858074864,ios,1.1866001968485058,-0.1610202484471388,0.14552933567098525
115,37.87004982138915,-122.25665909390536,1575936979.0,2019-12-09T16:16:19-08:00,POINT (-122.25665909390536 37.87004982138915),4.23278461433589,179.32202868658078,ios,1.025579948401367,-0.015490912776153554,0.12027737641361069
116,37.87004852217891,-122.25664752658862,1575936980.0,2019-12-09T16:16:20-08:00,POINT (-122.25664752658862 37.87004852217891),3.8193559806526367,180.2627762531547,ios,1.0100890356252135,0.10478646363745714,-0.13682176486282827
117,37.8700479353724,-122.25663604328832,1575936981.0,2019-12-09T16:16:21-08:00,POINT (-122.25663604328832 37.8700479353724),3.484033236631775,181.21774437851028,ios,1.1148754992626706,-0.03203530122537113,0.056389782269536504
118,37.87004877344113,-122.25662338663194,1575936982.0,2019-12-09T16:16:22-08:00,POINT (-122.25662338663194 37.87004877344113),3.273082927833092,182.31476034017925,ios,1.0828401980372995,0.024354481044165377,-0.1264579293000101
119,37.870050785017874,-122.25661131654228,1575936983.0,2019-12-09T16:16:23-08:00,POINT (-122.25661131654228 37.870050785017874),3.2014328283924827,183.39724459305,ios,1.1071946790814648,-0.10210344825584472,-0.10959486361468895
120,37.87005388626196,-122.25659933033452,1575936984.0,2019-12-09T16:16:24-08:00,POINT (-122.25659933033452 37.87005388626196),3.2481912015907755,184.5052594519412,ios,1.0050912308256201,-0.21169831187053367,0.21163399406052097
121,37.87005753236525,-122.25658885281881,1575936985.0,2019-12-09T16:16:25-08:00,POINT (-122.25658885281881 37.87005753236525),3.38897932722471,185.50181838651395,ios,0.7933929189550865,-6.431781001270398e-05,-0.12333054657186471
122,37.87005994217937,-122.25658034528081,1575936986.0,2019-12-09T16:16:26-08:00,POINT (-122.25658034528081 37.87005994217937),3.444456059527784,186.29451015843404,ios,0.7933286011450738,-0.12339486438187741,0.12328806968746908
123,37.870062351759664,-122.25657183841473,1575936987.0,2019-12-09T16:16:27-08:00,POINT (-122.25657183841473 37.870062351759664),3.499923844759361,187.0871379928676,ios,0.6699337367631963,-0.00010679469440832978,0.626755513566138
124,37.87006011005301,-122.25656475423435,1575936988.0,2019-12-09T16:16:28-08:00,POINT (-122.25656475423435 37.87006011005301),3.0922383481509197,187.6199733566128,ios,0.669826942068788,0.6266487188717297,-0.7644455993652094
125,37.87005786791262,-122.25655767158527,1575936989.0,2019-12-09T16:16:29-08:00,POINT (-122.25655767158527 37.87005786791262),2.6845429040146827,188.15266609192213,ios,1.2964756609405177,-0.1377968804934797,0.04256796546655561
126,37.87005602392597,-122.25654308750494,1575936990.0,2019-12-09T16:16:30-08:00,POINT (-122.25654308750494 37.87005602392597),2.1412909641433373,189.3325938971622,ios,1.158678780447038,-0.0952289150269241,0.09519214745700588
127,37.87005820307963,-122.25653017924937,1575936991.0,2019-12-09T16:16:31-08:00,POINT (-122.25653017924937 37.87005820307963),2.0676460756919357,190.49108280009273,ios,1.0634498654201139,-3.6767569918216836e-05,0.6936374802888252
128,37.87006264543715,-122.25651945028532,1575936992.0,2019-12-09T16:16:32-08:00,POINT (-122.25651945028532 37.87006264543715),2.2875347192668025,191.53278439216905,ios,1.0634130978501957,0.693600712718907,-0.886685668349279
129,37.87006708772297,-122.25650872174599,1575936993.0,2019-12-09T16:16:33-08:00,POINT (-122.25650872174599 37.87006708772297),2.507425920988276,192.57444779006892,ios,1.7570138105691027,-0.19308495563037198,0.23939586565380977
130,37.8700753020458,-122.25649162246145,1575936994.0,2019-12-09T16:16:34-08:00,POINT (-122.25649162246145 37.8700753020458),2.979060965442928,194.26863103870966,ios,1.5639288549387307,0.04631091002343779,0.031053503015671335
131,37.8700813370861,-122.25647552913063,1575936995.0,2019-12-09T16:16:35-08:00,POINT (-122.25647552913063 37.8700813370861),3.2417507730536235,195.81235028798073,ios,1.6102397649621685,0.07736441303910913,-0.31143130917841266
132,37.87008640817571,-122.25645834618489,1575936996.0,2019-12-09T16:16:36-08:00,POINT (-122.25645834618489 37.87008640817571),3.375586350542999,197.41948148239686,ios,1.6876041780012776,-0.23406689613930354,0.21878959241442564
133,37.870092946046455,-122.25644099562312,1575936997.0,2019-12-09T16:16:37-08:00,POINT (-122.25644099562312 37.870092946046455),3.6621494982070595,199.08473704199915,ios,1.453537281861974,-0.0152773037248779,-0.054479137356298946
134,37.870098184774506,-122.25642582428932,1575936998.0,2019-12-09T16:16:38-08:00,POINT (-122.25642582428932 37.870098184774506),3.8616538799656066,200.52652133267134,ios,1.4382599781370962,-0.06975644108117685,0.04375203757901125
135,37.870103674927606,-122.25641098829246,1575936999.0,2019-12-09T16:16:39-08:00,POINT (-122.25641098829246 37.870103674927606),4.095981357353744,201.94743512382513,ios,1.3685035370559193,-0.026004403502165596,0.03879492175718502
136,37.87010765635821,-122.2563962360929,1575937000.0,2019-12-09T16:16:40-08:00,POINT (-122.2563962360929 37.87010765635821),4.171110963092842,203.31606704271312,ios,1.3424991335537537,0.012790518255019423,-0.11602719170727327
137,37.87011281123083,-122.25638240592451,1575937001.0,2019-12-09T16:16:41-08:00,POINT (-122.25638240592451 37.87011281123083),4.393498093573586,204.6417537552309,ios,1.3552896518087731,-0.10323667345225385,0.02638343557225009
138,37.870119977760616,-122.25636991686582,1575937002.0,2019-12-09T16:16:42-08:00,POINT (-122.25636991686582 37.870119977760616),4.862644642413069,205.91410637093605,ios,1.2520529783565193,-0.07685323788000376,-0.08852760822617944
139,37.870126473749565,-122.2563582659962,1575937003.0,2019-12-09T16:16:43-08:00,POINT (-122.2563582659962 37.870126473749565),5.280052309597151,207.09538898030937,ios,1.1751997404765155,-0.1653808461061832,0.16537216163291069
140,37.870132424903915,-122.25634720187844,1575937004.0,2019-12-09T16:16:44-08:00,POINT (-122.25634720187844 37.870132424903915),5.653181738512623,208.210661087223,ios,1.0098188943703323,-8.684473272513316e-06,-0.19623393385951016
141,37.870133870788415,-122.25633584435091,1575937005.0,2019-12-09T16:16:45-08:00,POINT (-122.25633584435091 37.870133870788415),5.538015269918272,209.21585430455082,ios,1.0098102098970598,-0.19624261833278267,0.19623098130722205
142,37.87013531666051,-122.25632448692085,1575937006.0,2019-12-09T16:16:46-08:00,POINT (-122.25632448692085 37.87013531666051),5.422849917688391,210.2210388939136,ios,0.8135675915642772,-1.1637025560617964e-05,0.27390281826597074
143,37.87013504424671,-122.25631522485159,1575937007.0,2019-12-09T16:16:47-08:00,POINT (-122.25631522485159 37.87013504424671),5.16473307965233,211.25050928165518,ios,0.8135559545387165,0.2738911812404101,-0.23172140035606303
144,37.8701347718368,-122.25630596291485,1575937008.0,2019-12-09T16:16:48-08:00,POINT (-122.25630596291485 37.8701347718368),4.878039176120767,212.01364214936774,ios,1.0874471357791267,0.042169780884347086,0.13516510504232393
145,37.87013724449824,-122.2562939767933,1575937009.0,2019-12-09T16:16:49-08:00,POINT (-122.2562939767933 37.87013724449824),4.804352828548608,213.10051897616393,ios,1.1296169166634737,0.17733488592667102,-0.20167958339280223
146,37.87014038771193,-122.25628173921467,1575937010.0,2019-12-09T16:16:50-08:00,POINT (-122.25628173921467 37.87014038771193),4.794232304720397,214.23193963254616,ios,1.3069518025901448,-0.024344697466131215,-0.2188697791951031
147,37.8701461293156,-122.25626874726476,1575937011.0,2019-12-09T16:16:51-08:00,POINT (-122.25626874726476 37.8701461293156),5.036558530751214,215.51761136872398,ios,1.2826071051240135,-0.2432144766612343,0.4470965488743135
148,37.8701530024762,-122.25625701260032,1575937012.0,2019-12-09T16:16:52-08:00,POINT (-122.25625701260032 37.8701530024762),5.432999544269671,216.7381563322713,ios,1.0393926284627792,0.2038820722130792,-0.40868411296349505
149,37.87015824116568,-122.2562472057736,1575937013.0,2019-12-09T16:16:53-08:00,POINT (-122.2562472057736 37.87015824116568),5.7111308791953,217.74042500661608,ios,1.2432747006758584,-0.20480204075041586,0.2645378915860215
150,37.87016637161176,-122.25623748276593,1575937014.0,2019-12-09T16:16:54-08:00,POINT (-122.25623748276593 37.87016637161176),6.295934514945506,218.83732574311856,ios,1.0384726599254426,0.05973585083560562,0.12291877389638328
151,37.87017345431994,-122.25622977141501,1575937015.0,2019-12-09T16:16:55-08:00,POINT (-122.25622977141501 37.87017345431994),6.826513014949596,219.7295769292205,ios,1.0982085107610482,0.1826546247319889,-0.45708054940843157
152,37.87018020175199,-122.25622063514055,1575937016.0,2019-12-09T16:16:56-08:00,POINT (-122.25622063514055 37.87018020175199),7.282109896236608,220.72892410092183,ios,1.280863135493037,-0.27442592467644267,0.2743894056230667
153,37.87018581762712,-122.25620789464773,1575937017.0,2019-12-09T16:16:57-08:00,POINT (-122.25620789464773 37.87018581762712),7.5182103405595,221.98919803843225,ios,1.0064372108165944,-3.6519053375982935e-05,0.17835921784147168
154,37.87019028107143,-122.25619792000222,1575937018.0,2019-12-09T16:16:58-08:00,POINT (-122.25619792000222 37.87019028107143),7.710078026632652,222.97822260788604,ios,1.0064006917632184,0.1783226987880957,-0.1560774351661811
155,37.870194744353995,-122.2561879457182,1575937019.0,2019-12-09T16:16:59-08:00,POINT (-122.2561879457182 37.870194744353995),7.9019388837104705,223.9672112628016,ios,1.1847233905513141,0.02224526362191459,0.062234459422530586
156,37.87020023450057,-122.2561763786918,1575937020.0,2019-12-09T16:17:00-08:00,POINT (-122.2561763786918 37.87020023450057),8.157498767148855,225.1251663567715,ios,1.2069686541732287,0.08447972304444518,-0.08430654353948297
157,37.87020589228521,-122.25616464402736,1575937021.0,2019-12-09T16:17:01-08:00,POINT (-122.25616464402736 37.87020589228521),8.426031418704845,226.30299836429762,ios,1.291448377217674,0.00017317950496220647,-0.2516549357054143
158,37.870212136803076,-122.25615223881067,1575937022.0,2019-12-09T16:17:02-08:00,POINT (-122.25615223881067 37.870212136803076),8.737633284514974,227.55739268138467,ios,1.2916215567226361,-0.2514817562004521,0.22518773561502115
159,37.87021817177336,-122.25613966595591,1575937023.0,2019-12-09T16:17:03-08:00,POINT (-122.25613966595591 37.87021817177336),9.022511794894701,228.81840849079313,ios,1.040139800522184,-0.026294020585430955,0.08366109187337512
160,37.87022370382945,-122.2561301105863,1575937024.0,2019-12-09T16:17:04-08:00,POINT (-122.2561301105863 37.87022370382945),9.338524638278228,229.81000726978922,ios,1.013845779936753,0.05736707128794416,0.07089512489200822
161,37.8702299064378,-122.2561216448641,1575937025.0,2019-12-09T16:17:05-08:00,POINT (-122.2561216448641 37.8702299064378),9.75546439631983,230.734263881887,ios,1.0712128512246972,0.12826219617995238,-0.013407208700678241
162,37.870237031055495,-122.25611343059899,1575937026.0,2019-12-09T16:17:06-08:00,POINT (-122.25611343059899 37.870237031055495),10.276444517132392,231.66994385914342,ios,1.1994750474046496,0.11485498747927414,-0.17022523681887836
163,37.87024474240641,-122.25610387522937,1575937027.0,2019-12-09T16:17:07-08:00,POINT (-122.25610387522937 37.87024474240641),10.821813329432382,232.73812898682723,ios,1.3143300348839237,-0.055370249339604216,0.05335265400858069
164,37.87025232802878,-122.25609239202203,1575937028.0,2019-12-09T16:17:08-08:00,POINT (-122.25609239202203 37.87025232802878),11.300243810133,233.9627313177013,ios,1.2589597855443195,-0.002017595331023525,-0.2710266942184122
165,37.870259285008416,-122.25608107645274,1575937029.0,2019-12-09T16:17:09-08:00,POINT (-122.25608107645274 37.870259285008416),11.717184319502024,235.1512554901098,ios,1.256942190213296,-0.2730442895494357,0.2729970930086858
166,37.87026661917369,-122.25607017997862,1575937030.0,2019-12-09T16:17:10-08:00,POINT (-122.25607017997862 37.87026661917369),12.185496470793652,236.31807058948837,ios,0.9838979006638603,-4.7196540749916416e-05,0.2513063473133067
167,37.87027183703344,-122.25606112730628,1575937031.0,2019-12-09T16:17:11-08:00,POINT (-122.25606112730628 37.87027183703344),12.482447567465124,237.25668781677547,ios,0.9838507041231104,0.2512591507725568,-0.41178706780844476
168,37.87027705464314,-122.25605207506777,1575937032.0,2019-12-09T16:17:12-08:00,POINT (-122.25605207506777 37.87027705464314),12.779384544715706,238.1952599823328,ios,1.2351098548956672,-0.16052791703588798,-0.1085960609280916
169,37.87028204187553,-122.25603950221301,1575937033.0,2019-12-09T16:17:13-08:00,POINT (-122.25603950221301 37.87028204187553),12.513210920979919,246.99471272374035,ios,1.0745819378597792,-0.2691239779639796,0.26908458940613234
170,37.87028572991292,-122.25602818664373,1575937034.0,2019-12-09T16:17:14-08:00,POINT (-122.25602818664373 37.87028572991292),11.987470279831204,247.93366081899669,ios,0.8054579598957996,-3.9388557847241934e-05,0.2690763538653418
171,37.87028788830573,-122.25601942734086,1575937035.0,2019-12-09T16:17:15-08:00,POINT (-122.25601942734086 37.87028788830573),11.532491558634337,248.59993425455772,ios,0.8054185713379524,0.26903696530749455,-0.18766774684139553
172,37.870290046593055,-122.2560106684661,1575937036.0,2019-12-09T16:17:16-08:00,POINT (-122.2560106684661 37.870290046593055),11.077535156312146,249.26617515952282,ios,1.074455536645447,0.08136921846609901,-0.2967693840800154
173,37.87029356699239,-122.25599926907779,1575937037.0,2019-12-09T16:17:17-08:00,POINT (-122.25599926907779 37.87029356699239),10.53446282162893,250.19512707935917,ios,1.155824755111546,-0.2154001656139164,0.21535215840726385
174,37.870295620558664,-122.2559863609469,1575937038.0,2019-12-09T16:17:18-08:00,POINT (-122.2559863609469 37.870295620558664),9.786294475812412,251.0789748982382,ios,0.9404245894976295,-4.800720665254499e-05,0.12346532202422211
175,37.87029779990909,-122.25597600903241,1575937039.0,2019-12-09T16:17:19-08:00,POINT (-122.25597600903241 37.87029779990909),9.222987392873584,251.83408988411603,ios,0.940376582290977,0.12341731481756957,-0.123473398024604
176,37.870299979148314,-122.25596565764607,1575937040.0,2019-12-09T16:17:20-08:00,POINT (-122.25596565764607 37.870299979148314),8.659709153466803,252.58916639098416,ios,1.0637938971085465,-5.6083207034429705e-05,-0.5300708358989312
177,37.870302493785516,-122.2559539645831,1575937041.0,2019-12-09T16:17:21-08:00,POINT (-122.2559539645831 37.870302493785516),8.027071681764975,253.44671395411484,ios,1.0637378139015121,-0.5301269191059657,0.5300985502216429
178,37.87030500829022,-122.25594227213621,1575937042.0,2019-12-09T16:17:22-08:00,POINT (-122.25594227213621 37.87030500829022),7.3944676747312155,254.3042163952315,ios,0.5336108947955465,-2.8368884322782506e-05,0.5853354058332507
179,37.870305134022104,-122.25593619509489,1575937043.0,2019-12-09T16:17:23-08:00,POINT (-122.25593619509489 37.870305134022104),6.984264428608969,254.64719401428118,ios,0.5335825259112237,0.5853070369489279,-0.5853660181893734
180,37.87030525974731,-122.25593011837664,1575937044.0,2019-12-09T16:17:24-08:00,POINT (-122.25593011837664 37.87030525974731),6.57408301454928,254.99015342552457,ios,1.1188895628601516,-5.898124044545483e-05,0.16332781131781804
181,37.8703069152168,-122.25591754519061,1575937045.0,2019-12-09T16:17:25-08:00,POINT (-122.25591754519061 37.8703069152168),5.821562598983097,255.82108615562467,ios,1.1188305816197062,0.16326883007737258,-0.128256775678655
182,37.870308570599065,-122.2559049726671,1575937046.0,2019-12-09T16:17:26-08:00,POINT (-122.2559049726671 37.870308570599065),5.069081964511223,256.6519751901907,ios,1.2820994116970788,0.035012054398717574,-0.12024694628804888
183,37.8703091992418,-122.25589038815559,1575937047.0,2019-12-09T16:17:27-08:00,POINT (-122.25589038815559 37.8703091992418),4.107152461285467,257.50352333983005,ios,1.3171114660957963,-0.08523489188933131,-0.09795221305904245
184,37.87030903160374,-122.25587538454892,1575937048.0,2019-12-09T16:17:28-08:00,POINT (-122.25587538454892 37.87030903160374),3.0614513888020465,258.3087343896308,ios,1.231876574206465,-0.18318710494837376,0.18692279898645792
185,37.87030982788454,-122.25586138677062,1575937049.0,2019-12-09T16:17:29-08:00,POINT (-122.25586138677062 37.87030982788454),2.151518353495322,259.1428001885686,ios,1.0486894692580913,0.0037356940380841586,0.2924766240158039
186,37.870311922958734,-122.25584973815812,1575937050.0,2019-12-09T16:17:30-08:00,POINT (-122.25584973815812 37.870311922958734),1.575994885140833,259.4568288538642,ios,1.0524251632961754,0.29621231805388804,-0.6390007504229216
187,37.87031841933529,-122.25584101874591,1575937051.0,2019-12-09T16:17:31-08:00,POINT (-122.25584101874591 37.87031841933529),2.032171197433118,259.6916186058442,ios,1.3486374813500634,-0.34278843236903356,0.2597889225027046
188,37.870324454305575,-122.25582769151987,1575937052.0,2019-12-09T16:17:32-08:00,POINT (-122.25582769151987 37.870324454305575),2.5079393426012735,260.95499199097054,ios,1.00584904898103,-0.08299950986632898,0.0829495246051376
189,37.87032973490457,-122.25581838760735,1575937053.0,2019-12-09T16:17:33-08:00,POINT (-122.25581838760735 37.87032973490457),2.957034084629504,261.855704692819,ios,0.9228495391147009,-4.998526119137647e-05,-0.020151947204933518
190,37.870335036601794,-122.2558102988519,1575937054.0,2019-12-09T16:17:34-08:00,POINT (-122.2558102988519 37.870335036601794),3.42534627755224,262.6512523267441,ios,0.9227995538535095,-0.020201932466124894,0.02015390643501047
191,37.870340338012085,-122.25580221053423,1575937055.0,2019-12-09T16:17:35-08:00,POINT (-122.25580221053423 37.870340338012085),3.893633205194924,263.44675681014627,ios,0.9025976213873846,-4.802603111442316e-05,-0.12287868493491949
192,37.87034551397489,-122.25579428942515,1575937056.0,2019-12-09T16:17:36-08:00,POINT (-122.25579428942515 37.87034551397489),4.350502633902289,264.22553765091993,ios,0.9025495953562702,-0.12292671096603391,0.12288244575266949
193,37.8703506896625,-122.25578636873722,1575937057.0,2019-12-09T16:17:37-08:00,POINT (-122.25578636873722 37.8703506896625),4.807347847480128,265.00427699615074,ios,0.7796228843902363,-4.4265213364425016e-05,0.0009082148048772387
194,37.87035416825101,-122.25577865716753,1575937058.0,2019-12-09T16:17:38-08:00,POINT (-122.25577865716753 37.87035416825101),5.081170541020278,265.73506987672914,ios,0.7795786191768719,0.0008639495915128137,-0.0009082596989989922
195,37.870357646642134,-122.2557709460354,1575937059.0,2019-12-09T16:17:39-08:00,POINT (-122.2557709460354 37.870357646642134),5.354977763337411,266.4658212372599,ios,0.7804425687683847,-4.4310107486178474e-05,0.23133122556842234
196,37.870362738792785,-122.25576482707248,1575937060.0,2019-12-09T16:17:40-08:00,POINT (-122.25576482707248 37.870362738792785),5.827737381497328,267.0866161788894,ios,0.7803982586608985,0.23128691546093616,-0.23134267932860497
197,37.87036783065449,-122.25575870845677,1575937061.0,2019-12-09T16:17:41-08:00,POINT (-122.25575870845677 37.87036783065449),6.30047022024081,267.70737582654147,ios,1.0116851741218347,-5.576386766881214e-05,-0.3865114253334859
198,37.870374075344316,-122.25575032632278,1575937062.0,2019-12-09T16:17:42-08:00,POINT (-122.25575032632278 37.870374075344316),6.868014422516004,268.5449522483762,ios,1.0116294102541659,-0.38656718920115474,0.38653244853867263
199,37.87038031969021,-122.25574194465044,1575937063.0,2019-12-09T16:17:43-08:00,POINT (-122.25574194465044 37.87038031969021),7.4355274539396214,269.3824824293728,ios,0.6250622210530111,-3.474066248210228e-05,0.153264177020637
200,37.87038350490189,-122.25573607715523,1575937064.0,2019-12-09T16:17:44-08:00,POINT (-122.25573607715523 37.87038350490189),7.702864077086966,269.94797001322036,ios,0.625027480390529,0.1532294363581549,-0.15327305925531676
201,37.87038668993662,-122.25573020998597,1575937065.0,2019-12-09T16:17:45-08:00,POINT (-122.25573020998597 37.87038668993662),7.970185889560742,270.51342614551595,ios,0.7782569167486839,-4.362289716186574e-05,0.23127549987973217
202,37.87038865973905,-122.25572170211592,1575937066.0,2019-12-09T16:17:46-08:00,POINT (-122.25572170211592 37.87038865973905),8.06763000529696,271.2868968322569,ios,0.778213293851522,0.2312318769825703,-0.23128824022926486
203,37.870390629431114,-122.25571319472255,1575937067.0,2019-12-09T16:17:47-08:00,POINT (-122.25571319472255 37.870390629431114),8.165068735183109,272.06032415775024,ios,1.0094451708340924,-5.636324669455739e-05,0.41482976031000796
204,37.87039503005303,-122.25570313615815,1575937068.0,2019-12-09T16:17:48-08:00,POINT (-122.25570313615815 37.87039503005303),8.507256579818119,273.01113254459835,ios,1.0093888075873978,0.4147733970633134,-0.6516373908558095
205,37.870399430429444,-122.25569307815492,1575937069.0,2019-12-09T16:17:49-08:00,POINT (-122.25569307815492 37.870399430429444),8.849425446761542,273.96188779968423,ios,1.4241622046507112,-0.23686399379249612,0.07330801265172049
206,37.87040663886617,-122.25567966710986,1575937070.0,2019-12-09T16:17:50-08:00,POINT (-122.25567966710986 37.87040663886617),9.452593176266738,275.25313337868926,ios,1.187298210858215,-0.16355598114077563,0.33175181189236524
207,37.870411458460495,-122.25566759716929,1575937071.0,2019-12-09T16:17:51-08:00,POINT (-122.25566759716929 37.870411458460495),9.812700525649865,276.3859805092508,ios,1.0237422297174394,0.16819583075158961,0.06077263124876975
208,37.870411877555654,-122.25565594632388,1575937072.0,2019-12-09T16:17:52-08:00,POINT (-122.25565594632388 37.870411877555654),9.696525612167926,277.4051999244522,ios,1.191938060469029,0.22896846200035936,-0.16891364076415893
209,37.870411961374685,-122.25564236764075,1575937073.0,2019-12-09T16:17:53-08:00,POINT (-122.25564236764075 37.870411961374685),9.516797720179765,278.58596597035,ios,1.4209065224693884,0.06005482123620043,-0.017453396090114648
210,37.87041242237936,-122.25562619056763,1575937074.0,2019-12-09T16:17:54-08:00,POINT (-122.25562619056763 37.87041242237936),9.342244389936003,279.99901928118766,ios,1.4809613437055889,0.04260142514608578,-0.2051997838136883
211,37.87041313484113,-122.25560934294225,1575937075.0,2019-12-09T16:17:55-08:00,POINT (-122.25560934294225 37.87041313484113),9.185911711404941,281.4747225171065,ios,1.5235627688516746,-0.16259835866760253,0.05582766492927105
212,37.87041351202677,-122.25559199240269,1575937076.0,2019-12-09T16:17:56-08:00,POINT (-122.25559199240269 37.87041351202677),8.98585019845133,282.9882192335159,ios,1.360964410184072,-0.10677069373833148,0.015974989402333106
213,37.87041476931225,-122.25557656970085,1575937077.0,2019-12-09T16:17:57-08:00,POINT (-122.25557656970085 37.87041476931225),8.909032148639369,284.3497310304356,ios,1.2541937164457406,-0.09079570433599837,0.40076886621593855
214,37.870417032426104,-122.25556257192255,1575937078.0,2019-12-09T16:17:58-08:00,POINT (-122.25556257192255 37.870417032426104),8.962235484688232,285.60514200007503,ios,1.1633980121097423,0.3099731618799402,-0.008602536867580612
215,37.87042034327786,-122.2555499990678,1575937079.0,2019-12-09T16:17:59-08:00,POINT (-122.2555499990678 37.87042034327786),9.150051709753148,286.75518760696536,ios,1.4733711739896824,0.30137062501235956,-0.43480925950086724
216,37.87042101383011,-122.25553323526145,1575937080.0,2019-12-09T16:18:00-08:00,POINT (-122.25553323526145 37.87042101383011),8.990294814603534,288.2228757178641,ios,1.774741799002042,-0.13343863448850768,0.07513977816790196
217,37.87041841544013,-122.2555132863319,1575937081.0,2019-12-09T16:18:01-08:00,POINT (-122.2555132863319 37.87041841544013),8.428084944120688,289.90981861477377,ios,1.6413031645135343,-0.05829885632060572,0.29343675145051273
218,37.870416403783366,-122.2554947623259,1575937082.0,2019-12-09T16:18:02-08:00,POINT (-122.2554947623259 37.870416403783366),7.949980962482352,291.4833056568473,ios,1.5830043081929286,0.23513789512990702,-0.8301376836538157
219,37.87041585895966,-122.25547674123408,1575937083.0,2019-12-09T16:18:03-08:00,POINT (-122.25547674123408 37.87041585895966),7.639578298535574,293.0388581335263,ios,1.8181422033228356,-0.5949997885239087,0.4380431237150415
220,37.87041636187385,-122.25545603793324,1575937084.0,2019-12-09T16:18:04-08:00,POINT (-122.25545603793324 37.87041636187385),7.406649512344917,294.84574567362205,ios,1.223142414798927,-0.15695666480886716,0.28300030256272746
221,37.87041816398303,-122.25544229161204,1575937085.0,2019-12-09T16:18:05-08:00,POINT (-122.25544229161204 37.87041816398303),7.412845682428045,296.07122716169914,ios,1.0661857499900598,0.1260436377538603,0.1559708129435866
222,37.870421474834785,-122.25543089222373,1575937086.0,2019-12-09T16:18:06-08:00,POINT (-122.25543089222373 37.870421474834785),7.616988796036137,297.11935812052565,ios,1.19222938774392,0.2820144506974469,-0.4533203375574959
223,37.87042122337769,-122.25541731354059,1575937087.0,2019-12-09T16:18:07-08:00,POINT (-122.25541731354059 37.87042122337769),7.4005313341497985,298.2942404175992,ios,1.474243838441367,-0.171305886860049,0.25208477934058515
224,37.8704196727256,-122.25540063355328,1575937088.0,2019-12-09T16:18:08-08:00,POINT (-122.25540063355328 37.8704196727256),6.998590226742432,299.7156672641613,ios,1.302937951581318,0.08077889248053616,-0.005171372477575931
225,37.870420049911246,-122.25538579758467,1575937089.0,2019-12-09T16:18:09-08:00,POINT (-122.25538579758467 37.870420049911246),6.833515013886211,301.0107762899529,ios,1.3837168440618541,0.07560752000296023,-0.08297981211185967
226,37.87042537241976,-122.25537154834927,1575937090.0,2019-12-09T16:18:10-08:00,POINT (-122.25537154834927 37.87042537241976),7.2184061543127145,302.3417178490461,ios,1.4593243640648144,-0.0073722921088994475,-0.14336471780811677
227,37.870429353823766,-122.25535570655228,1575937091.0,2019-12-09T16:18:11-08:00,POINT (-122.25535570655228 37.870429353823766),7.434211963648207,303.78743550819286,ios,1.451952071955915,-0.15073700991701622,0.04606712820894332
228,37.8704355145226,-122.25534112204076,1575937092.0,2019-12-09T16:18:12-08:00,POINT (-122.25534112204076 37.8704355145226),7.906270297203505,305.16220528905905,ios,1.3012150620388987,-0.1046698817080729,0.0066058329079043965
229,37.87043874155532,-122.25532687280537,1575937093.0,2019-12-09T16:18:13-08:00,POINT (-122.25532687280537 37.87043874155532),8.061584359491034,306.45637121742806,ios,1.1965451803308258,-0.0980640488001685,0.17663398865765112
230,37.87044066939305,-122.2553134617603,1575937094.0,2019-12-09T16:18:14-08:00,POINT (-122.2553134617603 37.87044066939305),8.086221316127315,307.65494046479876,ios,1.0984811315306573,0.07856993985748262,-0.1646315978673074
231,37.87044004075031,-122.25530097272457,1575937095.0,2019-12-09T16:18:15-08:00,POINT (-122.25530097272457 37.87044004075031),7.843600548717284,308.7285684146128,ios,1.17705107138814,-0.08606165800982479,0.2804355263077771
232,37.87043769381742,-122.25528789695562,1575937096.0,2019-12-09T16:18:16-08:00,POINT (-122.25528789695562 37.87043769381742),7.404563518536306,309.82299803348616,ios,1.0909894133783151,0.19437386829795233,-0.1531107335968933
233,37.870435640251145,-122.25527574319602,1575937097.0,2019-12-09T16:18:17-08:00,POINT (-122.25527574319602 37.870435640251145),7.010494494083572,310.84250064336743,ios,1.2853632816762675,0.04126313470105902,0.14053966786285343
234,37.87043224558036,-122.25526174541773,1575937098.0,2019-12-09T16:18:18-08:00,POINT (-122.25526174541773 37.87043224558036),6.443841896789063,311.9986185550764,ios,1.3266264163773265,0.18180280256391246,-0.28086923571099187
235,37.87042637824814,-122.25524858582975,1575937099.0,2019-12-09T16:18:19-08:00,POINT (-122.25524858582975 37.87042637824814),5.617948517430741,313.038546080623,ios,1.508429218941239,-0.09906643314707941,-0.19179301298410945
236,37.87041699051659,-122.25523618061305,1575937100.0,2019-12-09T16:18:20-08:00,POINT (-122.25523618061305 37.87041699051659),4.4168593241119725,313.951175424617,ios,1.4093627857941595,-0.29085944613118886,0.27565691122706903
237,37.87040756087552,-122.255225451777,1575937101.0,2019-12-09T16:18:21-08:00,POINT (-122.255225451777 37.87040756087552),3.234500356410047,314.71747746656,ios,1.1185033396629707,-0.015202534904119824,-0.06051824124337579
238,37.87040068771492,-122.25521614786447,1575937102.0,2019-12-09T16:18:22-08:00,POINT (-122.25521614786447 37.87040068771492),2.3520498104893792,315.40489187187666,ios,1.1033008047588508,-0.07572077614749562,-0.018999631827175456
239,37.870393353549645,-122.25520768214227,1575937103.0,2019-12-09T16:18:23-08:00,POINT (-122.25520768214227 37.870393353549645),1.4956098597039889,315.57576565602517,ios,1.0275800286113552,-0.09472040797467107,0.09466750703904281
240,37.87038560028921,-122.25520131189586,1575937104.0,2019-12-09T16:18:24-08:00,POINT (-122.25520131189586 37.87038560028921),0.9715922659784534,315.73727740036253,ios,0.9328596206366842,-5.290093562826392e-05,0.1477055849708353
241,37.87037922986206,-122.25519439662953,1575937105.0,2019-12-09T16:18:25-08:00,POINT (-122.25519439662953 37.87037922986206),0.8443626561658409,316.66106528436853,ios,0.9328067197010559,0.14765268403520704,0.054756905476588624
242,37.87037285979639,-122.25518748175563,1575937106.0,2019-12-09T16:18:26-08:00,POINT (-122.25518748175563 37.87037285979639),0.7171403668131601,317.5848007957666,ios,1.080459403736263,0.20240958951179566,-0.1797142913497467
243,37.87036992613028,-122.25517574709119,1575937107.0,2019-12-09T16:18:27-08:00,POINT (-122.25517574709119 37.87036992613028),1.1563290394613586,318.5739296165428,ios,1.2828689932480586,0.02269529816204896,-0.35226099048668846
244,37.87036619618337,-122.25516191695095,1575937108.0,2019-12-09T16:18:28-08:00,POINT (-122.25516191695095 37.87036619618337),1.6512878717342625,319.7596951936759,ios,1.3055642914101075,-0.3295656923246395,0.3295112840018568
245,37.8703620471413,-122.25514800299169,1575937109.0,2019-12-09T16:18:29-08:00,POINT (-122.25514800299169 37.8703620471413),2.1162705244348414,320.9817664320473,ios,0.975998599085468,-5.440832278269525e-05,0.19902674825647915
246,37.87035664066294,-122.25513924365852,1575937110.0,2019-12-09T16:18:30-08:00,POINT (-122.25513924365852 37.87035664066294),2.176573647410819,321.95633989466324,ios,0.9759441907626853,0.19897233993369645,-0.16189890147833985
247,37.87035123448621,-122.25513048481406,1575937111.0,2019-12-09T16:18:31-08:00,POINT (-122.25513048481406 37.87035123448621),2.236873532218739,322.9308590219197,ios,1.1749165306963818,0.0370734384553566,0.07052783624501746
248,37.87034201439272,-122.25512394692959,1575937112.0,2019-12-09T16:18:32-08:00,POINT (-122.25512394692959 37.87034201439272),1.8506663160689827,324.0390532891604,ios,1.2119899691517384,0.10760127470037406,-0.021454230101872307
249,37.870334764046476,-122.25511363718869,1575937113.0,2019-12-09T16:18:33-08:00,POINT (-122.25511363718869 37.870334764046476),1.8478784019558105,325.2512646614185,ios,1.3195912438521125,0.08614704459850175,0.16990162926360308
250,37.870324957219765,-122.25510517146648,1575937114.0,2019-12-09T16:18:34-08:00,POINT (-122.25510517146648 37.870324957219765),1.5251100263351098,326.52965371716533,ios,1.4057382884506142,0.25604867386210484,-0.2518172011101907
251,37.870314144564674,-122.25509687338234,1575937115.0,2019-12-09T16:18:35-08:00,POINT (-122.25509687338234 37.870314144564674),1.2213148897865622,327.53979146510534,ios,1.661786962312719,0.004231472751914156,-0.08907134442106868
252,37.870299350505576,-122.25509419117333,1575937116.0,2019-12-09T16:18:36-08:00,POINT (-122.25509419117333 37.870299350505576),0.5414362425384225,329.0523672952335,ios,1.6660184350646332,-0.08483987166915452,0.037908907683477766
253,37.87028464026551,-122.25509058695496,1575937117.0,2019-12-09T16:18:37-08:00,POINT (-122.25509058695496 37.87028464026551),0.06497559835161562,330.60052120043423,ios,1.5811785633954787,-0.046930963985676755,0.09582036774719405
254,37.87027089394431,-122.25508597690822,1575937118.0,2019-12-09T16:18:38-08:00,POINT (-122.25508597690822 37.87027089394431),0.5393962518938393,332.1057347237542,ios,1.534247599409802,0.04888940376151729,-0.2351666296265098
255,37.87025714762311,-122.25508748565079,1575937119.0,2019-12-09T16:18:39-08:00,POINT (-122.25508748565079 37.87025714762311),1.4683144897502727,333.322717572099,ios,1.5831370031713192,-0.1862772258649925,0.0005801773626330498
256,37.87024294029723,-122.25508865911723,1575937120.0,2019-12-09T16:18:40-08:00,POINT (-122.25508865911723 37.87024294029723),2.461976722116457,334.34293382182557,ios,1.3968597773063267,-0.18569704850235946,0.17757104195637874
257,37.87023061889957,-122.25508555781306,1575937121.0,2019-12-09T16:18:41-08:00,POINT (-122.25508555781306 37.87023061889957),3.0974867944475606,335.58372843948604,ios,1.2111627288039672,-0.008126006545980724,0.25586542489568664
258,37.870220141520605,-122.25508178595663,1575937122.0,2019-12-09T16:18:42-08:00,POINT (-122.25508178595663 37.870220141520605),3.5596759197982477,336.7008249025168,ios,1.2030367222579865,0.24773941834970592,-0.18516784401309994
259,37.87021046042244,-122.25507566716732,1575937123.0,2019-12-09T16:18:43-08:00,POINT (-122.25507566716732 37.87021046042244),3.4597775191716695,339.73054724693884,ios,1.4507761406076924,0.06257157433660598,0.03570375500615319
260,37.870198097115264,-122.25507038656832,1575937124.0,2019-12-09T16:18:44-08:00,POINT (-122.25507038656832 37.870198097115264),3.2350270905054175,341.16127601575715,ios,1.5133477149442984,0.09827532934275918,0.0308893511853352
261,37.87018539853196,-122.25506418395997,1575937125.0,2019-12-09T16:18:45-08:00,POINT (-122.25506418395997 37.87018539853196),2.9366755094835586,342.6424375898163,ios,1.6116230442870576,0.12916468052809438,-0.25205954581149825
262,37.87017215512495,-122.25505672406615,1575937126.0,2019-12-09T16:18:46-08:00,POINT (-122.25505672406615 37.87017215512495),2.5396099395145373,344.20195284138106,ios,1.740787724815152,-0.12289486528340388,0.4383803392056591
263,37.870157905889556,-122.25504850980104,1575937127.0,2019-12-09T16:18:47-08:00,POINT (-122.25504850980104 37.870157905889556),2.096109187524988,345.88271748138294,ios,1.617892859531748,0.31548547392225523,-0.7345712205920207
264,37.87014432720642,-122.25504188809754,1575937128.0,2019-12-09T16:18:48-08:00,POINT (-122.25504188809754 37.87014432720642),1.778014235636854,347.4663726393401,ios,1.9333783334540033,-0.4190857466697655,0.2985846206028322
265,37.87012760530959,-122.25503585312725,1575937129.0,2019-12-09T16:18:49-08:00,POINT (-122.25503585312725 37.87012760530959),1.5700048949149992,349.3849542302646,ios,1.5142925867842378,-0.1205011260669333,-0.0795226930826316
266,37.870114822907254,-122.255029901976,1575937130.0,2019-12-09T16:18:50-08:00,POINT (-122.255029901976 37.870114822907254),1.2950277270386832,350.87152473877427,ios,1.3937914607173045,-0.2000238191495649,0.4102634509765801
267,37.870102585328624,-122.2550264653957,1575937131.0,2019-12-09T16:18:51-08:00,POINT (-122.2550264653957 37.870102585328624),1.227744491157579,352.26096096993473,ios,1.1937676415677396,0.21023963182701522,-0.17036637623022055
268,37.8700924851353,-122.25502185534896,1575937132.0,2019-12-09T16:18:52-08:00,POINT (-122.25502185534896 37.8700924851353),1.0184710024072552,353.43421607610384,ios,1.4040072733947548,0.039873255596794666,-0.13542129886334386
269,37.87008024755667,-122.25501791585447,1575937133.0,2019-12-09T16:18:53-08:00,POINT (-122.25501791585447 37.87008024755667),0.907595476061443,354.8311645554962,ios,1.4438805289915495,-0.0955480432665492,0.07828267608298578
270,37.87006754897337,-122.25501447927417,1575937134.0,2019-12-09T16:18:54-08:00,POINT (-122.25501447927417 37.87006754897337),0.8489987546757343,356.2710087703081,ios,1.3483324857250003,-0.017265367183563418,0.01998886228425434
271,37.870055730489895,-122.25501104269387,1575937135.0,2019-12-09T16:18:55-08:00,POINT (-122.25501104269387 37.870055730489895),0.7738179966435519,357.6146195852095,ios,1.3310671185414369,0.0027234951006909203,0.11325174173127994
272,37.870043786277876,-122.25501003686549,1575937136.0,2019-12-09T16:18:56-08:00,POINT (-122.25501003686549 37.870043786277876),0.9117014729658036,358.93566886077815,ios,1.3337906136421278,0.11597523683197086,-0.2538535772199819
273,37.87003180015633,-122.25500945013226,1575937137.0,2019-12-09T16:18:57-08:00,POINT (-122.25500945013226 37.87003180015633),1.0867013982669418,360.25504048059815,ios,1.4497658504740987,-0.13787834038801106,0.19596676154863268
274,37.8700187662969,-122.25500986922742,1575937138.0,2019-12-09T16:18:58-08:00,POINT (-122.25500986922742 37.8700187662969),1.3686283363139218,361.67395118748516,ios,1.3118875100860876,0.05808842116062163,-0.1848105355306322
275,37.8700069906775,-122.25501079116204,1575937139.0,2019-12-09T16:18:59-08:00,POINT (-122.25501079116204 37.8700069906775),1.6704316205164595,362.9477700900475,ios,1.3699759312467092,-0.12672211437001057,0.3261335921888371
276,37.8699947102348,-122.25501204852225,1575937140.0,2019-12-09T16:19:00-08:00,POINT (-122.25501204852225 37.8699947102348),2.0261867053373845,364.0227233112086,ios,1.2432538168766987,0.1994114778188265,-0.040690830477964735
277,37.86998377185116,-122.25500911485614,1575937141.0,2019-12-09T16:19:01-08:00,POINT (-122.25500911485614 37.86998377185116),2.2264556098174135,365.0771275673393,ios,1.4426652946955252,0.15872064734086178,-0.40757875779497543
278,37.86997316874365,-122.25499964330555,1575937142.0,2019-12-09T16:19:02-08:00,POINT (-122.25499964330555 37.86997316874365),1.820423484618021,366.9055020008236,ios,1.601385942036387,-0.24885811045411366,0.22068319042960471
279,37.8699627332742,-122.2549870704508,1575937143.0,2019-12-09T16:19:03-08:00,POINT (-122.2549870704508 37.8699627332742),0.8968040762366866,368.2133780773276,ios,1.3525278315822733,-0.028174920024508943,-0.14775000483883427
280,37.869954267552,-122.25497600633861,1575937144.0,2019-12-09T16:19:04-08:00,POINT (-122.25497600633861 37.869954267552),0.07231447618866273,369.28556447063113,ios,1.3243529115577644,-0.1759249248633432,0.15884395299059673
281,37.86994563419173,-122.25496561277868,1575937145.0,2019-12-09T16:19:05-08:00,POINT (-122.25496561277868 37.86994563419173),0.6911019945963972,370.3674778083177,ios,1.1484279866944211,-0.017080971872746487,0.11708463400729596
282,37.8699357854555,-122.25496167328419,1575937146.0,2019-12-09T16:19:06-08:00,POINT (-122.25496167328419 37.8699357854555),0.8731822482361484,371.49931789285506,ios,1.1313470148216747,0.10000366213454948,-0.00978474437573662
283,37.86992576908121,-122.25495941017033,1575937147.0,2019-12-09T16:19:07-08:00,POINT (-122.25495941017033 37.86992576908121),0.9066810957495448,372.627878177727,ios,1.2313506769562241,0.09021891775881286,-0.21491404338286157
284,37.86991470496903,-122.25495999690355,1575937148.0,2019-12-09T16:19:08-08:00,POINT (-122.25495999690355 37.86991470496903),0.675148826262803,373.8345748014448,ios,1.321569594715037,-0.12469512562404872,0.33182259099192035
285,37.869902886485555,-122.25496158946515,1575937149.0,2019-12-09T16:19:09-08:00,POINT (-122.25496158946515 37.869902886485555),0.3438025410700895,375.11105667655335,ios,1.1968744690909883,0.20712746536787163,-0.3256574381815758
286,37.86989228337804,-122.25496393639804,1575937150.0,2019-12-09T16:19:10-08:00,POINT (-122.25496393639804 37.86989228337804),0.03334880701936707,376.2443961646154,ios,1.40400193445886,-0.11852997281370414,0.23483826575619848
287,37.86988029725651,-122.25496896553994,1575937151.0,2019-12-09T16:19:11-08:00,POINT (-122.25496896553994 37.86988029725651),0.6664160788060203,377.4948362148256,ios,1.2854719616451558,0.11630829294249434,-0.20010049765952687
288,37.869870197063186,-122.25497609015764,1575937152.0,2019-12-09T16:19:12-08:00,POINT (-122.25497609015764 37.869870197063186),1.451027535576392,378.51119840472893,ios,1.40178025458765,-0.08379220471703253,0.11133067045892076
289,37.869859677774706,-122.25498489115597,1575937153.0,2019-12-09T16:19:13-08:00,POINT (-122.25498489115597 37.869859677774706),2.388322740490728,379.5518780177066,ios,1.3179880498706176,0.02753846574188823,0.03460060958546607
290,37.86984873939107,-122.25499067466916,1575937154.0,2019-12-09T16:19:14-08:00,POINT (-122.25499067466916 37.86984873939107),3.0699301436991107,380.67757373014393,ios,1.3455265156125058,0.0621390753273543,-0.20211978674114794
291,37.869836711360016,-122.2549923510498,1575937155.0,2019-12-09T16:19:15-08:00,POINT (-122.2549923510498 37.869836711360016),3.4119876370376536,381.97596934809354,ios,1.40766559093986,-0.13998071141379365,0.08345907400728603
292,37.86982405468623,-122.25499201577367,1575937156.0,2019-12-09T16:19:16-08:00,POINT (-122.25499201577367 37.86982405468623),3.589283617437913,383.3693721050706,ios,1.2676848795260665,-0.05652163740650762,0.11842480530418276
293,37.869812739116945,-122.25499377597333,1575937157.0,2019-12-09T16:19:17-08:00,POINT (-122.25499377597333 37.869812739116945),3.9270113121036028,384.58849127566646,ios,1.2111632421195588,0.06190316789767514,-0.08843123057697988
294,37.86980226173798,-122.25499754782976,1575937158.0,2019-12-09T16:19:18-08:00,POINT (-122.25499754782976 37.86980226173798),4.426082365077949,385.6896054701109,ios,1.273066410017234,-0.026528062679304742,-0.01761141280707279
295,37.869791281444826,-122.25500165496231,1575937159.0,2019-12-09T16:19:19-08:00,POINT (-122.25500165496231 37.869791281444826),4.962526861192822,386.841578722912,ios,1.2465383473379292,-0.04413947548637753,-0.07404626745384402
296,37.86978101361344,-122.25500735465647,1575937160.0,2019-12-09T16:19:20-08:00,POINT (-122.25500735465647 37.86978101361344),5.625904008059696,387.8947651689025,ios,1.2023988718515517,-0.11818574294022155,0.33695475990739254
297,37.869770955329635,-122.25501238379837,1575937161.0,2019-12-09T16:19:21-08:00,POINT (-122.25501238379837 37.869770955329635),6.227524119002126,388.9336250311236,ios,1.0842131289113301,0.218769016967171,-0.19753948083474193
298,37.86976148377905,-122.25501531746448,1575937162.0,2019-12-09T16:19:22-08:00,POINT (-122.25501531746448 37.86976148377905),6.637264119836445,389.9351887385058,ios,1.3029821458785011,0.02122953613242906,-0.2266239511057131
299,37.86974995866219,-122.2550179996735,1575937163.0,2019-12-09T16:19:23-08:00,POINT (-122.2550179996735 37.86974995866219),7.0586265237121975,391.16538258180947,ios,1.3242116820109302,-0.20539441497328403,0.17707134514643208
300,37.86973805635969,-122.25501850258769,1575937164.0,2019-12-09T16:19:24-08:00,POINT (-122.25501850258769 37.86973805635969),7.296540573167865,392.4651540950082,ios,1.1188172670376462,-0.028323069826851954,0.01183506621289765
301,37.86972799807588,-122.25501883786382,1575937165.0,2019-12-09T16:19:25-08:00,POINT (-122.25501883786382 37.86972799807588),7.4897888042973655,393.56471279282243,ios,1.0904941972107942,-0.016488003613954305,0.016426551711679505
302,37.86971819124917,-122.25501892168285,1575937166.0,2019-12-09T16:19:26-08:00,POINT (-122.25501892168285 37.86971819124917),7.657057984189837,394.6399258590448,ios,1.07400619359684,-6.145190227480057e-05,0.26611189753200937
303,37.86970861465081,-122.25501732907568,1575937167.0,2019-12-09T16:19:27-08:00,POINT (-122.25501732907568 37.86970861465081),7.674720259338394,395.7115502043057,ios,1.073944741694565,0.26605044562973457,-0.43163769533260576
304,37.86969903860042,-122.25501573655964,1575937168.0,2019-12-09T16:19:28-08:00,POINT (-122.25501573655964 37.86969903860042),7.692381488102137,396.7831132329394,ios,1.3399951873242997,-0.1655872497028712,0.2815325314019266
305,37.86968780685017,-122.25501020450355,1575937169.0,2019-12-09T16:19:29-08:00,POINT (-122.25501020450355 37.86968780685017),7.394306615066338,398.08733329948024,ios,1.1744079376214285,0.11594528169905538,-0.11610128658533547
306,37.86967825148056,-122.25500450480939,1575937170.0,2019-12-09T16:19:30-08:00,POINT (-122.25500450480939 37.86967825148056),7.054300419832762,399.2097387844062,ios,1.2903532193204839,-0.00015600488628009224,-0.037202019875031134
307,37.869667857920625,-122.25499796692492,1575937171.0,2019-12-09T16:19:31-08:00,POINT (-122.25499796692492 37.869667857920625),6.655043627470853,400.43497454752185,ios,1.2901972144342038,-0.037358024761311226,-0.004895503095128317
308,37.869657338632145,-122.25499176431657,1575937172.0,2019-12-09T16:19:32-08:00,POINT (-122.25499176431657 37.869657338632145),6.2870071271483035,401.6696733379059,ios,1.2528391896728925,-0.04225352785643954,0.053281365468147004
309,37.869646819343664,-122.25498665135564,1575937173.0,2019-12-09T16:19:33-08:00,POINT (-122.25498665135564 37.869646819343664),6.042125991957205,402.3056092298081,ios,1.210585661816453,0.011027837611707463,0.004399260124980137
310,37.86951233170728,-122.25489579152526,1575937187.0,2019-12-09T16:19:47-08:00,POINT (-122.25489579152526 37.86951233170728),16.513663038444964,402.8424864398906,ios,1.3649753883803575,0.07261747936142937,-0.12589512079363652
311,37.8695015609617,-122.25488833163143,1575937188.0,2019-12-09T16:19:48-08:00,POINT (-122.25488833163143 37.8695015609617),17.76652247389991,403.38014734079644,ios,1.4375928677417869,-0.053277641432207146,0.0395895652273246
312,37.86948995202581,-122.2548811231947,1575937189.0,2019-12-09T16:19:49-08:00,POINT (-122.2548811231947 37.86948995202581),19.109812725018717,403.88681194632437,ios,1.3843152263095797,-0.013688076204882549,-0.026258605398240986
313,37.869479055551686,-122.25487349566282,1575937190.0,2019-12-09T16:19:50-08:00,POINT (-122.25487349566282 37.869479055551686),20.377981265161985,404.43780195016694,ios,1.3706271501046972,-0.039946681603123535,0.03704291562550699
314,37.869468452444174,-122.25486553285481,1575937191.0,2019-12-09T16:19:51-08:00,POINT (-122.25486553285481 37.869468452444174),21.616599539761342,405.0212881260103,ios,1.3306804685015736,-0.002903765977616546,-0.06385342834494345
315,37.86945831034134,-122.25485748622776,1575937192.0,2019-12-09T16:19:52-08:00,POINT (-122.25485748622776 37.86945831034134),22.032872062627618,428.31724264036944,ios,1.327776702523957,-0.06675719432256,-0.10661426524237361
316,37.869447707233824,-122.25485052924813,1575937193.0,2019-12-09T16:19:53-08:00,POINT (-122.25485052924813 37.869447707233824),22.392064314484614,428.31724264036944,ios,1.261019508201397,-0.1733714595649336,0.29076066357677455
317,37.86943735558341,-122.25484466191591,1575937194.0,2019-12-09T16:19:54-08:00,POINT (-122.25484466191591 37.86943735558341),22.866317088346193,428.31724264036944,ios,1.0876480486364635,0.11738920401184094,-0.09584340453293727
318,37.869428386947014,-122.25483971659304,1575937195.0,2019-12-09T16:19:55-08:00,POINT (-122.25483971659304 37.869428386947014),23.332191575964902,428.31724264036944,ios,1.2050372526483044,0.02154579947890367,-1.2481288516061118
319,37.86941820293466,-122.25483502272726,1575937196.0,2019-12-09T16:19:56-08:00,POINT (-122.25483502272726 37.86941820293466),23.95907502055258,428.31724264036944,ios,1.226583052127208,-1.226583052127208,1.226583052127208
320,37.86940739027957,-122.25483225669922,1575937197.0,2019-12-09T16:19:57-08:00,POINT (-122.25483225669922 37.86940739027957),24.78327885232453,428.31724264036944,ios,0.0,0.0,0.0
