,latitude,longitude,ts,fmt_time,geometry,gt_distance,gt_projection,source,speed,acceleration,jerk
0,37.86948538388858,-122.25763826642395,1575418481.0,2019-12-03T16:14:41-08:00,POINT (-122.25763826642395 37.86948538388858),22.814817933361624,0.0,ios,0.8571761673267903,-4.618692957758519e-05,0.12342017080335876
1,37.8694854048439,-122.25762850124367,1575418482.0,2019-12-03T16:14:42-08:00,POINT (-122.25762850124367 37.8694854048439),22.7739863605776,0.0,ios,0.8571299803972127,0.12337398387378118,-0.12343028321318172
2,37.869485425798096,-122.25761873658956,1575418483.0,2019-12-03T16:14:43-08:00,POINT (-122.25761873658956 37.869485425798096),22.765510404903956,0.0,ios,0.9805039642709938,-5.62993394005451e-05,0.16048924486372362
3,37.869481590967226,-122.25760867801677,1575418484.0,2019-12-03T16:14:44-08:00,POINT (-122.25760867801677 37.869481590967226),23.217998543282004,0.0,ios,0.9804476649315933,0.16043294552432308,-0.0025056816216707523
4,37.869477756356694,-122.25759862002195,1575418485.0,2019-12-03T16:14:45-08:00,POINT (-122.25759862002195 37.869477756356694),23.70250308910876,0.0,ios,1.1408806104559164,0.15792726390265233,-0.9065233859512815
5,37.869478049723305,-122.25758562807204,1575418486.0,2019-12-03T16:14:46-08:00,POINT (-122.25758562807204 37.869478049723305),23.795605586792135,0.0,ios,1.2988078743585687,-0.7485961220486291,0.7485644927355718
6,37.86948001947055,-122.25757104356052,1575418487.0,2019-12-03T16:14:47-08:00,POINT (-122.25757104356052 37.86948001947055),23.785940703792004,0.0,ios,0.5502117523099396,-3.1629313057335295e-05,-0.16378201443487816
7,37.86948228264943,-122.25756546943477,1575418488.0,2019-12-03T16:14:48-08:00,POINT (-122.25756546943477 37.86948228264943),23.63715620863936,0.0,ios,0.5501801229968822,-0.1638136437479355,0.16381364413236432
8,37.86948454569826,-122.25755989562931,1575418489.0,2019-12-03T16:14:49-08:00,POINT (-122.25755989562931 37.86948454569826),23.50035227817833,0.0,ios,0.38636647924894674,3.844288221088732e-10,1.667732618670925e-11
9,37.8694844723545,-122.25755549500346,1575418490.0,2019-12-03T16:14:50-08:00,POINT (-122.25755549500346 37.8694844723545),23.600873807497198,0.0,ios,0.38636647963337556,4.0110614829558244e-10,-4.4492510752558445e-05
10,37.86948439901074,-122.2575510943776,1575418491.0,2019-12-03T16:14:51-08:00,POINT (-122.2575510943776 37.86948439901074),23.70729224474453,0.0,ios,0.3863664800344817,-4.449210964641015e-05,0.004309302732589559
11,37.86948432566697,-122.25754669375175,1575418492.0,2019-12-03T16:14:52-08:00,POINT (-122.25754669375175 37.86948432566697),23.819528553242915,0.0,ios,0.3863219879248353,0.004264810622943149,-0.004264809626402466
12,37.86948425233165,-122.25754229363265,1575418493.0,2019-12-03T16:14:53-08:00,POINT (-122.25754229363265 37.86948425233165),23.937486983898886,0.0,ios,0.39058679854777845,9.965406833067902e-10,0.06709172085531179
13,37.86948075977041,-122.25754276862098,1575418494.0,2019-12-03T16:14:54-08:00,POINT (-122.25754276862098 37.86948075977041),24.29639799831035,0.0,ios,0.39058679954431913,0.06709172185185247,0.27430342845426253
14,37.86947726720916,-122.2575432436093,1575418495.0,2019-12-03T16:14:55-08:00,POINT (-122.2575432436093 37.86947726720916),24.656245874286704,0.0,ios,0.4576785213961716,0.341395150306115,0.012749775842914035
15,37.86948161225545,-122.25755210069816,1575418497.0,2019-12-03T16:14:57-08:00,POINT (-122.25755210069816 37.86948161225545),23.983050244117813,0.0,ios,1.1404688220084016,0.3668947019919431,-0.3200702202088421
16,37.86948944911162,-122.25756048236252,1575418498.0,2019-12-03T16:14:58-08:00,POINT (-122.25756048236252 37.86948944911162),22.959254245407745,0.0,ios,1.5073635240003447,0.046824481783100946,-0.35841299380166936
17,37.86949992649058,-122.25757137883664,1575418499.0,2019-12-03T16:14:59-08:00,POINT (-122.25757137883664 37.86949992649058),21.6142512779774,0.0,ios,1.5541880057834456,-0.3115885120185684,-0.10087689876991879
18,37.869511242059865,-122.25758177239658,1575418500.0,2019-12-03T16:15:00-08:00,POINT (-122.25758177239658 37.869511242059865),20.20800953519046,0.0,ios,1.2425994937648772,-0.4124654107884872,0.41241768198451056
19,37.869519833510616,-122.257590824852,1575418501.0,2019-12-03T16:15:01-08:00,POINT (-122.257590824852 37.869519833510616),19.140678527432605,0.0,ios,0.83013408297639,-4.772880397663215e-05,0.21083493214943372
20,37.86952503043989,-122.25759761438863,1575418502.0,2019-12-03T16:15:02-08:00,POINT (-122.25759761438863 37.86952503043989),18.49201191070045,0.0,ios,0.8300863541724134,0.21078720334545709,-0.012067366822854697
21,37.86953022707055,-122.25760440353514,1575418503.0,2019-12-03T16:15:03-08:00,POINT (-122.25760440353514 37.86953022707055),17.85841498147138,0.0,ios,1.0408735575178705,0.1987198365226024,-0.18049070417430646
22,37.869539572892585,-122.2576050740874,1575418504.0,2019-12-03T16:15:04-08:00,POINT (-122.2576050740874 37.869539572892585),16.820226446269338,0.0,ios,1.2395933940404729,0.01822913234829593,0.12116284309171199
23,37.8695507208238,-122.2576050740874,1575418505.0,2019-12-03T16:15:05-08:00,POINT (-122.2576050740874 37.8695507208238),15.588396975877096,0.0,ios,1.2578225263887688,0.13939197544000792,-0.1674438024649132
24,37.86956186875502,-122.25760750483931,1575418506.0,2019-12-03T16:15:06-08:00,POINT (-122.25760750483931 37.86956186875502),14.337159496482148,0.0,ios,1.3972145018287767,-0.028051827024905274,-0.21777379234450045
25,37.86957431588123,-122.25760968413414,1575418507.0,2019-12-03T16:15:07-08:00,POINT (-122.25760968413414 37.86957431588123),12.944798924643143,0.0,ios,1.3691626748038714,-0.24582561936940572,0.2515728287724437
26,37.86958617627422,-122.25761387508572,1575418508.0,2019-12-03T16:15:08-08:00,POINT (-122.25761387508572 37.86958617627422),11.605904408452883,0.0,ios,1.1233370554344657,0.005747209403037967,0.32309874049210485
27,37.869596025010445,-122.2576167249328,1575418509.0,2019-12-03T16:15:09-08:00,POINT (-122.2576167249328 37.869596025010445),10.501728092315107,0.0,ios,1.1290842648375037,0.3288459498951428,-0.09105948507151496
28,37.86960537083248,-122.2576217540747,1575418510.0,2019-12-03T16:15:10-08:00,POINT (-122.2576217540747 37.86960537083248),9.455398171071403,0.0,ios,1.4579302147326465,0.23778646482362786,-0.37492505855166125
29,37.86961832087288,-122.25762435246469,1575418511.0,2019-12-03T16:15:11-08:00,POINT (-122.25762435246469 37.86961832087288),8.02175025626266,0.0,ios,1.6957166795562744,-0.1371385937280334,0.3579665973058732
30,37.86963353402714,-122.2576256935692,1575418512.0,2019-12-03T16:15:12-08:00,POINT (-122.2576256935692 37.86963353402714),6.339962985063158,0.0,ios,1.558578085828241,0.22082800357783983,-0.138322558196164
31,37.86964715461979,-122.25762988452078,1575418513.0,2019-12-03T16:15:13-08:00,POINT (-122.25762988452078 37.86964715461979),4.871891399354575,0.0,ios,1.7794060894060808,0.08250544538167581,-0.18058523376352564
32,37.86966312214533,-122.25762854341627,1575418514.0,2019-12-03T16:15:14-08:00,POINT (-122.25762854341627 37.86966312214533),3.1053509750433603,0.0,ios,1.8619115347877566,-0.09807978838184983,0.40929861737100626
33,37.86967963449458,-122.25762502301694,1575418515.0,2019-12-03T16:15:15-08:00,POINT (-122.25762502301694 37.86967963449458),1.2487697925341545,0.0,ios,1.7638317464059068,0.3112188289891564,-0.4149127283942937
34,37.86969480573932,-122.25761915568472,1575418516.0,2019-12-03T16:15:16-08:00,POINT (-122.25761915568472 37.86969480573932),0.2887985767545248,0.43380130710051196,ios,2.075050575395063,-0.10369389940513729,-0.39545802496740934
35,37.869713287835815,-122.25761588674249,1575418517.0,2019-12-03T16:15:17-08:00,POINT (-122.25761588674249 37.869713287835815),0.8424520805842733,2.4291623107554123,ios,1.971356675989926,-0.49915192437254663,0.5016282154863954
36,37.86973101556102,-122.25761613819958,1575418518.0,2019-12-03T16:15:18-08:00,POINT (-122.25761613819958 37.86973101556102),1.0781658206711207,4.382100734113953,ios,1.4722047516173793,0.0024762911138487276,-0.06194441708598508
37,37.869744175149,-122.25761429418088,1575418519.0,2019-12-03T16:15:19-08:00,POINT (-122.25761429418088 37.869744175149),1.2918547222181267,6.203942545111037,ios,1.474681042731228,-0.059468125972136354,0.41778627549615344
38,37.869757083279886,-122.25761043850542,1575418520.0,2019-12-03T16:15:20-08:00,POINT (-122.25761043850542 37.869757083279886),1.402533725522183,7.671606373727512,ios,1.4152129167590917,0.3583181495240171,-0.14238479306958918
39,37.86976948849658,-122.25760683428706,1575418521.0,2019-12-03T16:15:21-08:00,POINT (-122.25760683428706 37.86976948849658),1.5001058815094332,9.080694160662606,ios,1.7735310662831087,0.2159333564544279,-0.39985225358984566
40,37.86978495310793,-122.25760188896419,1575418522.0,2019-12-03T16:15:22-08:00,POINT (-122.25760188896419 37.86978495310793),1.6554384929273243,11.47990085573091,ios,1.9894644227375367,-0.18391889713541776,0.4432225781950485
41,37.869802303647496,-122.2575963569081,1575418523.0,2019-12-03T16:15:23-08:00,POINT (-122.2575963569081 37.869802303647496),1.0898572916000957,13.383327395240556,ios,1.805545525602119,0.25930368105963075,0.05904674321112702
42,37.869818313082554,-122.2575929203278,1575418524.0,2019-12-03T16:15:24-08:00,POINT (-122.2575929203278 37.869818313082554),0.4418943477551297,15.064658503639052,ios,2.0648492066617496,0.31835042427075777,-0.4714200412733516
43,37.86983658563147,-122.25758872937621,1575418525.0,2019-12-03T16:15:25-08:00,POINT (-122.25758872937621 37.86983658563147),0.32953645121947517,16.97222688784613,ios,2.3831996309325074,-0.1530696170025938,-0.3672900982773444
44,37.86985758229891,-122.25758328113915,1575418526.0,2019-12-03T16:15:26-08:00,POINT (-122.25758328113915 37.86985758229891),1.2797264386111384,19.152653032778982,ios,2.2301300139299136,-0.5203597152799382,0.5471452298304238
45,37.8698773635904,-122.25757909018756,1575418527.0,2019-12-03T16:15:27-08:00,POINT (-122.25757909018756 37.8698773635904),2.242639511338267,21.159145712336027,ios,1.7097702986499754,0.026785514550485612,-0.07293347158563224
46,37.869890648906924,-122.25756928336085,1575418528.0,2019-12-03T16:15:28-08:00,POINT (-122.25756928336085 37.869890648906924),2.3866074923182343,22.86097411694393,ios,1.736555813200461,-0.046147957035146625,-0.23951303837135707
47,37.86990401804248,-122.25755905743898,1575418529.0,2019-12-03T16:15:29-08:00,POINT (-122.25755905743898 37.86990401804248),2.505799849719684,24.59163771234008,ios,1.6904078561653144,-0.2856609954065037,-0.11026409122726855
48,37.86991747099707,-122.25755008880259,1575418530.0,2019-12-03T16:15:30-08:00,POINT (-122.25755008880259 37.86991747099707),2.7207481646701623,26.266204885764253,ios,1.4047468607588107,-0.39592508663377224,0.4267371947332552
49,37.86992937329958,-122.25754472438456,1575418531.0,2019-12-03T16:15:31-08:00,POINT (-122.25754472438456 37.86992937329958),3.0957357593476944,27.617524876437884,ios,1.0088217741250385,0.030812108099482982,0.0913211553711144
50,37.869938090478875,-122.25754153926135,1575418532.0,2019-12-03T16:15:32-08:00,POINT (-122.25754153926135 37.869938090478875),3.3185148765720496,29.370461811619837,ios,1.0396338822245215,0.12213326347059739,0.015119401308029579
51,37.86994697529624,-122.25753785122396,1575418533.0,2019-12-03T16:15:33-08:00,POINT (-122.25753785122396 37.86994697529624),3.380198006184532,30.406445206421672,ios,1.1617671456951189,0.13725266477862696,-0.756472380380362
52,37.86995694976101,-122.25753391172947,1575418534.0,2019-12-03T16:15:34-08:00,POINT (-122.25753391172947 37.86995694976101),3.5261605127589672,30.91369821330819,ios,1.2990198104737458,-0.619219715601735,0.6191808110817896
53,37.86996788814465,-122.2575287149495,1575418535.0,2019-12-03T16:15:35-08:00,POINT (-122.2575287149495 37.86996788814465),3.901466466646038,31.769583155655518,ios,0.6798000948720108,-3.890451994548183e-05,-0.2795597944032628
54,37.86997369277867,-122.25752628412803,1575418536.0,2019-12-03T16:15:36-08:00,POINT (-122.25752628412803 37.86997369277867),3.547775141134844,36.25438301622561,ios,0.6797611903520653,-0.27959869892320827,0.2795986919366342
55,37.86997949708054,-122.25752385344566,1575418537.0,2019-12-03T16:15:37-08:00,POINT (-122.25752385344566 37.86997949708054),3.1765456890833255,36.82241235151675,ios,0.400162491428857,-6.9865740415231414e-09,-3.4728074653156416e-05
56,37.86998110365846,-122.25751977413478,1575418538.0,2019-12-03T16:15:38-08:00,POINT (-122.25751977413478 37.86998110365846),2.784109073247356,36.90309144523461,ios,0.400162484442283,-3.473506122719794e-05,0.42595328789936326
57,37.86998271023638,-122.2575156948239,1575418539.0,2019-12-03T16:15:39-08:00,POINT (-122.2575156948239 37.86998271023638),2.3916724680599475,36.98377055875066,ios,0.4001277493810558,0.42591855283813607,-0.42596582037761177
58,37.869984316674866,-122.25751161586703,1575418540.0,2019-12-03T16:15:40-08:00,POINT (-122.25751161586703 37.869984316674866),1.9992699324249743,37.06444268964344,ios,0.8260463022191918,-4.7267539475703835e-05,-0.12284690806441856
59,37.86999173487141,-122.2575121187956,1575418541.0,2019-12-03T16:15:41-08:00,POINT (-122.2575121187956 37.86999173487141),1.900978303636211,37.64478504522365,ios,0.8259990346797161,-0.12289417560389426,0.12285360167742432
60,37.86999915264348,-122.25751262169541,1575418542.0,2019-12-03T16:15:42-08:00,POINT (-122.25751262169541 37.86999915264348),1.8323922497590428,38.466156506644865,ios,0.7031048590758219,-4.057392646994451e-05,0.01169420159758916
61,37.8700050620557,-122.25751547162469,1575418543.0,2019-12-03T16:15:43-08:00,POINT (-122.25751547162469 37.8700050620557),1.9911657567101082,39.149929014784796,ios,0.7030642851493519,0.011653627671119215,-0.011694536619180518
62,37.87001097112695,-122.25751832138955,1575418544.0,2019-12-03T16:15:44-08:00,POINT (-122.25751832138955 37.87001097112695),2.149930066023458,39.83366207320796,ios,0.7147179128204711,-4.09089480613023e-05,0.5638096568930299
63,37.87001665002882,-122.25752213526464,1575418545.0,2019-12-03T16:15:45-08:00,POINT (-122.25752213526464 37.87001665002882),2.3961875738524094,40.503677237604066,ios,0.7146770038724098,0.5637687479449686,-0.5638428171439317
64,37.87002232860575,-122.25752594892147,1575418546.0,2019-12-03T16:15:46-08:00,POINT (-122.25752594892147 37.87002232860575),2.6424309380142152,41.17365406888371,ios,1.2784457518173784,-7.406919896313369e-05,0.5866614617258366
65,37.87003379119039,-122.25752481733174,1575418547.0,2019-12-03T16:15:47-08:00,POINT (-122.25752481733174 37.87003379119039),2.3701345371187754,42.41998006758994,ios,1.2783716826184153,0.5865873925268734,-0.6325292241323774
66,37.87004525311093,-122.2575236858076,1575418548.0,2019-12-03T16:15:48-08:00,POINT (-122.2575236858076 37.87004525311093),2.0978539451797324,43.66623386920378,ios,1.8649590751452887,-0.045941831605504024,3.055525496267942
67,37.8700573230515,-122.25750893365802,1575418549.0,2019-12-03T16:15:49-08:00,POINT (-122.25750893365802 37.8700573230515),0.6295606972980206,44.81570136214754,ios,1.8190172435397847,3.009583664662438,-4.294152685042451
68,37.870066165959344,-122.25749149929942,1575418550.0,2019-12-03T16:15:50-08:00,POINT (-122.25749149929942 37.870066165959344),1.0235390223964282,45.57824732249729,ios,4.8286009082022225,-1.2845690203800126,-2.1803778202595505
69,37.870102166233465,-122.25746073771478,1575418551.0,2019-12-03T16:15:51-08:00,POINT (-122.25746073771478 37.870102166233465),4.249399391800873,49.16572547147793,ios,3.54403188782221,-3.464946840639563,3.5000824253536336
70,37.8701271023954,-122.25743559200527,1575418552.0,2019-12-03T16:15:52-08:00,POINT (-122.25743559200527 37.8701271023954),5.376480087238265,95.17171921456573,ios,0.07908504718264665,0.03513558471407024,0.00723786425321314
71,37.87012953314732,-122.25740692589642,1575418584.0,2019-12-03T16:16:24-08:00,POINT (-122.25740692589642 37.87012953314732),2.869873593186263,95.55510289414778,ios,1.2034237580328944,0.2667472408168907,-0.22137577401270603
72,37.870118762401745,-122.25740558479191,1575418585.0,2019-12-03T16:16:25-08:00,POINT (-122.25740558479191 37.870118762401745),3.061135995807169,96.7406544152728,ios,1.470170998849785,0.04537146680418469,-0.17246361422288925
73,37.87010564472328,-122.2574076802677,1575418586.0,2019-12-03T16:16:26-08:00,POINT (-122.2574076802677 37.87010564472328),3.5227564832675937,98.46167396773208,ios,1.5155424656539698,-0.12709214741870456,-0.1092204302449824
74,37.87009210794966,-122.25740969192447,1575418587.0,2019-12-03T16:16:27-08:00,POINT (-122.25740969192447 37.87009210794966),3.932705215174482,99.91741768048054,ios,1.3884503182352652,-0.23631257766368696,-0.08149473017267261
75,37.87007966082345,-122.25741094920994,1575418588.0,2019-12-03T16:16:28-08:00,POINT (-122.25741094920994 37.87007966082345),4.258188644581386,101.26414048773466,ios,1.1521377405715783,-0.3178073078363596,0.31776016655063066
76,37.870069392992065,-122.25740918901027,1575418589.0,2019-12-03T16:16:29-08:00,POINT (-122.25740918901027 37.870069392992065),4.283674494328138,102.41360145437268,ios,0.8343304327352187,-4.7141285728913296e-05,0.1292957347793403
77,37.870061995753524,-122.2574075964037,1575418590.0,2019-12-03T16:16:30-08:00,POINT (-122.2574075964037 37.870061995753524),4.2738446272579615,103.24617537703548,ios,0.8342832914494898,0.1292485934936114,-0.1293053354734347
78,37.87005459893297,-122.25740600388707,1575418591.0,2019-12-03T16:16:31-08:00,POINT (-122.25740600388707 37.87005459893297),4.264015284483168,104.07870225653737,ios,0.9635318849431012,-5.674197982330487e-05,0.3346033016985268
79,37.870045944363106,-122.25740654872683,1575418592.0,2019-12-03T16:16:32-08:00,POINT (-122.25740654872683 37.870045944363106),4.46171411886716,105.01962387429754,ios,0.9634751429632779,0.3345465597187035,-0.39615031679393076
80,37.87003729030291,-122.25740709353448,1575418593.0,2019-12-03T16:16:33-08:00,POINT (-122.25740709353448 37.87003729030291),4.659401322969999,105.96049007699585,ios,1.2980217026819814,-0.06160375707522725,0.2514049937023781
81,37.8700258909146,-122.25740390841128,1575418594.0,2019-12-03T16:16:34-08:00,POINT (-122.25740390841128 37.8700258909146),4.580761694514973,107.2535801395318,ios,1.236417945606754,0.18980123662715087,-0.2541292969180686
82,37.87001566499273,-122.25739837635518,1575418595.0,2019-12-03T16:16:35-08:00,POINT (-122.25739837635518 37.87001566499273),4.2778518075975525,108.45039825276842,ios,1.426219182233905,-0.06432806029091775,0.004065323615389804
83,37.87000510379473,-122.2573891562617,1575418596.0,2019-12-03T16:16:36-08:00,POINT (-122.2573891562617 37.87000510379473),3.8201199108918455,108.64162650713446,ios,1.3618911219429872,-0.06026273667552795,0.17358562681902234
84,37.8699955065156,-122.25737951707305,1575418597.0,2019-12-03T16:16:37-08:00,POINT (-122.25737951707305 37.8699955065156),3.695179241147288,109.32853770354085,ios,1.3016283852674593,0.11332289014349439,-0.3670036326798338
85,37.86998628642211,-122.25737038079859,1575418598.0,2019-12-03T16:16:38-08:00,POINT (-122.25737038079859 37.86998628642211),3.6413502870829877,110.62832206913706,ios,1.4149512754109537,-0.25368074253633943,0.47386921289646855
86,37.86997639577637,-122.25736023869575,1575418599.0,2019-12-03T16:16:39-08:00,POINT (-122.25736023869575 37.86997639577637),3.55924674905059,112.04019111536927,ios,1.1612705328746142,0.22018847036012912,-0.35758929018125096
87,37.869968055782714,-122.25735227588774,1575418600.0,2019-12-03T16:16:40-08:00,POINT (-122.25735227588774 37.869968055782714),3.5320605204732143,113.2004076088501,ios,1.3814590032347434,-0.13740081982112184,0.004841076056653737
88,37.8699585004131,-122.25734221760393,1575418601.0,2019-12-03T16:16:41-08:00,POINT (-122.25734221760393 37.8699585004131),3.434188068088727,114.577786168189,ios,1.2440581834136215,-0.1325597437644681,0.04177360757963222
89,37.86994907077203,-122.25733459007205,1575418602.0,2019-12-03T16:16:42-08:00,POINT (-122.25733459007205 37.86994907077203),3.5016122115918256,115.81884723367985,ios,1.1114984396491534,-0.09078613618483589,0.06267685156470981
90,37.86993943158338,-122.25733123731078,1575418603.0,2019-12-03T16:16:43-08:00,POINT (-122.25733123731078 37.86993943158338),3.887667653669265,116.85894350361177,ios,1.0207123034643175,-0.028109284620126074,0.02805178127200103
91,37.86993037912796,-122.25732930947305,1575418604.0,2019-12-03T16:16:44-08:00,POINT (-122.25732930947305 37.86993037912796),4.337340572055721,117.77294849893309,ios,0.9926030188441914,-5.75033481250431e-05,0.21196634441337214
92,37.8699216197854,-122.25732713011509,1575418605.0,2019-12-03T16:16:45-08:00,POINT (-122.25732713011509 37.8699216197854),4.750051100729411,118.67350290650774,ios,0.9925455154960664,0.2119088410652471,0.02346261330533428
93,37.86991286095033,-122.25732495088339,1575418606.0,2019-12-03T16:16:46-08:00,POINT (-122.25732495088339 37.86991286095033),5.1627376802458285,119.57400515872833,ios,1.2044543565613135,0.23537145437058138,-0.17108674331137297
94,37.86990636497537,-122.25731397059025,1575418607.0,2019-12-03T16:16:47-08:00,POINT (-122.25731397059025 37.86990636497537),4.800606745515001,120.72340293586399,ios,1.4398258109318949,0.06428471105920841,0.17794419828172736
95,37.8699032636712,-122.25729804497422,1575418608.0,2019-12-03T16:16:48-08:00,POINT (-122.25729804497422 37.8699032636712),3.8653737299993174,121.82153578400022,ios,1.5041105219911033,0.24222890934093577,-0.1526842242362001
96,37.86990414377103,-122.25728094589175,1575418609.0,2019-12-03T16:16:49-08:00,POINT (-122.25728094589175 37.86990414377103),2.5881282348333543,122.62162255602726,ios,1.746339431332039,0.08954468510473568,-0.31773221110712746
97,37.869905820151665,-122.25726116460027,1575418610.0,2019-12-03T16:16:50-08:00,POINT (-122.25726116460027 37.869905820151665),1.067830804753854,123.48796184501501,ios,1.8358841164367747,-0.22818752600239178,0.3661049605129356
98,37.86990858617971,-122.25724054511846,1575418611.0,2019-12-03T16:16:51-08:00,POINT (-122.25724054511846 37.86990858617971),0.31097386729674004,124.47292216112022,ios,1.607696590434383,0.13791743451054383,-0.14339785333184274
99,37.86991181321243,-122.25722269166471,1575418612.0,2019-12-03T16:16:52-08:00,POINT (-122.25722269166471 37.86991181321243),1.4515702136028175,125.61010751978982,ios,1.7456140249449268,-0.005480418821298905,-0.19784556412093157
100,37.86991872828255,-122.25720483821095,1575418613.0,2019-12-03T16:16:53-08:00,POINT (-122.25720483821095 37.86991872828255),2.9382787228286755,126.52898645791097,ios,1.7401336061236279,-0.20332598294223048,0.16357536112170745
101,37.86992539189557,-122.25718690093817,1575418614.0,2019-12-03T16:16:54-08:00,POINT (-122.25718690093817 37.86992539189557),3.4701609972479224,130.894429530311,ios,1.5368076231813974,-0.039750621820523024,0.10452122555644983
102,37.86993016958038,-122.25717047240795,1575418615.0,2019-12-03T16:16:55-08:00,POINT (-122.25717047240795 37.86993016958038),3.5905482442552494,132.42888431592183,ios,1.4970570013608744,0.0647706037359268,-0.056784372507264314
103,37.86993297751794,-122.25715379242064,1575418616.0,2019-12-03T16:16:56-08:00,POINT (-122.25715379242064 37.86993297751794),3.494524085747796,133.92564162628923,ios,1.5618276050968012,0.007986231228662488,-0.18437647895820808
104,37.869937084650495,-122.2571367771572,1575418617.0,2019-12-03T16:16:57-08:00,POINT (-122.2571367771572 37.869937084650495),3.529342038376473,135.48970482102632,ios,1.5698138363254637,-0.1763902477295456,0.02886060061397555
105,37.86993918012629,-122.25711909134151,1575418618.0,2019-12-03T16:16:58-08:00,POINT (-122.25711909134151 37.86993918012629),3.33332098390621,137.05030942239352,ios,1.393423588595918,-0.14752964711557004,0.42088296896216604
106,37.8699418623353,-122.25710358482064,1575418619.0,2019-12-03T16:16:59-08:00,POINT (-122.25710358482064 37.8699418623353),3.2517255668678446,138.44391796704187,ios,1.245893941480348,0.273353321846596,-0.13591081401631366
107,37.86994622092495,-122.2570905090517,1575418620.0,2019-12-03T16:17:00-08:00,POINT (-122.2570905090517 37.86994622092495),3.4069403012796067,139.68186879406815,ios,1.519247263326944,0.13744250783028233,-0.31978976787567537
108,37.869952674990394,-122.25707525398792,1575418621.0,2019-12-03T16:17:01-08:00,POINT (-122.25707525398792 37.869952674990394),3.734288829530531,141.1671472742518,ios,1.6566897711572264,-0.18234726004539303,0.20084317146931951
109,37.86996000915567,-122.2570588254577,1575418622.0,2019-12-03T16:17:02-08:00,POINT (-122.2570588254577 37.86996000915567),4.1278045133662005,142.77816750120715,ios,1.4743425111118333,0.01849591142392648,0.03218665488316086
110,37.869967133773365,-122.25704466004134,1575418623.0,2019-12-03T16:17:03-08:00,POINT (-122.25704466004134 37.869967133773365),4.55266357037305,144.19124422802537,ios,1.4928384225357598,0.05068256630708734,0.05354148920444746
111,37.869972498191395,-122.25702906970145,1575418624.0,2019-12-03T16:17:04-08:00,POINT (-122.25702906970145 37.869972498191395),4.755638316279438,145.67228267499556,ios,1.5435209888428472,0.1042240555115348,-0.09056038635074337
112,37.86997668914298,-122.2570123058951,1575418625.0,2019-12-03T16:17:05-08:00,POINT (-122.2570123058951 37.86997668914298),4.805383600184962,147.21755906393645,ios,1.647745044354382,0.013663669160791425,-0.19496652751127752
113,37.869980083813765,-122.25699403334619,1575418626.0,2019-12-03T16:17:06-08:00,POINT (-122.25699403334619 37.869980083813765),4.734236760646895,148.86676523431328,ios,1.6614087135151734,-0.1813028583504861,0.19899343968381622
114,37.86998465195099,-122.25697601225437,1575418627.0,2019-12-03T16:17:07-08:00,POINT (-122.25697601225437 37.86998465195099),4.79442985122347,150.52981994541398,ios,1.4801058551646873,0.017690581333330124,-0.39226056625315064
115,37.86998972300241,-122.25696042191447,1575418628.0,2019-12-03T16:17:08-08:00,POINT (-122.25696042191447 37.86998972300241),4.966063393073756,152.00207170916113,ios,1.4977964364980174,-0.3745699849198205,0.3206681263158253
116,37.869995757972696,-122.2569451668507,1575418629.0,2019-12-03T16:17:09-08:00,POINT (-122.2569451668507 37.869995757972696),5.248639384606287,153.47479723658105,ios,1.123226451578197,-0.05390185860399521,0.3402479477394984
117,37.87000200249056,-122.25693510856689,1575418630.0,2019-12-03T16:17:10-08:00,POINT (-122.25693510856689 37.87000200249056),5.676983551699024,154.5136734247193,ios,1.0693245929742017,0.2863460891355032,-0.2727425028272621
118,37.87000372078071,-122.25692312244536,1575418631.0,2019-12-03T16:17:11-08:00,POINT (-122.25692312244536 37.87000372078071),5.575989350029596,155.58026278881545,ios,1.3556706821097049,0.0136035863082411,-0.01228458873176863
119,37.8700066125373,-122.25690811883868,1575418632.0,2019-12-03T16:17:12-08:00,POINT (-122.25690811883868 37.8700066125373),5.528724657984484,156.9375535197804,ios,1.369274268417946,0.0013189975764724693,-0.08989988149203842
120,37.87000795364181,-122.25689261231781,1575418633.0,2019-12-03T16:17:13-08:00,POINT (-122.25689261231781 37.87000795364181),5.303853219715326,158.29099554084095,ios,1.3705932659944184,-0.08858088391556596,0.17359342044132964
121,37.87001025866518,-122.25687727343501,1575418634.0,2019-12-03T16:17:14-08:00,POINT (-122.25687727343501 37.87001025866518),5.185944184027961,159.65910897104033,ios,1.2820123820788525,0.08501253652576368,-0.16722367257977422
122,37.870013066602745,-122.25686310801865,1575418635.0,2019-12-03T16:17:15-08:00,POINT (-122.25686310801865 37.870013066602745),5.149625240845339,160.94290135935168,ios,1.3670249186046162,-0.08221113605401054,0.1336218918831804
123,37.87001755092094,-122.25684860732616,1575418636.0,2019-12-03T16:17:16-08:00,POINT (-122.25684860732616 37.87001755092094),5.284445930411505,162.30529573716166,ios,1.2848137825506056,0.051410755829169874,0.0838817595505501
124,37.87002232860575,-122.25683528010012,1575418637.0,2019-12-03T16:17:17-08:00,POINT (-122.25683528010012 37.87002232860575),5.47846925284313,163.57709313472856,ios,1.3362245383797755,0.13529251537971998,-0.24062461609216168
125,37.870026729104914,-122.25682111468376,1575418638.0,2019-12-03T16:17:18-08:00,POINT (-122.25682111468376 37.870026729104914),5.612295417468112,164.90858181667636,ios,1.4715170537594955,-0.1053321007124417,-0.02842112764382576
126,37.87003142297069,-122.25680544052483,1575418639.0,2019-12-03T16:17:19-08:00,POINT (-122.25680544052483 37.87003142297069),5.741644257458898,166.37663484191367,ios,1.3661849530470538,-0.13375322835626746,0.10811355512155307
127,37.87003444045583,-122.25679035309912,1575418640.0,2019-12-03T16:17:20-08:00,POINT (-122.25679035309912 37.87003444045583),5.705823880967169,167.7447894781719,ios,1.2324317246907863,-0.02563967323471439,0.11710453851116531
128,37.87003749985049,-122.25677685823501,1575418641.0,2019-12-03T16:17:21-08:00,POINT (-122.25677685823501 37.87003749985049),5.712291128568759,168.9793222003999,ios,1.206792051456072,0.09146486527645092,0.019384279647436387
129,37.870040852611766,-122.25676378246607,1575418642.0,2019-12-03T16:17:22-08:00,POINT (-122.25676378246607 37.870040852611766),5.760050949627483,170.18714709247655,ios,1.2982569167325229,0.11084914492388731,-0.048935299208834104
130,37.87004655230592,-122.25675087433518,1575418643.0,2019-12-03T16:17:23-08:00,POINT (-122.25675087433518 37.87004655230592),6.0625302173962945,171.45106368386698,ios,1.4091060616564102,0.061913845715053206,0.14282615658714204
131,37.87005434747587,-122.2567382176614,1575418644.0,2019-12-03T16:17:24-08:00,POINT (-122.2567382176614 37.87005434747587),6.594854026154768,172.7564420885534,ios,1.4710199073714634,0.20474000230219525,-0.2584405045537679
132,37.870062100736305,-122.25672463897826,1575418645.0,2019-12-03T16:17:25-08:00,POINT (-122.25672463897826 37.870062100736305),7.100810667097347,174.1386518377328,ios,1.6757599096736586,-0.053700502251572635,-0.1282681083857733
133,37.870070608368025,-122.25670888100029,1575418646.0,2019-12-03T16:17:26-08:00,POINT (-122.25670888100029 37.870070608368025),7.635622613510982,175.7280228958632,ios,1.622059407422086,-0.18196861063734593,0.3265511189921715
134,37.87007660142879,-122.25669203337492,1575418647.0,2019-12-03T16:17:27-08:00,POINT (-122.25669203337492 37.87007660142879),7.875915759374179,177.33436814251792,ios,1.44009079678474,0.14458250835482556,-0.2902124639070651
135,37.870080205647156,-122.25667627539696,1575418648.0,2019-12-03T16:17:28-08:00,POINT (-122.25667627539696 37.870080205647156),7.886862221539264,178.77688466652387,ios,1.5846733051395656,-0.14562995555223957,0.1828437174440889
136,37.87008515097003,-122.25665934395255,1575418649.0,2019-12-03T16:17:29-08:00,POINT (-122.25665934395255 37.87008515097003),8.0132287899931,180.35894938025922,ios,1.439043349587326,0.03721376189184933,0.19711754842037865
137,37.870089719107256,-122.25664400506975,1575418650.0,2019-12-03T16:17:30-08:00,POINT (-122.25664400506975 37.870089719107256),8.137107959778191,181.79484052552414,ios,1.4762571114791754,0.23433131031222798,-0.39884374564042147
138,37.870093574782715,-122.25662791181566,1575418651.0,2019-12-03T16:17:31-08:00,POINT (-122.25662791181566 37.870093574782715),8.166960239882405,183.27328294116063,ios,1.7105884217914034,-0.16451243532819348,-0.1381546448497306
139,37.870094580611095,-122.2566084658003,1575418652.0,2019-12-03T16:17:32-08:00,POINT (-122.2566084658003 37.870094580611095),7.812744305450377,184.9503259903388,ios,1.5460759864632099,-0.3026670801779241,0.23535046378667723
140,37.870094077696905,-122.25659086380364,1575418653.0,2019-12-03T16:17:33-08:00,POINT (-122.25659086380364 37.870094077696905),7.341118648831955,186.42600998438328,ios,1.2434089062852858,-0.06731661639124686,0.1961659878219515
141,37.870094077696905,-122.25657669838728,1575418654.0,2019-12-03T16:17:34-08:00,POINT (-122.25657669838728 37.870094077696905),7.0048122431906075,187.62570556484656,ios,1.176092289894039,0.12884937143070463,-0.1611385288758207
142,37.87009516734432,-122.25656337116123,1575418655.0,2019-12-03T16:17:35-08:00,POINT (-122.25656337116123 37.87009516734432),6.80482052556265,188.7870473933466,ios,1.3049416613247435,-0.03228915744511607,0.10334077715320711
143,37.870099945029125,-122.2565497924781,1575418656.0,2019-12-03T16:17:36-08:00,POINT (-122.2565497924781 37.870099945029125),6.992878171037409,190.08013943628848,ios,1.2726525038796275,0.07105161970809104,-0.007095904797613128
144,37.87010564472328,-122.25653721962334,1575418657.0,2019-12-03T16:17:37-08:00,POINT (-122.25653721962334 37.87010564472328),7.3033205096011,191.3156593376856,ios,1.3437041235877185,0.06395571491047791,-0.023495088672163877
145,37.87011214069824,-122.25652431149246,1575418658.0,2019-12-03T16:17:38-08:00,POINT (-122.25652431149246 37.87011214069824),7.6908754637723575,192.60342223874548,ios,1.4076598384981964,0.040460626238314035,0.02916977284266875
146,37.870117547025785,-122.25650981079997,1575418659.0,2019-12-03T16:17:39-08:00,POINT (-122.25650981079997 37.870117547025785),7.924206391535068,193.99342796214916,ios,1.4481204647365105,0.06963039908098279,-0.11631272047274699
147,37.870121402701244,-122.256494052822,1575418660.0,2019-12-03T16:17:40-08:00,POINT (-122.256494052822 37.870121402701244),7.962020835473785,195.4434746928896,ios,1.5177508638174932,-0.0466823213917642,0.013000272540435232
148,37.87012622229557,-122.25647787574889,1575418661.0,2019-12-03T16:17:41-08:00,POINT (-122.25647787574889 37.87012622229557),8.092867990173033,196.95788383380227,ios,1.471068542425729,-0.03368204885132897,0.06794420741357587
149,37.8701305389757,-122.25646203395189,1575418662.0,2019-12-03T16:17:42-08:00,POINT (-122.25646203395189 37.8701305389757),8.177945413143368,198.42883587212418,ios,1.4373864935744,0.0342621585622469,-0.08428130066274653
150,37.870132927818105,-122.2564459406978,1575418663.0,2019-12-03T16:17:43-08:00,POINT (-122.2564459406978 37.870132927818105),8.051088598134976,199.8633471911409,ios,1.471648652136647,-0.050019142100499625,-0.029107838645576534
151,37.87013841796468,-122.25643068563403,1575418664.0,2019-12-03T16:17:44-08:00,POINT (-122.25643068563403 37.87013841796468),8.275466090048754,201.31975179804522,ios,1.4216295100361473,-0.07912698074607616,0.0813045574209752
152,37.87014424338739,-122.25641626876057,1575418665.0,2019-12-03T16:17:45-08:00,POINT (-122.25641626876057 37.87014424338739),8.555563431802188,202.7152095887829,ios,1.3425025292900712,0.00217757667489904,0.0795454394959132
153,37.8701471770535,-122.25640143279196,1575418666.0,2019-12-03T16:17:46-08:00,POINT (-122.25640143279196 37.8701471770535),8.516764243448971,204.05955583507492,ios,1.3446801059649702,0.08172301617081223,-0.06362955779923296
154,37.87014885343413,-122.25638626154722,1575418667.0,2019-12-03T16:17:47-08:00,POINT (-122.25638626154722 37.87014885343413),8.3356806638189,205.39464272087503,ios,1.4264031221357825,0.018093458371579274,0.07183976643401224
155,37.87014763805817,-122.2563700844741,1575418668.0,2019-12-03T16:17:48-08:00,POINT (-122.2563700844741 37.87014763805817),7.821770787508514,206.72830984034425,ios,1.4444965805073617,0.08993322480559152,-0.18959338109040247
156,37.870146883686886,-122.25635365594388,1575418669.0,2019-12-03T16:17:49-08:00,POINT (-122.25635365594388 37.870146883686886),7.351143677151409,208.09708007126886,ios,1.5344298053129533,-0.09966015628481095,0.023513708459099947
157,37.870147889515266,-122.25633622158529,1575418670.0,2019-12-03T16:17:50-08:00,POINT (-122.25633622158529 37.870147889515266),7.044692009377303,209.60375206360226,ios,1.4347696490281423,-0.076146447825711,0.009924350025934947
158,37.870148015243814,-122.2563198768741,1575418671.0,2019-12-03T16:17:51-08:00,POINT (-122.2563198768741 37.870148015243814),6.659438043463688,211.3182406926675,ios,1.3586232012024313,-0.06622209779977606,0.06844661833839849
159,37.87014964971493,-122.2563045379913,1575418672.0,2019-12-03T16:17:52-08:00,POINT (-122.2563045379913 37.87014964971493),6.404134734504011,212.65537533289367,ios,1.2924011034026552,0.002224520538622432,-0.05079115230159714
160,37.87015065554331,-122.25628986966075,1575418673.0,2019-12-03T16:17:53-08:00,POINT (-122.25628986966075 37.87015065554331),6.101352063412674,213.91447463650843,ios,1.2946256239412777,-0.04856663176297471,0.04419767369416383
161,37.87015187091927,-122.2562752013302,1575418674.0,2019-12-03T16:17:54-08:00,POINT (-122.2562752013302 37.87015187091927),5.820623005271604,215.18093811403824,ios,1.246058992178303,-0.00436895806881088,2.9979039732230817e-05
162,37.87015409212361,-122.25626128737093,1575418675.0,2019-12-03T16:17:55-08:00,POINT (-122.25626128737093 37.87015409212361),5.666766221860868,216.41981368525518,ios,1.241690034109492,-0.004338979029078649,-0.16916575019832458
163,37.870159079356,-122.25624863069714,1575418676.0,2019-12-03T16:17:56-08:00,POINT (-122.25624863069714 37.870159079356),5.839040823270946,217.65100282604803,ios,1.2373510550804134,-0.17350472922740323,0.029978117531022197
164,37.87016553342144,-122.2562371474898,1575418677.0,2019-12-03T16:17:57-08:00,POINT (-122.2562371474898 37.87016553342144),6.198380563171319,218.83584067789542,ios,1.0638463258530102,-0.14352661169638103,0.1434725983118642
165,37.87017181984882,-122.25622801121534,1575418678.0,2019-12-03T16:17:58-08:00,POINT (-122.25622801121534 37.87017181984882),6.605459823282473,219.81898688192365,ios,0.9203197141566292,-5.401338451682669e-05,0.03657483736327771
166,37.87017515175304,-122.25621841365475,1575418679.0,2019-12-03T16:17:59-08:00,POINT (-122.25621841365475 37.87017515175304),6.688745594972449,220.7367864641652,ios,0.9202657007721123,0.036520823978760886,-0.03657510042685397
167,37.87017848346184,-122.25620881665708,1575418680.0,2019-12-03T16:18:00-08:00,POINT (-122.25620881665708 37.87017848346184),6.772026589485415,221.65453217320044,ios,0.9567865247508732,-5.427644809308241e-05,0.05658847837427883
168,37.87017716327464,-122.2561980456059,1575418681.0,2019-12-03T16:18:01-08:00,POINT (-122.2561980456059 37.87017716327464),6.3330208254121185,222.50674552926955,ios,0.9567322483027801,0.056534201926185745,-0.18251452433686133
169,37.87017584316234,-122.25618727516593,1575418682.0,2019-12-03T16:18:02-08:00,POINT (-122.25618727516593 37.87017584316234),5.8940400652538925,223.35891059468022,ios,1.0132664502289659,-0.12598032241067558,0.12592870246861754
170,37.87017404105316,-122.25617595959665,1575418683.0,2019-12-03T16:18:03-08:00,POINT (-122.25617595959665 37.87017404105316),5.389146120933753,224.23961606787424,ios,0.8872861278182903,-5.161994205804543e-05,0.28217175489069446
171,37.870174355383675,-122.25616585910953,1575418684.0,2019-12-03T16:18:04-08:00,POINT (-122.25616585910953 37.870174355383675),5.14084309610752,225.09332745093948,ios,0.8872345078762323,0.2821201349486364,-0.24331948679307613
172,37.8701746696959,-122.25615575920999,1575418685.0,2019-12-03T16:18:05-08:00,POINT (-122.25615575920999 37.8701746696959),4.892554608501161,225.9469891941313,ios,1.1693546428248687,0.03880064815556028,-0.20827366889228172
173,37.87017668135266,-122.25614268344106,1575418686.0,2019-12-03T16:18:06-08:00,POINT (-122.25614268344106 37.87017668135266),4.739996790982381,227.1085718475038,ios,1.208155290980429,-0.16947302073672144,0.08721508689633783
174,37.87017881873797,-122.25612918857695,1575418687.0,2019-12-03T16:18:07-08:00,POINT (-122.25612918857695 37.87017881873797),4.588995866506055,228.3095372944982,ios,1.0386822702437075,-0.0822579338403836,0.08220270845261124
175,37.870180788485214,-122.25611762155057,1575418688.0,2019-12-03T16:18:08-08:00,POINT (-122.25611762155057 37.870180788485214),4.474058897736574,229.34377550997672,ios,0.9564243364033239,-5.5225387772361856e-05,0.19033174788103302
176,37.870185210066694,-122.25610827545891,1575418689.0,2019-12-03T16:18:09-08:00,POINT (-122.25610827545891 37.870185210066694),4.679032260824705,230.2788896969745,ios,0.9563691110155516,0.19027652249326066,-0.29944866084398825
177,37.87018963139306,-122.2560989299065,1575418690.0,2019-12-03T16:18:10-08:00,POINT (-122.2560989299065 37.87018963139306),4.883993906903161,231.21394986405096,ios,1.1466456335088122,-0.10917213835072759,0.1886390697826239
178,37.87019621118705,-122.2560888716227,1575418691.0,2019-12-03T16:18:11-08:00,POINT (-122.2560888716227 37.87019621118705),5.296263824880316,232.28432649962593,ios,1.0374734951580846,0.07946693143189631,-0.07953116738631061
179,37.87020228806685,-122.2560799029863,1575418692.0,2019-12-03T16:18:12-08:00,POINT (-122.2560799029863 37.87020228806685),5.685961469511081,233.2461219331709,ios,1.116940426589981,-6.423595441429342e-05,0.1279506424983099
180,37.87020798792476,-122.25606942530632,1575418693.0,2019-12-03T16:18:13-08:00,POINT (-122.25606942530632 37.87020798792476),5.993940804167567,234.32056435448027,ios,1.1168761906355666,0.1278864065438956,-0.05171418713126008
181,37.87021368745516,-122.25605894822837,1575418694.0,2019-12-03T16:18:14-08:00,POINT (-122.25605894822837 37.87021368745516),6.301902588418152,235.39494493859902,ios,1.2447625971794622,0.07617221941263552,-0.2889014965452834
182,37.87022123116802,-122.25604847084941,1575418695.0,2019-12-03T16:18:15-08:00,POINT (-122.25604847084941 37.87022123116802),6.8039435425801456,236.53416025358814,ios,1.3209348165920978,-0.2127292771326479,0.06841216303630515
183,37.87023024171393,-122.2560386640227,1575418696.0,2019-12-03T16:18:16-08:00,POINT (-122.2560386640227 37.87023024171393),7.479039130285807,237.6689810990908,ios,1.1082055394594499,-0.14431711409634274,0.14426099713537088
184,37.87023589949857,-122.25602827046276,1575418697.0,2019-12-03T16:18:17-08:00,POINT (-122.25602827046276 37.87023589949857),7.784934585140217,238.7349265118997,ios,0.9638884253631071,-5.611696097185259e-05,0.10021396348589906
185,37.87024011152743,-122.25601867290446,1575418698.0,2019-12-03T16:18:18-08:00,POINT (-122.25601867290446 37.87024011152743),7.960849655838586,239.68365506383327,ios,0.9638323084021353,0.10015784652492721,-0.24850073772379144
186,37.870244323311255,-122.2560090759045,1575418699.0,2019-12-03T16:18:19-08:00,POINT (-122.2560090759045 37.870244323311255),7.816219965426409,245.37756407128728,ios,1.0639901549270625,-0.14834289119886424,0.14829046982826655
187,37.870246963610754,-122.25599742505909,1575418700.0,2019-12-03T16:18:20-08:00,POINT (-122.25599742505909 37.870246963610754),7.195152858857119,246.2437313717194,ios,0.9156472637281983,-5.2421370597688366e-05,0.12986784061861578
188,37.87024937347686,-122.25598745030894,1575418701.0,2019-12-03T16:18:21-08:00,POINT (-122.25598745030894 37.87024937347686),6.673730520927985,246.99828193408445,ios,0.9155948423576006,0.1298154192480181,0.2337160860162626
189,37.87025178320508,-122.25597747612954,1575418702.0,2019-12-03T16:18:22-08:00,POINT (-122.25597747612954 37.87025178320508),6.152338120893738,247.752789361141,ios,1.0454102616056187,0.3635315052642807,-0.39435887972583705
190,37.870257482899234,-122.25596800457896,1575418703.0,2019-12-03T16:18:23-08:00,POINT (-122.25596800457896 37.870257482899234),5.892356258474176,248.76589511788387,ios,1.4089417668698994,-0.030827374461556367,-0.2787213625802696
191,37.870266786811754,-122.25595710810484,1575418704.0,2019-12-03T16:18:24-08:00,POINT (-122.25595710810484 37.870266786811754),5.782585706952735,250.17024342458095,ios,1.378114392408343,-0.30954873704182595,0.49987452515853725
192,37.870275378262505,-122.25594579253556,1575418705.0,2019-12-03T16:18:25-08:00,POINT (-122.25594579253556 37.870275378262505),5.594821087373273,251.53554241040982,ios,1.068565655366517,0.1903257881167113,-0.12143953373339156
193,37.870282051949694,-122.25593703332112,1575418706.0,2019-12-03T16:18:26-08:00,POINT (-122.25593703332112 37.870282051949694),5.451072659399771,252.59441492898512,ios,1.2588914434832283,0.06888625438331974,-0.11756188759702635
194,37.870289959630675,-122.25592676969502,1575418707.0,2019-12-03T16:18:27-08:00,POINT (-122.25592676969502 37.870289959630675),5.28868542075035,253.84278281243934,ios,1.327777697866548,-0.048675633213706604,0.1597890252690799
195,37.8702985086885,-122.25591620889749,1575418708.0,2019-12-03T16:18:28-08:00,POINT (-122.25591620889749 37.8702985086885),5.150023307799752,255.1631554093371,ios,1.2791020646528415,0.1111133920553733,-0.23290945273453767
196,37.87030475433441,-122.25590397173553,1575418709.0,2019-12-03T16:18:29-08:00,POINT (-122.25590397173553 37.87030475433441),4.737049117395705,256.37484248179504,ios,1.3902154567082148,-0.12179606067916438,0.16008162504097156
197,37.87031171121293,-122.25589081216849,1575418710.0,2019-12-03T16:18:30-08:00,POINT (-122.25589081216849 37.87031171121293),4.3095198310242395,257.6987705803911,ios,1.2684193960290504,0.03828556436180719,-0.09867214393708212
198,37.870318081853135,-122.25587882528005,1575418711.0,2019-12-03T16:18:31-08:00,POINT (-122.25587882528005 37.870318081853135),3.9224120361238253,258.9076510835684,ios,1.3067049603908576,-0.060386579575274935,0.12908858987195937
199,37.87032457790992,-122.25586641996907,1575418712.0,2019-12-03T16:18:32-08:00,POINT (-122.25586641996907 37.87032457790992),3.5828604723536497,259.4568288538642,ios,1.2463183808155827,0.06870201029668443,-0.10018783766545625
200,37.87033560081274,-122.25584169307193,1575418714.0,2019-12-03T16:18:34-08:00,POINT (-122.25584169307193 37.87033560081274),3.9239325904592333,259.9345960195251,ios,1.3837224014089515,-0.13167366503422806,0.08536127303158048
201,37.870343604821215,-122.255829622574,1575418715.0,2019-12-03T16:18:35-08:00,POINT (-122.255829622574 37.870343604821215),4.632910216760102,261.1233808998216,ios,1.2520487363747235,-0.046312392002647584,-0.043311877774310226
202,37.87034938911926,-122.25581738463175,1575418716.0,2019-12-03T16:18:36-08:00,POINT (-122.25581738463175 37.87034938911926),5.0963699171444725,262.2877511865186,ios,1.2057363443720759,-0.08962426977695781,0.2329342948311437
203,37.870352910097346,-122.25580439266886,1575418717.0,2019-12-03T16:18:37-08:00,POINT (-122.25580439266886 37.870352910097346),5.301373148754315,263.4778852002934,ios,1.116112074595118,0.14331002505418589,-0.25388047217067156
204,37.87035563443278,-122.25579215473283,1575418718.0,2019-12-03T16:18:38-08:00,POINT (-122.25579215473283 37.87035563443278),5.429587809303491,264.5885512672231,ios,1.259422099649304,-0.11057044711648567,-0.007646133381709053
205,37.87036057939111,-122.25577924651341,1575418719.0,2019-12-03T16:18:39-08:00,POINT (-122.25577924651341 37.87036057939111),5.791765857433016,265.79640342711434,ios,1.1488516525328183,-0.11821658049819472,0.1442054564622457
206,37.87036472862634,-122.25576726008948,1575418720.0,2019-12-03T16:18:40-08:00,POINT (-122.25576726008948 37.87036472862634),6.079590133390052,266.9102332226777,ios,1.0306350720346236,0.025988875964050973,-0.02855290735682159
207,37.87036720160917,-122.25575594427104,1575418721.0,2019-12-03T16:18:41-08:00,POINT (-122.25575594427104 37.87036720160917),6.193096299679127,267.93640273679046,ios,1.0566239479986745,-0.002564031392770616,0.1126765065959141
208,37.870369590494825,-122.25574429333584,1575418722.0,2019-12-03T16:18:42-08:00,POINT (-122.25574429333584 37.870369590494825),6.292726736234609,268.9902008429014,ios,1.054059916605904,0.11011247520314349,-0.18763400995244117
209,37.87037160223181,-122.25573255854694,1575418723.0,2019-12-03T16:18:43-08:00,POINT (-122.25573255854694 37.87037160223181),6.349870789508505,270.0446624497106,ios,1.1641723918090474,-0.07752153474929768,-0.09869316176734044
210,37.87037684052727,-122.25572107518703,1575418724.0,2019-12-03T16:18:44-08:00,POINT (-122.25572107518703 37.87037684052727),6.764010495609072,271.13391463401643,ios,1.0866508570597497,-0.17621469651663813,0.17608669658402687
211,37.87038321068902,-122.2557116870967,1575418725.0,2019-12-03T16:18:45-08:00,POINT (-122.2557116870967 37.87038321068902),7.331306342098218,272.0610591271159,ios,0.9104361605431116,-0.00012799993261125575,0.12808705505841755
212,37.870389371504565,-122.25570485543975,1575418726.0,2019-12-03T16:18:46-08:00,POINT (-122.25570485543975 37.870389371504565),7.9112326606828995,272.7625057026795,ios,0.9103081606105003,0.1279590551258063,-0.09565162645955039
213,37.870395531562316,-122.25569802489952,1575418727.0,2019-12-03T16:18:47-08:00,POINT (-122.25569802489952 37.870395531562316),8.491091551983482,273.4638418973757,ios,1.0382672157363066,0.03230742866625591,0.03090050907885855
214,37.870395155693444,-122.25568620607908,1575418728.0,2019-12-03T16:18:48-08:00,POINT (-122.25568620607908 37.870395155693444),8.28548411321083,274.4836981536416,ios,1.0705746444025626,0.06320793774511446,-0.1879059578346738
215,37.87039377276284,-122.2556741360839,1575418729.0,2019-12-03T16:18:49-08:00,POINT (-122.2556741360839 37.87039377276284),7.9660499890830945,275.50769457096663,ios,1.133782582147677,-0.12469802008955932,0.3067414224977725
216,37.870390713488646,-122.25566181461663,1575418730.0,2019-12-03T16:18:50-08:00,POINT (-122.25566181461663 37.870390713488646),7.4594593938582765,276.5241109892192,ios,1.0090845620581177,0.18204340240821315,0.1217865015480164
217,37.87038782169899,-122.25565091795612,1575418731.0,2019-12-03T16:18:51-08:00,POINT (-122.25565091795612 37.87038782169899),6.9910406907937315,277.41972382860644,ios,1.1911279644663308,0.30382990395622955,-0.3210056472136802
218,37.870386187128034,-122.25563750700337,1575418732.0,2019-12-03T16:18:52-08:00,POINT (-122.25563750700337 37.870386187128034),6.6253817162792785,278.5557650066185,ios,1.4949578684225604,-0.017175743257450637,-0.04534823018473477
219,37.870381786782396,-122.25562141383048,1575418733.0,2019-12-03T16:18:53-08:00,POINT (-122.25562141383048 37.870381786782396),5.919392321805807,279.8762147210784,ios,1.4777821251651098,-0.06252397344218541,-0.4146227390856305
220,37.870379984511615,-122.2556047337982,1575418734.0,2019-12-03T16:18:54-08:00,POINT (-122.2556047337982 37.870379984511615),5.489880335842929,281.2932293821332,ios,1.4152581517229244,-0.47714671252781593,0.4770794147352502
221,37.87037847574381,-122.2555887242276,1575418735.0,2019-12-03T16:18:55-08:00,POINT (-122.2555887242276 37.87037847574381),5.1018520540662395,282.65716620916885,ios,0.9381114391951084,-6.729779256575696e-05,-0.046120062667727724
222,37.870378517579304,-122.2555780369734,1575418736.0,2019-12-03T16:18:56-08:00,POINT (-122.2555780369734 37.870378517579304),4.957751567101801,283.5860782613905,ios,0.9380441414025427,-0.04618736046029348,0.04611245207114667
223,37.8703785594871,-122.25556735048636,1575418737.0,2019-12-03T16:18:57-08:00,POINT (-122.25556735048636 37.8703785594871),4.813669780168924,284.5149249737241,ios,0.8918567809422492,-7.490838914681053e-05,0.14485491411349483
224,37.870380529172984,-122.25555750119517,1575418738.0,2019-12-03T16:18:58-08:00,POINT (-122.25555750119517 37.870380529172984),4.892440288229408,285.40489469405327,ios,0.8917818725531024,0.14478000572434802,-0.14483737475665603
225,37.87038249885543,-122.25554765278297,1575418739.0,2019-12-03T16:18:59-08:00,POINT (-122.25554765278297 37.87038249885543),4.971222746884882,286.2947879859433,ios,1.0365618782774504,-5.736903230801893e-05,0.24435395159503281
226,37.87038666887798,-122.25553709120004,1575418740.0,2019-12-03T16:19:00-08:00,POINT (-122.25553709120004 37.87038666887798),5.281149988632742,287.2852355324258,ios,1.0365045092451424,0.2442965825627248,-0.22839326069983668
227,37.87039083877091,-122.25552653026516,1575418741.0,2019-12-03T16:19:01-08:00,POINT (-122.25552653026516 37.87039083877091),5.591072165232833,288.2756244385594,ios,1.2808010918078672,0.01590332186288812,0.10452872770710653
228,37.870393856400526,-122.25551244843702,1575418742.0,2019-12-03T16:19:02-08:00,POINT (-122.25551244843702 37.870393856400526),5.725770582648788,289.55157720105336,ios,1.2967044136707553,0.12043204956999465,-0.11003560798667045
229,37.870395239454446,-122.25549778005933,1575418743.0,2019-12-03T16:19:03-08:00,POINT (-122.25549778005933 37.870395239454446),5.673226960294115,290.8497843415983,ios,1.41713646324075,0.0103964415833242,-0.09987953257217885
230,37.870398550282246,-122.25548218969416,1575418744.0,2019-12-03T16:19:04-08:00,POINT (-122.25548218969416 37.870398550282246),5.819061184400081,292.2618976120987,ios,1.4275329048240741,-0.08948309098885465,0.32655534101678474
231,37.87039834078438,-122.25546592876118,1575418745.0,2019-12-03T16:19:05-08:00,POINT (-122.25546592876118 37.87039834078438),5.569884141636008,293.6704673570577,ios,1.3380498138352195,0.2370722500279301,-0.9138859368771604
232,37.870400059055385,-122.25545084130074,1575418746.0,2019-12-03T16:19:06-08:00,POINT (-122.25545084130074 37.870400059055385),5.548236806953552,295.01095443812403,ios,1.5751220638631496,-0.6768136868492303,0.6768031619473771
233,37.87040148398621,-122.25543298781871,1575418747.0,2019-12-03T16:19:07-08:00,POINT (-122.25543298781871 37.87040148398621),5.455970474201285,296.5865197209095,ios,0.8983083770139193,-1.0524901853159463e-05,0.24554956790286653
234,37.87040228027406,-122.25542280371873,1575418748.0,2019-12-03T16:19:08-08:00,POINT (-122.25542280371873 37.87040228027406),5.401528385668676,297.4849738620188,ios,0.8982978521120661,0.24553904300101337,-0.18938303344706475
235,37.870403076552385,-122.25541261973794,1575418749.0,2019-12-03T16:19:09-08:00,POINT (-122.25541261973794 37.870403076552385),5.34708701025043,298.38341748039034,ios,1.1438368951130795,0.056156009553948616,-0.21698551399643295
236,37.8704022802769,-122.25539962773111,1575418750.0,2019-12-03T16:19:10-08:00,POINT (-122.25539962773111 37.8704022802769),5.0791019936527615,299.4977863321321,ios,1.1999929046670281,-0.16082950444248434,0.39453360796254744
237,37.870402657462165,-122.25538596522273,1575418751.0,2019-12-03T16:19:11-08:00,POINT (-122.25538596522273 37.870402657462165),4.930351970526802,300.69098175180335,ios,1.0391634002245438,0.2337041035200631,-0.16772533485712215
238,37.87040211263846,-122.25537414673926,1575418752.0,2019-12-03T16:19:12-08:00,POINT (-122.25537414673926 37.87040211263846),4.706242151916137,301.70784424280623,ios,1.2728675037446069,0.06597876866294095,0.1488180920344977
239,37.87040219645749,-122.25535964604677,1575418753.0,2019-12-03T16:19:13-08:00,POINT (-122.25535964604677 37.87040219645749),4.513690746649021,302.9686866713902,ios,1.3388462724075478,0.21479686069743864,-0.1599172191015632
240,37.87039913706283,-122.25534489389719,1575418754.0,2019-12-03T16:19:14-08:00,POINT (-122.25534489389719 37.87039913706283),3.973274620156854,304.19620508281577,ios,1.5536431331049865,0.05487964159587544,0.41263172315720387
241,37.87040060389589,-122.25532729190053,1575418755.0,2019-12-03T16:19:15-08:00,POINT (-122.25532729190053 37.87040060389589),3.8890995002896953,305.7506646240095,ios,1.608522774700862,0.4675113647530793,-0.9169735586729879
242,37.87040462720941,-122.25530968990387,1575418756.0,2019-12-03T16:19:16-08:00,POINT (-122.25530968990387 37.87040462720941),4.085009557823198,307.3499898406641,ios,2.076034139453941,-0.4494621939199086,0.5622205282553943
243,37.870413889212415,-122.2552891542411,1575418757.0,2019-12-03T16:19:17-08:00,POINT (-122.2552891542411 37.870413889212415),4.814051255295964,309.2960388403357,ios,1.6265719455340326,0.11275833433548565,0.14994577989133306
244,37.870409740170345,-122.25527138460637,1575418758.0,2019-12-03T16:19:18-08:00,POINT (-122.25527138460637 37.870409740170345),4.1122764683350255,310.76650018421145,ios,1.7393302798695183,0.2627041142268187,-0.47225037691236027
245,37.87040140017669,-122.25525462080003,1575418759.0,2019-12-03T16:19:19-08:00,POINT (-122.25525462080003 37.87040140017669),2.9653393935880716,312.07605645270866,ios,2.002034394096337,-0.20954626268554155,0.1687584959302082
246,37.87038664802711,-122.25524154503108,1575418760.0,2019-12-03T16:19:20-08:00,POINT (-122.25524154503108 37.87038664802711),1.1672022282916288,312.9527789598169,ios,1.7924881314107954,-0.040787766755333354,-0.027124175581007215
247,37.87037223115365,-122.25523240875663,1575418761.0,2019-12-03T16:19:21-08:00,POINT (-122.25523240875663 37.87037223115365),0.5393963913185783,313.49324434288957,ios,1.751700364655462,-0.06791194233634057,0.09838596454632675
248,37.870357646642134,-122.25522486504377,1575418762.0,2019-12-03T16:19:22-08:00,POINT (-122.25522486504377 37.870357646642134),2.242205590469456,313.8924554600402,ios,1.6837884223191215,0.030474022209986185,-0.1494635291890074
249,37.87034318785916,-122.25521916534962,1575418763.0,2019-12-03T16:19:23-08:00,POINT (-122.25521916534962 37.87034318785916),3.595278444873553,317.6750672088193,ios,1.7142624445291077,-0.11898950697902122,-0.12115434671586134
250,37.87032923199038,-122.25521086726548,1575418764.0,2019-12-03T16:19:24-08:00,POINT (-122.25521086726548 37.87032923199038),4.27288541832326,319.24711966865596,ios,1.5952729375500865,-0.24014385369488256,0.09003232396479288
251,37.870316868683204,-122.25520164717199,1575418765.0,2019-12-03T16:19:25-08:00,POINT (-122.25520164717199 37.870316868683204),4.764359575502586,320.76299908539676,ios,1.355129083855204,-0.15011152973008968,0.19955854841344567
252,37.8703068103994,-122.25519292999269,1575418766.0,2019-12-03T16:19:26-08:00,POINT (-122.25519292999269 37.8703068103994),5.09340316803714,322.076434331362,ios,1.2050175541251142,0.04944701868335599,0.3904897547225987
253,37.87029872186284,-122.25518379371823,1575418767.0,2019-12-03T16:19:27-08:00,POINT (-122.25518379371823 37.87029872186284),5.234222607897523,323.27283753211356,ios,1.2544645728084702,0.4399367734059547,-0.3883000853995544
254,37.870290046593055,-122.25517465744377,1575418768.0,2019-12-03T16:19:28-08:00,POINT (-122.25517465744377 37.870290046593055),5.423840674926411,324.5123320271616,ios,1.694401346214425,0.05163668800640031,0.04480778166383348
255,37.87027998830925,-122.25516015675129,1575418769.0,2019-12-03T16:19:29-08:00,POINT (-122.25516015675129 37.87027998830925),5.416171752317142,326.2070781289307,ios,1.7460380342208253,0.09644446967023379,-0.30218196886303983
256,37.87026967856835,-122.25514515314461,1575418770.0,2019-12-03T16:19:30-08:00,POINT (-122.25514515314461 37.87026967856835),5.0071693850150565,329.4320699638552,ios,1.842482503891059,-0.20573749919280604,0.32484350538072126
257,37.870256560889885,-122.25513232883276,1575418771.0,2019-12-03T16:19:31-08:00,POINT (-122.25513232883276 37.870256560889885),4.834087443350952,331.2653186084334,ios,1.636745004698253,0.11910600618791523,0.05143190114501439
258,37.87024545486818,-122.25512009125413,1575418772.0,2019-12-03T16:19:32-08:00,POINT (-122.25512009125413 37.87024545486818),4.58504791630461,332.88243317133436,ios,1.7558510108861682,0.17053790733292962,-0.31654114493706365
259,37.870232085732624,-122.2551094462371,1575418773.0,2019-12-03T16:19:33-08:00,POINT (-122.2551094462371 37.870232085732624),4.642930403433105,334.15093828927104,ios,1.9263889182190979,-0.14600323760413403,0.017037976784429976
260,37.87021712403546,-122.25509838212491,1575418774.0,2019-12-03T16:19:34-08:00,POINT (-122.25509838212491 37.87021712403546),4.911578465462442,336.05638915325943,ios,1.7803856806149638,-0.12896526081970405,-0.05380337065001872
261,37.87020388062845,-122.2550869827366,1575418775.0,2019-12-03T16:19:35-08:00,POINT (-122.2550869827366 37.87020388062845),4.56458286770623,340.2809806359988,ios,1.6514204197952598,-0.18276863146972278,0.049729156242703354
262,37.87019172686885,-122.25507617008151,1575418776.0,2019-12-03T16:19:36-08:00,POINT (-122.25507617008151 37.87019172686885),3.8563718169935313,341.77143156600374,ios,1.468651788325537,-0.13303947522701942,-0.0397023024188321
263,37.87018045320909,-122.25506745290221,1575418777.0,2019-12-03T16:19:37-08:00,POINT (-122.25506745290221 37.87018045320909),3.3132098878425436,343.13434798607574,ios,1.3356123130985176,-0.17274177764585152,0.25490761593025635
264,37.87016951482545,-122.25506116647483,1575418778.0,2019-12-03T16:19:38-08:00,POINT (-122.25506116647483 37.87016951482545),2.974424825794891,344.42429481663095,ios,1.162870535452666,0.08216583828440482,0.03853169504335896
265,37.87015924699406,-122.25505865190388,1575418779.0,2019-12-03T16:19:39-08:00,POINT (-122.25505865190388 37.87015924699406),2.9499444681706573,345.584579062626,ios,1.2450363737370709,0.12069753332776378,0.2611311256004767
266,37.87014805715333,-122.25505814898969,1575418780.0,2019-12-03T16:19:40-08:00,POINT (-122.25505814898969 37.87014805715333),3.117205923879227,346.8156302409076,ios,1.3657339070648347,0.38182865892824047,-0.0049024286523200455
267,37.87013577766518,-122.25505781371356,1575418781.0,2019-12-03T16:19:41-08:00,POINT (-122.25505781371356 37.87013577766518),3.3195305987015518,348.1633234462381,ios,1.7475625659930751,0.3769262302759204,0.11353871397917215
268,37.87012006159674,-122.2550578975326,1575418782.0,2019-12-03T16:19:42-08:00,POINT (-122.2550578975326 37.87012006159674),3.622938486820504,349.8805249423988,ios,2.1244887962689956,0.49046494425509257,-0.29966614761067367
269,37.87010124422412,-122.25505370658101,1575418783.0,2019-12-03T16:19:43-08:00,POINT (-122.25505370658101 37.87010124422412),3.614252568403165,352.0006887869672,ios,2.614953740524088,0.1907987966444189,-1.0736513946057524
270,37.870080415194735,-122.25503987644078,1575418784.0,2019-12-03T16:19:44-08:00,POINT (-122.25503987644078 37.870080415194735),2.8079577332454186,354.4847995800622,ios,2.805752537168507,-0.8828525979613335,0.21980673102508197
271,37.8700597118939,-122.25502160389186,1575418785.0,2019-12-03T16:19:45-08:00,POINT (-122.25502160389186 37.8700597118939),1.614229523902103,357.02152086689733,ios,1.9228999392071735,-0.6630458669362516,0.4366066116482532
272,37.87004630084883,-122.25500777375163,1575418786.0,2019-12-03T16:19:46-08:00,POINT (-122.25500777375163 37.87004630084883),0.6681543159012197,358.69452136163545,ios,1.259854072270922,-0.22643925528799835,0.3439773176414491
273,37.87003678738872,-122.25499997858168,1575418787.0,2019-12-03T16:19:47-08:00,POINT (-122.25499997858168 37.87003678738872),0.17174095718681892,359.85119838568016,ios,1.0334148169829236,0.11753806235345077,0.11450683895174318
274,37.870028154028454,-122.25499561999203,1575418788.0,2019-12-03T16:19:48-08:00,POINT (-122.25499561999203 37.870028154028454),0.043377015392470936,360.8603083540332,ios,1.1509528793363744,0.23204490130519395,-0.5395454125884425
275,37.870018514839806,-122.25499084230722,1575418789.0,2019-12-03T16:19:49-08:00,POINT (-122.25499084230722 37.870018514839806),0.2758688002003002,361.9856595573129,ios,1.3829977806415683,-0.3075005112832485,0.3167361783147151
276,37.87000774409423,-122.25498296331824,1575418790.0,2019-12-03T16:19:50-08:00,POINT (-122.25498296331824 37.87000774409423),0.755856678999188,363.2810648744332,ios,1.0754972693583198,0.00923566703146661,0.0012060647553038262
277,37.86999898500542,-122.25497776653827,1575418791.0,2019-12-03T16:19:51-08:00,POINT (-122.25497776653827 37.86999898500542),0.9588086674287752,364.52390019832603,ios,1.0847329363897864,0.010441731786770436,-0.06372509996285158
278,37.86999043546418,-122.25497181538702,1575418792.0,2019-12-03T16:19:52-08:00,POINT (-122.25497181538702 37.86999043546418),1.0958830653751033,365.5986472712205,ios,1.0951746681765568,-0.05328336817608115,0.2449515555617836
279,37.86998125728021,-122.25496728915931,1575418793.0,2019-12-03T16:19:53-08:00,POINT (-122.25496728915931 37.86998125728021),1.126365246561412,366.4361734619945,ios,1.0418913000004757,0.19166818738570246,-0.04340146957798363
280,37.869972288643815,-122.25496385257901,1575418794.0,2019-12-03T16:19:54-08:00,POINT (-122.25496385257901 37.869972288643815),1.2790481225930468,367.46491935178324,ios,1.2335594873861782,0.14826671780771883,-0.21585513950216217
281,37.869961266441145,-122.25496226001741,1575418795.0,2019-12-03T16:19:55-08:00,POINT (-122.25496226001741 37.869961266441145),1.2378003286408485,368.6951978671729,ios,1.381826205193897,-0.06758842169444335,-0.09035288886329251
282,37.86994890313397,-122.2549606674558,1575418796.0,2019-12-03T16:19:56-08:00,POINT (-122.2549606674558 37.86994890313397),1.174675497094147,370.07266231518287,ios,1.3142377834994536,-0.15794131055773586,0.37834928883282415
283,37.869937084650495,-122.25496049981774,1575418797.0,2019-12-03T16:19:57-08:00,POINT (-122.25496049981774 37.869937084650495),0.996468455210754,371.37190614804445,ios,1.1562964729417178,0.2204079782750883,-0.3616313548078729
284,37.86992669109056,-122.2549609189129,1575418798.0,2019-12-03T16:19:58-08:00,POINT (-122.2549609189129 37.86992669109056),0.790459407614054,372.5071776112575,ios,1.376704451216806,-0.1412233765327846,0.006147015601225103
285,37.869914327783384,-122.25496175710322,1575418799.0,2019-12-03T16:19:59-08:00,POINT (-122.25496175710322 37.869914327783384),0.5158566700461761,373.8532088970466,ios,1.2354810746840215,-0.1350763609315595,0.4258679781047756
286,37.86990322176168,-122.25496133800806,1575418800.0,2019-12-03T16:20:00-08:00,POINT (-122.25496133800806 37.86990322176168),0.371148846718977,375.0775119014979,ios,1.100404713752462,0.2907916171732161,-0.1687996180563227
287,37.86989333111594,-122.25496175710322,1575418801.0,2019-12-03T16:20:01-08:00,POINT (-122.25496175710322 37.86989333111594),0.17334367035461973,376.1575886296353,ios,1.391196330925678,0.1219919991168934,-0.2290503406291282
288,37.86988096780876,-122.2549593263513,1575418802.0,2019-12-03T16:20:02-08:00,POINT (-122.2549593263513 37.86988096780876),0.18314243615047907,377.54589210866993,ios,1.5131883300425715,-0.10705834151223481,0.05914402647045658
289,37.86986751485417,-122.25495672796131,1575418803.0,2019-12-03T16:20:03-08:00,POINT (-122.25495672796131 37.86986751485417),0.18975084782894822,379.05595196466953,ios,1.4061299885303367,-0.04791431504177823,0.06589507556091556
290,37.86985519345651,-122.25495312374295,1575418804.0,2019-12-03T16:20:04-08:00,POINT (-122.25495312374295 37.86985519345651),0.30232631775669216,380.4548305263526,ios,1.3582156734885584,0.01798076051913733,0.04877303166354152
291,37.86984341688255,-122.2549490166104,1575418805.0,2019-12-03T16:20:05-08:00,POINT (-122.2549490166104 37.86984341688255),0.4675435577319025,381.8004182215062,ios,1.3761964340076958,0.06675379218267885,-0.1282949404075675
292,37.86983147267053,-122.25494490947784,1575418806.0,2019-12-03T16:20:06-08:00,POINT (-122.25494490947784 37.86983147267053),0.6300262777519148,383.1644041565917,ios,1.4429502261903746,-0.06154114822488865,-0.08493466124162974
293,37.86981885790626,-122.25494105380238,1575418807.0,2019-12-03T16:20:07-08:00,POINT (-122.25494105380238 37.86981885790626),0.7596935278160692,384.5987313516006,ios,1.381409077965486,-0.1464758094665184,0.16065121739298127
294,37.8698065365086,-122.25493904214562,1575418808.0,2019-12-03T16:20:08-08:00,POINT (-122.25493904214562 37.8698065365086),0.7337146806578974,385.9770157755844,ios,1.2349332684989676,0.01417540792646288,-0.07492929480407473
295,37.869795430486896,-122.25493904214562,1575418809.0,2019-12-03T16:20:09-08:00,POINT (-122.25493904214562 37.869795430486896),0.5525454066374627,387.19589929080684,ios,1.2491086764254304,-0.06075388687761185,0.12347805035543158
296,37.869784198736646,-122.25493929360272,1575418810.0,2019-12-03T16:20:10-08:00,POINT (-122.25493929360272 37.869784198736646),0.3474480854143648,388.42532977626564,ios,1.1883547895478186,0.06272416347781973,-0.21312787043542492
297,37.8697735118101,-122.25493920978369,1575418811.0,2019-12-03T16:20:11-08:00,POINT (-122.25493920978369 37.8697735118101),0.18040774003931379,389.59930158311664,ios,1.2510789530256383,-0.1504037069576052,0.10247563999548848
298,37.86976228005985,-122.254940047974,1575418812.0,2019-12-03T16:20:12-08:00,POINT (-122.254940047974 37.86976228005985),0.07573611159793382,390.8211447394658,ios,1.1006752460680331,-0.04792806696211671,0.04786883275048348
299,37.86975238941411,-122.25493954505981,1575418813.0,2019-12-03T16:20:13-08:00,POINT (-122.25493954505981 37.86975238941411),0.19332517000677546,391.913144411308,ios,1.0527471791059164,-5.923421163323006e-05,0.06470982372546064
300,37.8697429385524,-122.254938832578,1575418814.0,2019-12-03T16:20:14-08:00,POINT (-122.254938832578 37.8697429385524),0.28550750315416373,392.95958789545637,ios,1.0526879448942832,0.0646505895138274,-0.11032385577754322
301,37.86973348822246,-122.25493812013627,1575418815.0,2019-12-03T16:20:15-08:00,POINT (-122.25493812013627 37.86973348822246),0.3776846340915359,394.00597250058,ios,1.1173385344081106,-0.04567326626371582,0.07458071051520698
302,37.8697235556672,-122.25493619229854,1575418816.0,2019-12-03T16:20:16-08:00,POINT (-122.25493619229854 37.8697235556672),0.3719871379040909,395.12099808990234,ios,1.0716652681443948,0.028907444251491166,-0.0889992786709064
303,37.869714000297584,-122.25493459973694,1575418817.0,2019-12-03T16:20:17-08:00,POINT (-122.25493459973694 37.869714000297584),0.3893061368840765,396.1902920248039,ios,1.100572712395886,-0.060091834419415235,0.12811660462760832
304,37.86970444492797,-122.2549313307947,1575418818.0,2019-12-03T16:20:18-08:00,POINT (-122.2549313307947 37.86970444492797),0.2607777949638133,397.2812640286562,ios,1.0404808779764707,0.06802477020819309,-0.08730022459082809
305,37.869695769658186,-122.25492688838602,1575418819.0,2019-12-03T16:20:19-08:00,POINT (-122.25492688838602 37.869695769658186),0.015799454326296963,398.2908199084945,ios,1.1085056481846638,-0.019275454382635004,0.12914302029185554
306,37.8696862981076,-122.25492294889153,1575418820.0,2019-12-03T16:20:20-08:00,POINT (-122.25492294889153 37.8696862981076),0.17243529607439786,399.38126401410386,ios,1.0892301938020288,0.10986756590922053,-0.1200640300123319
307,37.86967657509992,-122.25492144014896,1575418821.0,2019-12-03T16:20:21-08:00,POINT (-122.25492144014896 37.86967657509992),0.14508951608679868,400.4678722952753,ios,1.1990977597112493,-0.010196464103111369,-0.01982094215644281
308,37.86966580435435,-122.25492076959671,1575418822.0,2019-12-03T16:20:22-08:00,POINT (-122.25492076959671 37.86966580435435),0.027728655742992287,401.6586305575129,ios,1.188901295608138,-0.03001740625955418,0.08479705673097437
309,37.869655117427804,-122.25492035050155,1575418823.0,2019-12-03T16:20:23-08:00,POINT (-122.25492035050155 37.869655117427804),0.5426246483787303,402.3056092298081,ios,1.1588838893485838,0.054779650471420194,-0.04891019748829395
310,37.86964484959642,-122.2549180873877,1575418824.0,2019-12-03T16:20:24-08:00,POINT (-122.2549180873877 37.86964484959642),1.689409450895811,402.3106920961925,ios,1.213663539820004,0.005869452983126244,0.031192900412646773
311,37.86963433030794,-122.2549143993503,1575418825.0,2019-12-03T16:20:25-08:00,POINT (-122.2549143993503 37.86963433030794),2.8824561559821413,402.5208354496673,ios,1.2195329928031302,0.03706235339577302,-0.17368376573061406
312,37.86962389483849,-122.25491012457968,1575418826.0,2019-12-03T16:20:26-08:00,POINT (-122.25491012457968 37.86962389483849),4.071230565344465,402.7832432755009,ios,1.2565953461989032,-0.13662141233484104,0.2644610180382434
313,37.86961274690727,-122.25490777764679,1575418827.0,2019-12-03T16:20:27-08:00,POINT (-122.25490777764679 37.86961274690727),5.322309585695424,402.86924168064854,ios,1.1199739338640622,0.12783960570340236,0.03205120851297605
314,37.86960273053298,-122.25490643654229,1575418828.0,2019-12-03T16:20:28-08:00,POINT (-122.25490643654229 37.86960273053298),6.439878421251984,402.8793101441749,ios,1.2478135395674645,0.1598908142163784,-0.19517975929709408
315,37.86959175023983,-122.25490350287618,1575418829.0,2019-12-03T16:20:29-08:00,POINT (-122.25490350287618 37.86959175023983),7.677428445933605,403.01847129362363,ios,1.407704353783843,-0.03528894508071567,0.03796990188349292
316,37.8695795126612,-122.25489939574362,1575418830.0,2019-12-03T16:20:30-08:00,POINT (-122.25489939574362 37.8695795126612),9.063797819037227,403.24689123760686,ios,1.3724154087031273,0.0026809568027772457,0.05699040091922991
317,37.86956756844918,-122.25489545624913,1575418831.0,2019-12-03T16:20:31-08:00,POINT (-122.25489545624913 37.86956756844918),10.41634461278118,403.4637790916002,ios,1.3750963655059045,0.05967135772200716,-0.03958647730429776
318,37.86955558232764,-122.25489160057367,1575418832.0,2019-12-03T16:20:32-08:00,POINT (-122.25489160057367 37.86955558232764),11.772807694371725,403.67287991083276,ios,1.4347677232279117,0.020084880417709394,-0.2190160711151785
319,37.86954296756337,-122.25488816399337,1575418833.0,2019-12-03T16:20:33-08:00,POINT (-122.25488816399337 37.86954296756337),13.195135747410841,403.838553899792,ios,1.454852603645621,-0.19893119069746912,0.2982306335132745
320,37.86953022707055,-122.25488439213694,1575418834.0,2019-12-03T16:20:34-08:00,POINT (-122.25488439213694 37.86953022707055),14.634197081837819,404.0322327447751,ios,1.255921412948152,0.09929944281580538,-0.22038274978226768
321,37.869519246777394,-122.25488103937568,1575418835.0,2019-12-03T16:20:35-08:00,POINT (-122.25488103937568 37.869519246777394),15.875307378351955,404.2080845760427,ios,1.3552208557639573,-0.1210833069664623,0.15783198155372835
322,37.86950742829392,-122.25487726751925,1575418836.0,2019-12-03T16:20:36-08:00,POINT (-122.25487726751925 37.86950742829392),17.212544980329618,404.4116442583058,ios,1.234137548797495,0.03674867458726605,-0.11140467135503121
323,37.869496573729315,-122.25487433385314,1575418837.0,2019-12-03T16:20:37-08:00,POINT (-122.25487433385314 37.869496573729315),18.43620992800779,404.5521534645496,ios,1.270886223384761,-0.07465599676776516,0.018649977928670798
324,37.86945097617606,-122.25487014290155,1575418841.0,2019-12-03T16:20:41-08:00,POINT (-122.25487014290155 37.86945097617606),23.406123887960828,428.31724264036944,ios,0.9722622363137005,-5.608505308196676e-05,0.1605529564964424
325,37.86944271976325,-122.25486649666848,1575418842.0,2019-12-03T16:20:42-08:00,POINT (-122.25486649666848 37.86944271976325),23.78569777043898,428.31724264036944,ios,0.9722061512606185,0.16049687144336044,-0.2505169106436288
326,37.86943446382681,-122.25486285064578,1575418843.0,2019-12-03T16:20:43-08:00,POINT (-122.25486285064578 37.86943446382681),24.19824731770658,428.31724264036944,ios,1.132703022703979,-0.09002003920026835,-0.9526629443034422
327,37.86942549519042,-122.25485673185648,1575418844.0,2019-12-03T16:20:44-08:00,POINT (-122.25485673185648 37.86942549519042),24.55450133612483,428.31724264036944,ios,1.0426829835037106,-1.0426829835037106,1.0426829835037106
328,37.86941719710628,-122.25485119980038,1575418845.0,2019-12-03T16:20:45-08:00,POINT (-122.25485119980038 37.86941719710628),24.932618862583674,428.31724264036944,ios,0.0,0.0,0.0
