,latitude,longitude,ts,fmt_time,geometry,gt_distance,gt_projection,source,speed,acceleration,jerk
0,37.86961199253599,-122.25762812432112,1576109914.0,2019-12-11T16:18:34-08:00,POINT (-122.25762812432112 37.86961199253599),8.738605169632619,0.0,ios,0.8497875953020145,-5.108475668502699e-05,-0.24830918948502667
1,37.86961461195942,-122.25761902968296,1576109915.0,2019-12-11T16:18:35-08:00,POINT (-122.25761902968296 37.86961461195942),8.433476795447163,0.0,ios,0.8497365105453295,-0.2483602742417117,0.33457080198556494
2,37.86961723122547,-122.25760993559123,1576109916.0,2019-12-11T16:18:36-08:00,POINT (-122.25760993559123 37.86961723122547),8.205654771611664,0.0,ios,0.6013762363036178,0.08621052774385322,-0.014175661630169685
3,37.86970025397638,-122.2575598956293,1576109933.0,2019-12-11T16:18:53-08:00,POINT (-122.2575598956293 37.86970025397638),5.535413868562056,0.35038176754862016,ios,2.0669552079491225,-0.1547757199690314,0.15688587474120497
4,37.86971605386386,-122.257572300846,1576109934.0,2019-12-11T16:18:54-08:00,POINT (-122.257572300846 37.86971605386386),4.683309851285888,2.2312797769253483,ios,1.912179487980091,0.002110154772173578,-0.00029928850835170273
5,37.86972900390426,-122.25758663390042,1576109935.0,2019-12-11T16:18:55-08:00,POINT (-122.25758663390042 37.86972900390426),3.621682989100873,3.8209062245765573,ios,1.9142896427522647,0.0018108662638218753,-0.7311249578708223
6,37.86974124148289,-122.25760197278322,1576109936.0,2019-12-11T16:18:56-08:00,POINT (-122.25760197278322 37.86974124148289),2.413209446192788,6.052155721665631,ios,1.9161005090160865,-0.7293140916070004,0.7292449830360699
7,37.869755281170704,-122.25761462945701,1576109937.0,2019-12-11T16:18:57-08:00,POINT (-122.25761462945701 37.869755281170704),1.06976816445235,7.416396817608913,ios,1.186786417409086,-6.9108570930565e-05,0.11319328298125808
8,37.86976190306682,-122.25762523287297,1576109938.0,2019-12-11T16:18:58-08:00,POINT (-122.25762523287297 37.86976190306682),0.033577347275448075,7.9960266285445805,ios,1.1867173088381555,0.11312417441032752,0.08722222030967397
9,37.869768524577715,-122.25763583567205,1576109939.0,2019-12-11T16:18:59-08:00,POINT (-122.25763583567205 37.869768524577715),1.0025530406650616,8.575622848192356,ios,1.299841483248483,0.20034639472000149,-0.5474431177245833
10,37.869777618942656,-122.25764513958455,1576109940.0,2019-12-11T16:19:00-08:00,POINT (-122.25764513958455 37.869777618942656),1.9688107604433183,9.444100729663838,ios,1.5001878779684845,-0.34709672300458183,0.6900621261647806
11,37.86978914405952,-122.25765402440192,1576109941.0,2019-12-11T16:19:01-08:00,POINT (-122.25765402440192 37.86978914405952),2.940893442217175,10.584728996542989,ios,1.1530911549639027,0.34296540316019875,0.35811716614965006
12,37.86979897212686,-122.25765821547542,1576109942.0,2019-12-11T16:19:02-08:00,POINT (-122.25765821547542 37.86979897212686),3.5056359475946017,11.147149158163538,ios,1.4960565581241014,0.7010825693098488,-0.6095196192931752
13,37.86982459950993,-122.25766860891343,1576109944.0,2019-12-11T16:19:04-08:00,POINT (-122.25766860891343 37.86982459950993),5.636915029206682,12.262032860516836,ios,2.898221696743799,-0.5179566692765016,-0.06376355260445266
14,37.869844003615775,-122.25769065331878,1576109945.0,2019-12-11T16:19:05-08:00,POINT (-122.25769065331878 37.869844003615775),8.403825635394755,13.121761677283459,ios,2.3802650274672974,-0.5817202218809543,0.7701971877998264
15,37.86986307244549,-122.25770297471644,1576109946.0,2019-12-11T16:19:06-08:00,POINT (-122.25770297471644 37.86986307244549),10.416627455424422,14.386560476261005,ios,1.798544805586343,0.18847696591887209,-0.29391567131208163
16,37.86987903997103,-122.2576997057742,1576109947.0,2019-12-11T16:19:07-08:00,POINT (-122.2576997057742 37.86987903997103),11.074886405196894,16.056359908054045,ios,1.9870217715052152,-0.10543870539320954,0.0574907178826658
17,37.86989643242011,-122.25769450899423,1576109948.0,2019-12-11T16:19:08-08:00,POINT (-122.25769450899423 37.86989643242011),11.759953137084622,17.041154091685325,ios,1.8815830661120057,-0.047947987510543744,-0.30012569402669587
18,37.869907831808426,-122.25767866719724,1576109949.0,2019-12-11T16:19:09-08:00,POINT (-122.25767866719724 37.869907831808426),11.349473733443368,18.877681858563673,ios,1.833635078601462,-0.3480736815372396,0.07165804129614362
19,37.86991944074432,-122.25766383122863,1576109950.0,2019-12-11T16:19:10-08:00,POINT (-122.25766383122863 37.86991944074432),11.024706193773316,20.68225668860523,ios,1.4855613970642223,-0.276415640241096,0.35884226785139317
20,37.869926649181046,-122.25764958199323,1576109951.0,2019-12-11T16:19:11-08:00,POINT (-122.25764958199323 37.869926649181046),10.460885139642972,22.057979859629043,ios,1.2091457568231263,0.08242662761029718,0.06184906084898367
21,37.869935659726956,-122.25764187064232,1576109952.0,2019-12-11T16:19:12-08:00,POINT (-122.25764187064232 37.869935659726956),10.482312184401392,23.26592173010279,ios,1.2915723844334235,0.14427568845928085,0.055815575784117444
22,37.86994534082512,-122.25763374019624,1576109953.0,2019-12-11T16:19:13-08:00,POINT (-122.25763374019624 37.86994534082512),10.516462137731414,24.555915551699087,ios,1.4358480728927043,0.2000912642433983,-0.1526225841291069
23,37.86995472855667,-122.25762250844599,1576109954.0,2019-12-11T16:19:14-08:00,POINT (-122.25762250844599 37.86995472855667),10.308879549135236,25.976424165581506,ios,1.6359393371361026,0.047468680114291395,-0.26942123184503486
24,37.869966211764016,-122.25761085760058,1576109955.0,2019-12-11T16:19:15-08:00,POINT (-122.25761085760058 37.869966211764016),10.136248446684561,30.024552326791458,ios,1.683408017250394,-0.22195255173074346,0.2262790209917176
25,37.869975641405084,-122.2575958539939,1576109956.0,2019-12-11T16:19:16-08:00,POINT (-122.2575958539939 37.869975641405084),9.312400357428947,30.91369821330819,ios,1.4614554655196506,0.004326469260974131,0.04884516642296188
26,37.869984023308255,-122.25758302968205,1576109957.0,2019-12-11T16:19:17-08:00,POINT (-122.25758302968205 37.869984023308255),8.196483462032663,37.64898015046513,ios,1.4657819347806247,0.053171635683936014,-0.24307511751215527
27,37.86999269857804,-122.2575704568273,1576109958.0,2019-12-11T16:19:18-08:00,POINT (-122.2575704568273 37.86999269857804),6.9695172385477075,38.45149743088964,ios,1.5189535704645607,-0.18990348182821926,-0.019483667586191133
28,37.87000279877136,-122.25755880598189,1576109959.0,2019-12-11T16:19:19-08:00,POINT (-122.25755880598189 37.87000279877136),5.801295660561609,39.42171215632564,ios,1.3290500886363414,-0.2093871494144104,0.166841599912662
29,37.87001222841243,-122.25754950206937,1576109960.0,2019-12-11T16:19:20-08:00,POINT (-122.25754950206937 37.87001222841243),4.8477297954599,40.346415311565885,ios,1.119662939221931,-0.04254554950174838,0.018719324632634038
30,37.87002178378204,-122.25754547875584,1576109961.0,2019-12-11T16:19:21-08:00,POINT (-122.25754547875584 37.87002178378204),4.352370861435319,41.34837132898984,ios,1.0771173897201827,-0.023826224869114343,0.15477846429123798
31,37.870031464880206,-122.25754505966069,1576109962.0,2019-12-11T16:19:22-08:00,POINT (-122.25754505966069 37.870031464880206),4.169151417536206,42.407442597123925,ios,1.0532911648510683,0.13095223942212364,-0.5215092564029729
32,37.8700409364308,-122.25754489202262,1576109963.0,2019-12-11T16:19:23-08:00,POINT (-122.25754489202262 37.8700409364308),4.01101745601705,43.44650190762284,ios,1.184243404273192,-0.3905570169808492,0.39051122370185154
33,37.870051581447825,-122.25754447292746,1576109964.0,2019-12-11T16:19:24-08:00,POINT (-122.25754447292746 37.870051581447825),3.8131912803261736,44.61152309597097,ios,0.7936863872923428,-4.579327899767449e-05,0.16935172571511292
34,37.87005870627106,-122.25754501776689,1576109965.0,2019-12-11T16:19:25-08:00,POINT (-122.25754501776689 37.87005870627106),3.752698421865034,45.40119862742921,ios,0.7936405940133451,0.16930593243611525,-0.1693610568100561
35,37.87006583068322,-122.25754556257486,1576109966.0,2019-12-11T16:19:26-08:00,POINT (-122.25754556257486 37.87006583068322),3.6922090443209283,46.19082859560598,ios,0.9629465264494603,-5.512437394084024e-05,0.1461342144694684
36,37.87007326983512,-122.25753994653908,1576109967.0,2019-12-11T16:19:27-08:00,POINT (-122.25753994653908 37.87007326983512),3.0901407019279463,46.94104636068807,ios,0.9628914020755195,0.14607909009552755,-0.13907862736734455
37,37.870080708561346,-122.25753433082463,1576109968.0,2019-12-11T16:19:28-08:00,POINT (-122.25753433082463 37.870080708561346),2.4881069016945774,47.691221240774986,ios,1.108970492171047,0.007000462728182999,-0.018113748190991652
38,37.87008825684814,-122.2575260735827,1576109969.0,2019-12-11T16:19:29-08:00,POINT (-122.2575260735827 37.87008825684814),1.6542501959276867,48.42170732563531,ios,1.11597095489923,-0.011113285462808653,0.0005423762389757947
39,37.87009600259044,-122.25751798918566,1576109970.0,2019-12-11T16:19:30-08:00,POINT (-122.25751798918566 37.87009600259044),0.832461887745247,49.17597327206982,ios,1.1048576694364214,-0.010570909223832858,-0.002090037944327383
40,37.870103587993356,-122.25750985905825,1576109971.0,2019-12-11T16:19:31-08:00,POINT (-122.25750985905825 37.870103587993356),0.00911881748445732,49.91206613658758,ios,1.0942867602125885,-0.012660947168160241,0.007248506941222699
41,37.87011104809956,-122.25750172843784,1576109972.0,2019-12-11T16:19:32-08:00,POINT (-122.25750172843784 37.87011104809956),0.8123683925476987,50.63438107219075,ios,1.0816258130444283,-0.005412440226937543,-0.007954976942228464
42,37.87011829871007,-122.25749351400042,1576109973.0,2019-12-11T16:19:33-08:00,POINT (-122.25749351400042 37.87011829871007),1.6379840675571353,51.332662357977334,ios,1.0762133728174907,-0.013367417169166007,0.0015197549168024516
43,37.87012542358484,-122.25748521570219,1576109974.0,2019-12-11T16:19:34-08:00,POINT (-122.25748521570219 37.87012542358484),2.4690012763027567,52.016116011514306,ios,1.0628459556483247,-0.011847662252363556,0.0034450631897495754
44,37.87013250646763,-122.2574770850149,1576109975.0,2019-12-11T16:19:35-08:00,POINT (-122.2574770850149 37.87013250646763),3.284777687720627,52.69696758082588,ios,1.0509982933959612,-0.00840259906261398,1.2423016334165564
45,37.87013950554189,-122.25746903817902,1576109976.0,2019-12-11T16:19:36-08:00,POINT (-122.25746903817902 37.87013950554189),4.091977812092536,53.369614609518024,ios,1.0425956943333472,1.2338990343539424,-1.234068782998739
46,37.870146462636704,-122.25746107522859,1576109977.0,2019-12-11T16:19:37-08:00,POINT (-122.25746107522859 37.870146462636704),4.891232539857966,54.03865517723081,ios,2.2764947286872896,-0.00016974864479646357,0.22143308017403784
47,37.87016645053711,-122.2574666874913,1576109978.0,2019-12-11T16:19:38-08:00,POINT (-122.2574666874913 37.87016645053711),4.705107604223188,56.30305834052639,ios,2.276324980042493,0.22126333152924138,1.5831240361432082
48,37.870186436482506,-122.25747230199168,1576109979.0,2019-12-11T16:19:39-08:00,POINT (-122.25747230199168 37.870186436482506),4.51875833222028,58.56727349360739,ios,2.4975883115717346,1.8043873676724496,-3.3723198017191605
49,37.8702050502892,-122.25748822710004,1576109980.0,2019-12-11T16:19:40-08:00,POINT (-122.25748822710004 37.8702050502892),3.413229469306868,60.804524164116614,ios,4.301975679244184,-1.567932434046711,0.23791144687943633
50,37.870243435973016,-122.25749434799279,1576109981.0,2019-12-11T16:19:41-08:00,POINT (-122.25749434799279 37.870243435973016),3.696080126278807,64.66247734027642,ios,2.734043245197473,-1.3300209871672746,1.1851536815853623
51,37.87026590272262,-122.25750700357258,1576109982.0,2019-12-11T16:19:42-08:00,POINT (-122.25750700357258 37.87026590272262),1.5641703809770775,73.6708681860485,ios,1.4040222580301986,-0.14486730558191233,0.03614811507942379
52,37.87031619697637,-122.25750114137453,1576109986.0,2019-12-11T16:19:46-08:00,POINT (-122.25750114137453 37.87031619697637),4.016251535180262,74.18648515225993,ios,0.8245530357025493,-0.0002748452642171717,0.026424005817256346
53,37.87031776955553,-122.25749196136854,1576109987.0,2019-12-11T16:19:47-08:00,POINT (-122.25749196136854 37.87031776955553),4.190737939187824,74.99392478982038,ios,0.8242781904383322,0.026149160553039175,0.08748311072700532
54,37.870319340980096,-122.25748278424904,1576109988.0,2019-12-11T16:19:48-08:00,POINT (-122.25748278424904 37.870319340980096),4.365096314380273,75.80111050869198,ios,0.8504273509913713,0.1136322712800445,-0.023725738434730914
55,37.870319613729805,-122.25747310197052,1576109989.0,2019-12-11T16:19:49-08:00,POINT (-122.25747310197052 37.870319613729805),4.437037387695606,76.0460044907593,ios,0.9640596222714158,0.08990653284531358,0.05225614679189069
56,37.870308655080514,-122.25744322022555,1576109992.0,2019-12-11T16:19:52-08:00,POINT (-122.25744322022555 37.870308655080514),4.4708846039697505,76.81107760277237,ios,1.2337792208073566,0.24667497322098564,-0.2293424429053026
57,37.87029876448917,-122.25743684975241,1576109993.0,2019-12-11T16:19:53-08:00,POINT (-122.25743684975241 37.87029876448917),3.908305613789186,77.90733817798191,ios,1.4804541940283422,0.017332530315683048,0.12060206623909853
58,37.870285772689684,-122.25743316149955,1576109994.0,2019-12-11T16:19:54-08:00,POINT (-122.25743316149955 37.870285772689684),2.928638254894586,79.0134325596417,ios,1.4977867243440253,0.13793459655478157,-0.3113881301247401
59,37.870272361576674,-122.25743156878667,1576109995.0,2019-12-11T16:19:55-08:00,POINT (-122.25743156878667 37.870272361576674),1.8034492008244039,79.99721416030692,ios,1.6357213208988068,-0.17345353356995852,-0.16392238730341657
60,37.87025765132988,-122.25743165250627,1576109996.0,2019-12-11T16:19:56-08:00,POINT (-122.25743165250627 37.87025765132988),0.4751035619522491,80.94567114472297,ios,1.4622677873288483,-0.3373759208733751,0.2485087645476114
61,37.87024453350307,-122.25743047910198,1576109997.0,2019-12-11T16:19:57-08:00,POINT (-122.25743047910198 37.87024453350307),0.6452537108479681,81.88050572058592,ios,1.1248918664554732,-0.0888671563257637,0.29064733239340956
62,37.87023460074639,-122.25742804840078,1576109998.0,2019-12-11T16:19:58-08:00,POINT (-122.25742804840078 37.87023460074639),1.4142624544802742,82.69839592289959,ios,1.0360247101297095,0.20178017606764587,-0.1831970591333245
63,37.870225841563496,-122.25742402513907,1576109999.0,2019-12-11T16:19:59-08:00,POINT (-122.25742402513907 37.870225841563496),1.594000660558615,84.83952846726723,ios,1.2378048861973554,0.018583116934321353,-0.10309105133777607
64,37.87021502893604,-122.25742067233432,1576110000.0,2019-12-11T16:20:00-08:00,POINT (-122.25742067233432 37.87021502893604),1.615380116959569,86.07477641900101,ios,1.2563880031316768,-0.08450793440345472,-0.1321889013934744
65,37.870204425783314,-122.2574157270492,1576110001.0,2019-12-11T16:20:01-08:00,POINT (-122.2574157270492 37.870204425783314),1.4954007438168577,87.32333691272814,ios,1.171880068728222,-0.2166968357969291,0.21666475126723095
66,37.870194535077594,-122.2574111169744,1576110002.0,2019-12-11T16:20:02-08:00,POINT (-122.2574111169744 37.870194535077594),1.3837317946013095,88.48793837677403,ios,0.9551832329312929,-3.2084529698162e-05,0.14690649272593392
67,37.87018634168164,-122.25740784797979,1576110003.0,2019-12-11T16:20:03-08:00,POINT (-122.25740784797979 37.87018634168164),1.3379933742015555,89.44032878758766,ios,0.9551511484015948,0.14687440819623576,-0.2116909005526787
68,37.87017814855686,-122.2574045791116,1576110004.0,2019-12-11T16:20:04-08:00,POINT (-122.2574045791116 37.87017814855686),1.2922579532255614,90.3926872733617,ios,1.1020255565978305,-0.06481649235644293,0.39304261608848323
69,37.870168425349576,-122.2574021482545,1576110005.0,2019-12-11T16:20:05-08:00,POINT (-122.2574021482545 37.870168425349576),1.3611567422186819,91.49035276202719,ios,1.0372090642413876,0.3282261237320403,-0.3140537111277495
70,37.87015937285642,-122.25739929840668,1576110006.0,2019-12-11T16:20:06-08:00,POINT (-122.25739929840668 37.87015937285642),1.3754133915521836,92.52548323519727,ios,1.3654351879734279,0.014172412604290807,-0.3142459047816355
71,37.870147093380844,-122.25739938218256,1576110007.0,2019-12-11T16:20:07-08:00,POINT (-122.25739938218256 37.870147093380844),1.7306108653489398,93.84086402827107,ios,1.3796076005777187,-0.3000734921773447,0.22314340268038957
72,37.87013477196018,-122.25740122618379,1576110008.0,2019-12-11T16:20:08-08:00,POINT (-122.25740122618379 37.87013477196018),2.2366831067621726,95.12119147487749,ios,1.079534108400374,-0.07693008949695512,0.24404215030384058
73,37.87012509079865,-122.2574021482059,1576110009.0,2019-12-11T16:20:09-08:00,POINT (-122.2574021482059 37.87012509079865),2.5895116090749286,96.13900609310151,ios,1.0026040189034189,0.16711206080688545,-0.30481150884669606
74,37.8701160802357,-122.25740256730477,1576110010.0,2019-12-11T16:20:10-08:00,POINT (-122.25740256730477 37.8701160802357),2.8805638540628955,97.09618408161332,ios,1.1697160797103043,-0.1376994480398106,0.30376975557727115
75,37.87010556093435,-122.257402483488,1576110011.0,2019-12-11T16:20:11-08:00,POINT (-122.257402483488 37.87010556093435),3.0727599800176386,98.54243140995563,ios,1.0320166316704937,0.16607030753746055,0.05874980607297631
76,37.87009629891008,-122.25740172911716,1576110012.0,2019-12-11T16:20:12-08:00,POINT (-122.25740172911716 37.87009629891008),3.168148430270032,99.56781600864943,ios,1.1980869392079543,0.22482011361043686,-0.04154954199023342
77,37.870085570065186,-122.25740047183098,1576110013.0,2019-12-11T16:20:13-08:00,POINT (-122.25740047183098 37.870085570065186),3.2453329003489233,100.7608712927744,ios,1.4229070528183911,0.18327057162020344,0.030410477464724472
78,37.87007299721043,-122.25739745434583,1576110014.0,2019-12-11T16:20:14-08:00,POINT (-122.25739745434583 37.87007299721043),3.201644565718258,102.18024876312934,ios,1.6061776244385946,0.2136810490849279,-0.3527353607058836
79,37.870059167070195,-122.25739217374684,1576110015.0,2019-12-11T16:20:15-08:00,POINT (-122.25739217374684 37.870059167070195),2.983200347719468,103.76857788178583,ios,1.8198586735235225,-0.13905431162095572,0.13189928459217493
80,37.870043073816106,-122.25738840189041,1576110016.0,2019-12-11T16:20:16-08:00,POINT (-122.25738840189041 37.870043073816106),2.935143006593387,105.58413425721278,ios,1.6808043619025668,-0.0071550270287807916,-0.1556721262742029
81,37.87002798639039,-122.25738722842397,1576110017.0,2019-12-11T16:20:17-08:00,POINT (-122.25738722842397 37.87002798639039),3.0953363089363646,107.25367758791822,ios,1.673649334873786,-0.1628271533029837,0.17012635066110438
82,37.87001331805984,-122.25738295365335,1576110018.0,2019-12-11T16:20:18-08:00,POINT (-122.25738295365335 37.87001331805984),2.9918121752918094,108.64162650713446,ios,1.5108221815708023,0.007299197358120679,-0.2733818156147487
83,37.87000045183847,-122.25737742159725,1576110019.0,2019-12-11T16:20:19-08:00,POINT (-122.25737742159725 37.87000045183847),3.224844246400886,108.99113756939552,ios,1.518121378928923,-0.26608261825662805,0.09817074163959116
84,37.86998829807887,-122.25736954260827,1576110020.0,2019-12-11T16:20:20-08:00,POINT (-122.25736954260827 37.86998829807887),3.451041331764646,110.49034397800415,ios,1.252038760672295,-0.16791187661703688,0.1146833745505087
85,37.869978868437805,-122.25736174743832,1576110021.0,2019-12-11T16:20:21-08:00,POINT (-122.25736174743832 37.869978868437805),3.5065037888058734,111.74002555272605,ios,1.084126884055258,-0.05322850206652818,0.09874223127800286
86,37.86997245628188,-122.2573524435258,1576110022.0,2019-12-11T16:20:22-08:00,POINT (-122.2573524435258 37.86997245628188),3.2585592582586194,112.7956710426683,ios,1.0308983819887299,0.045513729211474674,0.11339918300076479
87,37.86996679849724,-122.25734313961328,1576110023.0,2019-12-11T16:20:23-08:00,POINT (-122.25734313961328 37.86996679849724),2.9616779661683865,113.78341096466048,ios,1.0764121112002045,0.15891291221223947,0.17543231675377746
88,37.86995891950826,-122.25733601499559,1576110024.0,2019-12-11T16:20:24-08:00,POINT (-122.25733601499559 37.86995891950826),2.964397106154899,114.85902622135525,ios,1.235325023412444,0.3343452289660169,-0.48884691561251814
89,37.869948400219776,-122.25733148876787,1576110025.0,2019-12-11T16:20:25-08:00,POINT (-122.25733148876787 37.869948400219776),3.3238093822209924,116.03869045414693,ios,1.569670252378461,-0.1545016866465012,-0.07120769736594945
90,37.86993448626051,-122.25732847128273,1576110026.0,2019-12-11T16:20:26-08:00,POINT (-122.25732847128273 37.86993448626051),4.011096663382084,117.44634371769511,ios,1.4151685657319597,-0.22570938401245066,0.3423183848006588
91,37.869922416319945,-122.2573233583218,1576110027.0,2019-12-11T16:20:27-08:00,POINT (-122.2573233583218 37.869922416319945),4.429232640544964,118.79576418355654,ios,1.189459181719509,0.11660900078820813,0.06863612815593267
92,37.869913908688225,-122.25731514405669,1576110028.0,2019-12-11T16:20:28-08:00,POINT (-122.25731514405669 37.869913908688225),4.394976922681413,119.98400213062422,ios,1.3060681825077172,0.1852451289441408,-0.15195927346090676
93,37.869909256731965,-122.25730148155452,1576110029.0,2019-12-11T16:20:29-08:00,POINT (-122.25730148155452 37.869909256731965),3.7218266598250853,121.1053393807657,ios,1.491313311451858,0.03328585548323404,0.24498975540200818
94,37.86990707743714,-122.25728471774818,1576110030.0,2019-12-11T16:20:30-08:00,POINT (-122.25728471774818 37.86990707743714),2.6669707778694685,122.16357974871948,ios,1.524599166935092,0.2782756108852422,-0.06517447041539737
95,37.8699064487944,-122.25726736720861,1576110031.0,2019-12-11T16:20:31-08:00,POINT (-122.25726736720861 37.8699064487944),1.469654889715408,123.1124085652935,ios,1.8028747778203342,0.21310114046984485,-0.5744171706598267
96,37.86990615542779,-122.25724683154584,1576110032.0,2019-12-11T16:20:32-08:00,POINT (-122.25724683154584 37.86990615542779),0.21212720049845538,124.14912843971159,ios,2.015975918290179,-0.3613160301899818,0.24883141736823156
97,37.86990770607988,-122.25722394895018,1576110033.0,2019-12-11T16:20:33-08:00,POINT (-122.25722394895018 37.86990770607988),1.007130913530294,125.75968567593756,ios,1.6546598881001973,-0.11248461282175026,0.27592181568707197
98,37.86990963391761,-122.25720525730611,1576110034.0,2019-12-11T16:20:34-08:00,POINT (-122.25720525730611 37.86990963391761),2.0651325874547033,127.03613109617459,ios,1.542175275278447,0.1634372028653217,-0.0532048153413045
99,37.8699125256742,-122.25718807440461,1576110035.0,2019-12-11T16:20:35-08:00,POINT (-122.25718807440461 37.8699125256742),2.123434786274469,130.40970379096794,ios,1.7056124781437687,0.1102323875240172,-0.22643375840982083
100,37.86991671662579,-122.25716938276054,1576110036.0,2019-12-11T16:20:36-08:00,POINT (-122.25716938276054 37.86991671662579),2.1274064458036124,132.11825364618994,ios,1.815844865667786,-0.11620137088580362,0.1033812168492656
101,37.86992023702512,-122.2571491823739,1576110037.0,2019-12-11T16:20:37-08:00,POINT (-122.2571491823739 37.86992023702512),2.0239182919660395,133.9344987412953,ios,1.6996434947819823,-0.012820154036538023,0.18499703995101524
102,37.86992224868188,-122.25712998781563,1576110038.0,2019-12-11T16:20:38-08:00,POINT (-122.25712998781563 37.86992224868188),1.7831215164836627,135.62037159041995,ios,1.6868233407454443,0.17217688591447722,-0.30648019831078344
103,37.869923841243484,-122.2571108770764,1576110039.0,2019-12-11T16:20:39-08:00,POINT (-122.2571108770764 37.869923841243484),1.4995403021734928,137.28659381286127,ios,1.8590002266599215,-0.13430331239630622,-0.08564839202805574
104,37.869925056619444,-122.25708975468041,1576110040.0,2019-12-11T16:20:40-08:00,POINT (-122.25708975468041 37.869925056619444),1.1279015738818126,139.1118905017853,ios,1.7246969142636153,-0.21995170442436196,0.09451479709894794
105,37.86992597862879,-122.25707014102699,1576110041.0,2019-12-11T16:20:41-08:00,POINT (-122.25707014102699 37.86992597862879),0.760741252553849,140.800622654593,ios,1.5047452098392533,-0.12543690732541402,-0.03432174050062731
106,37.86992694254766,-122.25705304194452,1576110042.0,2019-12-11T16:20:42-08:00,POINT (-122.25705304194452 37.86992694254766),0.45775934205680185,142.27764617099757,ios,1.3793083025138393,-0.15975864782604132,0.17907954435458384
107,37.869928493199744,-122.25703745160462,1576110043.0,2019-12-11T16:20:43-08:00,POINT (-122.25703745160462 37.869928493199744),0.2532827870978447,143.6444639254875,ios,1.219549654687798,0.01932089652854252,0.13425421547240446
108,37.86993008576135,-122.25702370528342,1576110044.0,2019-12-11T16:20:44-08:00,POINT (-122.25702370528342 37.86993008576135),0.09706431844136397,144.85636335005293,ios,1.2388705512163405,0.15357511200094698,-0.029173378157271612
109,37.869931510684886,-122.25700970750512,1576110045.0,2019-12-11T16:20:45-08:00,POINT (-122.25700970750512 37.869931510684886),0.08303394694761121,146.08453844700028,ios,1.3924456632172875,0.12440173384367537,-0.1241754839407303
110,37.869933438522615,-122.25699403334619,1576110046.0,2019-12-11T16:20:46-08:00,POINT (-122.25699403334619 37.869933438522615),0.24920250528268328,147.46975162494064,ios,1.5168473970609628,0.00022624990294506375,-0.07967852212305049
111,37.86993674937437,-122.25697726953985,1576110047.0,2019-12-11T16:20:47-08:00,POINT (-122.25697726953985 37.86993674937437),0.2934840243880295,148.988670019224,ios,1.517073646963908,-0.07945227222010542,-0.08388736695146881
112,37.86993821620742,-122.25696008663834,1576110048.0,2019-12-11T16:20:48-08:00,POINT (-122.25696008663834 37.86993821620742),0.5447246105145799,150.48785456591378,ios,1.4376213747438025,-0.16333963917157424,0.03582646094969144
113,37.869941233692565,-122.25694416102232,1576110049.0,2019-12-11T16:20:49-08:00,POINT (-122.25694416102232 37.869941233692565),0.6004478379690317,151.92699869091712,ios,1.2742817355722282,-0.1275131782218828,0.02119508736769382
114,37.8699445026348,-122.25693024706305,1576110050.0,2019-12-11T16:20:50-08:00,POINT (-122.25693024706305 37.8699445026348),0.5815456767649851,153.20330269947308,ios,1.1467685573503454,-0.10631809085418897,0.10626301039302022
115,37.86994705911527,-122.25691759038926,1576110051.0,2019-12-11T16:20:51-08:00,POINT (-122.25691759038926 37.86994705911527),0.6089104291417766,154.3517867266457,ios,1.0404504664961565,-5.508046116875498e-05,0.0457859390852251
116,37.869947771595896,-122.25690577159301,1576110052.0,2019-12-11T16:20:52-08:00,POINT (-122.25690577159301 37.869947771595896),0.8133896858360243,155.37408214337262,ios,1.0403953860349877,0.04573085862405635,-0.04578993759600891
117,37.86994848403881,-122.25689395342232,1576110053.0,2019-12-11T16:20:53-08:00,POINT (-122.25689395342232 37.86994848403881),1.017857989872855,156.3963234666033,ios,1.086126244659044,-5.9078971952564174e-05,0.4360975462532244
118,37.86995148065064,-122.25688217652828,1576110054.0,2019-12-11T16:20:54-08:00,POINT (-122.25688217652828 37.86995148065064),0.9773125237255589,157.48347894613124,ios,1.0860671656870915,0.4360384672812718,-0.4923623227464029
119,37.869954477099576,-122.2568704002744,1576110055.0,2019-12-11T16:20:55-08:00,POINT (-122.2568704002744 37.869954477099576),0.9367691142372528,158.57057528674832,ios,1.5221056329683633,-0.05632385546513108,-0.06586093084228928
120,37.86996122453163,-122.2568553128487,1576110056.0,2019-12-11T16:20:56-08:00,POINT (-122.2568553128487 37.86996122453163),0.5740946250443901,160.05044150337514,ios,1.4657817775032322,-0.12218478630742036,0.039538072889357956
121,37.86996809769223,-122.25684106361331,1576110057.0,2019-12-11T16:20:57-08:00,POINT (-122.25684106361331 37.86996809769223),0.17808738294886994,161.46308509584676,ios,1.3435969911958119,-0.0826467134180624,0.19213346817417398
122,37.86997354592929,-122.25682740111114,1576110058.0,2019-12-11T16:20:58-08:00,POINT (-122.25682740111114 37.86997354592929),0.07961558924013176,162.7833611467179,ios,1.2609502777777495,0.10948675475611158,-0.20357598639558838
123,37.86997878461877,-122.25681466061832,1576110059.0,2019-12-11T16:20:59-08:00,POINT (-122.25681466061832 37.86997878461877),0.33682134340582964,164.0192744691476,ios,1.370437032533861,-0.0940892316394768,0.10454818034723368
124,37.86998410712729,-122.25680057902099,1576110060.0,2019-12-11T16:21:00-08:00,POINT (-122.25680057902099 37.86998410712729),0.5711422883009675,165.37127875863342,ios,1.2763478008943843,0.010458948707756877,0.007417960092228615
125,37.86998963918338,-122.25678783852817,1576110061.0,2019-12-11T16:21:01-08:00,POINT (-122.25678783852817 37.86998963918338),0.8596908505636145,166.6159780374278,ios,1.2868067496021411,0.01787690879998549,-0.01089394733680038
126,37.86999559033463,-122.25677526567341,1576110062.0,2019-12-11T16:21:02-08:00,POINT (-122.25677526567341 37.86999559033463),1.1969944678328743,167.8590312877013,ios,1.3046836584021266,0.006982961463185111,0.04939826633506361
127,37.87000129002879,-122.2567622737235,1576110063.0,2019-12-11T16:21:03-08:00,POINT (-122.2567622737235 37.87000129002879),1.4974833831440675,169.1300473805087,ios,1.3116666198653117,0.05638122779824872,0.023734505532198247
128,37.8700060677136,-122.25674861122133,1576110064.0,2019-12-11T16:21:04-08:00,POINT (-122.25674861122133 37.8700060677136),1.6835478349556734,170.430240041564,ios,1.3680478476635605,0.08011573333044697,-0.2996327563772576
129,37.87000824700842,-122.25673327233852,1576110065.0,2019-12-11T16:21:05-08:00,POINT (-122.25673327233852 37.87000824700842),1.5522084351957874,171.79458821666142,ios,1.4481635809940074,-0.21951702304681064,0.21820152490300693
130,37.87001080348889,-122.2567170952654,1576110066.0,2019-12-11T16:21:06-08:00,POINT (-122.2567170952654 37.87001080348889),1.441266747234568,173.24122081776906,ios,1.2286465579471968,-0.0013154981438037172,0.26285760642152467
131,37.870013737155,-122.2567036004013,1576110067.0,2019-12-11T16:21:07-08:00,POINT (-122.2567036004013 37.870013737155),1.4343023918979154,174.471988418921,ios,1.227331059803393,0.26154210827772095,-0.21920208031636146
132,37.87001608408789,-122.25668993789913,1576110068.0,2019-12-11T16:21:08-08:00,POINT (-122.25668993789913 37.87001608408789),1.3606734198272001,175.69938127445394,ios,1.488873168081114,0.042340027961359494,0.08424071202174899
133,37.870018514839806,-122.25667325791181,1576110069.0,2019-12-11T16:21:09-08:00,POINT (-122.25667325791181 37.870018514839806),1.2243600553404432,177.18484107572166,ios,1.5312131960424735,0.12658073998310848,-0.30432335749599404
134,37.870019939763345,-122.25665590737225,1576110070.0,2019-12-11T16:21:10-08:00,POINT (-122.25665590737225 37.870019939763345),0.96466735718621,178.6969673303392,ios,1.657793936025582,-0.17774261751288556,0.04756985689159543
135,37.870019143482544,-122.25663704809011,1576110071.0,2019-12-11T16:21:11-08:00,POINT (-122.25663704809011 37.870019143482544),0.4318483171910306,180.27034838852816,ios,1.4800513185126964,-0.13017276062129013,0.07777176550461284
136,37.87001562308321,-122.25662078719796,1576110072.0,2019-12-11T16:21:12-08:00,POINT (-122.25662078719796 37.87001562308321),0.3303177016812615,181.54208143675544,ios,1.3498785578914063,-0.052400995116677285,0.11634876819814033
137,37.87001197695533,-122.25660611886741,1576110073.0,2019-12-11T16:21:13-08:00,POINT (-122.25660611886741 37.87001197695533),1.0681063147875705,182.67517204781865,ios,1.297477562774729,0.06394777308146304,-0.22691728276801926
138,37.87001424006919,-122.25659161817492,1576110074.0,2019-12-11T16:21:14-08:00,POINT (-122.25659161817492 37.87001424006919),1.1705888082192808,183.97104268601777,ios,1.361425335856192,-0.1629695096865562,1.095526586111662
139,37.87002027503947,-122.25657812331082,1576110075.0,2019-12-11T16:21:15-08:00,POINT (-122.25657812331082 37.87002027503947),0.8462172680190168,185.29469199644726,ios,1.1984558261696359,0.9325570764251059,-0.3444772703104202
140,37.87002555563847,-122.25656622100831,1576110076.0,2019-12-11T16:21:16-08:00,POINT (-122.25656622100831 37.87002555563847),0.5646307140691009,186.46087117882627,ios,2.1310129025947417,0.5880798061146857,-0.7828035228278503
141,37.87004139743547,-122.25655255850614,1576110077.0,2019-12-11T16:21:17-08:00,POINT (-122.25655255850614 37.87004139743547),0.803493926560115,188.09242463203725,ios,2.7190927087094274,-0.19472371671316457,-0.03878878763794402
142,37.870061094907925,-122.2565342021382,1576110078.0,2019-12-11T16:21:18-08:00,POINT (-122.2565342021382 37.870061094907925),2.4721093164368386,190.2369845464799,ios,2.524368991996263,-0.2335125043511086,-0.28597542849334356
143,37.87007995419006,-122.25651819270314,1576110079.0,2019-12-11T16:21:19-08:00,POINT (-122.25651819270314 37.87007995419006),4.106894728547244,192.15767440007397,ios,2.2908564876451543,-0.5194879328444522,0.3854342920508862
144,37.8700961731727,-122.25650209944905,1576110080.0,2019-12-11T16:21:20-08:00,POINT (-122.25650209944905 37.8700961731727),5.4576086988551955,194.00638766333557,ios,1.771368554800702,-0.13405364079356596,0.16018001292855732
145,37.870106524823115,-122.25648676056625,1576110081.0,2019-12-11T16:21:21-08:00,POINT (-122.25648676056625 37.870106524823115),6.199384093538691,195.6154897056037,ios,1.6373149140071361,0.02612637213499136,-0.102818011096111
146,37.870114403812096,-122.25647100258828,1576110082.0,2019-12-11T16:21:22-08:00,POINT (-122.25647100258828 37.870114403812096),6.667037986763083,197.186031352682,ios,1.6634412861421275,-0.07669163896111963,-0.3237378831886184
147,37.87011587064515,-122.25645214330615,1576110083.0,2019-12-11T16:21:23-08:00,POINT (-122.25645214330615 37.87011587064515),6.376007182073481,198.82718970898148,ios,1.5867496471810079,-0.40042952214973804,0.36923795472356846
148,37.87011939104448,-122.25643462512852,1576110084.0,2019-12-11T16:21:24-08:00,POINT (-122.25643462512852 37.87011939104448),6.336213279208213,200.41626986081275,ios,1.1863201250312698,-0.031191567426169575,-0.05862532665097708
149,37.87011696029256,-122.25642146554054,1576110085.0,2019-12-11T16:21:25-08:00,POINT (-122.25642146554054 37.87011696029256),5.764094054559004,201.45798136691315,ios,1.1551285576051002,-0.08981689407714666,0.08975588617839936
150,37.87011700220208,-122.25640830595256,1576110086.0,2019-12-11T16:21:26-08:00,POINT (-122.25640830595256 37.87011700220208),5.456146995751014,202.57374686079737,ios,1.0653116635279536,-6.1007898747300615e-05,0.10149110387247662
151,37.87012178002358,-122.25639778636312,1576110087.0,2019-12-11T16:21:27-08:00,POINT (-122.25639778636312 37.87012178002358),5.716848032600097,203.60776195637715,ios,1.0652506556292063,0.10143009597372932,-0.1335418288052328
152,37.870126557571695,-122.2563872673756,1576110088.0,2019-12-11T16:21:28-08:00,POINT (-122.2563872673756 37.870126557571695),5.977534284817354,204.64171779892519,ios,1.1666807516029356,-0.03211173283150348,0.032045484607486685
153,37.870132927818105,-122.2563767061776,1576110089.0,2019-12-11T16:21:29-08:00,POINT (-122.2563767061776 37.870132927818105),6.4073778636584535,205.7269481915049,ios,1.1345690187714321,-6.624822401679609e-05,0.3527350203892543
154,37.87013120947777,-122.25636396531267,1576110090.0,2019-12-11T16:21:30-08:00,POINT (-122.25636396531267 37.87013120947777),5.921312325629579,206.75453343074093,ios,1.1345027705474153,0.3526687721652375,-0.49489060430670184
155,37.870129491237805,-122.25635122519198,1576110091.0,2019-12-11T16:21:31-08:00,POINT (-122.25635122519198 37.870129491237805),5.435275314131158,207.78205873771924,ios,1.4871715427126528,-0.14222183214146433,0.04967573624946131
156,37.87012106742512,-122.25633806560398,1576110092.0,2019-12-11T16:21:32-08:00,POINT (-122.25633806560398 37.87012106742512),4.222875556453065,208.64428459642428,ios,1.3449497105711885,-0.09254609589200302,0.2755310957260364
157,37.87011465526919,-122.25632507365407,1576110093.0,2019-12-11T16:21:33-08:00,POINT (-122.25632507365407 37.87011465526919),3.229375474263223,209.55256018912604,ios,1.2524036146791855,0.18298499983403338,-0.25915726258559646
158,37.87011163778405,-122.25631132733287,1576110094.0,2019-12-11T16:21:34-08:00,POINT (-122.25631132733287 37.87011163778405),2.5806428343820906,210.6263919763013,ios,1.4353886145132189,-0.07617226275156308,-0.22003675588031313
159,37.87011352371226,-122.25629515025975,1576110095.0,2019-12-11T16:21:35-08:00,POINT (-122.25629515025975 37.87011352371226),2.340598135864286,212.1689976260539,ios,1.3592163517616558,-0.2962090186318762,0.32323596606713756
160,37.87011763084482,-122.25628056574823,1576110096.0,2019-12-11T16:21:36-08:00,POINT (-122.25628056574823 37.87011763084482),2.3665409218988422,213.530093983757,ios,1.0630073331297796,0.02702694743526135,0.11745652997883993
161,37.87012085787754,-122.25626916635991,1576110097.0,2019-12-11T16:21:37-08:00,POINT (-122.25626916635991 37.87012085787754),2.3885926195055713,214.59453188405118,ios,1.090034280565041,0.14448347741410128,-0.19290428279975758
162,37.87012316290091,-122.25625709641935,1576110098.0,2019-12-11T16:21:38-08:00,POINT (-122.25625709641935 37.87012316290091),2.2949288271399313,215.68251049178284,ios,1.2345177579791422,-0.048420805385656296,0.037165361251409346
163,37.870126054657504,-122.25624351773621,1576110099.0,2019-12-11T16:21:39-08:00,POINT (-122.25624351773621 37.870126054657504),2.220983355207082,216.91698029227697,ios,1.186096952593486,-0.01125544413424695,-0.02581642544207785
164,37.87012659948121,-122.2562300228721,1576110100.0,2019-12-11T16:21:40-08:00,POINT (-122.2562300228721 37.87012659948121),1.9023749195919497,218.06197894070067,ios,1.174841508459239,-0.0370718695763248,0.2866280075916898
165,37.87012852731894,-122.25621686328412,1576110101.0,2019-12-11T16:21:41-08:00,POINT (-122.25621686328412 37.87012852731894),1.7386594906437673,219.2276093893584,ios,1.1377696388829142,0.24955613801536503,0.06502709881203295
166,37.87013301163714,-122.25620521243872,1576110102.0,2019-12-11T16:21:42-08:00,POINT (-122.25620521243872 37.87013301163714),1.8860272364071233,220.35721049300628,ios,1.3873257768982792,0.31458323682739797,0.12362438960249911
167,37.870140303892896,-122.25619238812686,1576110103.0,2019-12-11T16:21:43-08:00,POINT (-122.25619238812686 37.870140303892896),2.2962199107055774,221.68339090974823,ios,1.7019090137256772,0.4382076264298971,-0.6141122457116288
168,37.87014713514398,-122.2561750375873,1576110104.0,2019-12-11T16:21:44-08:00,POINT (-122.2561750375873 37.87014713514398),2.531801434769593,223.37098500965996,ios,2.1401166401555742,-0.17590461928173173,-0.08851979944846011
169,37.870157612522945,-122.25615458574356,1576110105.0,2019-12-11T16:21:45-08:00,POINT (-122.25615458574356 37.870157612522945),3.0647152546201792,225.44545061848703,ios,1.9642120208738425,-0.26442441873019185,0.11986652195112302
170,37.87016817372094,-122.25613664847077,1576110106.0,2019-12-11T16:21:46-08:00,POINT (-122.25613664847077 37.87016817372094),3.6765030130595675,227.31307548683083,ios,1.6997876021436507,-0.14455789677906883,-0.27259220550028274
171,37.8701770585383,-122.25612089049281,1576110107.0,2019-12-11T16:21:47-08:00,POINT (-122.25612089049281 37.8701770585383),4.1725755416126855,228.9399726498666,ios,1.5552297053645818,-0.41715010227935156,0.49592750984857936
172,37.87018460225116,-122.25610597070516,1576110108.0,2019-12-11T16:21:48-08:00,POINT (-122.25610597070516 37.87018460225116),4.550857133930983,230.44981066741127,ios,1.1380796030852303,0.0787774075692278,-0.01718374691821878
173,37.87018971521209,-122.25609473895491,1576110109.0,2019-12-11T16:21:49-08:00,POINT (-122.25609473895491 37.87018971521209),4.7760620809039604,231.56653883714475,ios,1.216857010654458,0.06159366065100902,-0.23756981897268137
174,37.870194325258836,-122.25608216610016,1576110110.0,2019-12-11T16:21:50-08:00,POINT (-122.25608216610016 37.870194325258836),4.91097795929063,232.77747895521435,ios,1.278450671305467,-0.17597615832167235,0.05219239378277529
175,37.8701995220388,-122.25606917415024,1576110111.0,2019-12-11T16:21:51-08:00,POINT (-122.25606917415024 37.8701995220388),5.095968312815255,234.0440027805704,ios,1.1024745129837947,-0.12378376453889706,0.1237265552352278
176,37.87020467690925,-122.25605844531418,1576110112.0,2019-12-11T16:21:52-08:00,POINT (-122.25605844531418 37.87020467690925),5.339594817250679,235.12024629814715,ios,0.9786907484448977,-5.7209303669258915e-05,0.2734729196292276
177,37.87021062823432,-122.25605023080917,1576110113.0,2019-12-11T16:21:53-08:00,POINT (-122.25605023080917 37.87021062823432),5.737087897536914,236.01471340134742,ios,0.9786335391412284,0.27341571032555834,-0.29565820194194004
178,37.87021657921176,-122.25604201678397,1576110114.0,2019-12-11T16:21:54-08:00,POINT (-122.25604201678397 37.87021657921176),6.134557859328034,236.90912816960733,ios,1.2520492494667868,-0.0222424916163817,-0.06257970127706014
179,37.870223075186715,-122.25603036593856,1576110115.0,2019-12-11T16:21:55-08:00,POINT (-122.25603036593856 37.870223075186715),6.493641069882089,238.1094230606644,ios,1.229806757850405,-0.08482219289344184,0.0890569130174621
180,37.87022869106184,-122.25601829599799,1576110116.0,2019-12-11T16:21:56-08:00,POINT (-122.25601829599799 37.87022869106184),6.748424764371019,239.31375301492403,ios,1.1449845649569632,0.004234720124020264,0.10963093874779117
181,37.87023464221309,-122.25600765098096,1576110117.0,2019-12-11T16:21:57-08:00,POINT (-122.25600765098096 37.87023464221309),7.05072063947998,244.61365192364443,ios,1.1492192850809835,0.11386565887181144,0.04494422359793071
182,37.8702410124595,-122.25599734124006,1576110118.0,2019-12-11T16:21:58-08:00,POINT (-122.25599734124006 37.8702410124595),6.779183465515259,245.7308601814887,ios,1.263084943952795,0.15880988246974215,-0.2339934248350728
183,37.87024687979172,-122.2559850198424,1576110119.0,2019-12-11T16:21:59-08:00,POINT (-122.2559850198424 37.87024687979172),6.334325626330843,246.91425570161252,ios,1.421894826422537,-0.07518354236533065,-0.11057812916613874
184,37.87025257948588,-122.25597051914991,1576110120.0,2019-12-11T16:22:00-08:00,POINT (-122.25597051914991 37.87025257948588),5.727701874639793,248.20215031849258,ios,1.3467112840572064,-0.18576167153146939,0.04075721945919786
185,37.87025723144214,-122.25595635373355,1576110121.0,2019-12-11T16:22:01-08:00,POINT (-122.25595635373355 37.87025723144214),5.071970899342036,249.38062521423583,ios,1.160949612525737,-0.14500445207227153,0.2439899042464786
186,37.87026066802244,-122.25594386469783,1576110122.0,2019-12-11T16:22:02-08:00,POINT (-122.25594386469783 37.87026066802244),4.448015701185803,250.36182728918726,ios,1.0159451604534655,0.09898545217420707,0.0414795323193804
187,37.870263350231454,-122.25593280058564,1576110123.0,2019-12-11T16:22:03-08:00,POINT (-122.25593280058564 37.870263350231454),3.870279571952013,251.199580201838,ios,1.1149306126276726,0.14046498449358746,0.04859842888682797
188,37.87026477515499,-122.25592022773088,1576110124.0,2019-12-11T16:22:04-08:00,POINT (-122.25592022773088 37.87026477515499),3.101890724828013,252.01044929661666,ios,1.25539559712126,0.18906341338041543,-0.49775867441814303
189,37.870270726306245,-122.25590807397128,1576110125.0,2019-12-11T16:22:05-08:00,POINT (-122.25590807397128 37.870270726306245),2.674366215900805,253.1919733876829,ios,1.4444590105016755,-0.3086952610377276,0.47374336068011647
190,37.87028028167586,-122.25589692604007,1576110126.0,2019-12-11T16:22:06-08:00,POINT (-122.25589692604007 37.87028028167586),2.564596714344805,254.63192523129544,ios,1.1357637494639479,0.16504809964238887,-0.29746549771538944
191,37.870288118755326,-122.25588862795593,1576110127.0,2019-12-11T16:22:07-08:00,POINT (-122.25588862795593 37.870288118755326),2.532821675826461,255.76675849549804,ios,1.3008118491063367,-0.13241739807300057,0.1901165159660454
192,37.87029767412494,-122.25588007841469,1576110128.0,2019-12-11T16:22:08-08:00,POINT (-122.25588007841469 37.87029767412494),2.60215065535627,257.0647358897696,ios,1.1683944510333362,0.05769911789304483,0.03628230371730479
193,37.870303709095225,-122.25586918194057,1576110129.0,2019-12-11T16:22:09-08:00,POINT (-122.25586918194057 37.870303709095225),2.267064702043405,258.1848506530104,ios,1.226093568926381,0.09398142161034961,-0.01537460763841958
194,37.870311001350984,-122.2558587045616,1576110130.0,2019-12-11T16:22:10-08:00,POINT (-122.2558587045616 37.870311001350984),2.0475261563779314,259.391386829426,ios,1.3200749905367306,0.07860681397193003,0.17739913404499164
195,37.870319886168346,-122.25584873009683,1576110131.0,2019-12-11T16:22:11-08:00,POINT (-122.25584873009683 37.870319886168346),2.336273088609669,259.4568288538642,ios,1.3986818045086606,0.25600594801692167,-0.20600979564709276
196,37.87033023781876,-122.2558396776414,1576110132.0,2019-12-11T16:22:12-08:00,POINT (-122.2558396776414 37.87033023781876),3.3083303933506096,260.01551151658856,ios,1.6546877525255823,0.049996152369828906,-0.30628889761517253
197,37.87034310404013,-122.25583020609082,1576110133.0,2019-12-11T16:22:13-08:00,POINT (-122.25583020609082 37.87034310404013),4.5861634855525,261.0639141141435,ios,1.7046839048954112,-0.2562927452453436,0.1775741013924339
198,37.870356012171015,-122.25581972871186,1576110134.0,2019-12-11T16:22:14-08:00,POINT (-122.25581972871186 37.870356012171015),5.854594686205086,262.2004071877195,ios,1.4483911596500676,-0.07871864385290972,-0.1514365471443755
199,37.870365735178694,-122.2558087484187,1576110135.0,2019-12-11T16:22:15-08:00,POINT (-122.2558087484187 37.870365735178694),6.767071378758473,263.3246774654282,ios,1.3696725157971579,-0.2301551909972852,0.38320061479190937
200,37.87037407517235,-122.25579726521136,1576110136.0,2019-12-11T16:22:16-08:00,POINT (-122.25579726521136 37.87037407517235),7.5210302606543395,264.4683527205379,ios,1.1395173247998727,0.15304542379462416,-0.20856153314350334
201,37.870378978585705,-122.25578586582304,1576110137.0,2019-12-11T16:22:17-08:00,POINT (-122.25578586582304 37.870378978585705),7.899648223547613,265.5444350009489,ios,1.2925627485944968,-0.055516109348879183,-0.054498066183505056
202,37.870383630541966,-122.25577237095894,1576110138.0,2019-12-11T16:22:18-08:00,POINT (-122.25577237095894 37.870383630541966),8.221563835393688,266.79809401165056,ios,1.2370466392456176,-0.11001417553238424,0.2016784082269567
203,37.87038761194597,-122.25575921137096,1576110139.0,2019-12-11T16:22:19-08:00,POINT (-122.25575921137096 37.87038761194597),8.474679322788843,268.01086610234404,ios,1.1270324637132334,0.09166423269457247,-0.2417712039606199
204,37.87038886923145,-122.25574647087814,1576110140.0,2019-12-11T16:22:20-08:00,POINT (-122.25574647087814 37.87038886923145),8.435174758283836,269.13943100568565,ios,1.2186966964078059,-0.15010697126604744,0.27180596563837134
205,37.87038983315031,-122.2557326407379,1576110141.0,2019-12-11T16:22:21-08:00,POINT (-122.2557326407379 37.87038983315031),8.348369874943725,270.3574820290252,ios,1.0685897251417584,0.1216989943723239,-0.09885604651019197
206,37.870392138173685,-122.25572082225443,1576110142.0,2019-12-11T16:22:22-08:00,POINT (-122.25572082225443 37.870392138173685),8.436481790498865,271.4243593986349,ios,1.1902887195140823,0.022842947862131924,-0.1442327933925034
207,37.870397502591715,-122.25570908758999,1576110143.0,2019-12-11T16:22:23-08:00,POINT (-122.25570908758999 37.870397502591715),8.860943265818484,272.5376502840389,ios,1.2131316673762143,-0.12138984553037147,0.1372942481496897
208,37.87040404047619,-122.2556980234778,1576110144.0,2019-12-11T16:22:24-08:00,POINT (-122.2556980234778 37.87040404047619),9.423297323579474,273.6132988724515,ios,1.0917418218458428,0.015904402619318248,-0.010383617977859139
209,37.87040747705649,-122.2556863726324,1576110145.0,2019-12-11T16:22:25-08:00,POINT (-122.2556863726324 37.87040747705649),9.637713820558377,274.6854759008756,ios,1.107646224465161,0.005520784641459109,0.2174344964170194
210,37.87040890198003,-122.25567388359667,1576110146.0,2019-12-11T16:22:26-08:00,POINT (-122.25567388359667 37.87040890198003),9.620074756427048,275.7951438374159,ios,1.1131670091066201,0.2229552810584785,-0.32690331188154653
211,37.87040827333729,-122.25566122692288,1576110147.0,2019-12-11T16:22:27-08:00,POINT (-122.25566122692288 37.87040827333729),9.375117536736028,276.88333045910997,ios,1.3361222901650986,-0.10394803082306803,0.04437381857100697
212,37.87040668077569,-122.25564613949717,1576110148.0,2019-12-11T16:22:28-08:00,POINT (-122.25564613949717 37.87040668077569),8.99073735732646,278.165708550222,ios,1.2321742593420306,-0.059574212252061054,0.0899379104222664
213,37.87040521394263,-122.25563222553791,1576110149.0,2019-12-11T16:22:29-08:00,POINT (-122.25563222553791 37.87040521394263),8.636457658853022,279.34837889744466,ios,1.1726000470899696,0.030363698170205344,-0.13770924199216705
214,37.87040383092861,-122.2556189821309,1576110150.0,2019-12-11T16:22:30-08:00,POINT (-122.2556189821309 37.87040383092861),8.300690159594343,280.47428355877514,ios,1.202963745260175,-0.10734554382196171,0.3592957529180758
215,37.870401945000395,-122.25560548726679,1576110151.0,2019-12-11T16:22:31-08:00,POINT (-122.25560548726679 37.870401945000395),7.906325839390682,281.61320088098734,ios,1.0956182014382132,0.2519502090961141,-0.3351239432420836
216,37.87040085535298,-122.2555930820501,1576110152.0,2019-12-11T16:22:32-08:00,POINT (-122.2555930820501 37.87040085535298),7.61436065510499,282.6714583050292,ios,1.3475684105343273,-0.08317373414596951,-0.12717397196384606
217,37.87040035243879,-122.2555777431673,1576110153.0,2019-12-11T16:22:33-08:00,POINT (-122.2555777431673 37.87040035243879),7.345863429430039,283.99479904543284,ios,1.2643946763883578,-0.21034770610981557,0.2010847316554345
218,37.870399220881865,-122.25556341011287,1576110154.0,2019-12-11T16:22:34-08:00,POINT (-122.25556341011287 37.870399220881865),7.022486450585246,285.2197518970632,ios,1.0540469702785422,-0.009262974454381068,0.009201944541035623
219,37.8703972092251,-122.25555167544843,1576110155.0,2019-12-11T16:22:35-08:00,POINT (-122.25555167544843 37.8703972092251),6.638836438530653,286.2035913575443,ios,1.0447839958241611,-6.102991334544505e-05,0.35320142452970815
220,37.8703972092251,-122.25553977279829,1576110156.0,2019-12-11T16:22:36-08:00,POINT (-122.25553977279829 37.8703972092251),6.473244057220394,287.2373249825501,ios,1.0447229659108157,0.3531403946163627,-0.37122201613732586
221,37.8703972092251,-122.25552787084342,1576110157.0,2019-12-11T16:22:37-08:00,POINT (-122.25552787084342 37.8703972092251),6.307661480580682,288.2709982469004,ios,1.3978633605271784,-0.018081621520963154,-0.4231533461972439
222,37.87040240600507,-122.25551337015094,1576110158.0,2019-12-11T16:22:38-08:00,POINT (-122.25551337015094 37.87040240600507),6.675277538178076,289.6215730140739,ios,1.3797817390062153,-0.441234967718207,0.44118189825410825
223,37.87040898579906,-122.2555000429249,1576110159.0,2019-12-11T16:22:39-08:00,POINT (-122.2555000429249 37.87040898579906),7.210740576698348,290.89450513144754,ios,0.9385467712880082,-5.306946409877611e-05,0.25178696323499805
224,37.8704121919676,-122.2554901519997,1576110160.0,2019-12-11T16:22:40-08:00,POINT (-122.2554901519997 37.8704121919676),7.42440005778311,291.80979059243106,ios,0.9384937018239095,0.2517338937708993,-0.8170667615528959
225,37.870415397954986,-122.25548026163341,1576110161.0,2019-12-11T16:22:41-08:00,POINT (-122.25548026163341 37.870415397954986),7.638047569765176,292.72502427648186,ios,1.1902275955948087,-0.5653328677819967,0.565296819357181
226,37.87042000800173,-122.25546802405478,1576110162.0,2019-12-11T16:22:42-08:00,POINT (-122.25546802405478 37.87042000800173),7.97286739616817,293.86875219097936,ios,0.6248947278128121,-3.604842481563786e-05,0.8937244851103989
227,37.870419442206945,-122.25546094114227,1576110163.0,2019-12-11T16:22:43-08:00,POINT (-122.25546094114227 37.870419442206945),7.812341100922077,294.47396650088683,ios,0.6248586793879964,0.8936884366855833,-1.1575653950470992
228,37.8704188764448,-122.25545385863842,1576110164.0,2019-12-11T16:22:44-08:00,POINT (-122.25545385863842 37.8704188764448),7.651824112159068,295.0791459090269,ios,1.5185471160735797,-0.2638769583615159,0.07775123180784282
229,37.87041502076934,-122.25543726247014,1576110165.0,2019-12-11T16:22:45-08:00,POINT (-122.25543726247014 37.87041502076934),6.998513053173901,296.4528400226727,ios,1.2546701577120638,-0.1861257265536731,0.35852393645030034
230,37.87041351202677,-122.25542309705378,1576110166.0,2019-12-11T16:22:46-08:00,POINT (-122.25542309705378 37.87041351202677),6.636146163059172,297.6566143567898,ios,1.0685444311583907,0.17239820989662724,0.12179820923344242
231,37.87041606850724,-122.25541136238934,1576110167.0,2019-12-11T16:22:47-08:00,POINT (-122.25541136238934 37.87041606850724),6.7529771049427385,298.7206245981892,ios,1.240942641055018,0.29419641913006966,-0.6158572726649167
232,37.870420469006405,-122.25539837043942,1576110168.0,2019-12-11T16:22:48-08:00,POINT (-122.25539837043942 37.870420469006405),7.054345128782422,299.92619114205183,ios,1.5351390601850876,-0.3216608535348471,0.4545052959823972
233,37.87042847372393,-122.25538412120403,1576110169.0,2019-12-11T16:22:49-08:00,POINT (-122.25538412120403 37.87042847372393),7.733095599940264,301.30420517453933,ios,1.2134782066502405,0.13284444244755012,0.05672799206800838
234,37.870432203670845,-122.25537112925412,1576110170.0,2019-12-11T16:22:50-08:00,POINT (-122.25537112925412 37.870432203670845),7.960999130175442,302.4980033474917,ios,1.3463226490977906,0.1895724345155585,-0.7395306582315335
235,37.87043438296567,-122.2553560418284,1576110171.0,2019-12-11T16:22:51-08:00,POINT (-122.2553560418284 37.87043438296567),7.989862948094883,303.8465777474229,ios,1.5358950836133491,-0.549958223715975,0.5499001944465615
236,37.870433209499225,-122.25533860746981,1576110172.0,2019-12-11T16:22:52-08:00,POINT (-122.25533860746981 37.870433209499225),7.6187519766667,305.340140562564,ios,0.9859368598973741,-5.802926941356201e-05,0.27120696925063603
237,37.87043069485423,-122.25532783640709,1576110173.0,2019-12-11T16:22:53-08:00,POINT (-122.25532783640709 37.87043069485423),7.193403271867217,306.2314652933345,ios,0.9858788306279606,0.27114893998122247,-0.06972359245397552
238,37.87042818035732,-122.25531706597866,1576110174.0,2019-12-11T16:22:54-08:00,POINT (-122.25531706597866 37.87042818035732),6.768079711525042,307.1227376206644,ios,1.257027770609183,0.20142534752724695,0.07887051569101478
239,37.87042357031058,-122.25530399020971,1576110175.0,2019-12-11T16:22:55-08:00,POINT (-122.25530399020971 37.87042357031058),6.081098467983014,308.1774501918382,ios,1.45845311813643,0.2802958632182617,-0.517194305042129
240,37.87041564941208,-122.2552907468027,1576110176.0,2019-12-11T16:22:56-08:00,POINT (-122.2552907468027 37.87041564941208),5.02905228625852,309.1886174661312,ios,1.7387489813546917,-0.23689844182386732,-0.0747552208314588
241,37.870404585299895,-122.2552767490244,1576110177.0,2019-12-11T16:22:57-08:00,POINT (-122.2552767490244 37.870404585299895),3.622144754217138,310.2101388416361,ios,1.5018505395308244,-0.3116536626553261,0.16196996409745967
242,37.87039645485382,-122.25526308652223,1576110178.0,2019-12-11T16:22:58-08:00,POINT (-122.25526308652223 37.87039645485382),2.541310600329937,311.2540272419875,ios,1.1901968768754982,-0.14968369855786645,-0.08976568504839122
243,37.87039008460741,-122.25525219004811,1576110179.0,2019-12-11T16:22:59-08:00,POINT (-122.25525219004811 37.87039008460741),1.6918027840705911,312.0885799282825,ios,1.0405131783176318,-0.23944938360625767,0.23940298638121582
244,37.87038396581809,-122.25524322141172,1576110180.0,2019-12-11T16:23:00-08:00,POINT (-122.25524322141172 37.87038396581809),0.8966643660636103,312.76011483445745,ios,0.8010637947113741,-4.639722504184984e-05,0.2537130740661133
245,37.87037753252105,-122.25523911416018,1576110181.0,2019-12-11T16:23:01-08:00,POINT (-122.25523911416018 37.87037753252105),0.1347002324079098,313.00392344720115,ios,0.8010173974863323,0.25366667684107147,0.2630114009668846
246,37.870371099596724,-122.25523500714661,1576110182.0,2019-12-11T16:23:02-08:00,POINT (-122.25523500714661 37.870371099596724),0.6272197504634273,313.2477179985495,ios,1.0546840743274037,0.516678077807956,0.2255939023885034
247,37.87036234050791,-122.25523039709987,1576110183.0,2019-12-11T16:23:03-08:00,POINT (-122.25523039709987 37.87036234050791),1.6509896761328051,313.494377126071,ios,1.5713621521353598,0.7422719801964595,-0.02985254269187876
248,37.87035563498537,-122.2552146391219,1576110184.0,2019-12-11T16:23:04-08:00,POINT (-122.2552146391219 37.87035563498537),2.2965330572618123,317.05933511132304,ios,2.3136341323318192,0.7124194375045807,-1.0077554889295128
249,37.87035031247686,-122.25518915813626,1576110185.0,2019-12-11T16:23:05-08:00,POINT (-122.25518915813626 37.87035031247686),1.2557255935462406,319.1302097388959,ios,3.0260535698364,-0.29533605142493213,-0.7599033290810286
250,37.87034687589656,-122.25515495997132,1576110186.0,2019-12-11T16:23:06-08:00,POINT (-122.25515495997132 37.87034687589656),0.4494432634367104,321.63730511263003,ios,2.730717518411468,-1.0552393805059608,0.7499997492247668
251,37.87034951619606,-122.25512403074862,1576110187.0,2019-12-11T16:23:07-08:00,POINT (-122.25512403074862 37.87034951619606),2.46971365835597,323.4825747241998,ios,1.675478137905507,-0.305239631281194,0.3838358720842854
252,37.87034243348788,-122.25510718312324,1576110188.0,2019-12-11T16:23:08-08:00,POINT (-122.25510718312324 37.87034243348788),2.861499025350989,325.1135203740165,ios,1.370238506624313,0.07859624080309136,0.6272926064499613
253,37.87033136937569,-122.25510030996264,1576110189.0,2019-12-11T16:23:09-08:00,POINT (-122.25510030996264 37.87033136937569),2.3414441112257474,326.37924938273386,ios,1.4488347474274044,0.7058888472530527,-1.126442768668667
254,37.87032043099205,-122.25509134132625,1576110190.0,2019-12-11T16:23:10-08:00,POINT (-122.25509134132625 37.87032043099205),2.008205520749565,327.30980398018283,ios,2.154723594680457,-0.42055392141561443,-0.05716607177892152
255,37.870301990805075,-122.2550837976134,1576110191.0,2019-12-11T16:23:11-08:00,POINT (-122.2550837976134 37.870301990805075),1.4703543297887183,329.2945639463217,ios,1.7341696732648426,-0.47771999319453595,0.5641131898285183
256,37.870286610012755,-122.25508052867116,1576110192.0,2019-12-11T16:23:12-08:00,POINT (-122.25508052867116 37.870286610012755),0.7991923235682084,330.8897563346675,ios,1.2564496800703067,0.08639319663398237,-0.09478445840732697
257,37.87027621645282,-122.25507491279603,1576110193.0,2019-12-11T16:23:13-08:00,POINT (-122.25507491279603 37.87027621645282),0.5987155109237716,332.12819088284687,ios,1.342842876704289,-0.008391261773344594,-0.04811308475379583
258,37.870265864802406,-122.25506703380705,1576110194.0,2019-12-11T16:23:14-08:00,POINT (-122.25506703380705 37.870265864802406),0.5688311234497873,333.4693043324589,ios,1.3344516149309444,-0.056504346527140425,0.1587027185630807
259,37.870254130137965,-122.25506384868385,1576110195.0,2019-12-11T16:23:15-08:00,POINT (-122.25506384868385 37.870254130137965),0.019399498204110566,334.72560789056536,ios,1.277947268403804,0.10219837203594029,-0.2820236523220374
260,37.87024306602578,-122.25505990918936,1576110196.0,2019-12-11T16:23:16-08:00,POINT (-122.25505990918936 37.87024306602578),0.4716762560484409,335.90288030363365,ios,1.3801456404397443,-0.17982528028609712,0.27042565725820666
261,37.870230954175696,-122.25505647260906,1576110197.0,2019-12-11T16:23:17-08:00,POINT (-122.25505647260906 37.870230954175696),1.0696331001422406,337.14377431143873,ios,1.2003203601536472,0.09060037697210954,-0.030230608852841012
262,37.87022022533964,-122.25505496386648,1576110198.0,2019-12-11T16:23:18-08:00,POINT (-122.25505496386648 37.87022022533964),1.481236721707019,338.9720690534533,ios,1.2909207371257567,0.06036976811926853,0.41349741239952387
263,37.87020865831326,-122.25505622115196,1576110199.0,2019-12-11T16:23:19-08:00,POINT (-122.25505622115196 37.87020865831326),1.808177598700897,340.21807027279226,ios,1.3512905052450253,0.4738671805187924,-0.36950844169558517
264,37.87019654646318,-122.25505747843744,1576110200.0,2019-12-11T16:23:20-08:00,POINT (-122.25505747843744 37.87019654646318),2.145384788396491,341.5236445405329,ios,1.8251576857638176,0.10435873882320723,-0.2810887387040375
265,37.870180369390056,-122.25506099883677,1576110201.0,2019-12-11T16:23:21-08:00,POINT (-122.25506099883677 37.870180369390056),2.755358333367643,343.2399203177202,ios,1.9295164245870249,-0.17672999988083027,0.04435689844414803
266,37.87016301885049,-122.25506066356064,1576110202.0,2019-12-11T16:23:22-08:00,POINT (-122.25506066356064 37.87016301885049),3.053238397042999,345.14210120075245,ios,1.7527864247061946,-0.13237310143668224,0.29931768705661654
267,37.87014776378672,-122.25505563441874,1576110203.0,2019-12-11T16:23:23-08:00,POINT (-122.25505563441874 37.87014776378672),2.9047736956622643,346.8852693050178,ios,1.6204133232695124,0.1669445856199343,-0.4351486691061188
268,37.87013481374632,-122.25504716869654,1576110204.0,2019-12-11T16:23:24-08:00,POINT (-122.25504716869654 37.87013481374632),2.4149955658480575,348.4277312726159,ios,1.7873579088894467,-0.2682040834861845,0.09189685292452654
269,37.8701212769727,-122.25503618840338,1576110205.0,2019-12-11T16:23:25-08:00,POINT (-122.25503618840338 37.8701212769727),1.7183128391168183,350.0719100543019,ios,1.5191538254032622,-0.17630723056165798,0.2172801292261619
270,37.870110254770026,-122.25502596248151,1576110206.0,2019-12-11T16:23:26-08:00,POINT (-122.25502596248151 37.870110254770026),1.039635138869858,351.4298678365593,ios,1.3428465948416042,0.04097289866450393,0.06601375230367368
271,37.87009956784348,-122.25501883786382,1576110207.0,2019-12-11T16:23:27-08:00,POINT (-122.25501883786382 37.87009956784348),0.6234572697963435,352.7048397456262,ios,1.3838194935061081,0.10698665096817761,0.008804918709591991
272,37.870088713278875,-122.2550111265129,1576110208.0,2019-12-11T16:23:28-08:00,POINT (-122.2550111265129 37.870088713278875),0.15958062934318348,354.0069060866155,ios,1.4908061444742857,0.1157915696777696,-0.1565698162338902
273,37.87007601469557,-122.25500567827584,1576110209.0,2019-12-11T16:23:29-08:00,POINT (-122.25500567827584 37.87007601469557),0.07338452866115185,355.4767992443207,ios,1.6065977141520553,-0.04077824655612061,0.0008875384918582974
274,37.87006163973163,-122.25500383425714,1576110210.0,2019-12-11T16:23:30-08:00,POINT (-122.25500383425714 37.87006163973163),0.037648626126403476,357.07615643470257,ios,1.5658194675959347,-0.039890708064262315,-0.012779519320449406
275,37.8700475581343,-122.25500391807617,1576110211.0,2019-12-11T16:23:31-08:00,POINT (-122.25500391807617 37.8700475581343),0.31025682592567705,358.6146389083415,ios,1.5259287595316724,-0.05267022738471172,0.19975254611982773
276,37.87003397945116,-122.25500140350522,1576110212.0,2019-12-11T16:23:32-08:00,POINT (-122.25500140350522 37.87003397945116),0.34816256798033024,360.1369441022296,ios,1.4732585321469607,0.147082318735116,-0.22869717587682103
277,37.87002077795366,-122.25499997858168,1576110213.0,2019-12-11T16:23:33-08:00,POINT (-122.25499997858168 37.87002077795366),0.47341043909618863,361.60172989080866,ios,1.6203408508820767,-0.08161485714170502,-0.0719179789502753
278,37.87000623535166,-122.25499880511524,1576110214.0,2019-12-11T16:23:34-08:00,POINT (-122.25499880511524 37.87000623535166),0.6457250729755002,363.2094009438813,ios,1.5387259937403717,-0.15353283609198032,0.25472694655915307
279,37.869992530939975,-122.25499637436332,1576110215.0,2019-12-11T16:23:35-08:00,POINT (-122.25499637436332 37.869992530939975),0.8265841028736421,364.5865551614877,ios,1.3851931576483913,0.10119411046717275,0.03846191899923124
280,37.86998050290892,-122.25499226723076,1576110216.0,2019-12-11T16:23:36-08:00,POINT (-122.25499226723076 37.86998050290892),0.9825062535240501,365.9603394217426,ios,1.486387268115564,0.13965602946640399,-0.36032586130859867
281,37.86996767859707,-122.25498748954595,1576110217.0,2019-12-11T16:23:37-08:00,POINT (-122.25498748954595 37.86996767859707),0.8525939050835112,367.6652104550609,ios,1.626043297581968,-0.22066983184219469,0.3290071797108678
282,37.869953764637806,-122.2549817898518,1576110218.0,2019-12-11T16:23:38-08:00,POINT (-122.2549817898518 37.869953764637806),0.5836898642220146,369.2659698793289,ios,1.4053734657397734,0.1083373478686731,-0.14113047437165172
283,37.86994190424482,-122.2549762577957,1576110219.0,2019-12-11T16:23:39-08:00,POINT (-122.2549762577957 37.86994190424482),0.2958710090683869,370.63918304058217,ios,1.5137108136084465,-0.03279312650297861,-0.09467170846858664
284,37.869928786566355,-122.25497164774896,1576110220.0,2019-12-11T16:23:40-08:00,POINT (-122.25497164774896 37.869928786566355),0.1087775430992094,372.138460072416,ios,1.480917687105468,-0.12746483497156524,-0.02810995461679533
285,37.869915836525955,-122.25496770825447,1576110221.0,2019-12-11T16:23:41-08:00,POINT (-122.25496770825447 37.869915836525955),0.022711949030996728,373.6106676392022,ios,1.3534528521339027,-0.15557478958836057,0.21730659071070613
286,37.86990435331861,-122.25496259529353,1576110222.0,2019-12-11T16:23:42-08:00,POINT (-122.25496259529353 37.86990435331861),0.28022245083116193,374.93706523447156,ios,1.197878062545542,0.06173180112234555,-0.17844988974778442
287,37.86989370830158,-122.25496049981774,1576110223.0,2019-12-11T16:23:43-08:00,POINT (-122.25496049981774 37.86989370830158),0.2888817918203714,376.13245112641823,ios,1.2596098636678876,-0.11671808862543886,0.1781990128441595
288,37.8698823927323,-122.25495982926549,1576110224.0,2019-12-11T16:23:44-08:00,POINT (-122.25495982926549 37.8698823927323),0.16263274285618146,377.3830036402665,ios,1.1428917750424488,0.061480924218720645,0.1914382311618983
289,37.869872124900915,-122.25495924253227,1576110225.0,2019-12-11T16:23:45-08:00,POINT (-122.25495924253227 37.869872124900915),0.04618282240250085,378.51748324313553,ios,1.2043726992611694,0.25291915538061893,-0.3936521071762915
290,37.869861605612435,-122.25495597359003,1576110226.0,2019-12-11T16:23:46-08:00,POINT (-122.25495597359003 37.869861605612435),0.1589861507049702,379.71424510046046,ios,1.4572918546417883,-0.14073295179567258,0.16650467225187304
291,37.869849158486225,-122.25495077681006,1576110227.0,2019-12-11T16:23:47-08:00,POINT (-122.25495077681006 37.869849158486225),0.408065348370146,381.147516494171,ios,1.3165589028461158,0.025771720456200464,-0.018870289259248496
292,37.869837633369364,-122.25494734022976,1576110228.0,2019-12-11T16:23:48-08:00,POINT (-122.25494734022976 37.869837633369364),0.5190457801958673,382.45683560555216,ios,1.3423306233023162,0.006901431196951968,-0.016720304841329137
293,37.86982577297638,-122.25494449038268,1576110229.0,2019-12-11T16:23:49-08:00,POINT (-122.25494449038268 37.86982577297638),0.5735105682049817,383.7953638839732,ios,1.3492320544992682,-0.009818873644377168,0.14949654749943786
294,37.86981408022145,-122.25494038325013,1576110230.0,2019-12-11T16:23:50-08:00,POINT (-122.25494038325013 37.86981408022145),0.7400953819169549,385.13175245981057,ios,1.339413180854891,0.1396776738550607,0.1056191929840804
295,37.86980217791895,-122.25493803631724,1576110231.0,2019-12-11T16:23:51-08:00,POINT (-122.25493803631724 37.86980217791895),0.7501225544513317,386.4683768896043,ios,1.4790908547099517,0.2452968668391411,-0.3193379751834673
296,37.86978889260242,-122.25493719812692,1576110232.0,2019-12-11T16:23:52-08:00,POINT (-122.25493719812692 37.86978889260242),0.606326666107043,387.937276572349,ios,1.7243877215490928,-0.0740411083443262,0.013713789288037681
297,37.869773386081555,-122.25493744958402,1576110233.0,2019-12-11T16:23:53-08:00,POINT (-122.25493744958402 37.869773386081555),0.33149629306220824,389.63586222361255,ios,1.6503466132047666,-0.06032731905628852,-0.13162001906565135
298,37.86975859202246,-122.25493594084145,1576110234.0,2019-12-11T16:23:54-08:00,POINT (-122.25493594084145 37.86975859202246),0.22142764519035366,391.27901730270895,ios,1.590019294148478,-0.19194733812193987,0.16001297005873738
299,37.869744552334645,-122.25493250426115,1576110235.0,2019-12-11T16:23:55-08:00,POINT (-122.25493250426115 37.869744552334645),0.29138919187539286,392.86431006151463,ios,1.3980719560265382,-0.03193436806320249,0.00218932406623229
300,37.86973244048456,-122.25492822949053,1576110236.0,2019-12-11T16:23:56-08:00,POINT (-122.25492822949053 37.86973244048456),0.4657227083605292,394.24886207063525,ios,1.3661375879633357,-0.0297450439969702,0.021950293164089585
301,37.86972074772964,-122.25492345180572,1576110237.0,2019-12-11T16:23:57-08:00,POINT (-122.25492345180572 37.86972074772964),0.6906470972157877,395.593921888431,ios,1.3363925439663655,-0.007794750832880615,-0.16043178246572576
302,37.86970905497471,-122.25491993140639,1576110238.0,2019-12-11T16:23:58-08:00,POINT (-122.25491993140639 37.86970905497471),0.8061861442112609,396.9227231705381,ios,1.328597793133485,-0.16822653329860637,0.2063208431721375
303,37.86969732031027,-122.25491708155931,1576110239.0,2019-12-11T16:23:59-08:00,POINT (-122.25491708155931 37.86969732031027),0.8627026997094348,398.2474527937212,ios,1.1603712598348785,0.03809430987353113,0.10089615083014825
304,37.869686884840824,-122.25491708155931,1576110240.0,2019-12-11T16:24:00-08:00,POINT (-122.25491708155931 37.869686884840824),0.6924721976344732,399.3927433615888,ios,1.1984655697084097,0.13899046070367937,-0.02712877235173483
305,37.86967611409525,-122.2549175844735,1576110241.0,2019-12-11T16:24:01-08:00,POINT (-122.2549175844735 37.86967611409525),0.47301823082790473,400.5683269928601,ios,1.337456030412089,0.11186168835194454,-0.0062071927988642805
306,37.8696640860642,-122.2549175844735,1576110242.0,2019-12-11T16:24:02-08:00,POINT (-122.2549175844735 37.8696640860642),0.2768087653096095,401.8884008515763,ios,1.4493177187640336,0.10565449555308026,-0.13277756876763655
307,37.869651052204766,-122.25491766829253,1576110243.0,2019-12-11T16:24:03-08:00,POINT (-122.25491766829253 37.869651052204766),1.0079737988754205,402.4138521344997,ios,1.5549722143171139,-0.027123073214556277,0.10939269598461522
308,37.869609394146,-122.25491138186516,1576110246.0,2019-12-11T16:24:06-08:00,POINT (-122.25491138186516 37.869609394146),5.661959131804962,402.5177771132432,ios,1.473602994673445,0.3010550147392894,-0.5222814098779887
309,37.869596527924635,-122.25490735855163,1576110247.0,2019-12-11T16:24:07-08:00,POINT (-122.25490735855163 37.869596527924635),7.117041724646242,402.73212202499343,ios,1.7746580094127344,-0.22122639513869924,-0.06413528597065854
310,37.86958081185619,-122.2549038381523,1576110248.0,2019-12-11T16:24:08-08:00,POINT (-122.2549038381523 37.86958081185619),8.882579828724355,402.8718987094141,ios,1.5534316142740352,-0.2853616811093578,0.40325820170540183
311,37.8695671074445,-122.254900401572,1576110249.0,2019-12-11T16:24:09-08:00,POINT (-122.254900401572 37.8695671074445),10.425245023017743,403.02589528174036,ios,1.2680699331646774,0.11789652059604405,-0.06546498390845616
312,37.86953311882714,-122.25489545624913,1576110252.0,2019-12-11T16:24:12-08:00,POINT (-122.25489545624913 37.86953311882714),14.220849168451071,403.09460222702336,ios,1.6217594949528096,-0.07849843112932442,-0.029609176553588412
313,37.8695189953203,-122.25489084620239,1576110253.0,2019-12-11T16:24:13-08:00,POINT (-122.25489084620239 37.8695189953203),15.819766688602753,403.3468403384442,ios,1.5432610638234852,-0.10810760768291283,-0.013712046706757519
314,37.86950550045619,-122.25488673906983,1576110254.0,2019-12-11T16:24:14-08:00,POINT (-122.25488673906983 37.86950550045619),17.344986585647142,403.56178721405024,ios,1.4351534561405723,-0.12181965438967035,0.06681691934789499
315,37.869492718053856,-122.25488447595598,1576110255.0,2019-12-11T16:24:15-08:00,POINT (-122.25488447595598 37.869492718053856),18.775859230005054,403.62293253327107,ios,1.313333801750902,-0.055002735041775365,0.02972983483107214
316,37.86945747215102,-122.25487986590923,1576110258.0,2019-12-11T16:24:18-08:00,POINT (-122.25487986590923 37.86945747215102),22.707465666747275,403.64881478338344,ios,1.1483255966255759,0.03418676945144106,-0.202740660055714
317,37.86944745577673,-122.25487668078603,1576110259.0,2019-12-11T16:24:19-08:00,POINT (-122.25487668078603 37.86944745577673),23.84069978006221,403.8203206194112,ios,1.182512366077017,-0.16855389060427295,-0.845404584868471
318,37.86943743940244,-122.25487215455831,1576110260.0,2019-12-11T16:24:20-08:00,POINT (-122.25487215455831 37.86943743940244),24.549971162100825,428.31724264036944,ios,1.013958475472744,-1.013958475472744,1.013958475472744
319,37.86942943445589,-122.25486662234394,1576110261.0,2019-12-11T16:24:21-08:00,POINT (-122.25486662234394 37.86942943445589),24.829257549780245,428.31724264036944,ios,0.0,0.0,0.0
