,latitude,longitude,ts,fmt_time,geometry,gt_distance,gt_projection,source,speed,acceleration,jerk
0,37.79124438308213,-122.39530021361507,1574301034.0,2019-11-20T17:50:34-08:00,POINT (-122.39530021361507 37.79124438308213),24.900334062975134,34.6198753304879,ios,0.9246101893452432,0.07466293864473811,0.009772650915522388
1,37.791268103791204,-122.39532971766069,1574301038.0,2019-11-20T17:50:38-08:00,POINT (-122.39532971766069 37.791268103791204),21.202883137101466,34.68367847902795,ios,1.2232619439241956,0.11375354230682766,-0.35507769172760373
2,37.79127795252743,-122.39533592026903,1574301039.0,2019-11-20T17:50:39-08:00,POINT (-122.39533592026903 37.79127795252743),20.04824607280454,35.08261084415085,ios,1.3370154862310233,-0.24132414942077607,0.4735922736656526
3,37.79128654397818,-122.39534656528606,1574301040.0,2019-11-20T17:50:40-08:00,POINT (-122.39534656528606 37.79128654397818),18.711646179663184,35.10825241820144,ios,1.0956913368102472,0.23226812424487653,-0.16455046703898013
4,37.79129433914813,-122.39535419281795,1574301041.0,2019-11-20T17:50:41-08:00,POINT (-122.39535419281795 37.79129433914813),17.626718841835764,35.25659412481463,ios,1.3279594610551237,0.0677176572058964,-0.034058161736169934
5,37.791305528988865,-122.39535947341695,1574301042.0,2019-11-20T17:50:42-08:00,POINT (-122.39535947341695 37.791305528988865),16.42601921808725,35.81865140395697,ios,1.3956771182610201,0.033659495469726464,-0.08535803614758253
6,37.791316844558146,-122.39536634657755,1574301043.0,2019-11-20T17:50:43-08:00,POINT (-122.39536634657755 37.791316844558146),15.115350432204204,36.29259632422917,ios,1.4293366137307466,-0.051698540677856064,-0.5596454256408007
7,37.79132895640823,-122.39537179481461,1574301044.0,2019-11-20T17:50:44-08:00,POINT (-122.39537179481461 37.79132895640823),13.832547299850114,36.91743836569801,ios,1.3776380730528905,-0.6113439663186567,0.6180117415972877
8,37.79134069107267,-122.39537682395651,1574301045.0,2019-11-20T17:50:45-08:00,POINT (-122.39537682395651 37.79134069107267),12.605388292465484,37.53818335011434,ios,0.7662941067342338,0.006667775278630971,-0.0009525412383738066
9,37.79138113375547,-122.3954101001121,1574301052.0,2019-11-20T17:50:52-08:00,POINT (-122.3954101001121 37.79138113375547),7.372826015466458,38.69561380660579,ios,0.8129685336846506,-1.3389985675793525e-08,-6.0473156671458916e-05
10,37.791387769593356,-122.39541398382354,1574301053.0,2019-11-20T17:50:53-08:00,POINT (-122.39541398382354 37.791387769593356),6.613451813657356,38.982602006562765,ios,0.8129685202946649,-6.048654665713471e-05,-0.7453864580828264
11,37.79139440543124,-122.39541786753497,1574301054.0,2019-11-20T17:50:54-08:00,POINT (-122.39541786753497 37.79139440543124),5.8540776455663215,39.26959026175939,ios,0.8129080337480078,-0.7454469446294836,0.7630084559570768
12,37.791401040775504,-122.39542175095752,1574301055.0,2019-11-20T17:50:55-08:00,POINT (-122.39542175095752 37.791401040775504),5.0947599988055545,39.55655722080864,ios,0.06746108911852416,0.01756151132759317,0.001909352475781992
13,37.791425851347384,-122.39544383706776,1574301105.0,2019-11-20T17:51:45-08:00,POINT (-122.39544383706776 37.791425851347384),1.7795036662202577,40.16363851550027,ios,0.9455366554981826,0.11302913511669277,0.14007701907442094
14,37.791431383264985,-122.39543566491676,1574301106.0,2019-11-20T17:51:46-08:00,POINT (-122.39543566491676 37.791431383264985),1.8644154125015697,41.10558243438005,ios,1.0585657906148753,0.2531061541911137,-0.2784687331627653
15,37.79143901079687,-122.39542845648005,1574301107.0,2019-11-20T17:51:47-08:00,POINT (-122.39542845648005 37.79143901079687),1.726049675746222,42.15434141694846,ios,1.311671944805989,-0.025362578971651617,-0.043863469786306286
16,37.79144911099019,-122.39542074512913,1574301108.0,2019-11-20T17:51:48-08:00,POINT (-122.39542074512913 37.79144911099019),1.4274319716228603,43.4301384125635,ios,1.2863093658343374,-0.0692260487579579,0.29063632467266354
17,37.79145925309303,-122.39541370433047,1574301109.0,2019-11-20T17:51:49-08:00,POINT (-122.39541370433047 37.79145925309303),1.0843556658054454,44.66682582792012,ios,1.2170833170763795,0.22141027591470563,-0.12506983380459058
18,37.79146838936749,-122.39540607679858,1574301110.0,2019-11-20T17:51:50-08:00,POINT (-122.39540607679858 37.79146838936749),0.8565216606638303,45.861267642295985,ios,1.4384935929910851,0.09634044211011505,-0.3396677183276169
19,37.791477609460976,-122.39539459359123,1574301111.0,2019-11-20T17:51:51-08:00,POINT (-122.39539459359123 37.791477609460976),0.8650554289515894,47.29956902816723,ios,1.5348340351012002,-0.24332727621750183,0.34238323692204786
20,37.7914858656356,-122.39538059581294,1574301112.0,2019-11-20T17:51:52-08:00,POINT (-122.39538059581294 37.7914858656356),1.106707230661488,48.81605991653452,ios,1.2915067588836984,0.09905596070454603,-0.08024790075112298
21,37.79149445708635,-122.3953707051672,1574301113.0,2019-11-20T17:51:53-08:00,POINT (-122.3953707051672 37.79149445708635),1.0636616020449805,50.10648645959023,ios,1.3905627195882444,0.01880805995342305,-0.12287148406087911
22,37.79150552119854,-122.3953633290924,1574301114.0,2019-11-20T17:51:54-08:00,POINT (-122.3953633290924 37.79150552119854),0.6705327215145588,51.43847864535325,ios,1.4093707795416675,-0.10406342410745606,0.1194516227453788
23,37.79151700440588,-122.39535653975084,1574301115.0,2019-11-20T17:51:55-08:00,POINT (-122.39535653975084 37.79151700440588),0.20795560798822743,52.76763944892342,ios,1.3053073554342114,0.015388198637922734,0.018753886313860546
24,37.791527817060974,-122.39535075623765,1574301116.0,2019-11-20T17:51:56-08:00,POINT (-122.39535075623765 37.791527817060974),0.2659935777393631,53.98169561341929,ios,1.3206955540721341,0.03414208495178328,0.1106785573929685
25,37.791536701878336,-122.39534078177287,1574301117.0,2019-11-20T17:51:57-08:00,POINT (-122.39534078177287 37.791536701878336),0.32650345664518227,55.3005642214509,ios,1.3548376390239174,0.14482064234475178,-0.035996100644148266
26,37.79154747262391,-122.39533357333615,1574301118.0,2019-11-20T17:51:58-08:00,POINT (-122.39533357333615 37.79154747262391),0.7074492547656426,56.59895695639535,ios,1.4996582813686692,0.10882454170060352,-0.31102724155366857
27,37.791560380754795,-122.39532862801327,1574301119.0,2019-11-20T17:51:59-08:00,POINT (-122.39532862801327 37.791560380754795),1.3966469235069126,57.92777300391243,ios,1.6084828230692727,-0.20220269985306505,-0.09449617039093106
28,37.791574127076,-122.39532292831912,1574301120.0,2019-11-20T17:52:00-08:00,POINT (-122.39532292831912 37.791574127076),2.1033080312749193,59.36952962809784,ios,1.4062801232162077,-0.2966988702439961,0.45627114612103026
29,37.79158615510705,-122.39531798299625,1574301121.0,2019-11-20T17:52:01-08:00,POINT (-122.39531798299625 37.79158615510705),2.7242764735106104,60.6284882562251,ios,1.1095812529722116,0.15957227587703415,0.056507603205945056
30,37.79159495610538,-122.395312031845,1574301122.0,2019-11-20T17:52:02-08:00,POINT (-122.395312031845 37.79159495610538),3.031714013343488,61.69318355616028,ios,1.2691535288492457,0.2160798790829792,-0.19076780873460053
31,37.79160484675112,-122.39530482340827,1574301123.0,2019-11-20T17:52:03-08:00,POINT (-122.39530482340827 37.79160484675112),3.344431080899953,62.92171860701596,ios,1.485233407932225,0.02531207034837868,-0.10859945137381688
32,37.791616329958465,-122.395296190048,1574301124.0,2019-11-20T17:52:04-08:00,POINT (-122.395296190048 37.791616329958465),3.6908566802838556,64.36432511472583,ios,1.5105454782806036,-0.0832873810254382,-0.00081833649581875
33,37.79162819035145,-122.39528780814483,1574301125.0,2019-11-20T17:52:05-08:00,POINT (-122.39528780814483 37.79162819035145),4.0823627606322725,65.82140033580352,ios,1.4272580972551654,-0.08410571752125695,0.046260335099018945
34,37.79163975737783,-122.39528076734616,1574301126.0,2019-11-20T17:52:06-08:00,POINT (-122.39528076734616 37.79163975737783),4.53560071916469,67.17268314434203,ios,1.3431523797339084,-0.037845382422238005,0.23756237234433852
35,37.791650737670984,-122.39527439709975,1574301127.0,2019-11-20T17:52:07-08:00,POINT (-122.39527439709975 37.791650737670984),4.9855899057533355,68.43614110758281,ios,1.3053069973116704,0.19971698992210052,-0.2221741018526946
36,37.791661550326076,-122.39526861358657,1574301128.0,2019-11-20T17:52:08-08:00,POINT (-122.39526861358657 37.791661550326076),5.459540863133404,69.65019623732088,ios,1.505023987233771,-0.022457111930594076,-0.038061207897953864
37,37.791673201171484,-122.39525989640727,1574301129.0,2019-11-20T17:52:09-08:00,POINT (-122.39525989640727 37.791673201171484),5.813683890225404,71.11126500755181,ios,1.4825668753031769,-0.06051831982854794,0.22023767907853187
38,37.79168409764561,-122.39525017339959,1574301130.0,2019-11-20T17:52:10-08:00,POINT (-122.39525017339959 37.79168409764561),6.045988601477244,72.57433597801484,ios,1.422048555474629,0.15971935924998393,-0.2570376584743155
39,37.7916957065815,-122.39524338405802,1574301131.0,2019-11-20T17:52:11-08:00,POINT (-122.39524338405802 37.7916957065815),6.518315499825357,73.91347484641621,ios,1.5817679147246129,-0.09731829922433155,0.27699618621320754
40,37.79170924335512,-122.39523785200193,1574301132.0,2019-11-20T17:52:12-08:00,POINT (-122.39523785200193 37.79170924335512),7.219292843944106,75.3282842341509,ios,1.4844496155002813,0.179677886988876,-0.2463452684929166
41,37.791722067666974,-122.39523315813615,1574301133.0,2019-11-20T17:52:13-08:00,POINT (-122.39523315813615 37.791722067666974),7.917833570093637,76.63497590623098,ios,1.6641275024891573,-0.06666738150404061,-0.09194098329559042
42,37.79173564635011,-122.39522519532814,1574301134.0,2019-11-20T17:52:14-08:00,POINT (-122.39522519532814 37.79173564635011),8.468949878015414,78.20265467291117,ios,1.5974601209851167,-0.15860836479963103,-0.11485991971611709
43,37.79174842875245,-122.395216897244,1574301135.0,2019-11-20T17:52:15-08:00,POINT (-122.395216897244 37.79174842875245),8.937216232008161,79.72775582887047,ios,1.4388517561854857,-0.2734682845157481,0.24496010165988125
44,37.79176007959786,-122.3952097726263,1574301136.0,2019-11-20T17:52:16-08:00,POINT (-122.3952097726263 37.79176007959786),9.391674370620775,81.09084733295495,ios,1.1653834716697375,-0.02850818285586687,-0.18478097834871732
45,37.79176963496747,-122.39520432438924,1574301137.0,2019-11-20T17:52:17-08:00,POINT (-122.39520432438924 37.79176963496747),9.789274557477315,82.18447907145179,ios,1.1368752888138707,-0.2132891612045842,0.2132424522073143
46,37.79177893887999,-122.39519895997121,1574301138.0,2019-11-20T17:52:18-08:00,POINT (-122.39519895997121 37.79177893887999),10.17266034845577,83.2529949024817,ios,0.9235861276092865,-4.67089972698842e-05,-0.018224700925842052
47,37.79178589603545,-122.39519321822243,1574301139.0,2019-11-20T17:52:19-08:00,POINT (-122.39519321822243 37.79178589603545),10.350346670064358,84.1584527803563,ios,0.9235394186120166,-0.018271409923111936,0.018226486132990383
48,37.79179285283926,-122.39518747676388,1574301140.0,2019-11-20T17:52:20-08:00,POINT (-122.39518747676388 37.79179285283926),10.528024099800808,85.06386484646302,ios,0.9052680086889047,-4.4923790121553786e-05,-0.31050939284161594
49,37.79179932802001,-122.39518123209116,1574301141.0,2019-11-20T17:52:21-08:00,POINT (-122.39518123209116 37.79179932802001),10.636667011842274,85.96200685371757,ios,0.9052230848987831,-0.3105543166317375,0.3105248175914749
50,37.79180580287966,-122.39517498772815,1574301142.0,2019-11-20T17:52:22-08:00,POINT (-122.39517498772815 37.79180580287966),10.745304634604251,86.86010428029948,ios,0.5946687682670456,-2.9499040262614962e-05,0.1788397744849478
51,37.791810308264324,-122.39517134150987,1574301143.0,2019-11-20T17:52:23-08:00,POINT (-122.39517134150987 37.791810308264324),10.864913059759681,87.44203516625143,ios,0.594639269226783,0.1788102754446852,-0.17884863546366914
52,37.79181481342557,-122.39516769547237,1574301144.0,2019-11-20T17:52:24-08:00,POINT (-122.39516769547237 37.79181481342557),10.984515587023921,88.02393717961478,ios,0.7734495446714682,-3.836001898394059e-05,0.06752230863841902
53,37.79182156102493,-122.39516555803408,1574301145.0,2019-11-20T17:52:25-08:00,POINT (-122.39516555803408 37.79182156102493),11.372987669967541,88.69101970928999,ios,0.7734111846524843,0.06748394861943507,-0.06752568167058581
54,37.79182830828967,-122.39516342070176,1574301146.0,2019-11-20T17:52:26-08:00,POINT (-122.39516342070176 37.79182830828967),11.761440515261603,89.35806913814397,ios,0.8408951332719193,-4.1733051150738554e-05,0.6548001921777681
55,37.79183291845073,-122.39515583489131,1574301147.0,2019-11-20T17:52:27-08:00,POINT (-122.39515583489131 37.79183291845073),11.641021850489404,90.19068520979042,ios,0.8408534002207686,0.6547584591266173,-0.42638997183537874
56,37.79183752838316,-122.39514824945704,1574301148.0,2019-11-20T17:52:28-08:00,POINT (-122.39514824945704 37.79183752838316),11.520609251802155,91.02325997476915,ios,1.495611859347386,0.2283684872912386,-0.06497813896158022
57,37.79183786365929,-122.39513123419358,1574301149.0,2019-11-20T17:52:29-08:00,POINT (-122.39513123419358 37.79183786365929),10.47483148080692,92.0966730595164,ios,1.7239803466386245,0.16339034832965837,-0.16378162335201218
58,37.791837486473646,-122.39511162054016,1574301150.0,2019-11-20T17:52:30-08:00,POINT (-122.39511162054016 37.791837486473646),9.21015111059847,93.27339169157617,ios,1.887370694968283,-0.00039127502235380973,-0.22861275102589484
59,37.79183824084493,-122.39509016286804,1574301151.0,2019-11-20T17:52:31-08:00,POINT (-122.39509016286804 37.79183824084493),7.917042488170517,94.65337329096386,ios,1.886979419945929,-0.22900402604824865,-0.029564843126559603
60,37.791838911397186,-122.39506870519592,1574301152.0,2019-11-20T17:52:32-08:00,POINT (-122.39506870519592 37.791838911397186),6.617436125856013,96.0267021259339,ios,1.6579753938976804,-0.25856886917480826,-0.05817395837681105
61,37.79183937240186,-122.39504984591379,1574301153.0,2019-11-20T17:52:33-08:00,POINT (-122.39504984591379 37.79183937240186),5.465254074521271,97.22354217530456,ios,1.3994065247228722,-0.3167428275516193,0.18497985050034715
62,37.791839330492344,-122.39503392029776,1574301154.0,2019-11-20T17:52:34-08:00,POINT (-122.39503392029776 37.791839330492344),4.458871582725353,98.199981034372,ios,1.0826636971712529,-0.13176297705127216,0.13171670032614125
63,37.79184046204927,-122.39502168271913,1574301155.0,2019-11-20T17:52:35-08:00,POINT (-122.39502168271913 37.79184046204927),3.775766761765942,99.04266967173749,ios,0.9509007201199807,-4.627672513091152e-05,0.17384720758863115
64,37.79184272521817,-122.39501124699589,1574301156.0,2019-11-20T17:52:36-08:00,POINT (-122.39501124699589 37.79184272521817),3.2938867163395495,99.86432630998695,ios,0.9508544433948498,0.17380093086350024,-0.6346584054774048
65,37.791844988276985,-122.39500081178022,1574301157.0,2019-11-20T17:52:37-08:00,POINT (-122.39500081178022 37.791844988276985),2.8120302215110633,100.68594301923446,ios,1.12465537425835,-0.4608574746139046,0.4805387721641327
66,37.79185018505695,-122.39498983148708,1574301158.0,2019-11-20T17:52:38-08:00,POINT (-122.39498983148708 37.79185018505695),2.440182220702765,106.7287934429541,ios,0.6637978996444455,0.019681297550228113,0.0064528770528476526
67,37.79203270099851,-122.394783469031,1574301199.0,2019-11-20T17:53:19-08:00,POINT (-122.394783469031 37.79203270099851),24.740472685560814,107.92715149550963,ios,1.470731099203798,0.28424925671698187,-0.2232783007803889
68,37.79203907124492,-122.39479813736155,1574301200.0,2019-11-20T17:53:20-08:00,POINT (-122.39479813736155 37.79203907124492),24.341223715922585,109.34424802548615,ios,1.75498035592078,0.06097095593659296,-0.26387602984851055
69,37.79204573485794,-122.3948162422724,1574301201.0,2019-11-20T17:53:21-08:00,POINT (-122.3948162422724 37.79204573485794),23.753422135023776,111.00022495837969,ios,1.815951311857373,-0.2029050739119176,0.09684229171119596
70,37.79205348811838,-122.39483443100228,1574301202.0,2019-11-20T17:53:22-08:00,POINT (-122.39483443100228 37.79205348811838),23.24679765539425,112.7460978479765,ios,1.6130462379454553,-0.10606278220072163,-0.017909392306082905
71,37.792062121478644,-122.39484918315186,1574301203.0,2019-11-20T17:53:23-08:00,POINT (-122.39484918315186 37.792062121478644),23.021710659045077,114.34422518442926,ios,1.5069834557447337,-0.12397217450680453,0.6500849876448442
72,37.792072305491,-122.39486049872114,1574301204.0,2019-11-20T17:53:24-08:00,POINT (-122.39486049872114 37.792072305491),23.13129486442565,115.8466840009693,ios,1.3830112812379292,0.5261128131380397,-1.0916239330688855
73,37.79208332769367,-122.3948677909769,1574301205.0,2019-11-20T17:53:25-08:00,POINT (-122.3948677909769 37.79208332769367),23.555256176333792,117.16124780843447,ios,1.9091240943759689,-0.5655111199308458,0.6189879642609812
74,37.79209937903824,-122.39487550232782,1574301206.0,2019-11-20T17:53:26-08:00,POINT (-122.39487550232782 37.79209937903824),24.351892597653496,118.89274288919373,ios,1.343612974445123,0.053476844330135484,-0.05610176010675194
75,37.79219007123056,-122.39499846484735,1574301217.0,2019-11-20T17:53:37-08:00,POINT (-122.39499846484735 37.79219007123056),23.96000355564143,133.66820780870762,ios,1.9318582620766134,-0.5636425168441359,0.2510638141881827
76,37.79217837847563,-122.3950147257395,1574301218.0,2019-11-20T17:53:38-08:00,POINT (-122.3950147257395 37.79217837847563),22.031313636751726,133.78262133318603,ios,1.3682157452324775,-0.3125787026559532,-0.1875480265430145
77,37.79216999657246,-122.39502612512781,1574301219.0,2019-11-20T17:53:39-08:00,POINT (-122.39502612512781 37.79216999657246),20.664589353477048,133.84846761237367,ios,1.0556370425765242,-0.5001267291989677,0.5000994393265569
78,37.792165596073296,-122.39503677014484,1574301220.0,2019-11-20T17:53:40-08:00,POINT (-122.39503677014484 37.792165596073296),19.659840174133215,134.17608538231633,ios,0.5555103133775565,-2.728987241085168e-05,1.0556630391124031
79,37.792170038591074,-122.39503966197243,1574301221.0,2019-11-20T17:53:41-08:00,POINT (-122.39503966197243 37.792170038591074),19.833636600158556,134.70294595433774,ios,0.5554830235051457,1.0556357492399924,-0.6469761510953946
80,37.79217448089066,-122.39504255365802,1574301222.0,2019-11-20T17:53:42-08:00,POINT (-122.39504255365802 37.79217448089066),20.007424515512646,135.22978063532022,ios,1.6111187727451382,0.40865959814459774,-0.315799058630456
81,37.792187263292995,-122.3950511870183,1574301223.0,2019-11-20T17:53:43-08:00,POINT (-122.3950511870183 37.792187263292995),20.488212778104945,136.76537551886236,ios,2.019778370889736,0.09286053951414175,-0.9413746113085619
82,37.79220201544258,-122.39506459806337,1574301224.0,2019-11-20T17:53:44-08:00,POINT (-122.39506459806337 37.79220201544258),20.830631523604225,138.75437362065577,ios,2.1126389104038776,-0.8485140717944202,0.7537124535254143
83,37.792215887492326,-122.39508102659359,1574301225.0,2019-11-20T17:53:45-08:00,POINT (-122.39508102659359 37.792215887492326),20.91734350474284,140.8647639946652,ios,1.2641248386094575,-0.0948016182690059,-0.057672054291378005
84,37.792219826986816,-122.3950945214577,1574301226.0,2019-11-20T17:53:46-08:00,POINT (-122.3950945214577 37.792219826986816),20.397811741489605,142.0192913479902,ios,1.1693232203404516,-0.1524736725603839,0.14462001586188822
85,37.79222238346728,-122.39510742958858,1574301227.0,2019-11-20T17:53:47-08:00,POINT (-122.39510742958858 37.79222238346728),19.804851907954028,143.0295154374758,ios,1.0168495477800676,-0.007853656698495692,0.007804082846174509
86,37.79222351502421,-122.39511891279592,1574301228.0,2019-11-20T17:53:48-08:00,POINT (-122.39511891279592 37.79222351502421),19.18680105314542,143.8394749431064,ios,1.008995891081572,-4.9573852321183054e-05,0.6180144291804408
87,37.79222460469838,-122.39513031246419,1574301229.0,2019-11-20T17:53:49-08:00,POINT (-122.39513031246419 37.79222460469838),18.570580097394497,144.64092873019823,ios,1.0089463172292508,0.6179648553281196,-0.551084458831469
88,37.792225694319036,-122.39514171157253,1574301230.0,2019-11-20T17:53:50-08:00,POINT (-122.39514171157253 37.792225694319036),17.954389517718763,145.44234321778197,ios,1.6269111725573704,0.06688039649665067,0.15510529214254443
89,37.79223043009433,-122.39515922975018,1574301231.0,2019-11-20T17:53:51-08:00,POINT (-122.39515922975018 37.79223043009433),17.24999705890627,146.9117036387643,ios,1.693791569054021,0.2219856886391951,-0.7020878411385476
90,37.792235836421874,-122.395177250842,1574301232.0,2019-11-20T17:53:52-08:00,POINT (-122.395177250842 37.792235836421874),16.567744216150164,148.4647649717033,ios,1.9157772576932162,-0.4801021524993525,0.55150616875675
91,37.79224388304892,-122.39519652921929,1574301233.0,2019-11-20T17:53:53-08:00,POINT (-122.39519652921929 37.79224388304892),16.017220181060868,150.30193900940364,ios,1.4356751051938637,0.07140401625739745,-0.22096348465093274
92,37.792245140334394,-122.39521279011144,1574301234.0,2019-11-20T17:53:54-08:00,POINT (-122.39521279011144 37.792245140334394),15.114682792174895,151.42209081767584,ios,1.507079121451261,-0.1495594683935353,-0.10176345007452836
93,37.79224924746695,-122.39522913482263,1574301235.0,2019-11-20T17:53:55-08:00,POINT (-122.39522913482263 37.79224924746695),14.432799616471277,152.76884016898416,ios,1.3575196530577258,-0.25132291846806365,0.4007280723728177
94,37.79225155249032,-122.39524430606737,1574301236.0,2019-11-20T17:53:56-08:00,POINT (-122.39524430606737 37.79225155249032),13.680439956807165,153.90184375246105,ios,1.1061967345896622,0.14940515390475406,-0.2594516434056935
95,37.79225205540451,-122.39525687892213,1574301237.0,2019-11-20T17:53:57-08:00,POINT (-122.39525687892213 37.79225205540451),12.945422111493395,154.73150038387936,ios,1.2556018884944162,-0.11004648950093943,0.16901653769905267
96,37.792255952989485,-122.3952702899672,1574301238.0,2019-11-20T17:53:58-08:00,POINT (-122.3952702899672 37.792255952989485),12.427737839794029,155.8775028119329,ios,1.1455553989934768,0.058970048198113245,-0.1253816127905032
97,37.792258677108016,-122.39528286282196,1574301239.0,2019-11-20T17:53:59-08:00,POINT (-122.39528286282196 37.792258677108016),11.86872697272521,156.87966416782035,ios,1.20452544719159,-0.06641156459238995,0.07402069111141896
98,37.792262323235896,-122.39529577095284,1574301240.0,2019-11-20T17:54:00-08:00,POINT (-122.39529577095284 37.792262323235896),11.362112521204242,157.97451387517498,ios,1.1381138825992,0.007609126519029008,-0.19100957560615162
99,37.792265675997164,-122.39530800853147,1574301241.0,2019-11-20T17:54:01-08:00,POINT (-122.39530800853147 37.792265675997164),10.873578364759638,159.0044147002389,ios,1.145723009118229,-0.1834004490871226,0.18335291413882782
100,37.79226957358214,-122.39532007847204,1574301242.0,2019-11-20T17:54:02-08:00,POINT (-122.39532007847204 37.79226957358214),10.390219365205294,160.7604424337732,ios,0.9623225600311065,-4.753494829479177e-05,0.5670421000700716
101,37.79227453998232,-122.39532904732974,1574301243.0,2019-11-20T17:54:03-08:00,POINT (-122.39532904732974 37.79227453998232),10.168107254467952,161.69740858089173,ios,0.9622750250828117,0.5669945651217768,0.17602048763668188
102,37.7922795061374,-122.39533801574483,1574301244.0,2019-11-20T17:54:04-08:00,POINT (-122.39533801574483 37.7922795061374),9.946006231585129,162.63432847215108,ios,1.5292695902045885,0.7430150527584587,-0.8303601809510663
103,37.792290067335394,-122.39534916367604,1574301245.0,2019-11-20T17:54:05-08:00,POINT (-122.39534916367604 37.792290067335394),9.994176653995599,164.16213653508353,ios,2.272284642963047,-0.08734512819260765,-0.06358971444831152
104,37.79230710384147,-122.39536344427673,1574301246.0,2019-11-20T17:54:06-08:00,POINT (-122.39536344427673 37.79230710384147),10.315058458540163,166.40958024372247,ios,2.1849395147704396,-0.15093484264091916,-0.034731407391102476
105,37.79232308675407,-122.3953779088243,1574301247.0,2019-11-20T17:54:07-08:00,POINT (-122.3953779088243 37.79232308675407),10.546007658957409,168.58060670833981,ios,2.0340046721295204,-0.18566625003202164,0.17376544284873074
106,37.79233808970486,-122.39539115177159,1574301248.0,2019-11-20T17:54:08-08:00,POINT (-122.39539115177159 37.79233808970486),10.78478284385373,170.59889270781343,ios,1.8483384220974988,-0.011900807183290896,-0.24903734637265051
107,37.79235179484928,-122.39540305479464,1574301249.0,2019-11-20T17:54:09-08:00,POINT (-122.39540305479464 37.79235179484928),11.045590150071504,171.81584881525927,ios,1.8364376149142079,-0.2609381535559414,-0.3724692044384055
108,37.79236541584369,-122.39541487363094,1574301250.0,2019-11-20T17:54:10-08:00,POINT (-122.39541487363094 37.79236541584369),11.376902976865527,173.6205855454828,ios,1.5754994613582665,-0.6334073579943469,0.6328988997158522
109,37.79237656494931,-122.39542593830954,1574301251.0,2019-11-20T17:54:11-08:00,POINT (-122.39542593830954 37.79237656494931),11.561436697199415,175.18431567589832,ios,0.9420921033639196,-0.0005084582784946612,0.3447380215690914
110,37.79238251794936,-122.39543356716213,1574301252.0,2019-11-20T17:54:12-08:00,POINT (-122.39543356716213 37.79238251794936),11.552735621530275,176.1263148194063,ios,0.9415836450854249,0.34422956329059673,-0.2750999031826198
111,37.792388467322596,-122.39544119241513,1574301253.0,2019-11-20T17:54:13-08:00,POINT (-122.39544119241513 37.792388467322596),11.54397464383341,177.0678052269949,ios,1.2858132083760216,0.06912966010797694,0.1512310557082337
112,37.792397897991144,-122.39544966042502,1574301254.0,2019-11-20T17:54:14-08:00,POINT (-122.39544966042502 37.792397897991144),11.75560005395879,178.335071897143,ios,1.3549428684839986,0.22036071581621064,-0.44207878633813635
113,37.79240929706044,-122.39545510957115,1574301255.0,2019-11-20T17:54:15-08:00,POINT (-122.39545510957115 37.79240929706044),12.309635000046343,179.5691014498384,ios,1.5753035843002092,-0.22171807052192571,-0.39363494298651347
114,37.79242287565869,-122.39546022278887,1574301256.0,2019-11-20T17:54:16-08:00,POINT (-122.39546022278887 37.79242287565869),13.055455172806589,180.95336988787986,ios,1.3535855137782835,-0.6153530135084392,0.6150889074008925
115,37.79243469465185,-122.39546391117443,1574301257.0,2019-11-20T17:54:17-08:00,POINT (-122.39546391117443 37.79243469465185),13.752121738938923,182.1108394132146,ios,0.7382325002698443,-0.00026410610754667996,-0.17388960486331873
116,37.79244131757377,-122.39546332530396,1574301258.0,2019-11-20T17:54:18-08:00,POINT (-122.39546332530396 37.79244131757377),14.307798446044048,182.5944244636996,ios,0.7379683941622976,-0.1741537109708654,0.17394903196607625
117,37.79244793807292,-122.39546273867745,1574301259.0,2019-11-20T17:54:19-08:00,POINT (-122.39546273867745 37.79244793807292),14.863332336094325,183.07777225435692,ios,0.5638146831914322,-0.00020467900478915446,0.29674855319692417
118,37.7924515650844,-122.39545825485135,1574301260.0,2019-11-20T17:54:20-08:00,POINT (-122.39545825485135 37.7924515650844),15.4270423372929,183.08363774469476,ios,0.5636100041866431,0.296543874192135,-0.2963666160294295
119,37.79245518968717,-122.39545377123866,1574301261.0,2019-11-20T17:54:21-08:00,POINT (-122.39545377123866 37.79245518968717),15.990550209671344,183.08932742067717,ios,0.8601538783787781,0.0001772581627055292,-0.00017722399403297118
120,37.79244988297762,-122.39546089352139,1574301262.0,2019-11-20T17:54:22-08:00,POINT (-122.39546089352139 37.79244988297762),15.1307656590641,183.1157035967381,ios,0.8603311365414836,3.416867255801037e-08,1.1523076756705912
121,37.79244457512738,-122.39546801721514,1574301263.0,2019-11-20T17:54:23-08:00,POINT (-122.39546801721514 37.79244457512738),14.270803740576374,183.14207807773533,ios,0.8603311707101562,1.1523077098392638,-1.5645334772777317
122,37.792439267277125,-122.3954751409089,1574301264.0,2019-11-20T17:54:24-08:00,POINT (-122.3954751409089 37.792439267277125),13.410841792442373,183.16845265891777,ios,2.01263888054942,-0.41222576743846795,0.23037225842418485
123,37.79241571297895,-122.39550992680813,1574301266.0,2019-11-20T17:54:26-08:00,POINT (-122.39550992680813 37.79241571297895),9.396899898271414,183.482912864173,ios,1.188187345672484,0.04851874940990175,0.06172166509943744
124,37.79241504157562,-122.39552342215615,1574301267.0,2019-11-20T17:54:27-08:00,POINT (-122.39552342215615 37.79241504157562),8.503369549617949,184.26970451672807,ios,1.2367060950823858,0.11024041450933919,0.1358504359469248
125,37.79242183026733,-122.39553457041214,1574301268.0,2019-11-20T17:54:28-08:00,POINT (-122.39553457041214 37.79242183026733),8.340884648631237,185.49625454598709,ios,1.346946509591725,0.246090850456264,0.5071968466959158
126,37.79243197214852,-122.39554295260994,1574301269.0,2019-11-20T17:54:29-08:00,POINT (-122.39554295260994 37.79243197214852),8.613610544727598,186.8140268381349,ios,1.593037360047989,0.7532876971521798,-0.7894358291138315
127,37.79243272727126,-122.39556105684156,1574301270.0,2019-11-20T17:54:30-08:00,POINT (-122.39556105684156 37.79243272727126),7.544725506631069,187.99953561645003,ios,2.346325057200169,-0.036148131961651675,0.7179121916016218
128,37.79243063199246,-122.39558762703496,1574301271.0,2019-11-20T17:54:31-08:00,POINT (-122.39558762703496 37.79243063199246),5.724881402180354,189.48787738027494,ios,2.310176925238517,0.6817640596399701,0.4248870426828688
129,37.792422879068035,-122.39561201865924,1574301272.0,2019-11-20T17:54:32-08:00,POINT (-122.39561201865924 37.792422879068035),3.5972811650926957,190.39646007278517,ios,2.9919409848784873,1.106651102322839,-2.2920538839705076
130,37.79240846252884,-122.39564076846979,1574301273.0,2019-11-20T17:54:33-08:00,POINT (-122.39564076846979 37.79240846252884),0.6757597012453439,191.05293045982285,ios,4.098592087201326,-1.1854027816476687,3.091563038205905
131,37.79238981293018,-122.39568100117954,1574301274.0,2019-11-20T17:54:34-08:00,POINT (-122.39568100117954 37.79238981293018),3.2930939683075784,192.09134625657236,ios,2.9131893055536575,1.9061602565582363,-2.954549664773999
132,37.79237723970689,-122.39571008708832,1574301275.0,2019-11-20T17:54:35-08:00,POINT (-122.39571008708832 37.79237723970689),6.09106012296537,192.91346385005832,ios,4.819349562111894,-1.0483894082157628,0.9113122198144374
133,37.79235041817647,-122.3957531695806,1574301276.0,2019-11-20T17:54:36-08:00,POINT (-122.3957531695806 37.79235041817647),10.878084291851842,193.48750531756983,ios,3.770960153896131,-0.13707718840132532,-1.4140478075804412
134,37.79233809609295,-122.3957931516191,1574301277.0,2019-11-20T17:54:37-08:00,POINT (-122.3957931516191 37.79233809609295),14.335303501852017,195.0071676304512,ios,3.6338829654948057,-1.5511249959817666,1.1092317085920673
135,37.79232610993053,-122.39583162470177,1574301278.0,2019-11-20T17:54:38-08:00,POINT (-122.39583162470177 37.79232610993053),17.67216622979567,196.45933958952034,ios,2.082757969513039,-0.44189328738969924,1.5360766813757185
136,37.792324014104686,-122.39585517847982,1574301279.0,2019-11-20T17:54:39-08:00,POINT (-122.39585517847982 37.792324014104686),19.304097961508898,197.76000185690154,ios,1.64086468212334,1.0941833939860193,-0.34126068076218563
137,37.792328749690945,-122.39587286450973,1574301280.0,2019-11-20T17:54:40-08:00,POINT (-122.39587286450973 37.792328749690945),20.03489248422456,199.23204425182712,ios,2.735048076109359,0.7529227132238336,-2.328039179153857
138,37.7923266543907,-122.3959038773181,1574301281.0,2019-11-20T17:54:41-08:00,POINT (-122.3959038773181 37.7923266543907),22.13155532448063,200.99675753793414,ios,3.487970789333193,-1.5751164659300234,1.5765216641665347
139,37.79232409791591,-122.39594343978088,1574301282.0,2019-11-20T17:54:42-08:00,POINT (-122.39594343978088 37.79232409791591),24.797098921224386,203.25711495997112,ios,1.9128543234031694,0.0014051982365112777,-0.01622404328190834
140,37.79280450664255,-122.39650444139018,1574301320.0,2019-11-20T17:55:20-08:00,POINT (-122.39650444139018 37.79280450664255),24.92931802094794,275.1009500869327,ios,1.966251856390598,-0.6151084464760057,0.7741270649262282
141,37.79282143808695,-122.39651089545562,1574301321.0,2019-11-20T17:55:21-08:00,POINT (-122.39651089545562 37.79282143808695),24.070064917999762,276.86550634355245,ios,1.3511434099145923,0.15901861845022247,-0.04965344441742392
142,37.7928326698372,-122.39651676278784,1574301322.0,2019-11-20T17:55:22-08:00,POINT (-122.39651676278784 37.7928326698372),23.60252960793562,278.1309170403436,ios,1.5101620283648147,0.10936517403279855,-0.040832363562190555
143,37.79284473977777,-122.39652464177682,1574301323.0,2019-11-20T17:55:23-08:00,POINT (-122.39652464177682 37.79284473977777),23.201784352238505,279.58489948187815,ios,1.6195272023976133,0.068532810470608,0.6004441985668321
144,37.79285731263253,-122.39653394568934,1574301324.0,2019-11-20T17:55:24-08:00,POINT (-122.39653394568934 37.79285731263253),22.855193117299667,281.16506056874437,ios,1.6880600128682213,0.6689770090374401,-2.477443414960253
145,37.79286133594605,-122.39655246969535,1574301325.0,2019-11-20T17:55:25-08:00,POINT (-122.39655246969535 37.79286133594605),23.748738785151094,282.60065683027335,ios,2.3570370219056613,-1.808466405922813,1.802811038747732
146,37.792878393119004,-122.39656839531138,1574301326.0,2019-11-20T17:55:26-08:00,POINT (-122.39656839531138 37.792878393119004),23.494383375191344,284.60395654272213,ios,0.5485706159828483,-0.00565536717508091,5.830275438227743e-05
147,37.793345734067216,-122.39643814495189,1574301423.0,2019-11-20T17:57:03-08:00,POINT (-122.39643814495189 37.793345734067216),22.95054293641544,298.78488588180346,ios,0.0,0.0,0.0
