,latitude,longitude,ts,fmt_time,geometry,gt_distance,gt_projection,source,speed,acceleration,jerk
0,37.86947796658995,-122.25753570807801,1568156983.0,2019-09-10T16:09:43-07:00,POINT (-122.25753570807801 37.86947796658995),24.776150826152204,0.0,ios,1.4062744705868453,-1.4098995970712735e-08,-1.393879456301761e-09
1,37.86949020451141,-122.25753974946598,1568156984.0,2019-09-10T16:09:44-07:00,POINT (-122.25753974946598 37.86949020451141),23.37473286846586,0.0,ios,1.4062744564878493,-1.5492875427014496e-08,1.2586822695226374e-09
2,37.869502442432875,-122.25754379085394,1568156985.0,2019-09-10T16:09:45-07:00,POINT (-122.25754379085394 37.869502442432875),21.973596220511936,0.0,ios,1.406274440994974,-1.4234193157491859e-08,-6.293436882742753e-10
3,37.86951468035434,-122.25754783224188,1568156986.0,2019-09-10T16:09:46-07:00,POINT (-122.25754783224188 37.86951468035434),20.572798359767074,0.0,ios,1.4062744267607807,-1.4863536845766134e-08,-1.393879012212551e-09
4,37.86952691827581,-122.25755187362985,1568156987.0,2019-09-10T16:09:47-07:00,POINT (-122.25755187362985 37.86952691827581),19.172413539244953,0.0,ios,1.406274411897244,-1.6257415857978685e-08,2.787752473309979e-09
5,37.86953915619728,-122.25755591501782,1568156988.0,2019-09-10T16:09:48-07:00,POINT (-122.25755591501782 37.86953915619728),17.772539394056054,0.0,ios,1.406274395639828,-1.3469663384668706e-08,-1.3938787901679461e-09
6,37.86955139411874,-122.25755995640576,1568156989.0,2019-09-10T16:09:49-07:00,POINT (-122.25755995640576 37.86955139411874),16.37330690811388,0.0,ios,1.4062743821701646,-1.4863542174836653e-08,-3.146722882263475e-10
7,37.869563632040204,-122.25756399779372,1568156990.0,2019-09-10T16:09:50-07:00,POINT (-122.25756399779372 37.869563632040204),14.974895939351368,0.0,ios,1.4062743673066225,-1.5178214463063e-08,-1.3519652064530874e-10
8,37.86957586996167,-122.25756803918169,1568156991.0,2019-09-10T16:09:51-07:00,POINT (-122.25756803918169 37.86957586996167),13.577560325908037,0.0,ios,1.406274352128408,-1.531341098370831e-08,1.2143992478286236e-09
9,37.86958810788314,-122.25757208056964,1568156992.0,2019-09-10T16:09:52-07:00,POINT (-122.25757208056964 37.86958810788314),12.181670122594637,0.0,ios,1.406274336814997,-1.4099011735879685e-08,-0.0005515400128222048
10,37.8696003458046,-122.25757612195761,1568156993.0,2019-09-10T16:09:53-07:00,POINT (-122.25757612195761 37.8696003458046),10.787786428775016,0.0,ios,1.4062743227159853,-0.0005515541118339407,0.8916582708571008
11,37.86961258372607,-122.25758016334558,1568156994.0,2019-09-10T16:09:54-07:00,POINT (-122.25758016334558 37.86961258372607),9.396802192032142,0.0,ios,1.4057227686041514,0.8911067167452669,-1.5269163076388441
12,37.86962481684784,-122.2575842031485,1568156995.0,2019-09-10T16:09:55-07:00,POINT (-122.2575842031485 37.86962481684784),8.010770678169374,0.0,ios,2.296829485349418,-0.6358095908935772,0.26565349850673803
13,37.869643885677554,-122.2575942614323,1568156996.0,2019-09-10T16:09:56-07:00,POINT (-122.2575942614323 37.869643885677554),5.718819976257825,0.0,ios,1.661019894455841,-0.3701560923868392,0.33884297504661687
14,37.869653482956686,-122.25760876212479,1568156997.0,2019-09-10T16:09:57-07:00,POINT (-122.25760876212479 37.869653482956686),4.272994157486926,0.0,ios,1.2908638020690018,-0.03131311734022235,-0.1173752814601996
15,37.869664127973714,-122.25761462945701,1568156998.0,2019-09-10T16:09:58-07:00,POINT (-122.25761462945701 37.869664127973714),3.0023037140410525,0.0,ios,1.2595506847287794,-0.14868839880042195,0.855708650144569
16,37.86967142022947,-122.25762560975016,1568156999.0,2019-09-10T16:09:59-07:00,POINT (-122.25762560975016 37.86967142022947),2.1535780104360165,0.0,ios,1.1108622859283575,0.707020251344147,-0.5729431244738246
17,37.86967481490026,-122.25763751205267,1568157000.0,2019-09-10T16:10:00-07:00,POINT (-122.25763751205267 37.86967481490026),2.2319624909554303,0.0,ios,1.8178825372725045,0.13407712687032247,-0.9653463718439006
18,37.86967841911862,-122.25765771243931,1568157001.0,2019-09-10T16:10:01-07:00,POINT (-122.25765771243931 37.86967841911862),3.438107656196661,0.0,ios,1.951959664142827,-0.8312692449735781,0.8604741654150905
19,37.869669785758354,-122.25767707463564,1568157002.0,2019-09-10T16:10:02-07:00,POINT (-122.25767707463564 37.869669785758354),5.384702035607708,0.0,ios,1.1206904191692488,0.02920492044151235,-0.037583393629690764
20,37.869667145458855,-122.2576893960333,1568157003.0,2019-09-10T16:10:03-07:00,POINT (-122.2576893960333 37.869667145458855),6.49249303157747,0.0,ios,1.1498953396107612,-0.008378473188178415,-0.039088787558382077
21,37.86966777410159,-122.25770247180225,1568157004.0,2019-09-10T16:10:04-07:00,POINT (-122.25770247180225 37.86966777410159),7.5366014264247685,0.0,ios,1.1415168664225828,-0.04746726074656049,0.1155036315673067
22,37.86968803761946,-122.25770666274433,1568157006.0,2019-09-10T16:10:06-07:00,POINT (-122.25770666274433 37.86968803761946),7.440118028566527,0.6974685239493393,ios,1.0465823449294618,0.1835400023880529,-0.16679995032637707
23,37.86969744603882,-122.25770632747769,1568157007.0,2019-09-10T16:10:07-07:00,POINT (-122.25770632747769 37.86969744603882),7.27414755092771,1.7285274999738358,ios,1.2301223473175147,0.016740052061675836,0.2425552389125618
24,37.86970838442246,-122.2577084229535,1568157008.0,2019-09-10T16:10:08-07:00,POINT (-122.2577084229535 37.86970838442246),7.297900601263508,2.955886158428652,ios,1.2468623993791905,0.25929529097423765,-0.2766468811298406
25,37.86971928089658,-122.25771177571477,1568157009.0,2019-09-10T16:10:09-07:00,POINT (-122.25771177571477 37.86971928089658),7.431897039639955,4.193119856602705,ios,1.5061576903534282,-0.017351590155602947,0.0007047356652967185
26,37.86973214711795,-122.2577171401328,1568157010.0,2019-09-10T16:10:10-07:00,POINT (-122.2577171401328 37.86973214711795),7.713954014253141,5.530084119551054,ios,1.4888061001978252,-0.01664685449030623,-0.025994826945623384
27,37.86975787956069,-122.25772652786435,1568157012.0,2019-09-10T16:10:12-07:00,POINT (-122.25772652786435 37.86975787956069),8.696210656120138,6.159964017314113,ios,1.4555123912172128,-0.068636508381553,-0.08995711786149285
28,37.86977057814399,-122.25773055117787,1568157013.0,2019-09-10T16:10:13-07:00,POINT (-122.25773055117787 37.86977057814399),9.266352333656815,7.496146818722666,ios,1.3868758828356598,-0.15859362624304585,0.20300383112780307
29,37.869782689994075,-122.2577343230343,1568157014.0,2019-09-10T16:10:14-07:00,POINT (-122.2577343230343 37.869782689994075),9.804455277419114,8.77149480971414,ios,1.228282256592614,0.04441020488475722,-0.3057800462111653
30,37.869793712196746,-122.25773524504365,1568157015.0,2019-09-10T16:10:15-07:00,POINT (-122.25773524504365 37.869793712196746),10.076054613628717,9.96668284127359,ios,1.2726924614773711,-0.26136984132640806,0.3602642439612343
31,37.86980502776603,-122.25773742433847,1568157016.0,2019-09-10T16:10:16-07:00,POINT (-122.25773742433847 37.86980502776603),10.462015488739528,11.147149158163538,ios,1.011322620150963,0.09889440263482623,-0.05734091455761804
32,37.86984953567187,-122.25772560585501,1568157021.0,2019-09-10T16:10:21-07:00,POINT (-122.25772560585501 37.86984953567187),11.360056482707186,12.07826498298679,ios,1.5057946333250942,-0.18781017015326396,0.31127743965241605
33,37.869857456570365,-122.25771169189574,1568157022.0,2019-09-10T16:10:22-07:00,POINT (-122.25771169189574 37.869857456570365),10.757244125855207,13.459127134232883,ios,1.3179844631718303,0.1234672694991521,-0.1936699753355393
34,37.86986265335033,-122.25769819703163,1568157023.0,2019-09-10T16:10:23-07:00,POINT (-122.25769819703163 37.86986265335033),10.031652113682286,14.561345337023159,ios,1.4414517326709824,-0.07020270583638721,0.7181289407732527
35,37.86987229253898,-122.25768721673847,1568157024.0,2019-09-10T16:10:24-07:00,POINT (-122.25768721673847 37.86987229253898),9.748068733086665,15.97421794779835,ios,1.3712490268345952,0.6479262349368655,-0.915579164024849
36,37.86988297946552,-122.25767942156853,1568157025.0,2019-09-10T16:10:25-07:00,POINT (-122.25767942156853 37.86988297946552),9.815377129525727,16.585352951497562,ios,2.0191752617714607,-0.26765292908798344,0.3895155118720639
37,37.86990112628589,-122.25768025975884,1568157026.0,2019-09-10T16:10:26-07:00,POINT (-122.25768025975884 37.86990112628589),11.035422790803393,18.188805477875718,ios,1.7515223326834772,0.12186258278408046,0.2048795444802649
38,37.86991671662579,-122.25767740991176,1568157027.0,2019-09-10T16:10:27-07:00,POINT (-122.25767740991176 37.86991671662579),11.82691175721798,19.74723417649644,ios,1.8733849154675577,0.32674212726434537,-0.7594936981032538
39,37.86993356425116,-122.2576774937308,1568157028.0,2019-09-10T16:10:28-07:00,POINT (-122.2576774937308 37.86993356425116),12.90968546280537,21.271068734056477,ios,2.200127042731903,-0.4327515708389085,0.11823809170979116
40,37.86995280071894,-122.25767162639858,1568157029.0,2019-09-10T16:10:29-07:00,POINT (-122.25767162639858 37.86995280071894),13.717245056731306,23.313077998274828,ios,1.7673754718929946,-0.3145134791291173,0.17263274002869378
41,37.86996243990759,-122.25765561696352,1568157030.0,2019-09-10T16:10:30-07:00,POINT (-122.25765561696352 37.86996243990759),13.182217830436485,24.998448173427462,ios,1.4528619927638773,-0.14188073910042354,0.29895601088651746
42,37.8699714504535,-122.25764363084198,1568157031.0,2019-09-10T16:10:31-07:00,POINT (-122.25764363084198 37.8699714504535),12.896289610282713,26.422964985007628,ios,1.3109812536634537,0.15707527178609393,-1.4829209463854311
43,37.869978658890226,-122.25763181235851,1568157032.0,2019-09-10T16:10:32-07:00,POINT (-122.25763181235851 37.869978658890226),12.358564694256645,30.629321228238723,ios,1.4680565254495477,-1.3258456745993372,1.5993325105112708
44,37.86998289175133,-122.25761597056152,1568157033.0,2019-09-10T16:10:33-07:00,POINT (-122.25761597056152 37.86998289175133),11.083854058804132,37.920308442931415,ios,0.1422108508502105,0.2734868359119336,-0.23112033631404516
45,37.86998603496502,-122.25762108352244,1568157037.0,2019-09-10T16:10:37-07:00,POINT (-122.25762108352244 37.86998603496502),11.481728467642876,38.32721707926227,ios,1.236158194497945,-0.6509945093442471,0.6509625481557827
46,37.869996973348655,-122.2576235980934,1568157038.0,2019-09-10T16:10:38-07:00,POINT (-122.2576235980934 37.869996973348655),11.535073555300832,39.559724592130095,ios,0.5851636851536979,-3.196118846438001e-05,0.9216645411674163
47,37.869998524043076,-122.25761722767308,1568157039.0,2019-09-10T16:10:39-07:00,POINT (-122.25761722767308 37.869998524043076),10.956503988914285,39.65364522875193,ios,0.5851317239652335,0.9216325799789519,-1.006227232375415
48,37.87000007465283,-122.25761085760058,1568157040.0,2019-09-10T16:10:40-07:00,POINT (-122.25761085760058 37.87000007465283),10.377966029746833,39.74756078039561,ios,1.5067643039441854,-0.08459465239646291,0.006939682739016522
49,37.87010493226151,-122.25737046461762,1568157056.0,2019-09-10T16:10:56-07:00,POINT (-122.25737046461762 37.87010493226151),0.30215391312608725,99.05232120003213,ios,0.15324986560077886,0.02644027142780145,-0.0038185218783628777
50,37.87005883179407,-122.25742301915051,1568157101.0,2019-09-10T16:11:41-07:00,POINT (-122.25742301915051 37.87005883179407),5.668615109707425,103.38048532718604,ios,1.343062079851844,-0.14539321309852804,0.098364089015331
51,37.87004919260542,-122.25741379905702,1568157102.0,2019-09-10T16:11:42-07:00,POINT (-122.25741379905702 37.87004919260542),5.035125802273624,104.56380076206814,ios,1.197668866753316,-0.04702912408319704,0.07946357989795416
52,37.87003900859306,-122.25740935664834,1568157103.0,2019-09-10T16:11:43-07:00,POINT (-122.25740935664834 37.87003900859306),4.826147477698153,105.7410184180729,ios,1.150639742670119,0.032434455814757124,0.020841657840825034
53,37.87002978849957,-122.25740340549709,1568157104.0,2019-09-10T16:11:44-07:00,POINT (-122.25740340549709 37.87002978849957),4.4693546297639015,106.83338333302247,ios,1.183074198484876,0.05327611365558216,-0.14133390959806835
54,37.87002027503947,-122.2573973705268,1568157105.0,2019-09-10T16:11:45-07:00,POINT (-122.2573973705268 37.87002027503947),4.110377207073172,107.95905175507693,ios,1.2363503121404582,-0.0880577959424862,0.18816518680073235
55,37.870009839570024,-122.25739250902296,1568157106.0,2019-09-10T16:11:46-07:00,POINT (-122.25739250902296 37.870009839570024),3.9052144907497497,108.64162650713446,ios,1.148292516197972,0.10010739085824616,-0.060297344753932
56,37.86999056119273,-122.25738312129141,1568157108.0,2019-09-10T16:11:48-07:00,POINT (-122.25738312129141 37.86999056119273),4.273174595893069,109.58835163199946,ios,1.3485072979144643,-0.020487298649617847,0.06268937753726544
57,37.86997974853764,-122.25737616431178,1568157109.0,2019-09-10T16:11:49-07:00,POINT (-122.25737616431178 37.86997974853764),4.478165705208849,110.91942328219433,ios,1.3280199992648465,0.0422020788876476,0.1316772822753678
58,37.8699706541727,-122.25736635748507,1568157110.0,2019-09-10T16:11:50-07:00,POINT (-122.25736635748507 37.8699706541727),4.368331405616661,112.24237289963175,ios,1.370222078152494,0.1738793611630154,-0.31545909101965464
59,37.86996013488422,-122.25735822703899,1568157111.0,2019-09-10T16:11:51-07:00,POINT (-122.25735822703899 37.86996013488422),4.470555370396028,113.60738177844824,ios,1.5441014393155095,-0.14157972985663925,0.12172725570038367
60,37.86994785539607,-122.25735001277388,1568157112.0,2019-09-10T16:11:52-07:00,POINT (-122.25735001277388 37.86994785539607),4.680983406865956,115.13514742368673,ios,1.4025217094588702,-0.019852474156255573,0.05108014163307284
61,37.86993746183614,-122.25734096031846,1568157113.0,2019-09-10T16:11:53-07:00,POINT (-122.25734096031846 37.86993746183614),4.709258358829779,116.5362526380321,ios,1.3826692353026147,0.031227667476817267,0.053237260393100394
62,37.86992673300008,-122.25733299751045,1568157114.0,2019-09-10T16:11:54-07:00,POINT (-122.25733299751045 37.86992673300008),4.837037469724209,117.91150370445084,ios,1.413896902779432,0.08446492786991766,-0.4087785197339122
63,37.869917554816105,-122.25732184957923,1568157115.0,2019-09-10T16:11:55-07:00,POINT (-122.25732184957923 37.869917554816105),4.636941240907682,119.31096421024033,ios,1.4983618306493496,-0.32431359186399455,-0.6170269218356857
64,37.869907831808426,-122.25731003109576,1568157116.0,2019-09-10T16:11:56-07:00,POINT (-122.25731003109576 37.869907831808426),4.4243387099549905,120.79395045196975,ios,1.174048238785355,-0.9413405136996803,0.9413405156972923
65,37.86990012045751,-122.2573008948213,1568157117.0,2019-09-10T16:11:57-07:00,POINT (-122.2573008948213 37.86990012045751),4.2726348891509955,121.95792412249,ios,0.23270772508567472,1.9976119369768952e-09,6.000933638894423e-10
66,37.86989861691187,-122.25729905075137,1568157118.0,2019-09-10T16:11:58-07:00,POINT (-122.25729905075137 37.86989861691187),4.238582133773863,122.18809772756732,ios,0.23270772708328666,2.5977053008663376e-09,-6.00093530422896e-10
67,37.86989711336622,-122.25729720668146,1568157119.0,2019-09-10T16:11:59-07:00,POINT (-122.25729720668146 37.86989711336622),4.204529370984999,122.41827133749878,ios,0.23270772968099196,1.9976117704434415e-09,6.000935026673204e-10
68,37.86989560982058,-122.25729536261153,1568157120.0,2019-09-10T16:12:00-07:00,POINT (-122.25729536261153 37.86989560982058),4.170476599359443,122.64844494640087,ios,0.23270773167860373,2.597705273110762e-09,-6.000936692007741e-10
69,37.869894106274934,-122.25729351854162,1568157121.0,2019-09-10T16:12:01-07:00,POINT (-122.25729351854162 37.869894106274934),4.136423823709051,122.8786185570978,ios,0.232707734276309,1.997611603909988e-09,6.000936414451985e-10
70,37.869892602729294,-122.25729167447169,1568157122.0,2019-09-10T16:12:02-07:00,POINT (-122.25729167447169 37.869892602729294),4.102371037619193,123.1087921685172,ios,0.2327077362739206,2.5977052453551863e-09,-5.1710085766654146e-05
71,37.86989109918365,-122.25728983040177,1568157123.0,2019-09-10T16:12:03-07:00,POINT (-122.25728983040177 37.86989109918365),4.068318247229248,123.33896578135585,ios,0.23270773887162585,-5.170748806140879e-05,0.6200930943337996
72,37.86988959563801,-122.25728798633185,1568157124.0,2019-09-10T16:12:04-07:00,POINT (-122.25728798633185 37.86988959563801),4.0342654477760815,123.569139396795,ios,0.23265603138356444,0.6200413868457382,-0.4683267669482519
73,37.86988809242646,-122.2572861426717,1568157125.0,2019-09-10T16:12:05-07:00,POINT (-122.2572861426717 37.86988809242646),4.001827853446632,123.68584032017357,ios,0.8526974182293027,0.15171461989748625,-0.04611939901130405
74,37.8698858293126,-122.25725714128674,1568157128.0,2019-09-10T16:12:08-07:00,POINT (-122.25725714128674 37.8698858293126),2.603446835571606,124.58530120882766,ios,1.3078412779217614,0.01335642286357408,0.004797174593852649
75,37.8698892658929,-122.25724289205135,1568157129.0,2019-09-10T16:12:09-07:00,POINT (-122.25724289205135 37.8698892658929),1.6123079017774833,125.4419484296059,ios,1.3211977007853355,0.01815359745742673,-0.1852935157083897
76,37.869892451016106,-122.25722839135886,1568157130.0,2019-09-10T16:12:10-07:00,POINT (-122.25722839135886 37.869892451016106),0.6329681386828155,126.33218704589683,ios,1.3393512982427622,-0.16713991825096297,0.2844752212436046
77,37.8698927024732,-122.25721313629509,1568157131.0,2019-09-10T16:12:11-07:00,POINT (-122.25721313629509 37.8698927024732),0.1064532100571609,127.45219931848321,ios,1.1722113799917993,0.11733530299264161,0.38250346250423495
78,37.869893373025455,-122.25719980906905,1568157132.0,2019-09-10T16:12:12-07:00,POINT (-122.25719980906905 37.869893373025455),0.3558303338358139,128.8422515488395,ios,1.2895466829844409,0.49983876549687656,-0.7282069243621445
79,37.86989689342479,-122.25718581129075,1568157133.0,2019-09-10T16:12:13-07:00,POINT (-122.25718581129075 37.86989689342479),0.3996036255029361,130.13318624478592,ios,1.7893854484813174,-0.22836815886526796,-0.21218627181697092
80,37.869903892313936,-122.25716745492281,1568157134.0,2019-09-10T16:12:14-07:00,POINT (-122.25716745492281 37.869903892313936),0.7115265743249581,131.89743876812662,ios,1.5610172896160495,-0.4405544306822389,0.3446973377482079
81,37.86990942437003,-122.25715111021162,1568157135.0,2019-09-10T16:12:15-07:00,POINT (-122.25715111021162 37.86990942437003),0.9144987115028045,133.44738848856406,ios,1.1204628589338106,-0.095857092934031,0.07419092017584572
82,37.869913824869194,-122.25713962700428,1568157136.0,2019-09-10T16:12:16-07:00,POINT (-122.25713962700428 37.869913824869194),1.1120006416517083,134.55171794632767,ios,1.0246057659997796,-0.021666172758185276,-0.04510510095657416
83,37.86991902164916,-122.25712998781563,1568157137.0,2019-09-10T16:12:17-07:00,POINT (-122.25712998781563 37.86991902164916),1.438355427467358,135.52372234799856,ios,1.0029395932415943,-0.06677127371475944,0.06671856675941334
84,37.86992396697203,-122.25712043244602,1568157138.0,2019-09-10T16:12:18-07:00,POINT (-122.25712043244602 37.86992396697203),1.7398354648144727,136.48109675725235,ios,0.9361683195268349,-5.270695534609349e-05,0.20008274253310865
85,37.86992667021185,-122.25711033196852,1568157139.0,2019-09-10T16:12:19-07:00,POINT (-122.25711033196852 37.86992667021185),1.7888365591832691,137.41748724691462,ios,0.9361156125714888,0.20003003557776255,-0.24419425314189225
86,37.86992937329958,-122.25710023205936,1568157140.0,2019-09-10T16:12:20-07:00,POINT (-122.25710023205936 37.86992937329958),1.8378350083293473,138.35382501141706,ios,1.1361456481492513,-0.04416421756412969,0.1509467167599654
87,37.86993117540876,-122.25708749156655,1568157141.0,2019-09-10T16:12:21-07:00,POINT (-122.25708749156655 37.86993117540876),1.7278833977149632,139.48681468302868,ios,1.0919814305851216,0.10678249919583571,0.11679565597670138
88,37.86993327088455,-122.25707533780695,1568157142.0,2019-09-10T16:12:22-07:00,POINT (-122.25707533780695 37.86993327088455),1.6632044719220067,140.57889905754524,ios,1.1987639297809574,0.2235781551725371,-0.45841196163607467
89,37.869936791283884,-122.25706242967607,1568157143.0,2019-09-10T16:12:23-07:00,POINT (-122.25706242967607 37.869936791283884),1.732849928691834,141.7775487456286,ios,1.4223420849534945,-0.23483380646353758,0.1801096624858023
90,37.86994236524949,-122.25704784516455,1568157144.0,2019-09-10T16:12:24-07:00,POINT (-122.25704784516455 37.86994236524949),1.9820918602212074,143.17967814115156,ios,1.1875082784899569,-0.054724143977735284,0.1897718091215943
91,37.86994613710592,-122.25703518849076,1568157145.0,2019-09-10T16:12:25-07:00,POINT (-122.25703518849076 37.86994613710592),2.0845726612705144,144.36456237828446,ios,1.1327841345122216,0.13504766514385902,-0.10247551701163138
92,37.86994894504348,-122.25702278327407,1568157146.0,2019-09-10T16:12:26-07:00,POINT (-122.25702278327407 37.86994894504348),2.090041571784128,145.49928103143858,ios,1.2678317996560806,0.03257214813222764,-0.07029888695754516
93,37.86995200443814,-122.2570088693148,1568157147.0,2019-09-10T16:12:27-07:00,POINT (-122.2570088693148 37.86995200443814),2.086555278215992,146.7693090212008,ios,1.3004039477883083,-0.03772673882531752,-0.28767060116585985
94,37.86995405800442,-122.25699428480328,1568157148.0,2019-09-10T16:12:28-07:00,POINT (-122.25699428480328 37.86995405800442),1.959689469723523,148.06600303980528,ios,1.2626772089629907,-0.32539733999117737,0.32534547766148236
95,37.86995816513697,-122.25698087375821,1568157149.0,2019-09-10T16:12:29-07:00,POINT (-122.25698087375821 37.86995816513697),2.0800807570554674,149.32481763106895,ios,0.9372798689718134,-5.186232969500715e-05,-0.014357024697338683
96,37.86995961105526,-122.25697035417879,1568157150.0,2019-09-10T16:12:30-07:00,POINT (-122.25697035417879 37.86995961105526),1.984804781217224,150.25904581699058,ios,0.9372280066421184,-0.01440888702703369,0.014357822642644402
97,37.869961056893565,-122.25695983518125,1568157151.0,2019-09-10T16:12:31-07:00,POINT (-122.25695983518125 37.869961056893565),1.8895341855927403,151.19322232084357,ios,0.9228191196150847,-5.106438438928773e-05,0.24301672881148562
98,37.86996283809725,-122.25694956706589,1568157152.0,2019-09-10T16:12:32-07:00,POINT (-122.25694956706589 37.86996283809725),1.8360494894613728,152.11619521143086,ios,0.9227680552306954,0.24296566442709633,-0.27569340448126733
99,37.86996461920241,-122.25693929951848,1568157153.0,2019-09-10T16:12:33-07:00,POINT (-122.25693929951848 37.86996461920241),1.7825678592624417,153.03911703489965,ios,1.1657337196577917,-0.032727740054171006,-0.059030237659412954
100,37.869967343320944,-122.25692647520663,1568157154.0,2019-09-10T16:12:34-07:00,POINT (-122.25692647520663 37.869967343320944),1.7691330054398768,154.20681905712615,ios,1.1330059796036207,-0.09175797771358396,0.11983500806057079
101,37.86996897779206,-122.2569137347138,1568157155.0,2019-09-10T16:12:35-07:00,POINT (-122.2569137347138 37.86996897779206),1.6412737267057893,155.33478771020094,ios,1.0412480018900367,0.02807703034698683,-0.06216053762044971
102,37.86997073799173,-122.2569020838684,1568157156.0,2019-09-10T16:12:36-07:00,POINT (-122.2569020838684 37.86997073799173),1.5527171455614848,156.37423754583062,ios,1.0693250322370236,-0.034083507273462876,0.11873445334752786
103,37.86997245628188,-122.25689009774686,1568157157.0,2019-09-10T16:12:37-07:00,POINT (-122.25689009774686 37.86997245628188),1.4517231943597406,157.44082737672855,ios,1.0352415249635607,0.08465094607406498,-0.12804719200115655
104,37.86997731778572,-122.25688003946306,1568157158.0,2019-09-10T16:12:38-07:00,POINT (-122.25688003946306 37.86997731778572),1.7323108836466825,158.43828288151337,ios,1.1198924710376257,-0.04339624592709157,-0.027031655094266194
105,37.8699825564752,-122.25686914298893,1568157159.0,2019-09-10T16:12:39-07:00,POINT (-122.25686914298893 37.8699825564752),2.0332960304441605,159.51802280160496,ios,1.076496225110534,-0.07042790102135776,0.11362398868741641
106,37.86998699888388,-122.25685824651481,1568157160.0,2019-09-10T16:12:40-07:00,POINT (-122.25685824651481 37.86998699888388),2.2492090989588767,160.57391435386023,ios,1.0060683240891763,0.04319608766605865,0.10401554672696012
107,37.869990812649824,-122.25684785295488,1568157161.0,2019-09-10T16:12:41-07:00,POINT (-122.25684785295488 37.869990812649824),2.409900031227989,161.5683854916114,ios,1.049264411755235,0.14721163439301876,0.04084059373814952
108,37.86999483596335,-122.25683704029979,1568157162.0,2019-09-10T16:12:42-07:00,POINT (-122.25683704029979 37.86999483596335),2.5830285129442707,162.6046263924846,ios,1.1964760461482538,0.1880522281311683,-0.40324919020079086
109,37.869998482091226,-122.25682421598793,1568157163.0,2019-09-10T16:12:43-07:00,POINT (-122.25682421598793 37.869998482091226),2.6680997646111377,163.7999417501477,ios,1.384528274279422,-0.21519696206962258,0.5028427375617452
110,37.86999902691493,-122.25680845800997,1568157164.0,2019-09-10T16:12:44-07:00,POINT (-122.25680845800997 37.86999902691493),2.352187263371556,165.1508322952539,ios,1.1693313122097995,0.28764577549212267,-0.23613488353645495
111,37.87000066138605,-122.25679529842199,1568157165.0,2019-09-10T16:12:45-07:00,POINT (-122.25679529842199 37.87000066138605),2.214379559432572,166.31429464280885,ios,1.4569770877019221,0.051510891955667715,-0.1282684665633551
112,37.87000359505216,-122.25677912134887,1568157166.0,2019-09-10T16:12:46-07:00,POINT (-122.25677912134887 37.87000359505216),2.143734249028189,167.77222381086403,ios,1.5084879796575899,-0.0767575746076874,-0.18471531293881926
113,37.87000757645617,-122.25676269281865,1568157167.0,2019-09-10T16:12:47-07:00,POINT (-122.25676269281865 37.87000757645617),2.1790563953739945,169.28282850834933,ios,1.4317304050499025,-0.26147288754650666,-0.09479840998210853
114,37.870011138765015,-122.25674701865972,1568157168.0,2019-09-10T16:12:48-07:00,POINT (-122.25674701865972 37.870011138765015),2.1875138998632444,170.71699231024792,ios,1.1702575175033958,-0.3562712975286152,0.35622568827013
115,37.87001319233129,-122.25673394289078,1568157169.0,2019-09-10T16:12:49-07:00,POINT (-122.25673394289078 37.87001319233129),2.0964718812261,171.8859074386902,ios,0.8139862199747806,-4.5609258485179716e-05,-0.09284408466366945
116,37.87001354857216,-122.25672468062831,1568157170.0,2019-09-10T16:12:50-07:00,POINT (-122.25672468062831 37.87001354857216),1.914631310477047,172.68101545577542,ios,0.8139406107162954,-0.09288969392215463,0.09284946406532912
117,37.87001390479306,-122.25671541888478,1568157171.0,2019-09-10T16:12:51-07:00,POINT (-122.25671541888478 37.87001390479306),1.732801008163639,173.47607894080812,ios,0.7210509167941408,-4.0229856825502175e-05,0.15546536258954913
118,37.87001390479306,-122.25670720439051,1568157172.0,2019-09-10T16:12:52-07:00,POINT (-122.25670720439051 37.87001390479306),1.5377764826549916,174.17178028231842,ios,0.7210106869373153,0.15542513273272363,-0.1554744751364855
119,37.87001390479306,-122.25669899035455,1568157173.0,2019-09-10T16:12:53-07:00,POINT (-122.25669899035455 37.87001390479306),1.3427628998597703,174.86744282719303,ios,0.8764358196700389,-4.934240376186505e-05,0.2546941910954742
120,37.870016398479414,-122.25668951853748,1568157174.0,2019-09-10T16:12:54-07:00,POINT (-122.25668951853748 37.870016398479414),1.3843058039736302,175.7443136501703,ios,0.876386477266277,0.25464484869171233,-0.11829796757520916
121,37.87001889202545,-122.25668004725338,1568157175.0,2019-09-10T16:12:55-07:00,POINT (-122.25668004725338 37.87001889202545),1.4258464669067759,176.6211351054981,ios,1.1310313259579894,0.13634688111650317,0.012285438356982814
122,37.87002421453396,-122.25666906696023,1568157176.0,2019-09-10T16:12:56-07:00,POINT (-122.25666906696023 37.87002421453396),1.7337990838162287,177.7104830111906,ios,1.2673782070744926,0.14863231947348599,-0.31859400603782917
123,37.87003184206585,-122.25665833812417,1568157177.0,2019-09-10T16:12:57-07:00,POINT (-122.25665833812417 37.87003184206585),2.293983670803227,178.8475683599139,ios,1.4160105265479785,-0.16996168656434318,0.15212046205093133
124,37.870040852611766,-122.25664693873586,1568157178.0,2019-09-10T16:12:58-07:00,POINT (-122.25664693873586 37.870040852611766),2.9860056616560335,180.08286424707404,ios,1.2460488399836354,-0.017841224513411857,0.1069145923449526
125,37.87004734858672,-122.25663537170948,1568157179.0,2019-09-10T16:12:59-07:00,POINT (-122.25663537170948 37.87004734858672),3.4053985459480023,181.25704784436832,ios,1.2282076154702235,0.08907336783154074,-0.19958798299089442
126,37.87004902496736,-122.25662154156925,1568157180.0,2019-09-10T16:13:00-07:00,POINT (-122.25662154156925 37.87004902496736),3.25615083752962,182.47855525817306,ios,1.3172809833017642,-0.11051461515935368,0.18212110664196346
127,37.87004927642445,-122.25660653796257,1568157181.0,2019-09-10T16:13:01-07:00,POINT (-122.25660653796257 37.87004927642445),2.9268089413188947,183.75677035287958,ios,1.2067663681424106,0.07160649148260978,0.07496890056739369
128,37.870049444062516,-122.25659279164137,1568157182.0,2019-09-10T16:13:02-07:00,POINT (-122.25659279164137 37.870049444062516),2.6183619829898803,184.925993263131,ios,1.2783728596250203,0.14657539205000347,-0.03925884260420309
129,37.870052377728626,-122.25657871004404,1568157183.0,2019-09-10T16:13:03-07:00,POINT (-122.25657871004404 37.870052377728626),2.5974695874206364,186.20645186132634,ios,1.4249482516750238,0.10731654944580038,-0.3202557557559269
130,37.870057867875204,-122.25656404171349,1568157184.0,2019-09-10T16:13:04-07:00,POINT (-122.25656404171349 37.870057867875204),2.835774428863192,187.61316660687078,ios,1.5322648011208242,-0.21293920631012653,0.5060613601111394
131,37.8700641962121,-122.25654853519262,1568157185.0,2019-09-10T16:13:05-07:00,POINT (-122.25654853519262 37.8700641962121),3.1437295491471806,189.11597230950227,ios,1.3193255948106977,0.2931221538010129,-0.320337991903362
132,37.87006914153497,-122.25653487269045,1568157186.0,2019-09-10T16:13:06-07:00,POINT (-122.25653487269045 37.87006914153497),3.3477072401711174,190.42118422484833,ios,1.6124477486117106,-0.027215838102349066,-0.15456893533808636
133,37.8700737096722,-122.25651743833185,1568157187.0,2019-09-10T16:13:07-07:00,POINT (-122.25651743833185 37.8700737096722),3.421838884656742,192.03454535600585,ios,1.5852319105093615,-0.18178477344043542,0.10672456610175263
134,37.870078487357006,-122.25650042306842,1568157188.0,2019-09-10T16:13:08-07:00,POINT (-122.25650042306842 37.870078487357006),3.528308175619116,193.61868819185509,ios,1.403447137068926,-0.0750602073386828,-0.3751710838126949
135,37.87008515097003,-122.25648684438528,1568157189.0,2019-09-10T16:13:09-07:00,POINT (-122.25648684438528 37.87008515097003),3.917853706873434,194.96826231226206,ios,1.3283869297302433,-0.4502312911513777,0.4501822640974511
136,37.87009269468288,-122.25647510972084,1568157190.0,2019-09-10T16:13:10-07:00,POINT (-122.25647510972084 37.87009269468288),4.445206129549748,196.1880210527413,ios,0.8781556385788656,-4.902705392662021e-05,0.2992525433160196
137,37.87009810116124,-122.25646781726165,1568157191.0,2019-09-10T16:13:11-07:00,POINT (-122.25646781726165 37.87009810116124),4.849686359623233,196.96755256029417,ios,0.878106611524939,0.29920351626209296,-0.3191715873687704
138,37.87010350733797,-122.25646052520932,1568157192.0,2019-09-10T16:13:12-07:00,POINT (-122.25646052520932 37.87010350733797),5.254144100980804,197.7470404987137,ios,1.177310127787032,-0.01996807110667742,0.4150415910351277
139,37.87011155396502,-122.25645180803002,1568157193.0,2019-09-10T16:13:13-07:00,POINT (-122.25645180803002 37.87011155396502),5.906865694891248,198.72630417193653,ios,1.1573420566803545,0.3950735199284503,-0.32725222830498657
140,37.87011851094465,-122.25644200120331,1568157194.0,2019-09-10T16:13:14-07:00,POINT (-122.25644200120331 37.87011851094465),6.417303052318419,199.76521803964368,ios,1.5524155766088048,0.06782129162346373,-0.08219823864589526
141,37.87012400109123,-122.25642574031116,1568157195.0,2019-09-10T16:13:15-07:00,POINT (-122.25642574031116 37.87012400109123),6.617800938420394,201.3068083829895,ios,1.6202368682322685,-0.01437694702243153,-0.3271154977619395
142,37.87012932359974,-122.25640855740966,1568157196.0,2019-09-10T16:13:16-07:00,POINT (-122.25640855740966 37.87012932359974),6.778499546442756,202.92146469083562,ios,1.605859921209837,-0.341492444784371,0.10700398308573611
143,37.87013540047954,-122.25639196124138,1568157197.0,2019-09-10T16:13:17-07:00,POINT (-122.25639196124138 37.87013540047954),7.0337230879298,204.509022024457,ios,1.264367476425466,-0.2344884616986349,0.23443145052476555
144,37.87013954952161,-122.2563785501963,1568157198.0,2019-09-10T16:13:18-07:00,POINT (-122.2563785501963 37.87013954952161),7.158600837274667,205.7690883132173,ios,1.029879014726831,-5.7011173869359055e-05,0.05944355113884536
145,37.87014378249978,-122.25636811443825,1568157199.0,2019-09-10T16:13:19-07:00,POINT (-122.25636811443825 37.87014378249978),7.363083039870734,206.77968570190893,ios,1.0298220035529617,0.059386539964976004,0.025028208026239174
146,37.870148015243814,-122.2563576792574,1568157200.0,2019-09-10T16:13:20-07:00,POINT (-122.2563576792574 37.870148015243814),7.567554058775068,207.7902271237943,ios,1.0892085435179377,0.08441474799121518,-0.746566495583597
147,37.87015434358071,-122.25634820770682,1568157201.0,2019-09-10T16:13:21-07:00,POINT (-122.25634820770682 37.87015434358071),8.018790039599383,208.78191770680644,ios,1.173623291509153,-0.6621517475923818,0.6621235899617435
148,37.870159749908254,-122.25633672449948,1568157202.0,2019-09-10T16:13:22-07:00,POINT (-122.25633672449948 37.870159749908254),8.323762298363205,209.91636589423797,ios,0.5114715439167711,-2.8157630638347975e-05,0.2790326869438655
149,37.87015721431272,-122.25633186286176,1568157203.0,2019-09-10T16:13:23-07:00,POINT (-122.25633186286176 37.87015721431272),7.937445762392775,210.25216857138935,ios,0.5114433862861327,0.27900452931322717,-0.27904841027522365
150,37.870154678856835,-122.2563270014918,1568157204.0,2019-09-10T16:13:24-07:00,POINT (-122.2563270014918 37.870154678856835),7.551150516233593,210.5879527889546,ios,0.7904479155993599,-4.388096199647862e-05,-0.04671154330965854
151,37.87015069734224,-122.25631954139077,1568157205.0,2019-09-10T16:13:25-07:00,POINT (-122.25631954139077 37.87015069734224),6.932363908240307,211.44048668180616,ios,0.7904040346373634,-0.04675542427165502,0.04671358321898045
152,37.87014671604882,-122.25631208170415,1568157206.0,2019-09-10T16:13:26-07:00,POINT (-122.25631208170415 37.87014671604882),6.305544328021447,211.92291940361565,ios,0.7436486103657084,-4.184105267457383e-05,0.3257662410887928
153,37.87014646458465,-122.25630361574378,1568157207.0,2019-09-10T16:13:27-07:00,POINT (-122.25630361574378 37.87014646458465),6.043229668996077,212.62038143614276,ios,0.7436067693130338,0.32572440003611824,-0.2606270955090987
154,37.87014621313463,-122.25629515025976,1568157208.0,2019-09-10T16:13:28-07:00,POINT (-122.25629515025976 37.87014621313463),5.780929832507487,213.31780425033284,ios,1.069331169349152,0.06509730452701956,-0.2920890696917229
155,37.870149230619774,-122.25628358323337,1568157209.0,2019-09-10T16:13:29-07:00,POINT (-122.25628358323337 37.870149230619774),5.776257925290581,214.3888633753183,ios,1.1344284738761716,-0.22699176516470332,0.22699178245609442
156,37.87015350539039,-122.25627184856893,1568157210.0,2019-09-10T16:13:30-07:00,POINT (-122.25627184856893 37.87015350539039),5.899236471187342,215.51809302882018,ios,0.9074367087114683,1.7291391096740938e-08,-0.03677951827850934
157,37.8701518329167,-122.25626173010308,1568157211.0,2019-09-10T16:13:31-07:00,POINT (-122.25626173010308 37.8701518329167),5.441334439449484,216.3034819882092,ios,0.9074367260028594,-0.03677950098711824,0.032706246611199696
158,37.870150160443,-122.25625161163725,1568157212.0,2019-09-10T16:13:32-07:00,POINT (-122.25625161163725 37.870150160443),4.983432485077526,217.08887101485425,ios,0.8706572250157412,-0.004073254375918545,0.04207842368454362
159,37.870150739109256,-122.2562417198753,1568157213.0,2019-09-10T16:13:33-07:00,POINT (-122.2562417198753 37.870150739109256),4.7687629374430704,217.9344584567507,ios,0.8665839706398226,0.038005169308625075,-0.03872051524932463
160,37.87015132558939,-122.25623187538733,1568157214.0,2019-09-10T16:13:34-07:00,POINT (-122.25623187538733 37.87015132558939),4.556232820984843,218.77637653836828,ios,0.9045891399484477,-0.0007153459406995522,-0.0994078868356928
161,37.870154279571466,-122.25622227333078,1568157215.0,2019-09-10T16:13:35-07:00,POINT (-122.25622227333078 37.870154279571466),4.599619566922552,219.6812701212068,ios,0.9038737940077481,-0.10012323277639235,0.09943022926624367
162,37.870157233047365,-122.25621267977078,1568157216.0,2019-09-10T16:13:36-07:00,POINT (-122.25621267977078 37.870157233047365),4.643189847102949,220.5854370305656,ios,0.8037505612313558,-0.0006930035101486709,-0.025135057485782153
163,37.87015882736106,-122.25620374862044,1568157217.0,2019-09-10T16:13:37-07:00,POINT (-122.25620374862044 37.87015882736106),4.562171666168415,221.3865753008525,ios,0.8030575577212071,-0.025828060995930824,0.025290227365793005
164,37.87016041938481,-122.25619482490832,1568157218.0,2019-09-10T16:13:38-07:00,POINT (-122.25619482490832 37.87016041938481),4.481119784180308,222.1870125310952,ios,0.7772294967252763,-0.0005378336301378184,0.3131134211430501
165,37.87016285050241,-122.2561865232185,1568157219.0,2019-09-10T16:13:39-07:00,POINT (-122.2561865232185 37.87016285050241),4.505705344947503,222.96504381317345,ios,0.7766916630951385,0.31257558751291226,-0.304314531146621
166,37.87016528054432,-122.2561782275582,1568157220.0,2019-09-10T16:13:40-07:00,POINT (-122.2561782275582 37.87016528054432),4.530345747820653,223.74253423709047,ios,1.0892672506080507,0.008261056366291264,-0.2745232539306339
167,37.87017110591659,-122.2561682507635,1568157221.0,2019-09-10T16:13:41-07:00,POINT (-122.2561682507635 37.87017110591659),4.865487195399337,224.7796004165524,ios,1.097528306974342,-0.26626219756434266,0.26600905692194277
168,37.87017739236243,-122.25615861128348,1568157222.0,2019-09-10T16:13:42-07:00,POINT (-122.25615861128348 37.87017739236243),5.258550619238668,225.80472842659245,ios,0.8312661094099993,-0.0002531406423998961,0.02120159762134033
169,37.870182463810586,-122.25615165352518,1568157223.0,2019-09-10T16:13:43-07:00,POINT (-122.25615165352518 37.870182463810586),5.598452752612707,226.56342672467596,ios,0.8310129687675994,0.020948456978940433,-0.021275564918341594
170,37.870187533806735,-122.25614469799325,1568157224.0,2019-09-10T16:13:44-07:00,POINT (-122.25614469799325 37.870187533806735),5.9382641669586835,227.32188818946022,ios,0.8519614257465399,-0.0003271079394011611,-0.004225986719495922
171,37.870190615704956,-122.25613581190066,1568157225.0,2019-09-10T16:13:45-07:00,POINT (-122.25613581190066 37.870190615704956),6.015059812770566,228.17154515607615,ios,0.8516343178071387,-0.004553094658897083,0.0042426092714902275
172,37.87019369549265,-122.25612692870352,1568157226.0,2019-09-10T16:13:46-07:00,POINT (-122.25612692870352 37.87019369549265),6.091714095347887,229.02088635382893,ios,0.8470812231482416,-0.00031048538740685583,-0.05966419429775882
173,37.87019650411891,-122.2561179582153,1568157227.0,2019-09-10T16:13:47-07:00,POINT (-122.2561179582153 37.87019650411891),6.137398826003484,229.86798065614653,ios,0.8467707377608348,-0.05997467968516568,0.059712824636486306
174,37.870199311621725,-122.25610899096752,1568157228.0,2019-09-10T16:13:48-07:00,POINT (-122.25610899096752 37.870199311621725),6.1830556885637415,230.71476510130904,ios,0.7867960580756691,-0.00026185504867937137,0.11967846133267701
175,37.87020228766962,-122.25610085882963,1568157229.0,2019-09-10T16:13:49-07:00,POINT (-122.25610085882963 37.87020228766962),6.269715660790817,231.4978010086297,ios,0.7865342030269897,0.11941660628399764,-0.11961506424850032
176,37.87020526284802,-122.25609272946892,1568157230.0,2019-09-10T16:13:50-07:00,POINT (-122.25609272946892 37.87020526284802),6.3563615697262605,232.28057463224775,ios,0.9059508093109874,-0.00019845796450268516,-0.388909382904048
177,37.87020608078481,-122.25608246063803,1568157231.0,2019-09-10T16:13:51-07:00,POINT (-122.25608246063803 37.87020608078481),6.1563707030707295,233.1660286478059,ios,0.9057523513464847,-0.38910784086855066,0.3889254280919744
178,37.87020689792715,-122.2560721939779,1568157232.0,2019-09-10T16:13:52-07:00,POINT (-122.2560721939779 37.87020689792715),5.956356797645677,234.05127365642468,ios,0.516644510477934,-0.00018241277657626842,0.00018239923322005414
179,37.870209482292836,-122.25606730264762,1568157233.0,2019-09-10T16:13:53-07:00,POINT (-122.25606730264762 37.870209482292836),6.092078864367301,234.55017011344802,ios,0.5164620977013578,-1.354335621428504e-08,0.40401802099633066
180,37.87021206647208,-122.25606241365986,1568157234.0,2019-09-10T16:13:54-07:00,POINT (-122.25606241365986 37.87021206647208),6.227846599137963,235.04886456319232,ios,0.5164620841580015,0.40401800745297445,-0.4041448754804524
181,37.87021465065132,-122.25605752467212,1568157235.0,2019-09-10T16:13:55-07:00,POINT (-122.25605752467212 37.87021465065132),6.363614365711036,235.54755899196462,ios,0.920480091610976,-0.00012686802747796655,-0.22035046075292963
182,37.87022198499553,-122.25605266216145,1568157236.0,2019-09-10T16:13:56-07:00,POINT (-122.25605266216145 37.87022198499553),7.000041670942005,236.21097854302172,ios,0.920353223583498,-0.2204773287804076,0.2203447954276211
183,37.87022931861703,-122.25604780101806,1568157237.0,2019-09-10T16:13:57-07:00,POINT (-122.25604780101806 37.87022931861703),7.636431055958515,236.87425855265613,ios,0.6998758948030904,-0.00013253335278651246,-0.12776652973407288
184,37.87023403422949,-122.25604252002924,1568157238.0,2019-09-10T16:13:58-07:00,POINT (-122.25604252002924 37.87023403422949),7.98559700408837,237.48056127543833,ios,0.6997433614503039,-0.1278990630868594,0.1278119100058106
185,37.8702387487544,-122.25603723976134,1568157239.0,2019-09-10T16:13:59-07:00,POINT (-122.25603723976134 37.8702387487544),8.334668622732684,238.08676558616736,ios,0.5718442983634445,-8.715308104878527e-05,8.713881415589597e-05
186,37.87024217178829,-122.25603237783369,1568157240.0,2019-09-10T16:14:00-07:00,POINT (-122.25603237783369 37.87024217178829),8.55947406293299,238.6126819367775,ios,0.5717571452823957,-1.4266892889303051e-08,0.48046246350278365
187,37.87024559423093,-122.25602751656822,1568157241.0,2019-09-10T16:14:01-07:00,POINT (-122.25602751656822 37.87024559423093),8.784235759295894,239.13852223577314,ios,0.5717571310155029,0.48046244923589077,-0.5174516513165058
188,37.870249016673576,-122.25602265530276,1568157242.0,2019-09-10T16:14:02-07:00,POINT (-122.25602265530276 37.870249016673576),9.008997491437789,239.6643625050686,ios,1.0522195802513936,-0.03698920208061507,0.036947210934995534
189,37.87025521953694,-122.25601360249478,1568157243.0,2019-09-10T16:14:03-07:00,POINT (-122.25601360249478 37.87025521953694),8.879261216023416,246.07765842813865,ios,1.0152303781707785,-4.199114561953543e-05,0.27309052306827186
190,37.8702618412655,-122.25600563959281,1568157244.0,2019-09-10T16:14:04-07:00,POINT (-122.25600563959281 37.8702618412655),8.786817660023823,247.08850322976787,ios,1.015188387025159,0.2730485319226523,-0.3371806169331504
191,37.87026846274562,-122.25599767705344,1568157245.0,2019-09-10T16:14:05-07:00,POINT (-122.25599767705344 37.87026846274562),8.694382110969403,248.0993065888074,ios,1.2882369189478113,-0.06413208501049805,-0.5936391187788583
192,37.8702780183023,-122.25598937865757,1568157246.0,2019-09-10T16:14:06-07:00,POINT (-122.25598937865757 37.8702780183023),8.781032900061202,249.38357802965973,ios,1.2241048339373133,-0.6577712037893564,0.6577422355976557
193,37.8702882861388,-122.25598434941485,1568157247.0,2019-09-10T16:14:07-07:00,POINT (-122.25598434941485 37.8702882861388),9.142110440472742,250.5511577723372,ios,0.5663336301479569,-2.896819170072895e-05,0.48075129626106383
194,37.87029226772003,-122.2559803260548,1568157248.0,2019-09-10T16:14:08-07:00,POINT (-122.2559803260548 37.87029226772003),9.13923046572922,251.11718862983477,ios,0.5663046619562562,0.4807223280693631,-0.4807439258719446
195,37.87029624904668,-122.25597630281946,1568157249.0,2019-09-10T16:14:09-07:00,POINT (-122.25597630281946 37.87029624904668),9.136341578958234,251.6831905268765,ios,1.0470269900256193,-2.159780258148558e-05,0.0058515592041157305
196,37.870302263134484,-122.25596712460496,1568157250.0,2019-09-10T16:14:10-07:00,POINT (-122.25596712460496 37.870302263134484),8.918248845758427,252.70760474664698,ios,1.0470053922230378,0.005829961401534245,-0.3904035140923465
197,37.870308277067565,-122.2559579465468,1568157251.0,2019-09-10T16:14:11-07:00,POINT (-122.2559579465468 37.870308277067565),8.70015637829645,253.73199695276975,ios,1.052835353624572,-0.3845735526908123,0.38456250059259234
198,37.870312510048144,-122.2559472175742,1568157252.0,2019-09-10T16:14:12-07:00,POINT (-122.2559472175742 37.870312510048144),8.252409971962988,254.68627672212938,ios,0.6682618009337598,-1.1052098219943574e-05,0.17314474151194204
199,37.87031399787197,-122.2559398414309,1568157253.0,2019-09-10T16:14:13-07:00,POINT (-122.2559398414309 37.87031399787197),7.846548445441469,255.21866976841858,ios,0.6682507488355398,0.1731336894137221,-0.17314103366562417
200,37.87031548565038,-122.25593246540271,1568157254.0,2019-09-10T16:14:14-07:00,POINT (-122.25593246540271 37.87031548565038),7.44069177360006,255.7510526029965,ios,0.8413844382492619,-7.344251902074994e-06,0.38200474591641087
201,37.8703135368818,-122.25592320333081,1568157255.0,2019-09-10T16:14:15-07:00,POINT (-122.25592320333081 37.8703135368818),6.667967296981917,256.08768091540003,ios,0.8413770939973598,0.3819974016645088,-0.15045481937810712
202,37.87031158809443,-122.25591394135209,1568157256.0,2019-09-10T16:14:16-07:00,POINT (-122.25591394135209 37.87031158809443),5.895247962244917,256.4243025920716,ios,1.2233744956618686,0.23154258228640168,-0.9604405543520348
203,37.870307439042136,-122.25590103317262,1568157257.0,2019-09-10T16:14:17-07:00,POINT (-122.25590103317262 37.870307439042136),4.719551920634259,256.7688380048629,ios,1.4549170779482703,-0.7288979720656331,0.7288912326020468
204,37.87030173934798,-122.25588611338497,1568157258.0,2019-09-10T16:14:18-07:00,POINT (-122.25588611338497 37.87030173934798),3.2983222331429065,257.08845879035806,ios,0.7260191058826372,-6.739463586313832e-06,-0.046545074056725255
205,37.870300733514924,-122.2558779409914,1568157259.0,2019-09-10T16:14:19-07:00,POINT (-122.2558779409914 37.870300733514924),2.6656988871436766,257.4475361788278,ios,0.7260123664190509,-0.04655181352031157,0.046541589675009654
206,37.87029972769122,-122.25586976867379,1568157260.0,2019-09-10T16:14:20-07:00,POINT (-122.25586976867379 37.87029972769122),2.0330814473329246,257.80661028961316,ios,0.6794605528987393,-1.0223845301915446e-05,0.27943577987785084
207,37.870302116551564,-122.25586264400259,1568157261.0,2019-09-10T16:14:21-07:00,POINT (-122.25586264400259 37.870302116551564),1.7066587727163547,258.4036082699068,ios,0.6794503290534374,0.2794255560325489,-0.27944365831742735
208,37.870304505376026,-122.2558555194384,1568157262.0,2019-09-10T16:14:22-07:00,POINT (-122.2558555194384 37.870304505376026),1.3802410627892086,259.0005972961165,ios,0.9588758850859863,-1.8102284878418473e-05,-0.048566589264630866
209,37.87030999557431,-122.25584709554639,1568157263.0,2019-09-10T16:14:23-07:00,POINT (-122.25584709554639 37.87030999557431),1.2726041703634714,259.4568288538642,ios,0.9588577828011079,-0.048584691549509285,0.04856338384578607
210,37.87031548566918,-122.25583867181302,1568157264.0,2019-09-10T16:14:24-07:00,POINT (-122.25583867181302 37.87031548566918),1.6781108959501259,259.8439605175251,ios,0.9102730912515986,-2.1307703723216775e-05,0.0410827461958424
211,37.870320808239875,-122.25583079273198,1568157265.0,2019-09-10T16:14:25-07:00,POINT (-122.25583079273198 37.870320808239875),2.151626857034773,260.6216646950595,ios,0.9102517835478754,0.041061438492119184,-0.04108824383225662
212,37.87032613068621,-122.25582291383506,1568157266.0,2019-09-10T16:14:26-07:00,POINT (-122.25582291383506 37.87032613068621),2.625131828563376,261.3993506107601,ios,0.9513132220399946,-2.680534013743685e-05,0.3136038017927413
213,37.87033057315738,-122.25581365170177,1568157267.0,2019-09-10T16:14:27-07:00,POINT (-122.25581365170177 37.87033057315738),2.982983700204783,262.28172532384104,ios,0.9512864166998571,0.31357699645260384,0.16113476210157196
214,37.87033501550357,-122.25580438982905,1568157268.0,2019-09-10T16:14:28-07:00,POINT (-122.25580438982905 37.87033501550357),3.3408256002111205,263.1640751295708,ios,1.264863413152461,0.4747117585541758,-0.40332550700722036
215,37.8703414276595,-122.25579248752655,1568157269.0,2019-09-10T16:14:29-07:00,POINT (-122.25579248752655 37.8703414276595),3.8777424545274357,264.310314552778,ios,1.7395751717066368,0.07138625154695544,0.1525457629101501
216,37.87034955810557,-122.25577555608214,1568157270.0,2019-09-10T16:14:30-07:00,POINT (-122.25577555608214 37.87034955810557),4.532945372379846,265.92348658467984,ios,1.8109614232535922,0.22393201445710553,-0.5332223924935688
217,37.87035760473262,-122.25575761880935,1568157271.0,2019-09-10T16:14:31-07:00,POINT (-122.25575761880935 37.87035760473262),5.164971993244301,267.6225425215007,ios,2.0348934377106978,-0.3092903780364633,0.060606774868806834
218,37.87036053839873,-122.2557347362137,1568157272.0,2019-09-10T16:14:32-07:00,POINT (-122.2557347362137 37.87036053839873),5.168028287465536,269.6613607690504,ios,1.7256030596742344,-0.24868360316765648,0.45968557962000056
219,37.87036389116,-122.25571554165543,1568157273.0,2019-09-10T16:14:33-07:00,POINT (-122.25571554165543 37.87036389116),5.268310032101428,271.3872316583209,ios,1.476919456506578,0.2110019764523441,-0.18552486927565393
220,37.87037084813963,-122.25570120860101,1568157274.0,2019-09-10T16:14:34-07:00,POINT (-122.25570120860101 37.87037084813963),5.831100690468528,272.7541404316938,ios,1.687921432958922,0.02547710717669016,-0.12643418002152607
221,37.87037935577135,-122.25568528298498,1568157275.0,2019-09-10T16:14:35-07:00,POINT (-122.25568528298498 37.87037935577135),6.541622720790931,274.2865757316233,ios,1.7133985401356122,-0.1009570728448359,-0.08582975128879111
222,37.870387779584036,-122.2556689382738,1568157276.0,2019-09-10T16:14:36-07:00,POINT (-122.2556689382738 37.870387779584036),7.237131341234194,275.8539377158929,ios,1.6124414672907763,-0.18678682413362702,0.11093514143966532
223,37.870392347721264,-122.2556515039152,1568157277.0,2019-09-10T16:14:37-07:00,POINT (-122.2556515039152 37.870392347721264),7.495057908121742,277.44826639582703,ios,1.4256546431571493,-0.0758516826939617,0.14541950038884566
224,37.87039616148721,-122.25563599739434,1568157278.0,2019-09-10T16:14:38-07:00,POINT (-122.25563599739434 37.87039616148721),7.697157519084827,278.8619247830005,ios,1.3498029604631876,0.06956781769488396,-0.18530304162224898
225,37.870398508420095,-122.25562090996863,1568157279.0,2019-09-10T16:14:39-07:00,POINT (-122.25562090996863 37.870398508420095),7.744383606502619,280.2134419236501,ios,1.4193707781580716,-0.11573522392736502,-0.23256335347971668
226,37.87040441766183,-122.2556065769142,1568157280.0,2019-09-10T16:14:40-07:00,POINT (-122.2556065769142 37.87040441766183),8.192386943934444,281.56196161794196,ios,1.3036355542307065,-0.3482985774070817,0.34825685611176826
227,37.870411248912916,-122.25559450697364,1568157281.0,2019-09-10T16:14:41-07:00,POINT (-122.25559450697364 37.870411248912916),8.772889722828582,282.7301133292148,ios,0.9553369768236248,-4.1721295313434936e-05,0.030874998138070264
228,37.870417409746146,-122.25558692118577,1568157282.0,2019-09-10T16:14:42-07:00,POINT (-122.25558692118577 37.870417409746146),9.342327243562021,283.49705478471776,ios,0.9552952555283114,0.03083327684275683,-0.030879402570400227
229,37.87042357031058,-122.25557933572888,1568157283.0,2019-09-10T16:14:43-07:00,POINT (-122.25557933572888 37.87042357031058),9.911739994148949,284.2639626766588,ios,0.9861285323710682,-4.612572764339795e-05,0.2616708058219004
230,37.870428012823055,-122.25556961249403,1568157284.0,2019-09-10T16:14:44-07:00,POINT (-122.25556961249403 37.870428012823055),10.263183942845851,285.18638235101224,ios,0.9860824066434248,0.261624680094257,-1.1117534148768957
231,37.87043245512794,-122.25555988971354,1568157285.0,2019-09-10T16:14:45-07:00,POINT (-122.25555988971354 37.87043245512794),10.614611574036394,286.10875883708934,ios,1.2477070867376818,-0.8501287347826387,0.8501287401965258
232,37.870436855627105,-122.25554681394459,1568157286.0,2019-09-10T16:14:46-07:00,POINT (-122.25554681394459 37.870436855627105),10.914811608855162,287.3216051806325,ios,0.3975783519550431,5.413887060878864e-09,-2.862228815425638e-05
233,37.87043469025015,-122.25554320963971,1568157287.0,2019-09-10T16:14:47-07:00,POINT (-122.25554320963971 37.87043469025015),10.627431772890114,287.5966329028159,ios,0.39757835736893016,-2.8616874267195502e-05,0.22095504563077756
234,37.870432524873195,-122.25553960533486,1568157288.0,2019-09-10T16:14:48-07:00,POINT (-122.25553960533486 37.870432524873195),10.340051946544603,287.87166064078554,ios,0.39754974049466296,0.22092642875651036,-0.22095725786763654
235,37.87043035965215,-122.2555360012895,1568157289.0,2019-09-10T16:14:49-07:00,POINT (-122.2555360012895 37.87043035965215),10.052692820645019,288.1466685995043,ios,0.6184761692511733,-3.0829111126173814e-05,-0.24366408176918575
236,37.87043172174535,-122.25552916986821,1568157290.0,2019-09-10T16:14:50-07:00,POINT (-122.25552916986821 37.87043172174535),10.10688186911089,288.7638754604239,ios,0.6184453401400472,-0.24369491088031192,0.24369491266011267
237,37.87043308377068,-122.25552233878733,1568157291.0,2019-09-10T16:14:51-07:00,POINT (-122.25552233878733 37.87043308377068),10.161068264317816,289.38105155286576,ios,0.37475042925973523,1.7798007512226377e-09,-2.7961352328631506e-05
238,37.87043224555951,-122.25551820361223,1568157292.0,2019-09-10T16:14:52-07:00,POINT (-122.25551820361223 37.87043224555951),10.011705538360019,289.7254767119383,ios,0.374750431039536,-2.7959572527880283e-05,0.35830575407076726
239,37.87043140734834,-122.25551406843715,1568157293.0,2019-09-10T16:14:53-07:00,POINT (-122.25551406843715 37.87043140734834),9.862342824713787,290.0699018792227,ios,0.3747224714670081,0.3582777944982394,-0.35831482638868484
240,37.870430569199726,-122.25550993357064,1568157294.0,2019-09-10T16:14:54-07:00,POINT (-122.25550993357064 37.870430569199726),9.712991270308397,290.41430135869473,ios,0.7330002659652475,-3.703189044546029e-05,-0.16159824165780068
241,37.87042516273554,-122.25550515576509,1568157295.0,2019-09-10T16:14:55-07:00,POINT (-122.25550515576509 37.87042516273554),9.05419614391664,290.73436544876216,ios,0.732963234074802,-0.16163527354824614,0.1782697614334436
242,37.870419756544635,-122.25550037820103,1568157296.0,2019-09-10T16:14:56-07:00,POINT (-122.25550037820103 37.870419756544635),8.395434329394849,291.0544134253548,ios,0.5713279605265559,0.016634487885197464,0.09734998755125207
243,37.8704062406997,-122.2554909902928,1568157299.0,2019-09-10T16:14:59-07:00,POINT (-122.2554909902928 37.8704062406997),6.7840491033920935,291.6325409067518,ios,0.6212314241821483,0.30868445053895366,-0.30873340869524035
244,37.87040521394263,-122.25548403348984,1568157300.0,2019-09-10T16:15:00-07:00,POINT (-122.25548403348984 37.87040521394263),6.574774648317515,292.21871291261135,ios,0.9299158747211019,-4.8958156286693644e-05,0.031363170893684233
245,37.87040014275761,-122.2554756094552,1568157301.0,2019-09-10T16:15:01-07:00,POINT (-122.2554756094552 37.87040014275761),5.901985415819271,292.8613329594383,ios,0.9298669165648152,0.03131421273739754,-0.031365503544485196
246,37.870395071839795,-122.25546718586445,1568157302.0,2019-09-10T16:15:02-07:00,POINT (-122.25546718586445 37.870395071839795),5.229231681394939,293.5039192564753,ios,0.9611811293022128,-5.12908070876561e-05,0.3574771863487969
247,37.8703913627486,-122.25545729495461,1568157303.0,2019-09-10T16:15:03-07:00,POINT (-122.25545729495461 37.8703913627486),4.685264457533995,294.2978409406822,ios,0.9611298384951251,0.3574258955417092,-0.21968513604451723
248,37.87038765385549,-122.25544740457298,1568157304.0,2019-09-10T16:15:04-07:00,POINT (-122.25544740457298 37.87038765385549),4.141326361187932,295.0917203292434,ios,1.3185557340368343,0.137740759497192,-0.06005770874895311
249,37.87038509737502,-122.25543273624243,1568157305.0,2019-09-10T16:15:05-07:00,POINT (-122.25543273624243 37.87038509737502),3.6571737975472014,296.3207849725309,ios,1.4562964935340263,0.07768305074823889,-0.3284212873729584
250,37.87038853395532,-122.25541672680737,1568157306.0,2019-09-10T16:15:06-07:00,POINT (-122.25541672680737 37.87038853395532),3.8109561181007017,297.7715011123059,ios,1.5339795442822652,-0.2507382366247195,0.08586348550733724
251,37.870392431540296,-122.25539996300103,1568157307.0,2019-09-10T16:15:07-07:00,POINT (-122.25539996300103 37.870392431540296),4.004750913581429,299.2958241840923,ios,1.2832413076575457,-0.16487475111738226,0.05084753927517305
252,37.87039389837335,-122.25538546230854,1568157308.0,2019-09-10T16:15:08-07:00,POINT (-122.25538546230854 37.87039389837335),3.963720439180891,300.58093844648306,ios,1.1183665565401635,-0.11402721184220921,0.1139726162964636
253,37.87039398219238,-122.25537272181572,1568157309.0,2019-09-10T16:15:09-07:00,POINT (-122.25537272181572 37.87039398219238),3.79565687259491,301.6889093005324,ios,1.0043393446979543,-5.459554574560599e-05,-0.13137017777789228
254,37.87039404505836,-122.25536128020691,1568157310.0,2019-09-10T16:15:10-07:00,POINT (-122.25536128020691 37.87039404505836),3.643368014314045,302.6837055928681,ios,1.0042847491522087,-0.1314247733236379,0.13137751085450688
255,37.87039410792093,-122.25534983922006,1568157311.0,2019-09-10T16:15:11-07:00,POINT (-122.25534983922006 37.87039410792093),3.4910875575344456,303.6784478302494,ios,0.8728599758285708,-4.726246913100418e-05,0.28865211463509655
256,37.87039603581083,-122.25534019977056,1568157312.0,2019-09-10T16:15:12-07:00,POINT (-122.25534019977056 37.87039603581083),3.568200381472675,304.54945914906324,ios,0.8728127133594398,0.28860485216596554,-0.28866681985940923
257,37.87039796359639,-122.25533056084276,1568157313.0,2019-09-10T16:15:13-07:00,POINT (-122.25533056084276 37.87039796359639),3.6453091271616227,305.4204232979719,ios,1.1614175655254053,-6.196769344368747e-05,0.16656972382641722
258,37.87039383539884,-122.25531840675863,1568157314.0,2019-09-10T16:15:14-07:00,POINT (-122.25531840675863 37.87039383539884),3.0239409592466475,306.4035451127562,ios,1.1613555978319616,0.16650775613297353,-0.2503061733948442
259,37.870389707421765,-122.25530625332355,1568157315.0,2019-09-10T16:15:15-07:00,POINT (-122.25530625332355 37.870389707421765),2.402606092659518,307.386614567324,ios,1.3278633539649352,-0.08379841726187065,-0.06642281174877196
260,37.87038551647018,-122.25529208790721,1568157316.0,2019-09-10T16:15:16-07:00,POINT (-122.25529208790721 37.87038551647018),1.7463812565760521,308.5433177083535,ios,1.2440649367030645,-0.1502212290106426,0.2605529077888804
261,37.87038254089455,-122.25527842540504,1568157317.0,2019-09-10T16:15:17-07:00,POINT (-122.25527842540504 37.87038254089455),1.2303082336831068,309.677672925472,ios,1.093843707692422,0.1103316787782378,-0.05368551282579981
262,37.87037801466684,-122.25526736129285,1568157318.0,2019-09-10T16:15:18-07:00,POINT (-122.25526736129285 37.87037801466684),0.5804965297855905,310.5591469083248,ios,1.2041753864706597,0.05664616595243799,0.8071627340047502
263,37.87037072241108,-122.25525721919001,1568157319.0,2019-09-10T16:15:19-07:00,POINT (-122.25525721919001 37.87037072241108),0.35953080516645175,311.31200230602644,ios,1.2608215524230977,0.8638088999571882,-1.2298748335510488
264,37.87036275960307,-122.25524699326814,1568157320.0,2019-09-10T16:15:20-07:00,POINT (-122.25524699326814 37.87036275960307),1.3741890554079232,312.0603694995864,ios,2.124630452380286,-0.3660659335938605,-0.20149874754069907
265,37.87035022865783,-122.25522872071923,1568157321.0,2019-09-10T16:15:21-07:00,POINT (-122.25522872071923 37.87035022865783),3.001271091923766,313.4274100577931,ios,1.7585645187864254,-0.5675646811345596,0.7915244681752034
266,37.87034029610257,-122.25521313037933,1568157322.0,2019-09-10T16:15:22-07:00,POINT (-122.25521313037933 37.87034029610257),3.4844358247049163,318.28533437471793,ios,1.1909998376518658,0.2239597870406438,0.0004506827193930807
267,37.87033262666117,-122.25520365882875,1568157323.0,2019-09-10T16:15:23-07:00,POINT (-122.25520365882875 37.87033262666117),3.5708799547143797,319.47306279659927,ios,1.4149596246925096,0.22441046976003687,-0.4148987433363682
268,37.87032156254898,-122.25519569602073,1568157324.0,2019-09-10T16:15:24-07:00,POINT (-122.25519569602073 37.87032156254898),4.027497694439802,320.8106324066152,ios,1.6393700944525464,-0.19048827357633136,0.1983428776835674
269,37.87030748095165,-122.25519016396464,1568157325.0,2019-09-10T16:15:25-07:00,POINT (-122.25519016396464 37.87030748095165),4.876597063771208,322.2095531354283,ios,1.448881820876215,0.00785460410723604,-0.018894881391479323
270,37.87029532719205,-122.25518421281339,1568157326.0,2019-09-10T16:15:26-07:00,POINT (-122.25518421281339 37.87029532719205),5.540957954796972,323.4945197690519,ios,1.4567364249834511,-0.011040277284243283,0.25402724896886686
271,37.870284179260835,-122.25517549563409,1568157327.0,2019-09-10T16:15:27-07:00,POINT (-122.25517549563409 37.870284179260835),5.9606275025689115,324.88798178771714,ios,1.4456961476992078,0.24298697168462358,-0.07367842042199624
272,37.87028325725149,-122.25515906710388,1568157328.0,2019-09-10T16:15:28-07:00,POINT (-122.25515906710388 37.87028325725149),5.08085427429085,326.03883956855367,ios,1.6886831193838314,0.16930855126262734,-0.5596731793909313
273,37.870279946399734,-122.25514029164077,1568157329.0,2019-09-10T16:15:29-07:00,POINT (-122.25514029164077 37.870279946399734),4.035913925564741,328.69896265862667,ios,1.8579916706464588,-0.39036462812830397,0.5871650543334186
274,37.87027646790992,-122.25511958833994,1568157330.0,2019-09-10T16:15:30-07:00,POINT (-122.25511958833994 37.87027646790992),2.7047969160192347,330.00014983499614,ios,1.4676270425181548,0.19680042620511462,-0.2872921014134593
275,37.870270013844475,-122.25510500382842,1568157331.0,2019-09-10T16:15:31-07:00,POINT (-122.25510500382842 37.870270013844475),2.004995375072688,331.2919224170211,ios,1.6644274687232694,-0.09049167520834467,-0.26296898787055234
276,37.8702602908368,-122.25509058695496,1568157332.0,2019-09-10T16:15:32-07:00,POINT (-122.25509058695496 37.8702602908368),1.5118965296899665,332.8821036051767,ios,1.5739357935149247,-0.353460663078897,0.06642059130810152
277,37.87024964581977,-122.25507876847149,1568157333.0,2019-09-10T16:15:33-07:00,POINT (-122.25507876847149 37.87024964581977),1.3180593180720483,334.3003098695702,ios,1.2204751304360277,-0.2870400717707955,0.28698891941326643
278,37.87024042572628,-122.25507122475864,1568157334.0,2019-09-10T16:15:34-07:00,POINT (-122.25507122475864 37.87024042572628),1.4336067906221546,335.5141777136438,ios,0.9334350586652322,-5.1152357529060666e-05,-0.4595219196952766
279,37.8702339924392,-122.25506439332025,1568157335.0,2019-09-10T16:15:35-07:00,POINT (-122.25506439332025 37.8702339924392),1.4061636560622204,336.44681549037716,ios,0.9333839063077032,-0.4595730720528057,0.45957307894953675
280,37.87022755950491,-122.25505756225647,1568157336.0,2019-09-10T16:15:36-07:00,POINT (-122.25505756225647 37.87022755950491),1.3787219165664064,337.37940215321225,ios,0.4738108342548975,6.896731075123341e-09,-3.9312097056376505e-05
281,37.87022399709754,-122.25505460056877,1568157337.0,2019-09-10T16:15:37-07:00,POINT (-122.25505460056877 37.87022399709754),1.378674172933472,338.56507769958364,ios,0.4738108411516286,-3.930520032530138e-05,0.6719101451262464
282,37.87022043469017,-122.25505163888107,1568157338.0,2019-09-10T16:15:38-07:00,POINT (-122.25505163888107 37.87022043469017),1.1890860991183847,338.99884460795545,ios,0.4737715359513033,0.671870839925921,-0.5936659723112607
283,37.87021687257837,-122.2550486774391,1568157339.0,2019-09-10T16:15:39-07:00,POINT (-122.2550486774391 37.87021687257837),0.9995137282998201,339.4325755235224,ios,1.1456423758772243,0.07820486761466028,-0.19728481114452068
284,37.870208197308585,-122.25504163664044,1568157340.0,2019-09-10T16:15:40-07:00,POINT (-122.25504163664044 37.870208197308585),0.5526961709698358,340.4863332842112,ios,1.2238472434918846,-0.1190799435298604,0.11062472275522595
285,37.87019994113396,-122.25503241654695,1568157341.0,2019-09-10T16:15:41-07:00,POINT (-122.25503241654695 37.87019994113396),0.09091739574847942,341.5268186189381,ios,1.1047672999620242,-0.008455220774634453,0.12859793843772804
286,37.87019277460675,-122.25502369936765,1568157342.0,2019-09-10T16:15:42-07:00,POINT (-122.25502369936765 37.87019277460675),0.7114716353154779,342.4406455513452,ios,1.0963120791873897,0.12014271766309359,0.07326626257839575
287,37.870185649989054,-122.25501506600739,1568157343.0,2019-09-10T16:15:43-07:00,POINT (-122.25501506600739 37.870185649989054),1.3255504083421255,343.34863785817987,ios,1.2164547968504833,0.19340898024148934,-0.46128980827205934
288,37.8701773099954,-122.255006097371,1568157344.0,2019-09-10T16:15:44-07:00,POINT (-122.255006097371 37.8701773099954),1.9457890738328973,344.3945320283452,ios,1.4098637770919726,-0.26788082803057,0.3456712328699827
289,37.87016716789256,-122.25499645818235,1568157345.0,2019-09-10T16:15:45-07:00,POINT (-122.25499645818235 37.87016716789256),2.590193096797016,345.6474918165487,ios,1.1419829490614026,0.07779040483941269,-0.42032432610741355
290,37.870158618351326,-122.25498924974562,1568157346.0,2019-09-10T16:15:46-07:00,POINT (-122.25498924974562 37.870158618351326),3.053911462030261,346.6900058455584,ios,1.2197733539008153,-0.34253392126800086,0.3424851887293754
291,37.87014864388655,-122.25498346623243,1568157347.0,2019-09-10T16:15:47-07:00,POINT (-122.25498346623243 37.87014864388655),3.367269037936842,347.86704170955835,ios,0.8772394326328145,-4.873253862547333e-05,0.8314536610084035
292,37.870140764678716,-122.25498296330427,1568157348.0,2019-09-10T16:15:48-07:00,POINT (-122.25498296330427 37.870140764678716),3.2623927377284145,348.73609624102204,ios,0.877190700094189,0.831404928469778,-0.5094433455441694
293,37.87013288590859,-122.25498246040407,1568157349.0,2019-09-10T16:15:49-07:00,POINT (-122.25498246040407 37.87013288590859),3.157522270060184,349.6051024925916,ios,1.708595628563967,0.3219615829256086,-0.9034086944905306
294,37.8701220732535,-122.25499629054428,1568157350.0,2019-09-10T16:15:50-07:00,POINT (-122.25499629054428 37.8701220732535),1.7549953575965564,350.5808125351604,ios,2.0305572114895756,-0.581447111564922,0.32976764717796225
295,37.87010870411794,-122.25501204852225,1568157351.0,2019-09-10T16:15:51-07:00,POINT (-122.25501204852225 37.87010870411794),0.13719280846581686,351.80726056116305,ios,1.4491100999246536,-0.25167946438695976,0.20551144591098325
296,37.87009688563447,-122.25501900550188,1568157352.0,2019-09-10T16:15:52-07:00,POINT (-122.25501900550188 37.87009688563447),0.6885295016519279,352.99561842384327,ios,1.1974306355376938,-0.04616801847597651,0.16350275614413845
297,37.87008615679841,-122.25501783203543,1568157353.0,2019-09-10T16:15:53-07:00,POINT (-122.25501783203543 37.87008615679841),0.788980802734455,354.18627801948537,ios,1.1512626170617173,0.11733473766816194,-0.15064820138727986
298,37.87007580514799,-122.25501808349253,1568157354.0,2019-09-10T16:15:54-07:00,POINT (-122.25501808349253 37.87007580514799),1.0058355942433577,355.31441004174087,ios,1.2685973547298792,-0.03331346371911792,0.16376348058482493
299,37.87006486676435,-122.25502219062508,1568157355.0,2019-09-10T16:15:55-07:00,POINT (-122.25502219062508 37.87006486676435),1.5679524262278903,356.44910378569887,ios,1.2352838910107613,0.130450016865707,-0.012898190553907396
300,37.87005376074265,-122.25502252590121,1568157356.0,2019-09-10T16:15:56-07:00,POINT (-122.25502252590121 37.87005376074265),1.8062874434057445,357.6584695257355,ios,1.3657339078764683,0.11755182631179961,-0.13406754588522318
301,37.8700414812545,-122.25502286117734,1568157357.0,2019-09-10T16:15:57-07:00,POINT (-122.25502286117734 37.8700414812545),2.06673439926787,358.99614646519933,ios,1.483285734188268,-0.01651571957342357,0.2206014535762173
302,37.87002832166652,-122.25502009514929,1568157358.0,2019-09-10T16:15:58-07:00,POINT (-122.25502009514929 37.87002832166652),2.074947260025063,360.47638234235933,ios,1.4667700146148444,0.20408573400279373,-0.3729207451624983
303,37.87001587454031,-122.2550145630932,1568157359.0,2019-09-10T16:15:59-07:00,POINT (-122.2550145630932 37.87001587454031),1.8299782479824414,361.920032358412,ios,1.670855748617638,-0.16883501115970456,0.16862832315122
304,37.87000095475266,-122.25501229997934,1568157360.0,2019-09-10T16:16:00-07:00,POINT (-122.25501229997934 37.87000095475266),1.9149509063848076,363.5852228084633,ios,1.5020207374579335,-0.00020668800848455682,0.15353868261509307
305,37.869987459888556,-122.25501154560806,1568157361.0,2019-09-10T16:16:01-07:00,POINT (-122.25501154560806 37.869987459888556),2.2744315068044223,364.617932194795,ios,1.501814049449449,0.1533319946066085,-0.4511047404730859
306,37.869974090753,-122.25501397635998,1568157362.0,2019-09-10T16:16:02-07:00,POINT (-122.25501397635998 37.869974090753),3.01977347788059,365.91815888143856,ios,1.6551460440560575,-0.2977727458664774,0.32981832290339175
307,37.86995921287487,-122.2550145630932,1568157363.0,2019-09-10T16:16:03-07:00,POINT (-122.2550145630932 37.86995921287487),3.346118830005307,368.24422038587346,ios,1.35737329818958,0.03204557703691435,-0.032409939418506006
308,37.86994701720575,-122.25501389254094,1568157364.0,2019-09-10T16:16:04-07:00,POINT (-122.25501389254094 37.86994701720575),3.48672552951141,369.59136358481965,ios,1.3894188752264944,-0.00036436238159165413,-0.25391956017603445
309,37.86993452817003,-122.25501338962675,1568157365.0,2019-09-10T16:16:05-07:00,POINT (-122.25501338962675 37.86993452817003),3.6467025229318986,370.96853588950773,ios,1.3890545128449028,-0.2542839225576261,0.14155212666625205
310,37.86992208104382,-122.25501204852225,1568157366.0,2019-09-10T16:16:06-07:00,POINT (-122.25501204852225 37.86992208104382),3.733072413137047,372.3519476964459,ios,1.1347705902872767,-0.11273179589137405,0.20255379267058427
311,37.869912190398075,-122.25500886339904,1568157367.0,2019-09-10T16:16:07-07:00,POINT (-122.25500886339904 37.869912190398075),3.6173073753181337,373.47863228207643,ios,1.0220387943959026,0.08982199677921021,-0.08988455712721777
312,37.86990364085684,-122.25500458862842,1568157368.0,2019-09-10T16:16:08-07:00,POINT (-122.25500458862842 37.86990364085684),3.384864635391467,374.47222172509794,ios,1.1118607911751128,-6.25603480075565e-05,0.06409009809877442
313,37.8698936451561,-122.25500492391397,1568157369.0,2019-09-10T16:16:09-07:00,POINT (-122.25500492391397 37.8698936451561),3.577092524914648,375.56491190200984,ios,1.1117982308271053,0.06402753775076686,-0.021781913860923874
314,37.869883650017776,-122.25500525918068,1568157370.0,2019-09-10T16:16:10-07:00,POINT (-122.25500525918068 37.869883650017776),3.7693096088659788,376.6575405933582,ios,1.1758257685778721,0.04224562388984299,-0.03959610043239348
315,37.86987308881978,-122.25500592973293,1568157371.0,2019-09-10T16:16:11-07:00,POINT (-122.25500592973293 37.86987308881978),3.9999309222319126,377.80795845419834,ios,1.2180713924677151,0.0026495234574495097,-0.179060755347761
316,37.86986219234566,-122.25500450480939,1568157372.0,2019-09-10T16:16:12-07:00,POINT (-122.25500450480939 37.86986219234566),4.0537128205040664,379.02227045632026,ios,1.2207209159251646,-0.1764112318903115,-0.015984649717101007
317,37.869851589238145,-122.25500090059103,1568157373.0,2019-09-10T16:16:13-07:00,POINT (-122.25500090059103 37.869851589238145),3.9131079597308083,380.2325671097159,ios,1.0443096840348531,-0.1923958816074125,0.19234917287287923
318,37.86984270442078,-122.25499704491557,1568157374.0,2019-09-10T16:16:14-07:00,POINT (-122.25499704491557 37.86984270442078),3.722595876901411,381.2575335215074,ios,0.8519138024274406,-4.6708734533273955e-05,-0.12219527465616942
319,37.86983541196508,-122.25499406925834,1568157375.0,2019-09-10T16:16:15-07:00,POINT (-122.25499406925834 37.86983541196508),3.5826704751997895,382.09635863490587,ios,0.8518670936929074,-0.12224198339070269,0.1222014655924607
320,37.869828119909265,-122.25499109376432,1568157376.0,2019-09-10T16:16:16-07:00,POINT (-122.25499109376432 37.869828119909265),3.442752699439698,382.9351377482255,ios,0.7296251103022047,-4.05177982419902e-05,-0.02284830333506882
321,37.86982237814611,-122.25498707033904,1568157377.0,2019-09-10T16:16:17-07:00,POINT (-122.25498707033904 37.86982237814611),3.186374077771804,383.6173239086682,ios,0.7295845925039627,-0.02288882113331081,0.022849746484190914
322,37.86981663670192,-122.25498304713726,1568157378.0,2019-09-10T16:16:18-07:00,POINT (-122.25498304713726 37.86981663670192),2.9300096419069734,384.2994721653054,ios,0.7066957713706519,-3.9074649119896776e-05,0.02204041762850728
323,37.86981125118019,-122.25497877224842,1568157379.0,2019-09-10T16:16:19-07:00,POINT (-122.25497877224842 37.86981125118019),2.6459420046596027,384.9458126952985,ios,0.706656696721532,0.022001342979387384,-0.022041632885794527
324,37.869805865956344,-122.25497449759604,1568157380.0,2019-09-10T16:16:20-07:00,POINT (-122.25497449759604 37.869805865956344),2.3618900259096858,385.59211746522874,ios,0.7286580397009194,-4.0289906407142695e-05,0.09602005366076849
325,37.86980022897056,-122.25497026461787,1568157381.0,2019-09-10T16:16:21-07:00,POINT (-122.25497026461787 37.86980022897056),2.08557062098686,386.2655141334272,ios,0.7286177497945122,0.09597976375436135,-0.09602497831512546
326,37.86979459229658,-122.25496603187383,1568157382.0,2019-09-10T16:16:22-07:00,POINT (-122.25496603187383 37.86979459229658),1.8092664445421156,386.93887354740497,ios,0.8245975135488736,-4.521456076411745e-05,0.07328178117360751
327,37.869787320796206,-122.25496418780457,1568157383.0,2019-09-10T16:16:23-07:00,POINT (-122.25496418780457 37.869787320796206),1.7674482799879239,387.7607656817528,ios,0.8245522989881094,0.07323656661284339,-0.07328622549705555
328,37.869780049694576,-122.25496234383643,1568157384.0,2019-09-10T16:16:24-07:00,POINT (-122.25496234383643 37.869780049694576),1.7256323791690207,388.5826127463968,ios,0.8977888656009528,-4.965888421215592e-05,0.027437050268973584
329,37.86977200284498,-122.25496150562294,1568157385.0,2019-09-10T16:16:25-07:00,POINT (-122.25496150562294 37.86977200284498),1.7839729009231464,389.4765920800007,ios,0.8977392067167407,0.027387391384761428,-0.02743900316918524
330,37.86976395644049,-122.2549606674558,1568157386.0,2019-09-10T16:16:26-07:00,POINT (-122.2549606674558 37.86976395644049),1.8423101780179851,390.37052196527316,ios,0.9251265981015021,-5.161178442381065e-05,0.12443375040962967
331,37.86975570003555,-122.25495936822458,1568157387.0,2019-09-10T16:16:27-07:00,POINT (-122.25495936822458 37.86975570003555),1.8639599742238884,391.2934615999011,ios,0.9250749863170783,0.12438213862520586,-0.2114336698665078
332,37.86974744409124,-122.25495806906582,1568157388.0,2019-09-10T16:16:28-07:00,POINT (-122.25495806906582 37.86974744409124),1.8856085342611089,392.21634974328333,ios,1.0494571249422842,-0.08705153124130194,0.08699875623721176
333,37.86973801445017,-122.25495756615163,1568157389.0,2019-09-10T16:16:29-07:00,POINT (-122.25495756615163 37.86973801445017),1.9956775545212946,393.2577542244483,ios,0.9624055937009822,-5.2775004090177546e-05,0.15028380238011596
334,37.86972935989785,-122.25495744041963,1568157390.0,2019-09-10T16:16:30-07:00,POINT (-122.25495744041963 37.86972935989785),2.125918080675782,394.20921535603924,ios,0.962352818696892,0.15023102737602578,-0.46522438631939933
335,37.86972070582012,-122.25495731469455,1568157391.0,2019-09-10T16:16:31-07:00,POINT (-122.25495731469455 37.86972070582012),2.256151465765675,395.1606243107489,ios,1.1125838460729178,-0.31499335894337355,0.3149496278341992
336,37.86971089899341,-122.25495480012358,1568157392.0,2019-09-10T16:16:32-07:00,POINT (-122.25495480012358 37.86971089899341),2.197356645048811,396.26943855611995,ios,0.7975904871295443,-4.373110917432754e-05,0.06733844181875115
337,37.86970402564435,-122.25495220166236,1568157393.0,2019-09-10T16:16:33-07:00,POINT (-122.25495220166236 37.86970402564435),2.0834101942635423,397.05738909559665,ios,0.79754675602037,0.06729471070957682,-0.0673425154102184
338,37.86969715267221,-122.25494960334362,1568157394.0,2019-09-10T16:16:34-07:00,POINT (-122.25494960334362 37.86969715267221),1.9694699469274273,397.84529642408415,ios,0.8648414667299468,-4.780470064158493e-05,-0.18758183351167224
339,37.86969174619514,-122.2549566862477,1568157395.0,2019-09-10T16:16:35-07:00,POINT (-122.2549566862477 37.86969174619514),2.673886296068316,398.3470635800761,ios,0.8647936620293052,-0.18762963821231382,0.18759187224882212
340,37.86968634001712,-122.25496376875999,1568157396.0,2019-09-10T16:16:36-07:00,POINT (-122.25496376875999 37.86968634001712),3.3782637629058807,398.8488029183226,ios,0.6771640238169914,-3.776596349169825e-05,0.477554706028553
341,37.86968118500287,-122.25496787600711,1568157397.0,2019-09-10T16:16:37-07:00,POINT (-122.25496787600711 37.86968118500287),3.8196921181235894,399.36145169976317,ios,0.6771262578534997,0.4775169400650613,-0.4136490053318155
342,37.86967603027622,-122.25497198302509,1568157398.0,2019-09-10T16:16:38-07:00,POINT (-122.25497198302509 37.86967603027622),4.261095892819025,399.8740718566099,ios,1.154643197918561,0.06386793473324581,-0.12428507186370141
343,37.86966701973031,-122.25496544514061,1568157399.0,2019-09-10T16:16:39-07:00,POINT (-122.25496544514061 37.86966701973031),3.8392779046586383,400.9475220051467,ios,1.2185111326518068,-0.0604171371304556,0.11654448440805565
344,37.86965838637004,-122.25495689559938,1568157400.0,2019-09-10T16:16:40-07:00,POINT (-122.25495689559938 37.86965838637004),3.2362899772690112,402.0055898397588,ios,1.1580939955213512,0.05612734727760005,-0.07906773966161743
345,37.8696511360238,-122.2549474240488,1568157401.0,2019-09-10T16:16:41-07:00,POINT (-122.2549474240488 37.8696511360238),2.6049397160966246,402.3056092298081,ios,1.2142213427989512,-0.02294039238401737,-0.006970075473734534
346,37.86960465837071,-122.25491113040806,1568157406.0,2019-09-10T16:16:46-07:00,POINT (-122.25491113040806 37.86960465837071),6.187098972229986,402.48904050224,ios,1.0995193808788644,-0.05779076975269004,-0.10705739281655668
347,37.86959543827722,-122.25490660418035,1568157407.0,2019-09-10T16:16:47-07:00,POINT (-122.25490660418035 37.86959543827722),7.243787380952944,402.78648708453835,ios,1.0417286111261743,-0.16484816256924673,0.24887028777854756
348,37.86958634391228,-122.25490375433327,1568157408.0,2019-09-10T16:16:48-07:00,POINT (-122.25490375433327 37.86958634391228),8.27234955260098,402.93852066093683,ios,0.8768804485569276,0.08402212520930083,-0.0561398774851797
349,37.869554953684904,-122.25489981483878,1568157412.0,2019-09-10T16:16:52-07:00,POINT (-122.25489981483878 37.869554953684904),11.772451231204808,402.94701651939846,ios,1.212968949394131,-0.14053738473141797,0.2882166376162052
350,37.86954460203449,-122.25489545624913,1568157413.0,2019-09-10T16:16:53-07:00,POINT (-122.25489545624913 37.86954460203449),12.952680987054103,403.2176611841334,ios,1.072431564662713,0.14767925288478723,-0.10528727247693226
351,37.86953525621245,-122.25489243876399,1568157414.0,2019-09-10T16:16:54-07:00,POINT (-122.25489243876399 37.86953525621245),14.010437374851609,403.3816763840036,ios,1.2201108175475002,0.04239198040785497,-0.10402406537133024
352,37.869524904562034,-122.25488782871724,1568157415.0,2019-09-10T16:16:55-07:00,POINT (-122.25488782871724 37.869524904562034),15.192803288773181,403.6743353289171,ios,1.2625027979553551,-0.061632084963475275,-0.4861696456335186
353,37.869513966178395,-122.25488397304179,1568157416.0,2019-09-10T16:16:56-07:00,POINT (-122.25488397304179 37.869513966178395),16.433557589379003,403.894664435455,ios,1.2008707129918799,-0.5478017305969939,0.5801498627593732
354,37.86950336307088,-122.2548813746518,1568157417.0,2019-09-10T16:16:57-07:00,POINT (-122.2548813746518 37.86950336307088),17.626604208090054,404.0085161245132,ios,0.653068982394886,0.03234813216237927,0.05085321318094287
355,37.86948584470971,-122.25487898575679,1568157420.0,2019-09-10T16:17:00-07:00,POINT (-122.25487898575679 37.86948584470971),19.581569325689387,404.0299207140962,ios,0.7501133788820238,0.1849077717052079,-0.1849590426874662
356,37.869479265099265,-122.25487709988118,1568157421.0,2019-09-10T16:17:01-07:00,POINT (-122.25487709988118 37.869479265099265),20.32422102878177,404.1245120787858,ios,0.9350211505872317,-5.1270982258322384e-05,-0.08524257545788849
357,37.86947094583227,-122.25487554918658,1568157422.0,2019-09-10T16:17:02-07:00,POINT (-122.25487554918658 37.86947094583227),21.256147339701673,404.1711167993243,ios,0.9349698796049734,-0.08529384644014681,-0.03329509853462426
358,37.86946262702147,-122.25487399857703,1568157423.0,2019-09-10T16:17:03-07:00,POINT (-122.25487399857703 37.86946262702147),22.18802254650993,404.21771898908946,ios,0.8496760331648265,-0.11858894497477107,0.05927753573013225
359,37.86944741386721,-122.25487215455831,1568157425.0,2019-09-10T16:17:05-07:00,POINT (-122.25487215455831 37.86944741386721),23.80037729933403,428.31724264036944,ios,0.6124981432152844,-3.387351450656606e-05,0.06751038494992045
360,37.86944234267554,-122.25486943036444,1568157426.0,2019-09-10T16:17:06-07:00,POINT (-122.25486943036444 37.86944234267554),24.00239136707703,428.31724264036944,ios,0.6124642697007778,0.06747651143541389,-0.06751411532884177
361,37.869437271764376,-122.25486670632125,1568157427.0,2019-09-10T16:17:07-07:00,POINT (-122.25486670632125 37.869437271764376),24.218155671083828,428.31724264036944,ios,0.6799407811361917,-3.7603893427884394e-05,-0.679865573349336
362,37.86943148809123,-122.25486419168075,1568157428.0,2019-09-10T16:17:08-07:00,POINT (-122.25486419168075 37.86943148809123),24.51684623651129,428.31724264036944,ios,0.6799031772427638,-0.6799031772427638,0.6799031772427638
363,37.869425704738,-122.25486167717933,1568157429.0,2019-09-10T16:17:09-07:00,POINT (-122.25486167717933 37.869425704738),24.83048588577136,428.31724264036944,ios,0.0,0.0,0.0
