,ts,longitude,latitude,geometry,source,matching,fmt_time,speed,acceleration,jerk
0,1576089935.0,-122.26773308600707,37.87108495144459,POINT (-122.26773308600707 37.87108495144459),midpoint,"[<POINT (-122.268 37.871)>, <POINT (-122.268 37.871)>]",2019-12-11T10:45:35-08:00,0.6764198497250589,-0.037725701007630175,-0.18701486857334282
1,1576089936.0,-122.26772538065569,37.871084863774826,POINT (-122.26772538065569 37.871084863774826),midpoint,"[<POINT (-122.268 37.871)>, <POINT (-122.268 37.871)>]",2019-12-11T10:45:36-08:00,0.6386941487174287,-0.224740569580973,0.04798232200521943
2,1576089937.0,-122.26771842546114,37.871083176118546,POINT (-122.26771842546114 37.871083176118546),midpoint,"[<POINT (-122.268 37.871)>, <POINT (-122.268 37.871)>]",2019-12-11T10:45:37-08:00,0.4139535791364557,-0.17675824757575356,0.2551722008535756
3,1576089938.0,-122.26771801979814,37.871086885094165,POINT (-122.26771801979814 37.871086885094165),midpoint,"[<POINT (-122.268 37.871)>, <POINT (-122.268 37.871)>]",2019-12-11T10:45:38-08:00,0.23719533156070213,0.07841395327782205,0.038786541760296916
4,1576089939.0,-122.26771761413511,37.87108899406978,POINT (-122.26771761413511 37.87108899406978),midpoint,"[<POINT (-122.268 37.871)>, <POINT (-122.268 37.871)>]",2019-12-11T10:45:39-08:00,0.3156092848385242,0.11720049503811897,-0.08145582443479266
5,1576089940.0,-122.2677184584721,37.871091753045405,POINT (-122.2677184584721 37.871091753045405),midpoint,"[<POINT (-122.268 37.871)>, <POINT (-122.268 37.871)>]",2019-12-11T10:45:40-08:00,0.43280977987664315,0.03574467060332631,0.37401958589748396
6,1576089941.0,-122.2677191028091,37.871095612021016,POINT (-122.2677191028091 37.871095612021016),midpoint,"[<POINT (-122.268 37.871)>, <POINT (-122.268 37.871)>]",2019-12-11T10:45:41-08:00,0.46855445047996946,0.4097642565008103,-0.6058835426703867
7,1576089942.0,-122.26771884714607,37.87109982099663,POINT (-122.26771884714607 37.87109982099663),midpoint,"[<POINT (-122.268 37.871)>, <POINT (-122.268 37.871)>]",2019-12-11T10:45:42-08:00,0.8783187069807797,-0.1961192861695764,1.5887644828033274
8,1576089943.0,-122.26771734148306,37.87110762997226,POINT (-122.26771734148306 37.87110762997226),midpoint,"[<POINT (-122.268 37.871)>, <POINT (-122.268 37.871)>]",2019-12-11T10:45:43-08:00,0.6821994208112033,1.392645196633751,0.4416569950616225
9,1576089944.0,-122.26771503582005,37.87111348894787,POINT (-122.26771503582005 37.87111348894787),midpoint,"[<POINT (-122.268 37.871)>, <POINT (-122.268 37.871)>]",2019-12-11T10:45:44-08:00,2.0748446174449544,1.8343021916953735,2.702877265453342
10,1576089945.0,-122.26770776250021,37.87113124318532,POINT (-122.26770776250021 37.87113124318532),midpoint,"[<POINT (-122.268 37.871)>, <POINT (-122.268 37.871)>]",2019-12-11T10:45:45-08:00,3.909146809140328,4.537179457148715,-7.109238664376765
11,1576089946.0,-122.26770208772959,37.87116611241754,POINT (-122.26770208772959 37.87116611241754),midpoint,"[<POINT (-122.268 37.871)>, <POINT (-122.268 37.871)>]",2019-12-11T10:45:46-08:00,8.446326266289043,-2.5720592072280493,-1.8024186729318963
12,1576089947.0,-122.2677116,37.8712417,POINT (-122.2677116 37.8712417),android,,2019-12-11T10:45:47-08:00,5.874267059060994,-4.3744778801599455,11.96475215257626
13,1576089948.0,-122.2677138,37.8712945,POINT (-122.2677138 37.8712945),android,,2019-12-11T10:45:48-08:00,1.4997891789010487,7.590274272416314,-7.490762182209497
14,1576089949.0,-122.26770107645753,37.871303502505526,POINT (-122.26770107645753 37.871303502505526),ios,,2019-12-11T10:45:49-08:00,9.090063451317363,0.09951209020681695,-3.2565725271288555
15,1576089950.0,-122.26773141894701,37.8713816637526,POINT (-122.26773141894701 37.8713816637526),ios,,2019-12-11T10:45:50-08:00,9.18957554152418,-3.1570604369220385,-1.618453611354628
16,1576089951.0,-122.26773,37.8714643,POINT (-122.26773 37.8714643),android,,2019-12-11T10:45:51-08:00,6.032515104602141,-4.7755140482766665,9.67331451942929
17,1576089952.0,-122.267727,37.8715185,POINT (-122.267727 37.8715185),android,,2019-12-11T10:45:52-08:00,1.257001056325475,4.897800471152625,-5.016653157125626
18,1576089953.0,-122.26772349315867,37.87152946029358,POINT (-122.26772349315867 37.87152946029358),ios,,2019-12-11T10:45:53-08:00,6.154801527478099,-0.11885268597300147,2.1092778635956524
19,1576089954.0,-122.2677301681395,37.871584560385344,POINT (-122.2677301681395 37.871584560385344),ios,,2019-12-11T10:45:54-08:00,6.035948841505098,1.990425177622651,-3.7929993196330773
20,1576089955.0,-122.26773671422272,37.87163859646365,POINT (-122.26773671422272 37.87163859646365),ios,,2019-12-11T10:45:55-08:00,8.026374019127749,-1.8025741420104264,-4.420097232273974
21,1576089956.0,-122.26774541895402,37.87171045157537,POINT (-122.26774541895402 37.87171045157537),ios,,2019-12-11T10:45:56-08:00,6.223799877117322,-6.222671374284401,6.224875444440889
22,1576089957.0,-122.26775196213175,37.87176618472491,POINT (-122.26775196213175 37.87176618472491),ios,,2019-12-11T10:45:57-08:00,0.001128502832921499,0.0022040701564886413,-5.510173168160562e-05
62,1576089997.0,-122.26775200380008,37.87176658934496,POINT (-122.26775200380008 37.87176658934496),ios,,2019-12-11T10:46:37-08:00,0.08929130909246716,8.892244163227758e-10,-1.7934438933941976e-09
63,1576089998.0,-122.26775209325999,37.87176738924982,POINT (-122.26775209325999 37.87176738924982),ios,,2019-12-11T10:46:38-08:00,0.08929130998169157,-9.042194770714218e-10,-7.836248166194493e-05
64,1576089999.0,-122.2677521827199,37.871768189154686,POINT (-122.2677521827199 37.871768189154686),ios,,2019-12-11T10:46:39-08:00,0.0892913090774721,-7.8363385881422e-05,2.688015526876097
65,1576090000.0,-122.2677522721798,37.87176898905955,POINT (-122.2677522721798 37.87176898905955),ios,,2019-12-11T10:46:40-08:00,0.08921294569159068,2.6879371634902154,-2.1872301298714376
66,1576090001.0,-122.26775236156121,37.8717697882624,POINT (-122.26775236156121 37.8717697882624),ios,,2019-12-11T10:46:41-08:00,2.777150109181806,0.5007070336187778,-0.6838040545563713
67,1576090002.0,-122.26775511940265,37.87179466871268,POINT (-122.26775511940265 37.87179466871268),ios,,2019-12-11T10:46:42-08:00,3.277857142800584,-0.1830970209375935,1.9300936744254562
68,1576090003.0,-122.26775837446992,37.87182403499059,POINT (-122.26775837446992 37.87182403499059),ios,,2019-12-11T10:46:43-08:00,3.0947601218629903,1.7469966534878627,-1.6113410995181083
69,1576090004.0,-122.26776144771317,37.87185176090484,POINT (-122.26776144771317 37.87185176090484),ios,,2019-12-11T10:46:44-08:00,4.841756775350853,0.13565555396975437,0.1663713886346967
70,1576090005.0,-122.26776625580676,37.87189513813874,POINT (-122.26776625580676 37.87189513813874),ios,,2019-12-11T10:46:45-08:00,4.977412329320607,0.30202694260445107,-0.7455375412535439
71,1576090006.0,-122.26777099838573,37.87193974425662,POINT (-122.26777099838573 37.87193974425662),ios,,2019-12-11T10:46:46-08:00,5.2794392719250585,-0.4435105986490928,2.176243027064773
72,1576090007.0,-122.26777585270618,37.871987068509334,POINT (-122.26777585270618 37.871987068509334),ios,,2019-12-11T10:46:47-08:00,4.835928673275966,1.7327324284156802,-6.327000881756766
73,1576090008.0,-122.26778029922907,37.872030417187055,POINT (-122.26778029922907 37.872030417187055),ios,,2019-12-11T10:46:48-08:00,6.568661101691646,-4.594268453341086,6.528370935723229
74,1576090009.0,-122.26778633895874,37.87208929786824,POINT (-122.26778633895874 37.87208929786824),ios,,2019-12-11T10:46:49-08:00,1.9743926483505596,1.934102482382143,-3.0243808512279635
75,1576090010.0,-122.26778815436647,37.87210699608446,POINT (-122.26778815436647 37.87210699608446),ios,,2019-12-11T10:46:50-08:00,3.9084951307327027,-1.0902783688458202,1.1280827019845425
76,1576090011.0,-122.26779174813602,37.87214203136082,POINT (-122.26779174813602 37.87214203136082),ios,,2019-12-11T10:46:51-08:00,2.8182167618868825,0.037804333138722335,2.7443665960482915
77,1576090012.0,-122.2677943394202,37.872167293514174,POINT (-122.2677943394202 37.872167293514174),ios,,2019-12-11T10:46:52-08:00,2.856021095025605,2.782170929187014,-3.0591057684211234
78,1576090013.0,-122.26776648395868,37.8721805679553,POINT (-122.26776648395868 37.8721805679553),ios,,2019-12-11T10:46:53-08:00,5.638192024212619,-0.27693483923410955,0.7724883053835159
79,1576090014.0,-122.2677030838142,37.87218871343223,POINT (-122.2677030838142 37.87218871343223),ios,,2019-12-11T10:46:54-08:00,5.361257184978509,0.4955534661494063,1.9003005376857445
80,1576090015.0,-122.26764279773057,37.87219645882315,POINT (-122.26764279773057 37.87219645882315),ios,,2019-12-11T10:46:55-08:00,5.856810651127915,2.395854003835151,-1.2340556006603904
81,1576090016.0,-122.2675772,37.8722061,POINT (-122.2675772 37.8722061),android,,2019-12-11T10:46:56-08:00,8.252664654963066,1.1617984031747604,-0.17654155650981274
82,1576090017.0,-122.2674858,37.8722235,POINT (-122.2674858 37.8722235),android,,2019-12-11T10:46:57-08:00,9.414463058137827,0.9852568466649476,-1.632260682232518
83,1576090018.0,-122.2673806,37.87224,POINT (-122.2673806 37.87224),android,,2019-12-11T10:46:58-08:00,10.399719904802774,-0.6470038355675705,-0.045649645763532476
84,1576090019.0,-122.2672638,37.8722557,POINT (-122.2672638 37.8722557),android,,2019-12-11T10:46:59-08:00,9.752716069235204,-0.6926534813311029,-0.289128248931263
85,1576090020.0,-122.2671537,37.8722675,POINT (-122.2671537 37.8722675),android,,2019-12-11T10:47:00-08:00,9.0600625879041,-0.9817817302623659,-0.3752224407177067
86,1576090021.0,-122.2670512,37.8722771,POINT (-122.2670512 37.8722771),android,,2019-12-11T10:47:01-08:00,8.078280857641735,-1.3570041709800726,3.1847821495107222
87,1576090022.0,-122.2669596108823,37.87228423279839,POINT (-122.2669596108823 37.87228423279839),ios,,2019-12-11T10:47:02-08:00,6.721276686661662,1.8277779785306496,-3.605220542653208
88,1576090023.0,-122.2668840316009,37.87229394301748,POINT (-122.2668840316009 37.87229394301748),ios,,2019-12-11T10:47:03-08:00,8.549054665192312,-1.7774425641225582,-0.007456468215925938
89,1576090024.0,-122.26678785584518,37.87230608097621,POINT (-122.26678785584518 37.87230608097621),ios,,2019-12-11T10:47:04-08:00,6.771612101069754,-1.7848990323384841,0.5050519856814368
90,1576090025.0,-122.26671171765538,37.8723158984087,POINT (-122.26671171765538 37.8723158984087),ios,,2019-12-11T10:47:05-08:00,4.9867130687312695,-1.2798470466570473,-0.24397056197986267
91,1576090026.0,-122.26665564838514,37.87232312810876,POINT (-122.26665564838514 37.87232312810876),ios,,2019-12-11T10:47:06-08:00,3.7068660220742222,-1.52381760863691,1.2567637338158557
92,1576090027.0,-122.26661396936989,37.872328502296405,POINT (-122.26661396936989 37.872328502296405),ios,,2019-12-11T10:47:07-08:00,2.1830484134373123,-0.26705387482105425,-1.145222648488865
93,1576090028.0,-122.26658942375299,37.87233166726444,POINT (-122.26658942375299 37.87233166726444),ios,,2019-12-11T10:47:08-08:00,1.915994538616258,-1.4122765233099193,1.4122493740641766
94,1576090029.0,-122.26656788081813,37.87233444505978,POINT (-122.26656788081813 37.87233444505978),ios,,2019-12-11T10:47:09-08:00,0.5037180153063386,-2.7149245742541517e-05,-0.12934717881760993
95,1576090030.0,-122.26656221714612,37.872335175346606,POINT (-122.26656221714612 37.872335175346606),ios,,2019-12-11T10:47:10-08:00,0.5036908660605961,-0.12937432806335247,0.1293743216846307
96,1576090031.0,-122.26655655377931,37.87233590559409,POINT (-122.26655655377931 37.87233590559409),ios,,2019-12-11T10:47:11-08:00,0.3743165379972436,-6.378721773003804e-09,6.155220888537372e-09
97,1576090032.0,-122.26655234506318,37.87233644827558,POINT (-122.26655234506318 37.87233644827558),ios,,2019-12-11T10:47:12-08:00,0.37431653161852185,-2.2350088446643213e-10,-3.6931325220201927e-09
98,1576090033.0,-122.26654813634708,37.87233699095707,POINT (-122.26654813634708 37.87233699095707),ios,,2019-12-11T10:47:13-08:00,0.37431653139502097,-3.916633406486625e-09,-5.06884107593919e-05
99,1576090034.0,-122.26654392763096,37.872337533638564,POINT (-122.26654392763096 37.872337533638564),ios,,2019-12-11T10:47:14-08:00,0.37431652747838756,-5.0692327392798386e-05,0.7497923589032438
100,1576090035.0,-122.26653971891486,37.872338076320055,POINT (-122.26653971891486 37.872338076320055),ios,,2019-12-11T10:47:15-08:00,0.37426583515099476,0.7497416665758511,-1.4767730776571257
101,1576090036.0,-122.26653551076869,37.872338618928055,POINT (-122.26653551076869 37.872338618928055),ios,,2019-12-11T10:47:16-08:00,1.1240075017268458,-0.7270314110812746,0.727031410395413
102,1576090037.0,-122.26652287272513,37.87234024850632,POINT (-122.26652287272513 37.87234024850632),ios,,2019-12-11T10:47:17-08:00,0.3969760906455712,-6.858615897442633e-10,-3.2372985752926464e-05
103,1576090038.0,-122.26651840923073,37.87234082403951,POINT (-122.26651840923073 37.87234082403951),ios,,2019-12-11T10:47:18-08:00,0.3969760899597096,-3.237367161451621e-05,-0.29498329151444785
104,1576090039.0,-122.26651394573629,37.8723413995727,POINT (-122.26651394573629 37.8723413995727),ios,,2019-12-11T10:47:19-08:00,0.3969437162880951,-0.29501566518606237,0.29501566606569085
105,1576090040.0,-122.26650948260583,37.87234197505896,POINT (-122.26650948260583 37.87234197505896),ios,,2019-12-11T10:47:20-08:00,0.10192805110203275,8.796284950429722e-10,-9.556779811958904e-10
106,1576090041.0,-122.26650833881799,37.87234213338814,POINT (-122.26650833881799 37.87234213338814),ios,,2019-12-11T10:47:21-08:00,0.10192805198166124,-7.604948615291818e-11,1.09214491617049e-09
107,1576090042.0,-122.26650719503013,37.87234229171731,POINT (-122.26650719503013 37.87234229171731),ios,,2019-12-11T10:47:22-08:00,0.10192805190561176,1.0160954300175717e-09,-2.457223771679118e-09
108,1576090043.0,-122.26650605124227,37.87234245004649,POINT (-122.26650605124227 37.87234245004649),ios,,2019-12-11T10:47:23-08:00,0.10192805292170719,-1.4411283416615461e-09,1.0921449994372168e-09
109,1576090044.0,-122.2665049074544,37.87234260837567,POINT (-122.2665049074544 37.87234260837567),ios,,2019-12-11T10:47:24-08:00,0.10192805148057885,-3.4898334222432936e-10,-9.556780228292538e-10
110,1576090045.0,-122.26650376366655,37.87234276670485,POINT (-122.26650376366655 37.87234276670485),ios,,2019-12-11T10:47:25-08:00,0.1019280511315955,-1.3046613650535832e-09,2.3207567534377915e-09
111,1576090046.0,-122.2665026198787,37.87234292503402,POINT (-122.2665026198787 37.87234292503402),ios,,2019-12-11T10:47:26-08:00,0.10192804982693414,1.0160953883842083e-09,-1.2286118372673016e-09
112,1576090047.0,-122.26650147609085,37.8723430833632,POINT (-122.26650147609085 37.8723430833632),ios,,2019-12-11T10:47:27-08:00,0.10192805084302953,-2.125164488830933e-10,-1.3646690721902388e-10
113,1576090048.0,-122.266500332303,37.87234324169238,POINT (-122.266500332303 37.87234324169238),ios,,2019-12-11T10:47:28-08:00,0.10192805063051308,-3.4898335610211717e-10,2.729338421936234e-10
114,1576090049.0,-122.26649918851514,37.872343400021556,POINT (-122.26649918851514 37.872343400021556),ios,,2019-12-11T10:47:29-08:00,0.10192805028152972,-7.604951390849379e-11,1.0921449300482777e-09
115,1576090050.0,-122.26649804472729,37.87234355835073,POINT (-122.26649804472729 37.87234355835073),ios,,2019-12-11T10:47:30-08:00,0.10192805020548021,1.016095416139784e-09,-2.4572237300457545e-09
116,1576090051.0,-122.26649690093943,37.87234371667991,POINT (-122.26649690093943 37.87234371667991),ios,,2019-12-11T10:47:31-08:00,0.10192805122157562,-1.4411283139059705e-09,-1.3646689334123607e-10
117,1576090052.0,-122.26649575715156,37.872343875009086,POINT (-122.26649575715156 37.872343875009086),ios,,2019-12-11T10:47:32-08:00,0.10192804978044731,-1.5775952072472066e-09,-4.143110957616214e-05
118,1576090053.0,-122.2664946133637,37.872344033338265,POINT (-122.2664946133637 37.872344033338265),ios,,2019-12-11T10:47:33-08:00,0.1019280482028521,-4.143268717136939e-05,2.4911227787453214
119,1576090054.0,-122.26649346957586,37.87234419166744,POINT (-122.26649346957586 37.87234419166744),ios,,2019-12-11T10:47:34-08:00,0.10188661551568073,2.49108134605815,-1.451771787910979
120,1576090055.0,-122.26649232625296,37.872344349932256,POINT (-122.26649232625296 37.872344349932256),ios,,2019-12-11T10:47:35-08:00,2.5929679615738306,1.039309558147171,-1.8702788314876257
121,1576090056.0,-122.26646323076348,37.87234838470936,POINT (-122.26646323076348 37.87234838470936),ios,,2019-12-11T10:47:36-08:00,3.6322775197210015,-0.8309692733404548,1.7331713357347516
122,1576090057.0,-122.26642247326062,37.87235403670018,POINT (-122.26642247326062 37.87235403670018),ios,,2019-12-11T10:47:37-08:00,2.8013082463805468,0.9022020623942968,-1.15968849838197
123,1576090058.0,-122.26639103999712,37.87235839566489,POINT (-122.26639103999712 37.87235839566489),ios,,2019-12-11T10:47:38-08:00,3.7035103087748436,-0.2574864359876732,0.8868628559379914
124,1576090059.0,-122.26634948319118,37.872364158497966,POINT (-122.26634948319118 37.872364158497966),ios,,2019-12-11T10:47:39-08:00,3.4460238727871704,0.6293764199503182,-0.2733788562895172
125,1576090060.0,-122.26631081561801,37.87236952067065,POINT (-122.26631081561801 37.87236952067065),ios,,2019-12-11T10:47:40-08:00,4.075400292737489,0.35599756366080104,-1.0460314896597658
126,1576090061.0,-122.26626560696049,37.87237787192954,POINT (-122.26626560696049 37.87237787192954),ios,,2019-12-11T10:47:41-08:00,4.43139785639829,-0.6900339259989647,-0.18856012835525782
127,1576090062.0,-122.26621645314212,37.87238696599821,POINT (-122.26621645314212 37.87238696599821),ios,,2019-12-11T10:47:42-08:00,3.741363930399325,-0.8785940543542226,3.0844943204270456
128,1576090063.0,-122.26617495329289,37.87239464398725,POINT (-122.26617495329289 37.87239464398725),ios,,2019-12-11T10:47:43-08:00,2.8627698760451024,2.205900266072823,-4.572016702091988
129,1576090064.0,-122.26614319895656,37.87240051893502,POINT (-122.26614319895656 37.87240051893502),ios,,2019-12-11T10:47:44-08:00,5.068670142117925,-2.3661164360191647,0.3959415977593306
130,1576090065.0,-122.26608745782842,37.87241242639442,POINT (-122.26608745782842 37.87241242639442),ios,,2019-12-11T10:47:45-08:00,2.7025537060987608,-1.970174838259834,1.9701350076129087
131,1576090066.0,-122.26605776038762,37.87241884219218,POINT (-122.26605776038762 37.87241884219218),ios,,2019-12-11T10:47:46-08:00,0.7323788678389267,-3.983064692536509e-05,0.70706680539914
132,1576090067.0,-122.26604971252566,37.87242058084216,POINT (-122.26604971252566 37.87242058084216),ios,,2019-12-11T10:47:47-08:00,0.7323390371920013,0.7070269747522147,-1.934217989785867
133,1576090068.0,-122.2660416651012,37.87242231939762,POINT (-122.2660416651012 37.87242231939762),ios,,2019-12-11T10:47:48-08:00,1.439366011944216,-1.2271910150336522,1.2271910162988926
134,1576090069.0,-122.2660258483974,37.872425736418414,POINT (-122.2660258483974 37.872425736418414),ios,,2019-12-11T10:47:49-08:00,0.2121749969105638,1.2652403291735226e-09,-6.432694377167536e-09
135,1576090070.0,-122.26602351687843,37.87242624011684,POINT (-122.26602351687843 37.87242624011684),ios,,2019-12-11T10:47:50-08:00,0.21217499817580412,-5.1674540479940134e-09,5.229580546384227e-09
136,1576090071.0,-122.26602118535943,37.87242674381527,POINT (-122.26602118535943 37.87242674381527),ios,,2019-12-11T10:47:51-08:00,0.21217499300835008,6.212649839021367e-11,-4.171253342732939e-10
137,1576090072.0,-122.26601885384048,37.87242724751369,POINT (-122.26601885384048 37.87242724751369),ios,,2019-12-11T10:47:52-08:00,0.21217499307047658,-3.5499883588308023e-10,-3.4198963532322546e-05
138,1576090073.0,-122.26601652232151,37.87242775121212,POINT (-122.26601652232151 37.87242775121212),ios,,2019-12-11T10:47:53-08:00,0.21217499271547774,-3.419931853115843e-05,10.932786123106295
139,1576090074.0,-122.26601419080252,37.872428254910545,POINT (-122.26601419080252 37.872428254910545),ios,,2019-12-11T10:47:54-08:00,0.21214079339694658,10.932751923787764,-16.17184829170087
140,1576090075.0,-122.26601185965933,37.87242875852779,POINT (-122.26601185965933 37.87242875852779),ios,,2019-12-11T10:47:55-08:00,11.14489271718471,-5.239096367913104,3.949747170476848
141,1576090076.0,-122.2660267,37.8725283,POINT (-122.2660267 37.8725283),android,,2019-12-11T10:47:56-08:00,5.905796349271606,-1.2893491974362563,0.7832686251553378
142,1576090077.0,-122.2660274234342,37.872581409032435,POINT (-122.2660274234342 37.872581409032435),ios,,2019-12-11T10:47:57-08:00,4.61644715183535,-0.5060805722809185,1.073118862446913
143,1576090078.0,-122.2660319796596,37.87262276966013,POINT (-122.2660319796596 37.87262276966013),ios,,2019-12-11T10:47:58-08:00,4.110366579554431,0.5670382901659945,0.8064660258746521
144,1576090079.0,-122.26603603640632,37.87265959610629,POINT (-122.26603603640632 37.87265959610629),ios,,2019-12-11T10:47:59-08:00,4.677404869720426,1.3735043160406466,-0.9827872282795083
145,1576090080.0,-122.26604065279429,37.87270150287931,POINT (-122.26604065279429 37.87270150287931),ios,,2019-12-11T10:48:00-08:00,6.050909185761072,0.39071708776113834,-0.08911233493940429
146,1576090081.0,-122.26604662476919,37.87275571543651,POINT (-122.26604662476919 37.87275571543651),ios,,2019-12-11T10:48:01-08:00,6.4416262735222105,0.30160475282173405,1.9594883645652903
147,1576090082.0,-122.26605298236434,37.87281342858739,POINT (-122.26605298236434 37.87281342858739),ios,,2019-12-11T10:48:02-08:00,6.743231026343945,2.2610931173870243,-2.393483551188896
148,1576090083.0,-122.2660596376298,37.87287384393834,POINT (-122.2660596376298 37.87287384393834),ios,,2019-12-11T10:48:03-08:00,9.004324143730969,-0.13239043380187177,-0.33383670134183774
149,1576090084.0,-122.26606854250285,37.87295451610576,POINT (-122.26606854250285 37.87295451610576),ios,,2019-12-11T10:48:04-08:00,8.871933709929097,-0.4662271351437095,-2.6791635933362503
150,1576090085.0,-122.26607750702875,37.873033988900396,POINT (-122.26607750702875 37.873033988900396),ios,,2019-12-11T10:48:05-08:00,8.405706574785388,-3.14539072847996,1.644811861264151
151,1576090086.0,-122.26608603329278,37.87310928302535,POINT (-122.26608603329278 37.87310928302535),ios,,2019-12-11T10:48:06-08:00,5.260315846305428,-1.500578867215809,1.0511184374476845
152,1576090087.0,-122.26609156758566,37.873156388038794,POINT (-122.26609156758566 37.873156388038794),ios,,2019-12-11T10:48:07-08:00,3.759736979089619,-0.4494604297681244,-0.7591617396370598
153,1576090088.0,-122.26609552314387,37.8731900556867,POINT (-122.26609552314387 37.8731900556867),ios,,2019-12-11T10:48:08-08:00,3.3102765493214945,-1.2086221694051842,0.17644282631960295
154,1576090089.0,-122.26609900583209,37.87321969851181,POINT (-122.26609900583209 37.87321969851181),ios,,2019-12-11T10:48:09-08:00,2.1016543799163103,-1.0321793430855812,0.046771019442070405
155,1576090090.0,-122.26610121694854,37.873238518381534,POINT (-122.26610121694854 37.873238518381534),ios,,2019-12-11T10:48:10-08:00,1.069475036830729,-0.9854083236435108,0.9854083243077099
156,1576090091.0,-122.26610234212588,37.87324809530393,POINT (-122.26610234212588 37.87324809530393),ios,,2019-12-11T10:48:11-08:00,0.08406671318721827,6.641990846212309e-10,-1.3430493384092301e-09
157,1576090092.0,-122.26610243057111,37.873248848103536,POINT (-122.26610243057111 37.873248848103536),ios,,2019-12-11T10:48:12-08:00,0.08406671385141735,-6.788502537879992e-10,1.4582361151926904e-09
158,1576090093.0,-122.26610251901633,37.87324960090315,POINT (-122.26610251901633 37.87324960090315),ios,,2019-12-11T10:48:13-08:00,0.0840667131725671,7.793858614046911e-10,-1.803796376154132e-09
159,1576090094.0,-122.26610260746156,37.87325035370276,POINT (-122.26610260746156 37.87325035370276),ios,,2019-12-11T10:48:14-08:00,0.08406671395195296,-1.0244105147494409e-09,1.2474584420996138e-09
160,1576090095.0,-122.2661026959068,37.87325110650237,POINT (-122.2661026959068 37.87325110650237),ios,,2019-12-11T10:48:15-08:00,0.08406671292754245,2.2304792735017287e-10,3.25964435998749e-10
161,1576090096.0,-122.266102784352,37.87325185930198,POINT (-122.266102784352 37.87325185930198),ios,,2019-12-11T10:48:16-08:00,0.08406671315059037,5.490123633489219e-10,-1.1126758958646121e-09
162,1576090097.0,-122.26610287279723,37.87325261210159,POINT (-122.26610287279723 37.87325261210159),ios,,2019-12-11T10:48:17-08:00,0.08406671369960274,-5.636635325156902e-10,5.563379479323061e-10
163,1576090098.0,-122.26610296124244,37.8732533649012,POINT (-122.26610296124244 37.8732533649012),ios,,2019-12-11T10:48:18-08:00,0.0840667131359392,-7.32558458338417e-12,6.715246969601907e-10
164,1576090099.0,-122.26610304968767,37.87325411770081,POINT (-122.26610304968767 37.87325411770081),ios,,2019-12-11T10:48:19-08:00,0.08406671312861362,6.641991123768065e-10,-1.3430493800425936e-09
165,1576090100.0,-122.2661031381329,37.87325487050042,POINT (-122.2661031381329 37.87325487050042),ios,,2019-12-11T10:48:20-08:00,0.08406671379281273,-6.78850267665787e-10,1.4582361151926904e-09
166,1576090101.0,-122.26610322657812,37.87325562330003,POINT (-122.26610322657812 37.87325562330003),ios,,2019-12-11T10:48:21-08:00,0.08406671311396247,7.793858475269033e-10,-1.8037963206429808e-09
167,1576090102.0,-122.26610331502336,37.87325637609964,POINT (-122.26610331502336 37.87325637609964),ios,,2019-12-11T10:48:22-08:00,0.08406671389334831,-1.0244104731160775e-09,1.247458358832887e-09
168,1576090103.0,-122.26610340346859,37.873257128899255,POINT (-122.26610340346859 37.873257128899255),ios,,2019-12-11T10:48:23-08:00,0.08406671286893784,2.2304788571680945e-10,5.563379618100939e-10
169,1576090104.0,-122.2661034919138,37.87325788169886,POINT (-122.2661034919138 37.87325788169886),ios,,2019-12-11T10:48:24-08:00,0.08406671309198573,7.793858475269033e-10,-1.8037963206429808e-09
170,1576090105.0,-122.26610358035903,37.87325863449847,POINT (-122.26610358035903 37.87325863449847),ios,,2019-12-11T10:48:25-08:00,0.08406671387137157,-1.0244104731160775e-09,2.0341697909431744e-09
171,1576090106.0,-122.26610366880426,37.873259387298084,POINT (-122.26610366880426 37.873259387298084),ios,,2019-12-11T10:48:26-08:00,0.0840667128469611,1.009759317827097e-09,-1.9189830696708654e-09
172,1576090107.0,-122.26610375724947,37.87326014009769,POINT (-122.26610375724947 37.87326014009769),ios,,2019-12-11T10:48:27-08:00,0.08406671385672042,-9.092237518437685e-10,1.0170849024104811e-09
173,1576090108.0,-122.2661038456947,37.87326089289731,POINT (-122.2661038456947 37.87326089289731),ios,,2019-12-11T10:48:28-08:00,0.08406671294749667,1.0786115056671264e-10,6.715247108379785e-10
174,1576090109.0,-122.26610393413992,37.873261645696914,POINT (-122.26610393413992 37.873261645696914),ios,,2019-12-11T10:48:29-08:00,0.08406671305535782,7.793858614046911e-10,-1.803796306765193e-09
175,1576090110.0,-122.26610402258515,37.87326239849652,POINT (-122.26610402258515 37.87326239849652),ios,,2019-12-11T10:48:30-08:00,0.08406671383474368,-1.0244104453605019e-09,1.2474582894439479e-09
176,1576090111.0,-122.26610411103039,37.873263151296136,POINT (-122.26610411103039 37.873263151296136),ios,,2019-12-11T10:48:31-08:00,0.08406671281033323,2.2304784408344602e-10,5.563380034434573e-10
177,1576090112.0,-122.26610419947559,37.873263904095744,POINT (-122.26610419947559 37.873263904095744),ios,,2019-12-11T10:48:32-08:00,0.08406671303338108,7.793858475269033e-10,-1.8037962651318296e-09
178,1576090113.0,-122.26610428792083,37.87326465689535,POINT (-122.26610428792083 37.87326465689535),ios,,2019-12-11T10:48:33-08:00,0.08406671381276692,-1.0244104176049262e-09,2.034169679920872e-09
179,1576090114.0,-122.26610437636606,37.873265409694966,POINT (-122.26610437636606 37.873265409694966),ios,,2019-12-11T10:48:34-08:00,0.0840667127883565,1.0097592623159457e-09,-1.8037962790096174e-09
180,1576090115.0,-122.26610446481126,37.87326616249457,POINT (-122.26610446481126 37.87326616249457),ios,,2019-12-11T10:48:35-08:00,0.08406671379811577,-7.940370166936717e-10,6.715247247157663e-10
181,1576090116.0,-122.2661045532565,37.87326691529419,POINT (-122.2661045532565 37.87326691529419),ios,,2019-12-11T10:48:36-08:00,0.08406671300407875,-1.2251229197790536e-10,1.0170848607771177e-09
182,1576090117.0,-122.26610464170173,37.873267668093796,POINT (-122.26610464170173 37.873267668093796),ios,,2019-12-11T10:48:37-08:00,0.08406671288156646,8.945725687992123e-10,-1.9189829864041386e-09
183,1576090118.0,-122.26610473014695,37.8732684208934,POINT (-122.26610473014695 37.8732684208934),ios,,2019-12-11T10:48:38-08:00,0.08406671377613903,-1.0244104176049262e-09,2.034169679920872e-09
184,1576090119.0,-122.26610481859218,37.87326917369302,POINT (-122.26610481859218 37.87326917369302),ios,,2019-12-11T10:48:39-08:00,0.08406671275172861,1.0097592623159457e-09,-1.8037962928874052e-09
185,1576090120.0,-122.26610490703739,37.873269926492625,POINT (-122.26610490703739 37.873269926492625),ios,,2019-12-11T10:48:40-08:00,0.08406671376148787,-7.940370305714595e-10,6.715247524713419e-10
186,1576090121.0,-122.26610499548262,37.87327067929224,POINT (-122.26610499548262 37.87327067929224),ios,,2019-12-11T10:48:41-08:00,0.08406671296745084,-1.2251227810011756e-10,1.0170848191437543e-09
187,1576090122.0,-122.26610508392785,37.87327143209185,POINT (-122.26610508392785 37.87327143209185),ios,,2019-12-11T10:48:42-08:00,0.08406671284493857,8.945725410436367e-10,-1.6886095438595206e-09
188,1576090123.0,-122.26610517237307,37.873272184891455,POINT (-122.26610517237307 37.873272184891455),ios,,2019-12-11T10:48:43-08:00,0.0840667137395111,-7.940370028158839e-10,5.563380589546085e-10
189,1576090124.0,-122.2661052608183,37.87327293769107,POINT (-122.2661052608183 37.87327293769107),ios,,2019-12-11T10:48:44-08:00,0.0840667129454741,-2.376989438612753e-10,1.2474581645438576e-09
190,1576090125.0,-122.26610534926354,37.87327369049068,POINT (-122.26610534926354 37.87327369049068),ios,,2019-12-11T10:48:45-08:00,0.08406671270777516,1.0097592206825823e-09,-8.420266421885203e-05
191,1576090126.0,-122.26610543770875,37.873274443290285,POINT (-122.26610543770875 37.873274443290285),ios,,2019-12-11T10:48:46-08:00,0.08406671371753438,-8.420165445963135e-05,2.863606031967407
192,1576090127.0,-122.26610552615398,37.8732751960899,POINT (-122.26610552615398 37.8732751960899),ios,,2019-12-11T10:48:47-08:00,0.08398251206307475,2.8635218303129473,-1.2843331230131896
193,1576090128.0,-122.26610561451061,37.87327594813551,POINT (-122.26610561451061 37.87327594813551),ios,,2019-12-11T10:48:48-08:00,2.947504342376022,1.5791887072997577,-4.1051728383951
194,1576090129.0,-122.2661087155321,37.87330234241263,POINT (-122.2661087155321 37.87330234241263),ios,,2019-12-11T10:48:49-08:00,4.52669304967578,-2.525984131095342,12.55150994111544
195,1576090130.0,-122.26611347799242,37.87334287799032,POINT (-122.26611347799242 37.87334287799032),ios,,2019-12-11T10:48:50-08:00,2.000708918580438,10.025525810020097,-13.411705513766014
196,1576090131.0,-122.26611558290581,37.873360793915076,POINT (-122.26611558290581 37.873360793915076),ios,,2019-12-11T10:48:51-08:00,12.026234728600535,-3.386179703745917,3.5419966156299623
197,1576090132.0,-122.26612729490422,37.873468552581116,POINT (-122.26612729490422 37.873468552581116),ios,,2019-12-11T10:48:52-08:00,8.640055024854618,0.15581691188404534,-0.5306674155118198
198,1576090133.0,-122.26613582008203,37.873545962504224,POINT (-122.26613582008203 37.873545962504224),ios,,2019-12-11T10:48:53-08:00,8.795871936738664,-0.3748505036277745,0.4693166930629875
199,1576090134.0,-122.2661448927495,37.873624740820475,POINT (-122.2661448927495 37.873624740820475),ios,,2019-12-11T10:48:54-08:00,8.421021433110889,0.09446618943521301,-1.7158255531137634
200,1576090135.0,-122.26615346223828,37.87370017017612,POINT (-122.26615346223828 37.87370017017612),ios,,2019-12-11T10:48:55-08:00,8.515487622546102,-1.6213593636785504,0.29731005593288184
201,1576090136.0,-122.26616181835469,37.87377646720692,POINT (-122.26616181835469 37.87377646720692),ios,,2019-12-11T10:48:56-08:00,6.894128258867552,-1.3240493077456685,0.43475412296105986
202,1576090137.0,-122.266168676492,37.87383823079629,POINT (-122.266168676492 37.87383823079629),ios,,2019-12-11T10:48:57-08:00,5.570078951121883,-0.8892951847846087,1.0386280054853092
203,1576090138.0,-122.26617432919655,37.87388812459507,POINT (-122.26617432919655 37.87388812459507),ios,,2019-12-11T10:48:58-08:00,4.680783766337274,0.14933282070070053,-1.0527239965423063
204,1576090139.0,-122.26617907941427,37.873930052561725,POINT (-122.26617907941427 37.873930052561725),ios,,2019-12-11T10:48:59-08:00,4.830116587037975,-0.9033911758416058,0.9943527248087003
205,1576090140.0,-122.26618465358486,37.87397326741967,POINT (-122.26618465358486 37.87397326741967),ios,,2019-12-11T10:49:00-08:00,3.926725411196369,0.09096154896709452,-0.9371443058567048
206,1576090141.0,-122.26618918669995,37.87400839955302,POINT (-122.26618918669995 37.87400839955302),ios,,2019-12-11T10:49:01-08:00,4.017686960163464,-0.8461827568896103,10.157829335254632
207,1576090142.0,-122.26619382482347,37.87404434551306,POINT (-122.26619382482347 37.87404434551306),ios,,2019-12-11T10:49:02-08:00,3.1715042032738534,9.311646578365021,-14.850245143716187
208,1576090143.0,-122.26620096949809,37.8740723043963,POINT (-122.26620096949809 37.8740723043963),ios,,2019-12-11T10:49:03-08:00,12.483150781638875,-5.538598565351166,1.2944752707011125
209,1576090144.0,-122.2660988,37.8741504,POINT (-122.2660988 37.8741504),android,,2019-12-11T10:49:04-08:00,6.9445522162877085,-4.244123294650054,4.243978945137659
210,1576090145.0,-122.26602338034205,37.87416927500658,POINT (-122.26602338034205 37.87416927500658),ios,,2019-12-11T10:49:05-08:00,2.700428921637655,-0.00014434951239428173,4.956740836782762
211,1576090146.0,-122.26599296317274,37.87417292211403,POINT (-122.26599296317274 37.87417292211403),ios,,2019-12-11T10:49:06-08:00,2.700284572125261,4.956596487270368,-5.543218710320561
212,1576090147.0,-122.26596254762788,37.8741765690267,POINT (-122.26596254762788 37.8741765690267),ios,,2019-12-11T10:49:07-08:00,7.656881059395629,-0.5866222230501927,2.005876946198545
213,1576090148.0,-122.26587634921714,37.87418715353785,POINT (-122.26587634921714 37.87418715353785),ios,,2019-12-11T10:49:08-08:00,7.070258836345436,1.4192547231483523,-1.9092506929705788
214,1576090149.0,-122.26579677722859,37.874197040384026,POINT (-122.26579677722859 37.874197040384026),ios,,2019-12-11T10:49:09-08:00,8.489513559493789,-0.4899959698222265,1.8661076153132754
215,1576090150.0,-122.2657037,37.8742178,POINT (-122.2657037 37.8742178),android,,2019-12-11T10:49:10-08:00,7.999517589671562,1.376111645491049,-1.5012338898246398
216,1576090151.0,-122.2656126,37.8742199,POINT (-122.2656126 37.8742199),android,,2019-12-11T10:49:11-08:00,9.375629235162611,-0.12512224433359087,-6.794983079169379
217,1576090152.0,-122.26550677456146,37.874231361668095,POINT (-122.26550677456146 37.874231361668095),ios,,2019-12-11T10:49:12-08:00,9.25050699082902,-6.92010532350297,20.706476816730582
218,1576090153.0,-122.2654025045976,37.87424346567367,POINT (-122.2654025045976 37.87424346567367),ios,,2019-12-11T10:49:13-08:00,2.33040166732605,13.786371493227612,-20.506075503961725
219,1576090154.0,-122.26537623674847,37.87424651493332,POINT (-122.26537623674847 37.87424651493332),ios,,2019-12-11T10:49:14-08:00,16.116773160553663,-6.719704010734114,7.050410686266838
220,1576090155.0,-122.26519456397835,37.87426756291367,POINT (-122.26519456397835 37.87426756291367),ios,,2019-12-11T10:49:15-08:00,9.397069149819549,0.33070667553272415,0.2470161651391436
221,1576090156.0,-122.26508895939637,37.87428145632331,POINT (-122.26508895939637 37.87428145632331),ios,,2019-12-11T10:49:16-08:00,9.727775825352273,0.5777228406718677,0.11905714546878166
222,1576090157.0,-122.26497969820593,37.87429611957721,POINT (-122.26497969820593 37.87429611957721),ios,,2019-12-11T10:49:17-08:00,10.30549866602414,0.6967799861406494,-0.538377176805497
223,1576090158.0,-122.26486454024035,37.874314189056435,POINT (-122.26486454024035 37.874314189056435),ios,,2019-12-11T10:49:18-08:00,11.00227865216479,0.15840280933515238,-0.7649063136470176
224,1576090159.0,-122.26474172219571,37.874333974274705,POINT (-122.26474172219571 37.874333974274705),ios,,2019-12-11T10:49:19-08:00,11.160681461499943,-0.6065035043118652,0.6059199310547587
225,1576090160.0,-122.26461835086354,37.87435827496769,POINT (-122.26461835086354 37.87435827496769),ios,,2019-12-11T10:49:20-08:00,10.554177957188077,-0.0005835732571064511,-2.2693513398879155
226,1576090161.0,-122.26451032121606,37.87439995671847,POINT (-122.26451032121606 37.87439995671847),ios,,2019-12-11T10:49:21-08:00,10.553594383930971,-2.269934913145022,-0.6409147434850277
227,1576090162.0,-122.26440229749255,37.874441636183576,POINT (-122.26440229749255 37.874441636183576),ios,,2019-12-11T10:49:22-08:00,8.283659470785949,-2.9108496566300497,1.0438860299077448
228,1576090163.0,-122.26431650528076,37.874472679110355,POINT (-122.26431650528076 37.874472679110355),ios,,2019-12-11T10:49:23-08:00,5.372809814155899,-1.8669636267223049,-1.4974756198374397
229,1576090164.0,-122.26426021536736,37.8744916641117,POINT (-122.26426021536736 37.8744916641117),ios,,2019-12-11T10:49:24-08:00,3.5058461874335944,-3.3644392465597446,3.3644392472061293
230,1576090165.0,-122.26422348527257,37.87450405213752,POINT (-122.26422348527257 37.87450405213752),ios,,2019-12-11T10:49:25-08:00,0.14140694087384967,6.463848900573055e-10,-6.208683012154381e-10
231,1576090166.0,-122.26422200377839,37.87450455180375,POINT (-122.26422200377839 37.87450455180375),ios,,2019-12-11T10:49:26-08:00,0.14140694152023456,2.551658884186736e-11,-3.1305917025381547e-09
232,1576090167.0,-122.26422052228419,37.874505051469995,POINT (-122.26422052228419 37.874505051469995),ios,,2019-12-11T10:49:27-08:00,0.14140694154575115,-3.1050751136962873e-09,3.751459920486866e-09
233,1576090168.0,-122.26421904078998,37.87450555113623,POINT (-122.26421904078998 37.87450555113623),ios,,2019-12-11T10:49:28-08:00,0.14140693844067603,6.463848067905786e-10,-2.9148854163718596e-09
234,1576090169.0,-122.2642175592958,37.87450605080247,POINT (-122.2642175592958 37.87450605080247),ios,,2019-12-11T10:49:29-08:00,0.14140693908706084,-2.268500609581281e-09,2.914885388616284e-09
235,1576090170.0,-122.2642160778016,37.87450655046871,POINT (-122.2642160778016 37.87450655046871),ios,,2019-12-11T10:49:30-08:00,0.14140693681856023,6.46384779035003e-10,-6.208682457042869e-10
236,1576090171.0,-122.26421459630743,37.874507050134945,POINT (-122.26421459630743 37.874507050134945),ios,,2019-12-11T10:49:31-08:00,0.141406937464945,2.551653333071613e-11,-3.439197235355351e-05
237,1576090172.0,-122.26421311481323,37.87450754980119,POINT (-122.26421311481323 37.87450754980119),ios,,2019-12-11T10:49:32-08:00,0.14140693749046154,-3.439194683702018e-05,1.1945854916299494
238,1576090173.0,-122.26421163331902,37.87450804946742,POINT (-122.26421163331902 37.87450804946742),ios,,2019-12-11T10:49:33-08:00,0.14137254554362452,1.1945510996831123,0.07931702259427009
239,1576090174.0,-122.26421015218513,37.87450854901215,POINT (-122.26421015218513 37.87450854901215),ios,,2019-12-11T10:49:34-08:00,1.335923645226737,1.2738681222773824,-0.42233801328421605
240,1576090175.0,-122.26419615596086,37.87451326954413,POINT (-122.26419615596086 37.87451326954413),ios,,2019-12-11T10:49:35-08:00,2.6097917675041193,0.8515301089931664,-0.9128376772631674
241,1576090176.0,-122.26416841568084,37.874521718360455,POINT (-122.26416841568084 37.874521718360455),ios,,2019-12-11T10:49:36-08:00,3.4613218764972857,-0.061307568270001056,-1.2481800235689398
242,1576090177.0,-122.2641316090569,37.874532892809405,POINT (-122.2641316090569 37.874532892809405),ios,,2019-12-11T10:49:37-08:00,3.4000143082272847,-1.3094875918389408,0.7992288833126513
243,1576090178.0,-122.2640954543539,37.8745438693359,POINT (-122.2640954543539 37.8745438693359),ios,,2019-12-11T10:49:38-08:00,2.090526716388344,-0.5102587085262895,2.9856240587843743
244,1576090179.0,-122.26407322433556,37.87455061834407,POINT (-122.26407322433556 37.87455061834407),ios,,2019-12-11T10:49:39-08:00,1.5802680078620543,2.475365350258085,-5.526100332220183
245,1576090180.0,-122.26405642025026,37.87455572004515,POINT (-122.26405642025026 37.87455572004515),ios,,2019-12-11T10:49:40-08:00,4.055633358120139,-3.050734981962098,2.088824246873863
246,1576090181.0,-122.26401567239574,37.87453852318829,POINT (-122.26401567239574 37.87453852318829),ios,,2019-12-11T10:49:41-08:00,1.004898376158041,-0.9619107350882351,0.9619107350281185
247,1576090182.0,-122.2640047195444,37.87454115452306,POINT (-122.2640047195444 37.87454115452306),ios,,2019-12-11T10:49:42-08:00,0.04298764106980595,-6.011655756532619e-11,-1.1932792323698926e-09
248,1576090183.0,-122.26400425100225,37.874541267086556,POINT (-122.26400425100225 37.874541267086556),ios,,2019-12-11T10:49:43-08:00,0.042987641009689395,-1.2533957899352188e-09,3.579837690170784e-09
249,1576090184.0,-122.2640037824601,37.874541379650054,POINT (-122.2640037824601 37.874541379650054),ios,,2019-12-11T10:49:44-08:00,0.042987639756293605,2.326441900235565e-09,-3.579837690170784e-09
250,1576090185.0,-122.26400331391795,37.87454149221355,POINT (-122.26400331391795 37.87454149221355),ios,,2019-12-11T10:49:45-08:00,0.042987642082735505,-1.2533957899352188e-09,1.1932792254309987e-09
251,1576090186.0,-122.26400284537579,37.87454160477705,POINT (-122.26400284537579 37.87454160477705),ios,,2019-12-11T10:49:46-08:00,0.042987640829339716,-6.01165645042201e-11,-1.1932792184921048e-09
252,1576090187.0,-122.26400237683363,37.87454171734055,POINT (-122.26400237683363 37.87454171734055),ios,,2019-12-11T10:49:47-08:00,0.04298764076922315,-1.253395782996325e-09,3.5798376762929962e-09
253,1576090188.0,-122.26400190829148,37.87454182990405,POINT (-122.26400190829148 37.87454182990405),ios,,2019-12-11T10:49:48-08:00,0.04298763951582737,2.3264418932966713e-09,-3.3497919715852476e-09
254,1576090189.0,-122.26400143974934,37.874541942467545,POINT (-122.26400143974934 37.874541942467545),ios,,2019-12-11T10:49:49-08:00,0.04298764184226926,-1.0233500782885763e-09,1.9264670206298184e-09
255,1576090190.0,-122.26400097120717,37.87454205503104,POINT (-122.26400097120717 37.87454205503104),ios,,2019-12-11T10:49:50-08:00,0.04298764081891918,9.031169423412422e-10,-2.156512718398673e-09
256,1576090191.0,-122.26400050266501,37.87454216759455,POINT (-122.26400050266501 37.87454216759455),ios,,2019-12-11T10:49:51-08:00,0.042987641722036125,-1.253395776057431e-09,0.0
257,1576090192.0,-122.26400003412284,37.874542280158046,POINT (-122.26400003412284 37.874542280158046),ios,,2019-12-11T10:49:52-08:00,0.04298764046864035,-1.253395776057431e-09,2.3865584300453158e-09
258,1576090193.0,-122.26399956558069,37.874542392721544,POINT (-122.26399956558069 37.874542392721544),ios,,2019-12-11T10:49:53-08:00,0.04298763921524457,1.1331626539878847e-09,0.0
259,1576090194.0,-122.26399909703855,37.87454250528504,POINT (-122.26399909703855 37.87454250528504),ios,,2019-12-11T10:49:54-08:00,0.04298764034840723,1.1331626539878847e-09,-2.3865584300453158e-09
260,1576090195.0,-122.2639986284964,37.87454261784854,POINT (-122.2639986284964 37.87454261784854),ios,,2019-12-11T10:49:55-08:00,0.04298764148156988,-1.253395776057431e-09,2.386558423106422e-09
261,1576090196.0,-122.26399815995423,37.87454273041204,POINT (-122.26399815995423 37.87454273041204),ios,,2019-12-11T10:49:56-08:00,0.042987640228174105,1.1331626470489908e-09,-4.773116811518374e-09
262,1576090197.0,-122.26399769141207,37.874542842975536,POINT (-122.26399769141207 37.874542842975536),ios,,2019-12-11T10:49:57-08:00,0.04298764136133675,-3.6399541644693834e-09,7.1596752068692204e-09
263,1576090198.0,-122.2639972228699,37.874542955539034,POINT (-122.2639972228699 37.874542955539034),ios,,2019-12-11T10:49:58-08:00,0.04298763772138259,3.519721042399837e-09,-4.77311680457948e-09
264,1576090199.0,-122.26399675432778,37.87454306810253,POINT (-122.26399675432778 37.87454306810253),ios,,2019-12-11T10:49:59-08:00,0.04298764124110363,-1.2533957621796432e-09,2.3865583953508462e-09
265,1576090200.0,-122.26399628578561,37.87454318066603,POINT (-122.26399628578561 37.87454318066603),ios,,2019-12-11T10:50:00-08:00,0.04298763998770787,1.133162633171203e-09,-3.5798375930262694e-09
266,1576090201.0,-122.26399581724345,37.87454329322953,POINT (-122.26399581724345 37.87454329322953),ios,,2019-12-11T10:50:01-08:00,0.0429876411208705,-2.4466749598550663e-09,3.5798375930262694e-09
267,1576090202.0,-122.26399534870129,37.87454340579303,POINT (-122.26399534870129 37.87454340579303),ios,,2019-12-11T10:50:02-08:00,0.04298763867419554,1.133162633171203e-09,-1.1932791907365292e-09
268,1576090203.0,-122.26399488015915,37.874543518356525,POINT (-122.26399488015915 37.874543518356525),ios,,2019-12-11T10:50:03-08:00,0.042987639807358174,-6.011655756532619e-11,1.1932791837976353e-09
269,1576090204.0,-122.26399441161699,37.87454363092002,POINT (-122.26399441161699 37.87454363092002),ios,,2019-12-11T10:50:04-08:00,0.04298763974724162,1.1331626262323091e-09,-2.156512662887522e-09
270,1576090205.0,-122.26399394307484,37.87454374348352,POINT (-122.26399394307484 37.87454374348352),ios,,2019-12-11T10:50:05-08:00,0.04298764088040424,-1.0233500366552128e-09,-4.60091430232179e-10
271,1576090206.0,-122.26399347453267,37.87454385604702,POINT (-122.26399347453267 37.87454385604702),ios,,2019-12-11T10:50:06-08:00,0.042987639857054206,-1.4834414668873919e-09,3.809883276917336e-09
272,1576090207.0,-122.26399300599051,37.874543968610524,POINT (-122.26399300599051 37.874543968610524),ios,,2019-12-11T10:50:07-08:00,0.04298763837361274,2.3264418100299444e-09,-3.5798375583318e-09
273,1576090208.0,-122.26399253744837,37.87454408117402,POINT (-122.26399253744837 37.87454408117402),ios,,2019-12-11T10:50:08-08:00,0.04298764070005455,-1.2533957483018554e-09,2.3865583675952706e-09
274,1576090209.0,-122.2639920689062,37.87454419373752,POINT (-122.2639920689062 37.87454419373752),ios,,2019-12-11T10:50:09-08:00,0.0429876394466588,1.1331626192934152e-09,-2.3865583675952706e-09
275,1576090210.0,-122.26399160036405,37.87454430630102,POINT (-122.26399160036405 37.87454430630102),ios,,2019-12-11T10:50:10-08:00,0.04298764057982142,-1.2533957483018554e-09,1.3877787807814457e-17
276,1576090211.0,-122.26399113182188,37.87454441886452,POINT (-122.26399113182188 37.87454441886452),ios,,2019-12-11T10:50:11-08:00,0.04298763932642567,-1.2533957344240676e-09,2.386558346778589e-09
277,1576090212.0,-122.26399066327973,37.874544531428015,POINT (-122.26399066327973 37.874544531428015),ios,,2019-12-11T10:50:12-08:00,0.04298763807302994,1.1331626123545213e-09,-6.938893903907228e-18
278,1576090213.0,-122.26399019473759,37.87454464399151,POINT (-122.26399019473759 37.87454464399151),ios,,2019-12-11T10:50:13-08:00,0.04298763920619255,1.1331626054156274e-09,-2.386558339839695e-09
279,1576090214.0,-122.26398972619543,37.87454475655501,POINT (-122.26398972619543 37.87454475655501),ios,,2019-12-11T10:50:14-08:00,0.042987640339355156,-1.2533957344240676e-09,0.0
280,1576090215.0,-122.26398925765326,37.87454486911851,POINT (-122.26398925765326 37.87454486911851),ios,,2019-12-11T10:50:15-08:00,0.04298763908595942,-1.2533957344240676e-09,-4.1904818377916375e-05
281,1576090216.0,-122.26398878911111,37.87454498168201,POINT (-122.26398878911111 37.87454498168201),ios,,2019-12-11T10:50:16-08:00,0.04298763783256369,-4.19060717736508e-05,4.5101653805102835
282,1576090217.0,-122.26398832056897,37.874545094245505,POINT (-122.26398832056897 37.874545094245505),ios,,2019-12-11T10:50:17-08:00,0.042945731760790036,4.51012347443851,-4.510369290251661
283,1576090218.0,-122.26398785248358,37.87454520669927,POINT (-122.26398785248358 37.87454520669927),ios,,2019-12-11T10:50:18-08:00,4.5530692061993,-0.00024581581315086254,-0.3126243861512421
284,1576090219.0,-122.26393702356934,37.87455338276041,POINT (-122.26393702356934 37.87455338276041),ios,,2019-12-11T10:50:19-08:00,4.552823390386149,-0.31287020196439297,0.37422221750172824
285,1576090220.0,-122.26388619739389,37.874561558381004,POINT (-122.26388619739389 37.874561558381004),ios,,2019-12-11T10:50:20-08:00,4.239953188421756,0.06135201553733527,7.084862160999554
286,1576090221.0,-122.26383886038698,37.87456915820215,POINT (-122.26383886038698 37.87456915820215),ios,,2019-12-11T10:50:21-08:00,4.3013052039590915,7.14621417653689,-10.605773748581777
287,1576090222.0,-122.2637931,37.874583,POINT (-122.2637931 37.874583),android,,2019-12-11T10:50:22-08:00,11.447519380495981,-3.4595595720448875,4.049895351081059
288,1576090223.0,-122.26366331873788,37.874593197972274,POINT (-122.26366331873788 37.874593197972274),ios,,2019-12-11T10:50:23-08:00,7.987959808451094,0.5903357790361712,-1.3996542722715493
289,1576090224.0,-122.2635735382103,37.87460495501885,POINT (-122.2635735382103 37.87460495501885),ios,,2019-12-11T10:50:24-08:00,8.578295587487265,-0.8093184932353781,0.6957671294224541
290,1576090225.0,-122.26347712259903,37.874617580950805,POINT (-122.26347712259903 37.874617580950805),ios,,2019-12-11T10:50:25-08:00,7.768977094251887,-0.11355136381292397,3.153646061423099
291,1576090226.0,-122.2633898,37.874629,POINT (-122.2633898 37.874629),android,,2019-12-11T10:50:26-08:00,7.655425730438963,3.040094697610175,-2.264740404628843
292,1576090227.0,-122.2633031,37.8746365,POINT (-122.2633031 37.8746365),android,,2019-12-11T10:50:27-08:00,10.695520428049138,0.7753542929813317,0.2516617836625521
293,1576090228.0,-122.2631829,37.8746523,POINT (-122.2631829 37.8746523),android,,2019-12-11T10:50:28-08:00,11.47087472103047,1.0270160766438838,-5.143180389366108
294,1576090229.0,-122.2630536,37.8746673,POINT (-122.2630536 37.8746673),android,,2019-12-11T10:50:29-08:00,12.497890797674353,-4.1161643127222245,7.283467812587212
295,1576090230.0,-122.2629124,37.8746818,POINT (-122.2629124 37.8746818),android,,2019-12-11T10:50:30-08:00,8.381726484952129,3.167303499864987,-2.8229880812471766
296,1576090231.0,-122.2628177,37.8746915,POINT (-122.2628177 37.8746915),android,,2019-12-11T10:50:31-08:00,11.549029984817116,0.34431541861781056,0.95442699658647
297,1576090232.0,-122.2626875,37.8747065,POINT (-122.2626875 37.8747065),android,,2019-12-11T10:50:32-08:00,11.893345403434926,1.2987424152042806,-4.363993440470297
298,1576090233.0,-122.2625536,37.8747229,POINT (-122.2625536 37.8747229),android,,2019-12-11T10:50:33-08:00,13.192087818639207,-3.065251025266017,6.105001257116633
299,1576090234.0,-122.2624052,37.8747417,POINT (-122.2624052 37.8747417),android,,2019-12-11T10:50:34-08:00,10.12683679337319,3.0397502318506167,-3.0111128774873563
300,1576090235.0,-122.2622919,37.8747589,POINT (-122.2622919 37.8747589),android,,2019-12-11T10:50:35-08:00,13.166587025223807,0.028637354363260314,0.1557293768969945
301,1576090236.0,-122.2621446,37.8747813,POINT (-122.2621446 37.8747813),android,,2019-12-11T10:50:36-08:00,13.195224379587067,0.18436673126025482,2.874730802371335
302,1576090237.0,-122.2619968,37.874803,POINT (-122.2619968 37.874803),android,,2019-12-11T10:50:37-08:00,13.379591110847322,3.05909753363159,-9.488744130354815
303,1576090238.0,-122.2618473,37.8748265,POINT (-122.2618473 37.8748265),android,,2019-12-11T10:50:38-08:00,16.438688644478912,-6.4296465967232255,9.806384069292632
304,1576090239.0,-122.2616615,37.8748451,POINT (-122.2616615 37.8748451),android,,2019-12-11T10:50:39-08:00,10.009042047755687,3.376737472569406,-4.100996393301248
305,1576090240.0,-122.2615499,37.8748636,POINT (-122.2615499 37.8748636),android,,2019-12-11T10:50:40-08:00,13.385779520325093,-0.7242589207318417,0.9095308205530088
306,1576090241.0,-122.2614008,37.8748889,POINT (-122.2614008 37.8748889),android,,2019-12-11T10:50:41-08:00,12.661520599593251,0.1852718998211671,-1.0486067116728748
307,1576090242.0,-122.2612584,37.8749071,POINT (-122.2612584 37.8749071),android,,2019-12-11T10:50:42-08:00,12.846792499414418,-0.8633348118517077,-0.22767274732500198
308,1576090243.0,-122.2611142,37.8749269,POINT (-122.2611142 37.8749269),android,,2019-12-11T10:50:43-08:00,11.98345768756271,-1.0910075591767097,0.5853311464078477
309,1576090244.0,-122.2609793,37.8749435,POINT (-122.2609793 37.8749435),android,,2019-12-11T10:50:44-08:00,10.892450128386,-0.505676412768862,1.3694542574112862
310,1576090245.0,-122.2608555,37.8749503,POINT (-122.2608555 37.8749503),android,,2019-12-11T10:50:45-08:00,10.386773715617139,0.8637778446424242,-8.788369125107563
311,1576090246.0,-122.260739,37.8749667,POINT (-122.260739 37.8749667),android,,2019-12-11T10:50:46-08:00,11.250551560259563,-7.924591280465139,9.167071934898239
312,1576090247.0,-122.2606126,37.8749835,POINT (-122.2606126 37.8749835),android,,2019-12-11T10:50:47-08:00,3.3259602797944243,1.242480654433101,-1.2427255823110892
313,1576090248.0,-122.26057756755159,37.87499490121263,POINT (-122.26057756755159 37.87499490121263),ios,,2019-12-11T10:50:48-08:00,4.568440934227525,-0.00024492787798813254,-3.252758101822448
314,1576090249.0,-122.26053206771206,37.87501485265683,POINT (-122.26053206771206 37.87501485265683),ios,,2019-12-11T10:50:49-08:00,4.568196006349537,-3.253003029700436,11.765762621205548
315,1576090250.0,-122.2604865703025,37.87503480303551,POINT (-122.2604865703025 37.87503480303551),ios,,2019-12-11T10:50:50-08:00,1.3151929766491013,8.512759591505112,-18.28723425346504
316,1576090251.0,-122.26047180874752,37.87503683447461,POINT (-122.26047180874752 37.87503683447461),ios,,2019-12-11T10:50:51-08:00,9.827952568154213,-9.774474661959928,10.024631295562658
317,1576090252.0,-122.2603675,37.8750047,POINT (-122.2603675 37.8750047),android,,2019-12-11T10:50:52-08:00,0.05347790619428423,0.2501566336027302,0.027756808247744607
337,1576090272.0,-122.2603632,37.8750137,POINT (-122.2603632 37.8750137),android,,2019-12-11T10:51:12-08:00,5.056610578248888,0.8052927985576224,-0.9875889047417878
338,1576090273.0,-122.26033928504279,37.87505507197298,POINT (-122.26033928504279 37.87505507197298),ios,,2019-12-11T10:51:13-08:00,5.86190337680651,-0.18229610618416547,0.9295606731985941
339,1576090274.0,-122.2602725,37.8750553,POINT (-122.2602725 37.8750553),android,,2019-12-11T10:51:14-08:00,5.679607270622345,0.7472645670144287,1.0428876615576712
340,1576090275.0,-122.2602092,37.8750659,POINT (-122.2602092 37.8750659),android,,2019-12-11T10:51:15-08:00,6.4268718376367735,1.7901522285720999,-3.1344991707538057
341,1576090276.0,-122.26013910812316,37.87508261969551,POINT (-122.26013910812316 37.87508261969551),ios,,2019-12-11T10:51:16-08:00,8.217024066208873,-1.3443469421817058,2.8577049377435113
342,1576090277.0,-122.2600506,37.8751067,POINT (-122.2600506 37.8751067),android,,2019-12-11T10:51:17-08:00,6.872677124027168,1.5133579955618055,-1.5334014444563637
343,1576090278.0,-122.2599749,37.8751225,POINT (-122.2599749 37.8751225),android,,2019-12-11T10:51:18-08:00,8.386035119588973,-0.020043448894558225,1.3455146180012392
344,1576090279.0,-122.2598802,37.8751325,POINT (-122.2598802 37.8751325),android,,2019-12-11T10:51:19-08:00,8.365991670694415,1.325471169106681,-1.7242016620018354
345,1576090280.0,-122.2597856,37.8751417,POINT (-122.2597856 37.8751417),android,,2019-12-11T10:51:20-08:00,9.691462839801096,-0.3987304928951545,-0.318427189526453
346,1576090281.0,-122.2596762,37.8751535,POINT (-122.2596762 37.8751535),android,,2019-12-11T10:51:21-08:00,9.292732346905941,-0.7171576824216075,1.149864905753276
347,1576090282.0,-122.25957066179677,37.87516014914878,POINT (-122.25957066179677 37.87516014914878),ios,,2019-12-11T10:51:22-08:00,8.575574664484334,0.43270722333166844,-1.4129325843418687
348,1576090283.0,-122.25947438508433,37.8751732793805,POINT (-122.25947438508433 37.8751732793805),ios,,2019-12-11T10:51:23-08:00,9.008281887816002,-0.9802253610102003,1.7128842470868602
349,1576090284.0,-122.25937325041374,37.87518707214124,POINT (-122.25937325041374 37.87518707214124),ios,,2019-12-11T10:51:24-08:00,8.028056526805802,0.7326588860766599,-2.4463378930042827
350,1576090285.0,-122.25928296261938,37.875198619214146,POINT (-122.25928296261938 37.875198619214146),ios,,2019-12-11T10:51:25-08:00,8.760715412882462,-1.7136790069276229,5.338915530688215
351,1576090286.0,-122.25918442208001,37.87521115729964,POINT (-122.25918442208001 37.87521115729964),ios,,2019-12-11T10:51:26-08:00,7.047036405954839,3.6252365237605924,-4.802300327967189
352,1576090287.0,-122.2591086,37.875232,POINT (-122.2591086 37.875232),android,,2019-12-11T10:51:27-08:00,10.672272929715431,-1.1770638042065968,2.618073457303881
353,1576090288.0,-122.2589879,37.8752436,POINT (-122.2589879 37.8752436),android,,2019-12-11T10:51:28-08:00,9.495209125508834,1.441009653097284,-0.5652168119548087
354,1576090289.0,-122.2588811,37.8752572,POINT (-122.2588811 37.8752572),android,,2019-12-11T10:51:29-08:00,10.936218778606118,0.8757928411424754,-6.993895238817894
355,1576090290.0,-122.2587572,37.8752676,POINT (-122.2587572 37.8752676),android,,2019-12-11T10:51:30-08:00,11.812011619748594,-6.118102397675418,10.380815096610638
356,1576090291.0,-122.2586240068481,37.87528279295941,POINT (-122.2586240068481 37.87528279295941),ios,,2019-12-11T10:51:31-08:00,5.6939092220731755,4.2627126989352195,inf
357,1576090292.0,-122.25856000526139,37.87529115255007,POINT (-122.25856000526139 37.87529115255007),ios,,2019-12-11T10:51:32-08:00,9.956621921008395,inf,-inf
358,1576090293.0,-122.25844781958538,37.87530442029002,POINT (-122.25844781958538 37.87530442029002),midpoint,"[<POINT (-122.258 37.875)>, <POINT (-122.258 37.875)>]",2019-12-11T10:51:33-08:00,inf,-inf,inf
359,1576090293.0,-122.25849600367467,37.87529951214073,POINT (-122.25849600367467 37.87529951214073),ios,,2019-12-11T10:51:33-08:00,12.437318470625023,-5.395356727653428,4.815359647994019
361,1576090294.0,-122.25835525601546,37.875312464768385,POINT (-122.25835525601546 37.875312464768385),midpoint,"[<POINT (-122.258 37.875)>, <POINT (-122.258 37.875)>]",2019-12-11T10:51:34-08:00,7.041961742971595,-0.5799970796594085,1.033108874481277
362,1576090295.0,-122.25827541703765,37.87531871409948,POINT (-122.25827541703765 37.87531871409948),midpoint,"[<POINT (-122.258 37.875)>, <POINT (-122.258 37.875)>]",2019-12-11T10:51:35-08:00,6.4619646633121866,0.4531117948218686,-2.1175445567558047
365,1576090296.0,-122.25820213675041,37.87532431108201,POINT (-122.25820213675041 37.87532431108201),midpoint,"[<POINT (-122.258 37.875)>, <POINT (-122.258 37.875)>]",2019-12-11T10:51:36-08:00,6.915076458134055,-1.664432761933936,1.5680903064885294
366,1576090297.0,-122.25812379360633,37.87533088775912,POINT (-122.25812379360633 37.87533088775912),midpoint,"[<POINT (-122.258 37.875)>, <POINT (-122.258 37.875)>]",2019-12-11T10:51:37-08:00,5.250643696200119,-0.09634245544540665,-0.8470261171018576
367,1576090298.0,-122.25806447718143,37.875337012130174,POINT (-122.25806447718143 37.875337012130174),midpoint,"[<POINT (-122.258 37.875)>, <POINT (-122.258 37.875)>]",2019-12-11T10:51:38-08:00,5.154301240754712,-0.9433685725472643,-1.8146883456079186
368,1576090299.0,-122.2580086897114,37.875351487024965,POINT (-122.2580086897114 37.875351487024965),midpoint,"[<POINT (-122.258 37.875)>, <POINT (-122.258 37.875)>]",2019-12-11T10:51:39-08:00,4.210932668207448,-2.758056918155183,1.5105026923697153
369,1576090300.0,-122.25796642810465,37.875369411666505,POINT (-122.25796642810465 37.875369411666505),midpoint,"[<POINT (-122.258 37.875)>, <POINT (-122.258 37.875)>]",2019-12-11T10:51:40-08:00,1.452875750052265,-1.2475542257854675,1.3664190195658998
370,1576090301.0,-122.25795179912865,37.87537552555607,POINT (-122.25795179912865 37.87537552555607),midpoint,"[<POINT (-122.258 37.875)>, <POINT (-122.258 37.875)>]",2019-12-11T10:51:41-08:00,0.20532152426679767,0.1188647937804323,0.5527610817506274
371,1576090302.0,-122.25795074419938,37.87537387747675,POINT (-122.25795074419938 37.87537387747675),midpoint,"[<POINT (-122.258 37.875)>, <POINT (-122.258 37.875)>]",2019-12-11T10:51:42-08:00,0.32418631804722997,0.6716258755310597,-1.6674380691093493
372,1576090303.0,-122.25795228937095,37.87537122938407,POINT (-122.25795228937095 37.87537122938407),midpoint,"[<POINT (-122.258 37.875)>, <POINT (-122.258 37.875)>]",2019-12-11T10:51:43-08:00,0.9958121935782897,-0.9958121935782897,0.9958121935782897
373,1576090304.0,-122.25796290992864,37.87536807947136,POINT (-122.25796290992864 37.87536807947136),midpoint,"[<POINT (-122.258 37.875)>, <POINT (-122.258 37.875)>]",2019-12-11T10:51:44-08:00,0.0,0.0,0.0
