,ts,longitude,latitude,geometry,source,matching,fmt_time,speed,acceleration,jerk
0,1568136626.0,-122.26771264333294,37.87106781923558,POINT (-122.26771264333294 37.87106781923558),midpoint,"[<POINT (-122.268 37.871)>, <POINT (-122.268 37.871)>]",2019-09-10T10:30:26-07:00,1.2601219650504725,-0.6110003589262154,1.8404226392965166
1,1568136627.0,-122.26770656677041,37.871078086530865,POINT (-122.26770656677041 37.871078086530865),midpoint,"[<POINT (-122.268 37.871)>, <POINT (-122.268 37.871)>]",2019-09-10T10:30:27-07:00,0.6491216061242571,1.2294222803703012,-1.4374816787060987
2,1568136628.0,-122.26770516252904,37.871083818010845,POINT (-122.26770516252904 37.871083818010845),midpoint,"[<POINT (-122.268 37.871)>, <POINT (-122.268 37.871)>]",2019-09-10T10:30:28-07:00,1.8785438864945583,-0.20805939833579745,0.22975059802032005
3,1568136629.0,-122.26770600860496,37.87110069895473,POINT (-122.26770600860496 37.87110069895473),midpoint,"[<POINT (-122.268 37.871)>, <POINT (-122.268 37.871)>]",2019-09-10T10:30:29-07:00,1.6704844881587608,0.0216911996845226,-0.4495513563111331
4,1568136630.0,-122.26770319714039,37.871115557145814,POINT (-122.26770319714039 37.871115557145814),midpoint,"[<POINT (-122.268 37.871)>, <POINT (-122.268 37.871)>]",2019-09-10T10:30:30-07:00,1.6921756878432834,-0.4278601566266105,0.619944967122668
5,1568136631.0,-122.26769893126112,37.871130397996325,POINT (-122.26769893126112 37.871130397996325),midpoint,"[<POINT (-122.268 37.871)>, <POINT (-122.268 37.871)>]",2019-09-10T10:30:31-07:00,1.264315531216673,0.19208481049605752,0.022904864555010507
6,1568136632.0,-122.26769747470735,37.871141709974424,POINT (-122.26769747470735 37.871141709974424),midpoint,"[<POINT (-122.268 37.871)>, <POINT (-122.268 37.871)>]",2019-09-10T10:30:32-07:00,1.4564003417127305,0.21498967505106803,0.6505880792867993
7,1568136633.0,-122.26769457942052,37.871154606747055,POINT (-122.26769457942052 37.871154606747055),midpoint,"[<POINT (-122.268 37.871)>, <POINT (-122.268 37.871)>]",2019-09-10T10:30:33-07:00,1.6713900167637985,0.8655777543378673,-1.3156275673691282
8,1568136634.0,-122.26769158471024,37.871169450857124,POINT (-122.26769158471024 37.871169450857124),midpoint,"[<POINT (-122.268 37.871)>, <POINT (-122.268 37.871)>]",2019-09-10T10:30:34-07:00,2.536967771101666,-0.4500498130312609,-0.23376386319184395
9,1568136635.0,-122.26768682448464,37.87119195478533,POINT (-122.26768682448464 37.87119195478533),midpoint,"[<POINT (-122.268 37.871)>, <POINT (-122.268 37.871)>]",2019-09-10T10:30:35-07:00,2.086917958070405,-0.6838136762231048,0.99022367123039
10,1568136636.0,-122.2676788827338,37.8712096448774,POINT (-122.2676788827338 37.8712096448774),midpoint,"[<POINT (-122.268 37.871)>, <POINT (-122.268 37.871)>]",2019-09-10T10:30:36-07:00,1.4031042818473,0.30640999500728516,1.756235296263929
11,1568136637.0,-122.26766916378892,37.871219663059314,POINT (-122.26766916378892 37.871219663059314),midpoint,"[<POINT (-122.268 37.871)>, <POINT (-122.268 37.871)>]",2019-09-10T10:30:37-07:00,1.7095142768545852,2.062645291271214,-1.198341446947409
12,1568136638.0,-122.26766696211162,37.87123493853758,POINT (-122.26766696211162 37.87123493853758),ios,,2019-09-10T10:30:38-07:00,3.772159568125799,0.8643038443238051,-0.6298603001264587
13,1568136639.0,-122.26763553006465,37.87125807252415,POINT (-122.26763553006465 37.87125807252415),ios,,2019-09-10T10:30:39-07:00,4.636463412449604,0.23444354419734648,1.0506406991110193
14,1568136640.0,-122.267583,37.8712537,POINT (-122.267583 37.8712537),android,,2019-09-10T10:30:40-07:00,4.870906956646951,1.2850842433083658,-0.7945600027298498
15,1568136641.0,-122.2675335,37.8712735,POINT (-122.2675335 37.8712735),android,,2019-09-10T10:30:41-07:00,6.1559911999553165,0.49052424057851596,0.4775988385862009
16,1568136642.0,-122.2674703,37.8712975,POINT (-122.2674703 37.8712975),android,,2019-09-10T10:30:42-07:00,6.6465154405338325,0.9681230791647168,-0.2765555103879578
17,1568136643.0,-122.2673951,37.8713045,POINT (-122.2673951 37.8713045),android,,2019-09-10T10:30:43-07:00,7.614638519698549,0.6915675687767591,-0.9114091335746464
18,1568136644.0,-122.2673086,37.8713097,POINT (-122.2673086 37.8713097),android,,2019-09-10T10:30:44-07:00,8.306206088475308,-0.2198415647978873,1.864527528209413
19,1568136645.0,-122.2672146,37.8713183,POINT (-122.2672146 37.8713183),android,,2019-09-10T10:30:45-07:00,8.086364523677421,1.6446859634115256,-8.111145304660527
20,1568136646.0,-122.2671228,37.8713244,POINT (-122.2671228 37.8713244),android,,2019-09-10T10:30:46-07:00,9.731050487088947,-6.466459341249001,13.29963879290696
21,1568136647.0,-122.2670125,37.8713332,POINT (-122.2670125 37.8713332),android,,2019-09-10T10:30:47-07:00,3.264591145839946,6.8331794516579585,-6.833388504124006
22,1568136648.0,-122.266975702663,37.87133746660629,POINT (-122.266975702663 37.87133746660629),ios,,2019-09-10T10:30:48-07:00,10.097770597497904,-0.00020905246604741023,-0.38467158015854075
23,1568136649.0,-122.26686225584116,37.87135252685572,POINT (-122.26686225584116 37.87135252685572),ios,,2019-09-10T10:30:49-07:00,10.097561545031857,-0.38488063262458816,-0.8461347039836813
24,1568136650.0,-122.26674881134544,37.87136758679635,POINT (-122.26674881134544 37.87136758679635),ios,,2019-09-10T10:30:50-07:00,9.712680912407269,-1.2310153366082695,1.4569847417342334
25,1568136651.0,-122.26663960198827,37.871381648985675,POINT (-122.26663960198827 37.871381648985675),ios,,2019-09-10T10:30:51-07:00,8.481665575799,0.22596940512596397,-2.3781016799605457
26,1568136652.0,-122.26654424363393,37.871393974712426,POINT (-122.26654424363393 37.871393974712426),ios,,2019-09-10T10:30:52-07:00,8.707634980924963,-2.1521322748345817,5.405844399331773
27,1568136653.0,-122.26644634471636,37.871406628824545,POINT (-122.26644634471636 37.871406628824545),ios,,2019-09-10T10:30:53-07:00,6.555502706090381,3.2537121244971914,-9.449701184289218
28,1568136654.0,-122.26637264195843,37.87141615541571,POINT (-122.26637264195843 37.87141615541571),ios,,2019-09-10T10:30:54-07:00,9.809214830587573,-6.195989059792026,7.086453964829877
29,1568136655.0,-122.26626235807446,37.87143041037038,POINT (-122.26626235807446 37.87143041037038),ios,,2019-09-10T10:30:55-07:00,3.613225770795546,0.8904649050378501,-0.8904652852063859
30,1568136656.0,-122.26622173498383,37.87143566118577,POINT (-122.26622173498383 37.87143566118577),ios,,2019-09-10T10:30:56-07:00,4.503690675833396,-3.8016853576294807e-07,3.4488110145503015e-09
31,1568136657.0,-122.26617105785738,37.871441997080474,POINT (-122.26617105785738 37.871441997080474),ios,,2019-09-10T10:30:57-07:00,4.50369029566486,-3.7671972474839777e-07,-2.340492244456982e-09
32,1568136658.0,-122.26612038073095,37.871448332975184,POINT (-122.26612038073095 37.871448332975184),ios,,2019-09-10T10:30:58-07:00,4.503689918945136,-3.7906021699285475e-07,2.5875754872117795e-09
33,1568136659.0,-122.26606970360451,37.87145466886989,POINT (-122.26606970360451 37.87145466886989),ios,,2019-09-10T10:30:59-07:00,4.503689539884919,-3.7647264150564297e-07,-2.7112765366155145e-09
34,1568136660.0,-122.26601902647809,37.87146100476459,POINT (-122.26601902647809 37.87146100476459),ios,,2019-09-10T10:31:00-07:00,4.503689163412277,-3.791839180422585e-07,3.943187110166946e-09
35,1568136661.0,-122.26596834935165,37.8714673406593,POINT (-122.26596834935165 37.8714673406593),ios,,2019-09-10T10:31:01-07:00,4.503688784228359,-3.7524073093209154e-07,-3.943291027042051e-09
36,1568136662.0,-122.26591767222523,37.871473676554004,POINT (-122.26591767222523 37.871473676554004),ios,,2019-09-10T10:31:02-07:00,4.503688408987628,-3.791840219591336e-07,1.2353940093134952e-10
37,1568136663.0,-122.26586699509878,37.871480012448714,POINT (-122.26586699509878 37.871480012448714),ios,,2019-09-10T10:31:03-07:00,4.503688029803606,-3.7906048255820224e-07,3.819592642173575e-09
38,1568136664.0,-122.26581631797234,37.87148634834342,POINT (-122.26581631797234 37.87148634834342),ios,,2019-09-10T10:31:04-07:00,4.503687650743124,-3.7524088991602866e-07,-0.33181368674750633
39,1568136665.0,-122.26576564084591,37.87149268423812,POINT (-122.26576564084591 37.87149268423812),ios,,2019-09-10T10:31:05-07:00,4.503687275502234,-0.33181406198839625,0.32627469532944886
40,1568136666.0,-122.26571496371946,37.87149902013283,POINT (-122.26571496371946 37.87149902013283),ios,,2019-09-10T10:31:06-07:00,4.171873213513837,-0.005539366658947387,0.24506367964897996
45,1568136671.0,-122.2659514,37.8715179,POINT (-122.2659514 37.8715179),android,,2019-09-10T10:31:11-07:00,4.1441763802191005,1.2197790315859525,-0.6913707799548172
46,1568136672.0,-122.2659345,37.8715527,POINT (-122.2659345 37.8715527),android,,2019-09-10T10:31:12-07:00,5.363955411805053,0.5284082516311353,4.68170180504427
47,1568136673.0,-122.2659225,37.8716,POINT (-122.2659225 37.8716),android,,2019-09-10T10:31:13-07:00,5.892363663436188,5.210110056675405,-7.160026429080552
48,1568136674.0,-122.2659262830083,37.87165290708898,POINT (-122.2659262830083 37.87165290708898),android,,2019-09-10T10:31:14-07:00,11.102473720111593,-1.9499163724051467,3.006859722358472
49,1568136675.0,-122.2659353,37.8717525,POINT (-122.2659353 37.8717525),android,,2019-09-10T10:31:15-07:00,9.152557347706447,1.0569433499533254,-5.076397714716739
50,1568136676.0,-122.2659469,37.8718343,POINT (-122.2659469 37.8718343),android,,2019-09-10T10:31:16-07:00,10.209500697659772,-4.019454364763414,5.889276023539402
51,1568136677.0,-122.2659614,37.8719254,POINT (-122.2659614 37.8719254),android,,2019-09-10T10:31:17-07:00,6.190046332896358,1.8698216587759884,-2.596821633077388
52,1568136678.0,-122.2659695,37.8719807,POINT (-122.2659695 37.8719807),android,,2019-09-10T10:31:18-07:00,8.059867991672347,-0.7269999743013997,0.7230866816707442
53,1568136679.0,-122.2659903,37.8720513,POINT (-122.2659903 37.8720513),android,,2019-09-10T10:31:19-07:00,7.332868017370947,-0.0039132926306555404,-0.5141177281661315
54,1568136680.0,-122.2660044,37.8721163,POINT (-122.2660044 37.8721163),android,,2019-09-10T10:31:20-07:00,7.328954724740291,-0.5180310207967871,-0.4744775243125767
55,1568136681.0,-122.2660125,37.8721819,POINT (-122.2660125 37.8721819),android,,2019-09-10T10:31:21-07:00,6.810923703943504,-0.9925085451093638,-0.7892921887221167
56,1568136682.0,-122.2660157,37.8722431,POINT (-122.2660157 37.8722431),android,,2019-09-10T10:31:22-07:00,5.81841515883414,-1.7818007338314805,-0.15306461264417637
57,1568136683.0,-122.2660136,37.8722954,POINT (-122.2660136 37.8722954),android,,2019-09-10T10:31:23-07:00,4.03661442500266,-1.9348653464756569,-0.09794971777926165
58,1568136684.0,-122.2660131,37.8723317,POINT (-122.2660131 37.8723317),android,,2019-09-10T10:31:24-07:00,2.101749078527003,-2.0328150642549185,2.1599530551839177
59,1568136685.0,-122.2660134,37.8723506,POINT (-122.2660134 37.8723506),android,,2019-09-10T10:31:25-07:00,0.06893401427208447,0.12713799092899936,0.25108014180284915
60,1568136686.0,-122.266014,37.872351,POINT (-122.266014 37.872351),android,,2019-09-10T10:31:26-07:00,0.19607200520108384,0.3782181327318485,0.008804217728997504
74,1568136700.0,-122.26604330364826,37.87235962230514,POINT (-122.26604330364826 37.87235962230514),ios,,2019-09-10T10:31:40-07:00,5.491125863446963,0.5014771809378136,-0.29618669627162575
75,1568136701.0,-122.26603860978248,37.87240886598627,POINT (-122.26603860978248 37.87240886598627),ios,,2019-09-10T10:31:41-07:00,5.992603044384777,0.20529048466618782,-0.5419154500340504
76,1568136702.0,-122.2660360113925,37.87246271971415,POINT (-122.2660360113925 37.87246271971415),ios,,2019-09-10T10:31:42-07:00,6.1978935290509645,-0.33662496536786257,-0.3181244411402169
77,1568136703.0,-122.26603215571704,37.87251837555121,POINT (-122.26603215571704 37.87251837555121),ios,,2019-09-10T10:31:43-07:00,5.861268563683102,-0.6547494065080794,-1.6658024911572986
78,1568136704.0,-122.26602863531771,37.872571013903126,POINT (-122.26602863531771 37.872571013903126),ios,,2019-09-10T10:31:44-07:00,5.2065191571750224,-2.320551897665378,3.2357038265163807
79,1568136705.0,-122.2660314305828,37.872617785235505,POINT (-122.2660314305828 37.872617785235505),ios,,2019-09-10T10:31:45-07:00,2.8859672595096444,0.9151519288510026,-4.296702286930657
80,1568136706.0,-122.26603427890252,37.87264364179008,POINT (-122.26603427890252 37.87264364179008),ios,,2019-09-10T10:31:46-07:00,3.801119188360647,-3.381550358079654,3.381550357023816
81,1568136707.0,-122.26603803043595,37.872677697563134,POINT (-122.26603803043595 37.872677697563134),ios,,2019-09-10T10:31:47-07:00,0.41956883028099295,-1.0558380836300785e-09,-1.6804113834645307e-05
82,1568136708.0,-122.2660384445315,37.872681456650966,POINT (-122.2660384445315 37.872681456650966),ios,,2019-09-10T10:31:48-07:00,0.41956882922515487,-1.6805169672728937e-05,5.219123201496128
83,1568136709.0,-122.26603885862704,37.87268521573879,POINT (-122.26603885862704 37.87268521573879),ios,,2019-09-10T10:31:49-07:00,0.41955202405548214,5.219106396326455,-9.617535351917466
84,1568136710.0,-122.26603927270601,37.87268897467605,POINT (-122.26603927270601 37.87268897467605),ios,,2019-09-10T10:31:50-07:00,5.638658420381938,-4.398428955591011,3.361251219265481
85,1568136711.0,-122.2660338,37.8727395,POINT (-122.2660338 37.8727395),android,,2019-09-10T10:31:51-07:00,1.2402294647909267,-1.0371777363255297,1.3540448643493554
86,1568136712.0,-122.2660439,37.8727473,POINT (-122.2660439 37.8727473),android,,2019-09-10T10:31:52-07:00,0.203051728465397,0.3168671280238258,-0.04195383145279303
101,1568136727.0,-122.26604868628284,37.872774429501355,POINT (-122.26604868628284 37.872774429501355),ios,,2019-09-10T10:32:07-07:00,4.956058648822784,-0.3124403437680696,-0.24227465236219725
102,1568136728.0,-122.26605357768962,37.872818832847464,POINT (-122.26605357768962 37.872818832847464),ios,,2019-09-10T10:32:08-07:00,4.643618305054714,-0.5547149961302669,-0.28358379357192787
103,1568136729.0,-122.26605816073182,37.872860436913584,POINT (-122.26605816073182 37.872860436913584),ios,,2019-09-10T10:32:09-07:00,4.088903308924447,-0.8382987897021947,-0.25397662921521524
104,1568136730.0,-122.26606219629535,37.872897071062454,POINT (-122.26606219629535 37.872897071062454),ios,,2019-09-10T10:32:10-07:00,3.2506045192222524,-1.09227541891741,-0.3492679656199207
105,1568136731.0,-122.2660654044957,37.87292619455139,POINT (-122.2660654044957 37.87292619455139),ios,,2019-09-10T10:32:11-07:00,2.1583291003048424,-1.4415433845373307,1.4415115977208157
106,1568136732.0,-122.2660675346694,37.87294553190032,POINT (-122.2660675346694 37.87294553190032),ios,,2019-09-10T10:32:12-07:00,0.7167857157675116,-3.178681651483384e-05,-0.04390292536675666
107,1568136733.0,-122.26606825616558,37.87295195290049,POINT (-122.26606825616558 37.87295195290049),ios,,2019-09-10T10:32:13-07:00,0.7167539289509968,-0.043934712183271496,0.04393471197156329
108,1568136734.0,-122.26606897762976,37.87295837361592,POINT (-122.26606897762976 37.87295837361592),ios,,2019-09-10T10:32:14-07:00,0.6728192167677253,-2.1170820652116618e-10,-4.555703982422887e-05
109,1568136735.0,-122.26606965747085,37.87296440057972,POINT (-122.26606965747085 37.87296440057972),ios,,2019-09-10T10:32:15-07:00,0.6728192165560171,-4.5557251532435394e-05,2.4647764057596238
110,1568136736.0,-122.26607033731197,37.872970427543514,POINT (-122.26607033731197 37.872970427543514),ios,,2019-09-10T10:32:16-07:00,0.6727736593044846,2.464730848508091,-2.2131687965340348
111,1568136737.0,-122.26607101710704,37.87297645409922,POINT (-122.26607101710704 37.87297645409922),ios,,2019-09-10T10:32:17-07:00,3.137504507812576,0.25156205197405646,-0.4229423831822512
112,1568136738.0,-122.2660741873562,37.873004559161714,POINT (-122.2660741873562 37.873004559161714),ios,,2019-09-10T10:32:18-07:00,3.3890665597866323,-0.17138033120819474,0.5763377798025315
113,1568136739.0,-122.26607761179287,37.8730349176608,POINT (-122.26607761179287 37.8730349176608),ios,,2019-09-10T10:32:19-07:00,3.2176862285784376,0.4049574485943368,3.658315694833712
114,1568136740.0,-122.26608086306061,37.873063740973365,POINT (-122.26608086306061 37.873063740973365),ios,,2019-09-10T10:32:20-07:00,3.6226436771727744,4.063273143428049,-3.775577920820247
115,1568136741.0,-122.26608452351215,37.87309619180416,POINT (-122.26608452351215 37.87309619180416),ios,,2019-09-10T10:32:21-07:00,7.6859168206008235,0.2876952226078018,0.47451119168118083
116,1568136742.0,-122.26609258169512,37.873165019609736,POINT (-122.26609258169512 37.873165019609736),ios,,2019-09-10T10:32:22-07:00,7.973612043208625,0.7622064142889826,-4.057730503174997
117,1568136743.0,-122.2661009706029,37.873236421616085,POINT (-122.2661009706029 37.873236421616085),ios,,2019-09-10T10:32:23-07:00,8.735818457497608,-3.2955240888860144,7.72650872401435
118,1568136744.0,-122.26611016141572,37.87331464902005,POINT (-122.26611016141572 37.87331464902005),ios,,2019-09-10T10:32:24-07:00,5.440294368611593,4.430984635128335,-7.5613006497326065
119,1568136745.0,-122.26611588506121,37.87336336570418,POINT (-122.26611588506121 37.87336336570418),ios,,2019-09-10T10:32:25-07:00,9.871279003739929,-3.1303160146042712,6.2579259702314864
120,1568136746.0,-122.2661254815833,37.87345181645991,POINT (-122.2661254815833 37.87345181645991),ios,,2019-09-10T10:32:26-07:00,6.7409629891356575,3.127609955627215,-7.001791367714009
121,1568136747.0,-122.2661323,37.8735122,POINT (-122.2661323 37.8735122),android,,2019-09-10T10:32:27-07:00,9.868572944762873,-3.874181412086794,5.893256600927961
122,1568136748.0,-122.2661448,37.8736004,POINT (-122.2661448 37.8736004),android,,2019-09-10T10:32:28-07:00,5.994391532676079,2.0190751888411667,-2.6366928735457584
123,1568136749.0,-122.2661521,37.873654,POINT (-122.2661521 37.873654),android,,2019-09-10T10:32:29-07:00,8.013466721517245,-0.6176176847045918,-1.0281404583168356
124,1568136750.0,-122.2661613,37.8737257,POINT (-122.2661613 37.8737257),android,,2019-09-10T10:32:30-07:00,7.3958490368126535,-1.6457581430214274,2.300591252301448
125,1568136751.0,-122.2661736,37.8737915,POINT (-122.2661736 37.8737915),android,,2019-09-10T10:32:31-07:00,5.750090893791226,0.6548331092800206,-3.7349245320821143
126,1568136752.0,-122.266175,37.8738432,POINT (-122.266175 37.8738432),android,,2019-09-10T10:32:32-07:00,6.404924003071247,-3.0800914228020937,4.065023237219833
127,1568136753.0,-122.2661754,37.8739008,POINT (-122.2661754 37.8739008),android,,2019-09-10T10:32:33-07:00,3.324832580269153,0.9849318144177395,-1.7218441553860693
128,1568136754.0,-122.2661757,37.8739307,POINT (-122.2661757 37.8739307),android,,2019-09-10T10:32:34-07:00,4.309764394686892,-0.7369123409683298,0.6226234880930148
129,1568136755.0,-122.2661784,37.8739694,POINT (-122.2661784 37.8739694),android,,2019-09-10T10:32:35-07:00,3.5728520537185626,-0.11428885287531498,0.4588453687731704
130,1568136756.0,-122.2661802,37.8740015,POINT (-122.2661802 37.8740015),android,,2019-09-10T10:32:36-07:00,3.4585632008432476,0.3445565158978554,0.03412313259461275
131,1568136757.0,-122.2661796,37.8740326,POINT (-122.2661796 37.8740326),android,,2019-09-10T10:32:37-07:00,3.803119716741103,0.37867964849246816,-0.2619239207134023
132,1568136758.0,-122.2661801,37.8740668,POINT (-122.2661801 37.8740668),android,,2019-09-10T10:32:38-07:00,4.181799365233571,0.11675572777906584,-2.171836395721706
133,1568136759.0,-122.2661709,37.8741037,POINT (-122.2661709 37.8741037),android,,2019-09-10T10:32:39-07:00,4.298555093012637,-2.05508066794264,4.706465698963205
134,1568136760.0,-122.2661563,37.8741406,POINT (-122.2661563 37.8741406),android,,2019-09-10T10:32:40-07:00,2.243474425069997,2.651385031020565,-1.9190208949343646
135,1568136761.0,-122.26614173208897,37.87415717824204,POINT (-122.26614173208897 37.87415717824204),ios,,2019-09-10T10:32:41-07:00,4.894859456090562,0.7323641360862005,-0.6331097004880233
136,1568136762.0,-122.26608640176006,37.87416267809381,POINT (-122.26608640176006 37.87416267809381),ios,,2019-09-10T10:32:42-07:00,5.627223592176763,0.09925443559817726,0.1996112877016003
137,1568136763.0,-122.26602284833592,37.87416933879567,POINT (-122.26602284833592 37.87416933879567),ios,,2019-09-10T10:32:43-07:00,5.72647802777494,0.29886572329977756,0.6004595577695975
138,1568136764.0,-122.26595834626545,37.874177072782324,POINT (-122.26595834626545 37.874177072782324),ios,,2019-09-10T10:32:44-07:00,6.025343751074717,0.899325281069375,2.1598445705183122
139,1568136765.0,-122.26589051347827,37.87418539362367,POINT (-122.26589051347827 37.87418539362367),ios,,2019-09-10T10:32:45-07:00,6.9246690321440925,3.0591698515876873,-5.00956879425259
140,1568136766.0,-122.26581258002716,37.87419507688102,POINT (-122.26581258002716 37.87419507688102),ios,,2019-09-10T10:32:46-07:00,9.98383888373178,-1.9503989426649024,4.168177112459215
141,1568136767.0,-122.26570014966023,37.87420869479589,POINT (-122.26570014966023 37.87420869479589),ios,,2019-09-10T10:32:47-07:00,8.033439941066877,2.217778169794313,-2.399782693760793
142,1568136768.0,-122.2656096386633,37.87421942085967,POINT (-122.2656096386633 37.87421942085967),ios,,2019-09-10T10:32:48-07:00,10.25121811086119,-0.18200452396648004,2.1120004366579668
143,1568136769.0,-122.26549408889045,37.87423283426314,POINT (-122.26549408889045 37.87423283426314),ios,,2019-09-10T10:32:49-07:00,10.06921358689471,1.9299959126914867,-4.606613149446799
144,1568136770.0,-122.26538059061778,37.87424600952163,POINT (-122.26538059061778 37.87424600952163),ios,,2019-09-10T10:32:50-07:00,11.999209499586197,-2.6766172367553125,4.212898133761197
145,1568136771.0,-122.2652451912322,37.874260902358195,POINT (-122.2652451912322 37.874260902358195),ios,,2019-09-10T10:32:51-07:00,9.322592262830884,1.5362808970058843,-0.8716007965448007
146,1568136772.0,-122.26514042363328,37.87427468565378,POINT (-122.26514042363328 37.87427468565378),ios,,2019-09-10T10:32:52-07:00,10.858873159836769,0.6646801004610836,-2.0390100037900343
147,1568136773.0,-122.26501842318265,37.87429089090085,POINT (-122.26501842318265 37.87429089090085),ios,,2019-09-10T10:32:53-07:00,11.523553260297852,-1.3743299033289507,2.058465745805007
148,1568136774.0,-122.26488942882048,37.874310179661954,POINT (-122.26488942882048 37.874310179661954),ios,,2019-09-10T10:32:54-07:00,10.149223356968902,0.6841358424760564,-7.909166383925342
149,1568136775.0,-122.26477613340876,37.87432843084366,POINT (-122.26477613340876 37.87432843084366),ios,,2019-09-10T10:32:55-07:00,10.833359199444958,-7.225030541449286,20.822266655954863
150,1568136776.0,-122.26465581881286,37.87435016556985,POINT (-122.26465581881286 37.87435016556985),ios,,2019-09-10T10:32:56-07:00,3.608328657995673,13.597236114505575,-17.739860864719795
151,1568136777.0,-122.26461617222873,37.87435874650181,POINT (-122.26461617222873 37.87435874650181),ios,,2019-09-10T10:32:57-07:00,17.205564772501248,-4.1426247502142175,-2.5649051558391776
152,1568136778.0,-122.26444049729207,37.874427397081575,POINT (-122.26444049729207 37.874427397081575),ios,,2019-09-10T10:32:58-07:00,13.06294002228703,-6.707529906053395,6.513626991447059
153,1568136779.0,-122.2643022,37.8744708,POINT (-122.2643022 37.8744708),android,,2019-09-10T10:32:59-07:00,6.355410116233635,-0.19390291460633602,-3.9118173381366317
154,1568136780.0,-122.264234,37.87449,POINT (-122.264234 37.87449),android,,2019-09-10T10:33:00-07:00,6.161507201627299,-4.105720252742968,3.4714007462337557
155,1568136781.0,-122.2641657,37.8745028,POINT (-122.2641657 37.8745028),android,,2019-09-10T10:33:01-07:00,2.0557869488843314,-0.634319506509212,4.662253435795448
156,1568136782.0,-122.26417230218323,37.87452053842277,POINT (-122.26417230218323 37.87452053842277),ios,,2019-09-10T10:33:02-07:00,1.4214674423751195,4.027933929286236,-9.191013454371092
157,1568136783.0,-122.26415718673985,37.8745251274541,POINT (-122.26415718673985 37.8745251274541),ios,,2019-09-10T10:33:03-07:00,5.449401371661356,-5.163079525084856,4.928437831403246
158,1568136784.0,-122.264097,37.8745131,POINT (-122.264097 37.8745131),android,,2019-09-10T10:33:04-07:00,0.2863218465765,-0.23464169368160964,0.24286144909568097
159,1568136785.0,-122.2640938,37.8745126,POINT (-122.2640938 37.8745126),android,,2019-09-10T10:33:05-07:00,0.05168015289489035,0.008219755414071314,-0.0008383427087534608
178,1568136804.0,-122.2640827,37.8745137,POINT (-122.2640827 37.8745137),android,,2019-09-10T10:33:24-07:00,0.20785550576224532,-0.007708756052244444,0.000451105892416065
195,1568136821.0,-122.26409784172452,37.874543144532915,POINT (-122.26409784172452 37.874543144532915),ios,,2019-09-10T10:33:41-07:00,0.07680665287408978,-3.9955881171338525e-05,1.238151355942215
196,1568136822.0,-122.26409702498623,37.87454339249373,POINT (-122.26409702498623 37.87454339249373),ios,,2019-09-10T10:33:42-07:00,0.07676669699291844,1.2381114000610438,-0.21000469596256033
197,1568136823.0,-122.26409620867281,37.87454364032555,POINT (-122.26409620867281 37.87454364032555),ios,,2019-09-10T10:33:43-07:00,1.3148780970539622,1.0281067040984835,1.4389159597627221
198,1568136824.0,-122.26408222666365,37.87454788524755,POINT (-122.26408222666365 37.87454788524755),ios,,2019-09-10T10:33:44-07:00,2.3429848011524457,2.4670226638612056,-5.88326667225269
199,1568136825.0,-122.26405731208234,37.87455544928596,POINT (-122.26405731208234 37.87455544928596),ios,,2019-09-10T10:33:45-07:00,4.810007465013651,-3.416244008391484,11.464443362212602
200,1568136826.0,-122.26400569477516,37.87454092023168,POINT (-122.26400569477516 37.87454092023168),ios,,2019-09-10T10:33:46-07:00,1.3937634566221673,8.048199353821119,-12.504811765247261
201,1568136827.0,-122.26399050350324,37.87454456981304,POINT (-122.26399050350324 37.87454456981304),ios,,2019-09-10T10:33:47-07:00,9.441962810443286,-4.456612411426142,7.841173468290799
202,1568136828.0,-122.2638851490355,37.87456172669195,POINT (-122.2638851490355 37.87456172669195),ios,,2019-09-10T10:33:48-07:00,4.985350399017144,3.3845610568646576,-3.858629439915524
203,1568136829.0,-122.26382949003212,37.87457066258583,POINT (-122.26382949003212 37.87457066258583),ios,,2019-09-10T10:33:49-07:00,8.369911455881802,-0.4740683830508665,0.9347205704008008
204,1568136830.0,-122.26373557048453,37.87458369290528,POINT (-122.26373557048453 37.87458369290528),ios,,2019-09-10T10:33:50-07:00,7.895843072830935,0.4606521873499343,1.9962863053402273
205,1568136831.0,-122.26364683422008,37.874595356672486,POINT (-122.26364683422008 37.874595356672486),ios,,2019-09-10T10:33:51-07:00,8.35649526018087,2.4569384926901616,-5.168799755218693
206,1568136832.0,-122.26355291154204,37.87460765614688,POINT (-122.26355291154204 37.87460765614688),ios,,2019-09-10T10:33:52-07:00,10.813433752871031,-2.711861262528531,4.68103601075714
207,1568136833.0,-122.2634299,37.8746023,POINT (-122.2634299 37.8746023),android,,2019-09-10T10:33:53-07:00,8.1015724903425,1.9691747482286086,-1.470621252389531
208,1568136834.0,-122.2633403,37.8746198,POINT (-122.2633403 37.8746198),android,,2019-09-10T10:33:54-07:00,10.070747238571109,0.4985534958390776,-1.183038882147768
209,1568136835.0,-122.2632273,37.8746355,POINT (-122.2632273 37.8746355),android,,2019-09-10T10:33:55-07:00,10.569300734410186,-0.6844853863086904,2.840910696663432
210,1568136836.0,-122.2631074,37.8746443,POINT (-122.2631074 37.8746443),android,,2019-09-10T10:33:56-07:00,9.884815348101496,2.1564253103547415,-5.431499118589246
211,1568136837.0,-122.2629956,37.874655,POINT (-122.2629956 37.874655),android,,2019-09-10T10:33:57-07:00,12.041240658456237,-3.275073808234504,5.505795347185099
212,1568136838.0,-122.2628603,37.8746729,POINT (-122.2628603 37.8746729),android,,2019-09-10T10:33:58-07:00,8.766166850221733,2.230721538950595,-1.7227275148911882
213,1568136839.0,-122.2627623,37.8746881,POINT (-122.2627623 37.8746881),android,,2019-09-10T10:33:59-07:00,10.996888389172328,0.507994024059407,1.806452047927852
214,1568136840.0,-122.2626386,37.8747038,POINT (-122.2626386 37.8747038),android,,2019-09-10T10:34:00-07:00,11.504882413231735,2.314446071987259,-4.757557194006411
215,1568136841.0,-122.2625095,37.8747217,POINT (-122.2625095 37.8747217),android,,2019-09-10T10:34:01-07:00,13.819328485218994,-2.443111122019152,2.911654789881858
216,1568136842.0,-122.2623533,37.8747373,POINT (-122.2623533 37.8747373),android,,2019-09-10T10:34:02-07:00,11.376217363199842,0.46854366786270596,1.5460581333228411
217,1568136843.0,-122.26223588187588,37.87478062046599,POINT (-122.26223588187588 37.87478062046599),ios,,2019-09-10T10:34:03-07:00,11.844761031062548,2.014601801185547,-2.9628936244825343
218,1568136844.0,-122.26210274600265,37.87479802291075,POINT (-122.26210274600265 37.87479802291075),ios,,2019-09-10T10:34:04-07:00,13.859362832248095,-0.9482918232969872,-0.07817273771267708
219,1568136845.0,-122.26194696583718,37.874818385234285,POINT (-122.26194696583718 37.874818385234285),ios,,2019-09-10T10:34:05-07:00,12.911071008951108,-1.0264645610096643,-0.4736641325350863
220,1568136846.0,-122.26180184449754,37.87483735432229,POINT (-122.26180184449754 37.87483735432229),ios,,2019-09-10T10:34:06-07:00,11.884606447941444,-1.5001286935447506,4.6399079348092975
221,1568136847.0,-122.26166826203385,37.87485482187344,POINT (-122.26166826203385 37.87485482187344),ios,,2019-09-10T10:34:07-07:00,10.384477754396693,3.139779241264547,-4.438179570272064
222,1568136848.0,-122.26155155450903,37.87487014917393,POINT (-122.26155155450903 37.87487014917393),ios,,2019-09-10T10:34:08-07:00,13.52425699566124,-1.2984003290075172,0.201182431957589
223,1568136849.0,-122.2613995600646,37.874890110736196,POINT (-122.2613995600646 37.874890110736196),ios,,2019-09-10T10:34:09-07:00,12.225856666653723,-1.0972178970499282,1.4024452704443693
224,1568136850.0,-122.26126215785769,37.87490815588724,POINT (-122.26126215785769 37.87490815588724),ios,,2019-09-10T10:34:10-07:00,11.128638769603795,0.30522737339444106,0.18595283222435555
225,1568136851.0,-122.26113708687765,37.87492458156756,POINT (-122.26113708687765 37.87492458156756),ios,,2019-09-10T10:34:11-07:00,11.433866142998236,0.4911802056187966,-2.698556571282415
226,1568136852.0,-122.26100858552289,37.87494145776198,POINT (-122.26100858552289 37.87494145776198),ios,,2019-09-10T10:34:12-07:00,11.925046348617032,-2.2073763656636185,3.666995969668724
227,1568136853.0,-122.260875,37.8749219,POINT (-122.260875 37.8749219),android,,2019-09-10T10:34:13-07:00,9.717669982953414,1.4596196040051055,-7.313299618189666
228,1568136854.0,-122.2607664,37.8749389,POINT (-122.2607664 37.8749389),android,,2019-09-10T10:34:14-07:00,11.17728958695852,-5.853680014184561,2.5324062486390018
229,1568136855.0,-122.2606414,37.8749581,POINT (-122.2606414 37.8749581),android,,2019-09-10T10:34:15-07:00,5.323609572773958,-3.321273765545559,17.36938560886895
230,1568136856.0,-122.26059895391484,37.874992298940946,POINT (-122.26059895391484 37.874992298940946),ios,,2019-09-10T10:34:16-07:00,2.002335807228399,14.04811184332339,-28.478383120566143
231,1568136857.0,-122.2605764072876,37.87499504239241,POINT (-122.2605764072876 37.87499504239241),ios,,2019-09-10T10:34:17-07:00,16.05044765055179,-14.430271277242753,20.319348933697484
232,1568136858.0,-122.26040530922546,37.87504598593116,POINT (-122.26040530922546 37.87504598593116),ios,,2019-09-10T10:34:18-07:00,1.620176373309036,5.88907765645473,-7.596699178346365
233,1568136859.0,-122.26038712457375,37.87504848844613,POINT (-122.26038712457375 37.87504848844613),ios,,2019-09-10T10:34:19-07:00,7.509254029763766,-1.7076215218916353,-2.511189465679177
234,1568136860.0,-122.26030284166231,37.87506008719719,POINT (-122.26030284166231 37.87506008719719),ios,,2019-09-10T10:34:20-07:00,5.801632507872131,-4.218810987570812,5.02175632941065
235,1568136861.0,-122.26023772486866,37.875069048366974,POINT (-122.26023772486866 37.875069048366974),ios,,2019-09-10T10:34:21-07:00,1.5828215203013187,0.8029453418398378,-0.6521228506553702
236,1568136862.0,-122.26021995947764,37.875071493184606,POINT (-122.26021995947764 37.875071493184606),ios,,2019-09-10T10:34:22-07:00,2.3857668621411565,0.15082249118446756,-2.2462182417911833
237,1568136863.0,-122.26019318192732,37.875075178227455,POINT (-122.26019318192732 37.875075178227455),ios,,2019-09-10T10:34:23-07:00,2.536589353325624,-2.095395750606716,2.095395746781425
238,1568136864.0,-122.26016471156271,37.875079096230124,POINT (-122.26016471156271 37.875079096230124),ios,,2019-09-10T10:34:24-07:00,0.4411936027189082,-3.825290528780556e-09,9.57381451893724e-10
239,1568136865.0,-122.26015975966023,37.875079777695476,POINT (-122.26015975966023 37.875079777695476),ios,,2019-09-10T10:34:25-07:00,0.44119359889361764,-2.867909076886832e-09,-4.3655783332929854e-05
240,1568136866.0,-122.26015480775774,37.875080459160834,POINT (-122.26015480775774 37.875080459160834),ios,,2019-09-10T10:34:26-07:00,0.44119359602570857,-4.365865124200674e-05,-0.33100240309488244
241,1568136867.0,-122.26014985585525,37.875081140626186,POINT (-122.26014985585525 37.875081140626186),ios,,2019-09-10T10:34:27-07:00,0.44114993737446656,-0.33104606174612444,0.5623009230295855
242,1568136868.0,-122.26014490444273,37.875081822024114,POINT (-122.26014490444273 37.875081822024114),ios,,2019-09-10T10:34:28-07:00,0.11010387562834212,0.23125486128346104,0.09591581730933835
260,1568136886.0,-122.26012265682687,37.875084867988186,POINT (-122.26012265682687 37.875084867988186),ios,,2019-09-10T10:34:46-07:00,4.272691378730641,1.9577395728515512,-3.872178775967921
261,1568136887.0,-122.26007468800037,37.875091409983554,POINT (-122.26007468800037 37.875091409983554),ios,,2019-09-10T10:34:47-07:00,6.230430951582192,-1.9144392031163697,4.10342057271318
262,1568136888.0,-122.26000473993568,37.87510094951055,POINT (-122.26000473993568 37.87510094951055),ios,,2019-09-10T10:34:48-07:00,4.315991748465822,2.18898136959681,-1.6903752732349933
263,1568136889.0,-122.25995628497253,37.87510755780531,POINT (-122.25995628497253 37.87510755780531),ios,,2019-09-10T10:34:49-07:00,6.504973118062632,0.49860609636181685,2.204208068030277
264,1568136890.0,-122.25988325465053,37.875117517690995,POINT (-122.25988325465053 37.875117517690995),ios,,2019-09-10T10:34:50-07:00,7.003579214424449,2.7028141643920938,-3.3058391911685456
265,1568136891.0,-122.25980462654468,37.87512824100324,POINT (-122.25980462654468 37.87512824100324),ios,,2019-09-10T10:34:51-07:00,9.706393378816543,-0.6030250267764519,-0.7030071658113499
266,1568136892.0,-122.25969565434184,37.87514310264773,POINT (-122.25969565434184 37.87514310264773),ios,,2019-09-10T10:34:52-07:00,9.103368352040091,-1.3060321925878018,1.9366180503328234
267,1568136893.0,-122.2595934521899,37.87515704099173,POINT (-122.2595934521899 37.87515704099173),ios,,2019-09-10T10:34:53-07:00,7.797336159452289,0.6305858577450216,-5.328945792862765
268,1568136894.0,-122.2595059126507,37.87516897964652,POINT (-122.2595059126507 37.87516897964652),ios,,2019-09-10T10:34:54-07:00,8.42792201719731,-4.698359935117743,12.275624920197483
269,1568136895.0,-122.25941129360189,37.87518188380584,POINT (-122.25941129360189 37.87518188380584),ios,,2019-09-10T10:34:55-07:00,3.7295620820795676,7.57726498507974,-11.16639067741256
270,1568136896.0,-122.2593694223483,37.875187594213344,POINT (-122.2593694223483 37.875187594213344),ios,,2019-09-10T10:34:56-07:00,11.306827067159308,-3.5891256923328196,-1.7262517997539994
271,1568136897.0,-122.25924224794755,37.875203799661094,POINT (-122.25924224794755 37.875203799661094),ios,,2019-09-10T10:34:57-07:00,7.717701374826488,-5.315377492086819,10.218575634205726
272,1568136898.0,-122.2591584,37.8752247,POINT (-122.2591584 37.8752247),android,,2019-09-10T10:34:58-07:00,2.4023238827396685,4.903198142118907,-5.549360217641475
273,1568136899.0,-122.25913247757697,37.87521776660606,POINT (-122.25913247757697 37.87521776660606),ios,,2019-09-10T10:34:59-07:00,7.3055220248585755,-0.6461620755225681,-1.1803254500242035
274,1568136900.0,-122.2590503050352,37.87522822206287,POINT (-122.2590503050352 37.87522822206287),ios,,2019-09-10T10:35:00-07:00,6.659359949336007,-1.8264875255467716,2.4284735997180693
275,1568136901.0,-122.25897540051722,37.875237752752035,POINT (-122.25897540051722 37.875237752752035),ios,,2019-09-10T10:35:01-07:00,4.832872423789236,0.6019860741712977,0.6129793541722393
276,1568136902.0,-122.25892104033522,37.875244669424234,POINT (-122.25892104033522 37.875244669424234),ios,,2019-09-10T10:35:02-07:00,5.434858497960533,1.214965428343537,-2.657084628275461
277,1568136903.0,-122.25885990469715,37.87525242652401,POINT (-122.25885990469715 37.87525242652401),ios,,2019-09-10T10:35:03-07:00,6.64982392630407,-1.4421191999319243,10.60843972746287
278,1568136904.0,-122.25878510182031,37.875261916124046,POINT (-122.25878510182031 37.875261916124046),ios,,2019-09-10T10:35:04-07:00,5.207704726372146,9.166320527530944,1.8250907686880389
279,1568136905.0,-122.25872654614301,37.87526946962647,POINT (-122.25872654614301 37.87526946962647),ios,,2019-09-10T10:35:05-07:00,14.37402525390309,10.991411296218983,-30.166641839358334
280,1568136906.0,-122.25856495453507,37.875290465858164,POINT (-122.25856495453507 37.875290465858164),ios,,2019-09-10T10:35:06-07:00,25.365436550122073,-19.17523054313935,18.6784233665443
281,1568136907.0,-122.25828570724042,37.87534920931577,POINT (-122.25828570724042 37.87534920931577),midpoint,"[<POINT (-122.258 37.875)>, <POINT (-122.258 37.875)>]",2019-09-10T10:35:07-07:00,6.190206006982725,-0.4968071765950475,0.8561439941436113
282,1568136908.0,-122.25821518387447,37.87534972204597,POINT (-122.25821518387447 37.87534972204597),midpoint,"[<POINT (-122.258 37.875)>, <POINT (-122.258 37.875)>]",2019-09-10T10:35:08-07:00,5.693398830387678,0.35933681754856384,-4.601637341335796
283,1568136909.0,-122.258150412227,37.87535248455272,POINT (-122.258150412227 37.87535248455272),midpoint,"[<POINT (-122.258 37.875)>, <POINT (-122.258 37.875)>]",2019-09-10T10:35:09-07:00,6.052735647936242,-4.242300523787232,3.3584560090232323
284,1568136910.0,-122.2580818304632,37.87535817890288,POINT (-122.2580818304632 37.87535817890288),midpoint,"[<POINT (-122.258 37.875)>, <POINT (-122.258 37.875)>]",2019-09-10T10:35:10-07:00,1.810435124149009,-0.8838445147640004,0.5340677287709346
285,1568136911.0,-122.25806128467686,37.87535961947388,POINT (-122.25806128467686 37.87535961947388),midpoint,"[<POINT (-122.258 37.875)>, <POINT (-122.258 37.875)>]",2019-09-10T10:35:11-07:00,0.9265906093850087,-0.34977678599306583,0.7148149105564855
286,1568136912.0,-122.25805095786214,37.87536134956211,POINT (-122.25805095786214 37.87536134956211),midpoint,"[<POINT (-122.258 37.875)>, <POINT (-122.258 37.875)>]",2019-09-10T10:35:12-07:00,0.5768138233919429,0.36503812456341966,-1.3068900725187822
287,1568136913.0,-122.2580444813587,37.87536222960917,POINT (-122.2580444813587 37.87536222960917),midpoint,"[<POINT (-122.258 37.875)>, <POINT (-122.258 37.875)>]",2019-09-10T10:35:13-07:00,0.9418519479553625,-0.9418519479553625,0.9418519479553625
288,1568136914.0,-122.25805507564218,37.87536088317114,POINT (-122.25805507564218 37.87536088317114),midpoint,"[<POINT (-122.258 37.875)>, <POINT (-122.258 37.875)>]",2019-09-10T10:35:14-07:00,0.0,0.0,0.0
