,ts,longitude,latitude,geometry,source,matching,fmt_time,speed,acceleration,jerk
0,1564075130.0,-122.26770367269988,37.87109709473908,POINT (-122.26770367269988 37.87109709473908),midpoint,"[<POINT (-122.268 37.871)>, <POINT (-122.268 37.871)>]",2019-07-25T10:18:50-07:00,0.7392159467795678,0.2732427650438818,-0.1730689494690727
1,1564075131.0,-122.26770333742375,37.87110373739734,POINT (-122.26770333742375 37.87110373739734),midpoint,"[<POINT (-122.268 37.871)>, <POINT (-122.268 37.871)>]",2019-07-25T10:18:51-07:00,1.0124587118234496,0.10017381557480909,0.7568861317055211
2,1564075132.0,-122.26770430134262,37.871112810807524,POINT (-122.26770430134262 37.871112810807524),midpoint,"[<POINT (-122.268 37.871)>, <POINT (-122.268 37.871)>]",2019-07-25T10:18:52-07:00,1.1126325273982587,0.8570599472803302,0.03598931030780084
3,1564075133.0,-122.2677037146094,37.871122806227056,POINT (-122.2677037146094 37.871122806227056),midpoint,"[<POINT (-122.268 37.871)>, <POINT (-122.268 37.871)>]",2019-07-25T10:18:53-07:00,1.9696924746785889,0.893049257588131,-1.3270514935350655
4,1564075134.0,-122.26769689194796,37.87113968149684,POINT (-122.26769689194796 37.87113968149684),midpoint,"[<POINT (-122.268 37.871)>, <POINT (-122.268 37.871)>]",2019-07-25T10:18:54-07:00,2.86274173226672,-0.43400223594693443,4.551949624191859
5,1564075135.0,-122.26768386652526,37.871163284354765,POINT (-122.26768386652526 37.871163284354765),midpoint,"[<POINT (-122.268 37.871)>, <POINT (-122.268 37.871)>]",2019-07-25T10:18:55-07:00,2.4287394963197855,4.117947388244924,-8.255489950958047
6,1564075136.0,-122.26766953753628,37.871181969574636,POINT (-122.26766953753628 37.871181969574636),midpoint,"[<POINT (-122.268 37.871)>, <POINT (-122.268 37.871)>]",2019-07-25T10:18:56-07:00,6.54668688456471,-4.137542562713122,4.195597364167657
7,1564075137.0,-122.2676539701617,37.87123954858433,POINT (-122.2676539701617 37.87123954858433),ios,,2019-07-25T10:18:57-07:00,2.409144321851588,0.058054801454534566,1.1187526164519217
8,1564075138.0,-122.26763293158474,37.87125346254359,POINT (-122.26763293158474 37.87125346254359),ios,,2019-07-25T10:18:58-07:00,2.4671991233061226,1.1768074179064563,0.1355739262313378
9,1564075139.0,-122.26760669622782,37.871261425351605,POINT (-122.26760669622782 37.871261425351605),ios,,2019-07-25T10:18:59-07:00,3.644006541212579,1.312381344137794,-0.4543314827438598
10,1564075140.0,-122.26756612781647,37.87126838233124,POINT (-122.26756612781647 37.87126838233124),ios,,2019-07-25T10:19:00-07:00,4.956387885350373,0.8580498613939342,-0.8192058292576236
11,1564075141.0,-122.26751030434134,37.871275087853775,POINT (-122.26751030434134 37.871275087853775),ios,,2019-07-25T10:19:01-07:00,5.814437746744307,0.0388440321363106,-0.346218078856948
12,1564075142.0,-122.26744567986789,37.87128657106112,POINT (-122.26744567986789 37.87128657106112),ios,,2019-07-25T10:19:02-07:00,5.853281778880618,-0.3073740467206374,0.4484761049689583
13,1564075143.0,-122.2673828155941,37.871304131148264,POINT (-122.2673828155941 37.871304131148264),ios,,2019-07-25T10:19:03-07:00,5.54590773215998,0.1411020582483209,12.419149833861546
14,1564075144.0,-122.26732447754803,37.87132328379701,POINT (-122.26732447754803 37.87132328379701),ios,,2019-07-25T10:19:04-07:00,5.687009790408301,12.560251892109868,-28.92916182640971
15,1564075145.0,-122.26727460522416,37.871355931309864,POINT (-122.26727460522416 37.871355931309864),ios,,2019-07-25T10:19:05-07:00,18.247261682518168,-16.368909934299843,19.896207121327254
16,1564075146.0,-122.2671102,37.8712555,POINT (-122.2671102 37.8712555),android,,2019-07-25T10:19:06-07:00,1.878351748218326,3.527297187027411,-3.7252302968098743
18,1564075148.0,-122.2670898,37.8712852,POINT (-122.2670898 37.8712852),android,,2019-07-25T10:19:08-07:00,8.932946122273147,-3.9231634065923373,9.089922658012107
19,1564075149.0,-122.267,37.871323,POINT (-122.267 37.871323),android,,2019-07-25T10:19:09-07:00,5.00978271568081,5.166759251419769,-11.723802877354744
20,1564075150.0,-122.266943,37.8713207,POINT (-122.266943 37.8713207),android,,2019-07-25T10:19:10-07:00,10.17654196710058,-6.557043625934975,6.382873550390615
21,1564075151.0,-122.2668276,37.8713119,POINT (-122.2668276 37.8713119),android,,2019-07-25T10:19:11-07:00,3.6194983411656043,-0.17417007554436026,3.9927758180104274
22,1564075152.0,-122.2667879,37.8713207,POINT (-122.2667879 37.8713207),android,,2019-07-25T10:19:12-07:00,3.445328265621244,3.818605742466067,-9.026595206352873
23,1564075153.0,-122.2667489,37.8713172,POINT (-122.2667489 37.8713172),android,,2019-07-25T10:19:13-07:00,7.263934008087311,-5.207989463886806,8.977278089057211
24,1564075154.0,-122.2666698,37.871298,POINT (-122.2666698 37.871298),android,,2019-07-25T10:19:14-07:00,2.0559445442005053,3.7692886251704056,-3.772691606781021
25,1564075155.0,-122.2666522,37.8713102,POINT (-122.2666522 37.8713102),android,,2019-07-25T10:19:15-07:00,5.825233169370911,-0.003402981610615363,-1.53063408776858
26,1564075156.0,-122.2665876,37.8713222,POINT (-122.2665876 37.8713222),android,,2019-07-25T10:19:16-07:00,5.821830187760296,-1.5340370693791954,-0.057279476086046
27,1564075157.0,-122.2665231,37.8713344,POINT (-122.2665231 37.8713344),android,,2019-07-25T10:19:17-07:00,4.2877931183811,-1.5913165454652414,1.3240312133630696
28,1564075158.0,-122.2664881,37.8713613,POINT (-122.2664881 37.8713613),android,,2019-07-25T10:19:18-07:00,2.696476572915859,-0.26728533210217176,1.814248239508176
29,1564075159.0,-122.2664617,37.8713737,POINT (-122.2664617 37.8713737),android,,2019-07-25T10:19:19-07:00,2.429191240813687,1.5469629074060043,-3.48450869448065
30,1564075160.0,-122.2664354,37.8713805,POINT (-122.2664354 37.8713805),android,,2019-07-25T10:19:20-07:00,3.9761541482196914,-1.9375457870746455,1.3992003087500635
31,1564075161.0,-122.2663904,37.8713846,POINT (-122.2663904 37.8713846),android,,2019-07-25T10:19:21-07:00,2.038608361145046,-0.538345478324582,0.2349943146774638
32,1564075162.0,-122.2663673,37.8713865,POINT (-122.2663673 37.8713865),android,,2019-07-25T10:19:22-07:00,1.5002628828204638,-0.3033511636471182,0.2563083897221541
33,1564075163.0,-122.2663509,37.8713827,POINT (-122.2663509 37.8713827),android,,2019-07-25T10:19:23-07:00,1.1969117191733456,-0.04704277392496414,0.0821532777553382
34,1564075164.0,-122.2663377,37.87138,POINT (-122.2663377 37.87138),android,,2019-07-25T10:19:24-07:00,1.1498689452483815,0.03511050383037406,-0.9937157674196744
35,1564075165.0,-122.2663246,37.87138,POINT (-122.2663246 37.87138),android,,2019-07-25T10:19:25-07:00,1.1849794490787555,-0.9586052635893003,1.7265014273052808
36,1564075166.0,-122.2663111,37.87138,POINT (-122.2663111 37.87138),android,,2019-07-25T10:19:26-07:00,0.22637418548945515,0.7678961637159805,-1.18160632904427
37,1564075167.0,-122.2663086,37.8713795,POINT (-122.2663086 37.8713795),android,,2019-07-25T10:19:27-07:00,0.9942703492054356,-0.41371016532828964,0.35635306789754184
38,1564075168.0,-122.2662986,37.8713837,POINT (-122.2662986 37.8713837),android,,2019-07-25T10:19:28-07:00,0.5805601838771459,-0.057357097430747794,-0.11193499023664422
39,1564075169.0,-122.2662931,37.8713866,POINT (-122.2662931 37.8713866),android,,2019-07-25T10:19:29-07:00,0.5232030864463981,-0.169292087667392,-0.13928309134748773
40,1564075170.0,-122.2662879,37.8713889,POINT (-122.2662879 37.8713889),android,,2019-07-25T10:19:30-07:00,0.3539109987790061,-0.30857517901487974,0.4761444684184214
41,1564075171.0,-122.2662839,37.8713893,POINT (-122.2662839 37.8713893),android,,2019-07-25T10:19:31-07:00,0.04533581976412639,0.16756928940354165,-0.3471159205830554
42,1564075172.0,-122.2662838,37.8713889,POINT (-122.2662838 37.8713889),android,,2019-07-25T10:19:32-07:00,0.21290510916766803,-0.17954663117951372,0.24862034925547136
43,1564075173.0,-122.2662841,37.8713908,POINT (-122.2662841 37.8713908),android,,2019-07-25T10:19:33-07:00,0.033358477988154306,0.06907371807595764,-0.07070705575599759
45,1564075175.0,-122.2662841,37.8713914,POINT (-122.2662841 37.8713914),android,,2019-07-25T10:19:35-07:00,0.17150591414006958,-0.07234039343603756,0.010870692022684342
46,1564075176.0,-122.2662823,37.8713908,POINT (-122.2662823 37.8713908),android,,2019-07-25T10:19:36-07:00,0.09916552070403202,-0.061469701413353214,0.044554398669093886
47,1564075177.0,-122.2662816,37.8713901,POINT (-122.2662816 37.8713901),android,,2019-07-25T10:19:37-07:00,0.037695819290678806,-0.01691530274425933,0.032963987805729275
48,1564075178.0,-122.2662814,37.8713898,POINT (-122.2662814 37.8713898),android,,2019-07-25T10:19:38-07:00,0.020780516546419475,0.016048685061469944,-0.028969327912704335
49,1564075179.0,-122.2662812,37.8713899,POINT (-122.2662812 37.8713899),android,,2019-07-25T10:19:39-07:00,0.03682920160788942,-0.012920642851234392,0.003178586824421169
50,1564075180.0,-122.2662808,37.87139,POINT (-122.2662808 37.87139),android,,2019-07-25T10:19:40-07:00,0.023908558756655027,-0.009742056026813222,-0.004424446703028582
51,1564075181.0,-122.2662807,37.8713902,POINT (-122.2662807 37.8713902),android,,2019-07-25T10:19:41-07:00,0.014166502729841804,-0.014166502729841804,0.022944127772148343
52,1564075182.0,-122.2662806,37.8713903,POINT (-122.2662806 37.8713903),android,,2019-07-25T10:19:42-07:00,0.0,0.00877762504230654,0.02494425889993703
53,1564075183.0,-122.2662806,37.8713903,POINT (-122.2662806 37.8713903),android,,2019-07-25T10:19:43-07:00,0.00877762504230654,0.03372188394224357,-0.06868222906643856
54,1564075184.0,-122.2662805,37.8713903,POINT (-122.2662805 37.8713903),android,,2019-07-25T10:19:44-07:00,0.042499508984550106,-0.03496034512419499,0.040818352691874504
55,1564075185.0,-122.2662802,37.87139,POINT (-122.2662802 37.87139),android,,2019-07-25T10:19:45-07:00,0.007539163860355118,0.005858007567679511,-0.004767859850971644
60,1564075190.0,-122.26628,37.8713897,POINT (-122.26628 37.8713897),android,,2019-07-25T10:19:50-07:00,0.03682920169875267,-0.01798129168717871,0.03612069696339813
61,1564075191.0,-122.2662796,37.8713898,POINT (-122.2662796 37.8713898),android,,2019-07-25T10:19:51-07:00,0.018847910011573963,0.018139405276219427,0.05648617449630389
63,1564075193.0,-122.2662794,37.8713895,POINT (-122.2662794 37.8713895),android,,2019-07-25T10:19:53-07:00,0.05512672056401281,0.1311117542688272,-0.15007289356598214
64,1564075194.0,-122.2662789,37.8713898,POINT (-122.2662789 37.8713898),android,,2019-07-25T10:19:54-07:00,0.18623847483284003,-0.018961139297154928,-0.0010512631607280665
65,1564075195.0,-122.2662773,37.8713909,POINT (-122.2662773 37.8713909),android,,2019-07-25T10:19:55-07:00,0.1672773355356851,-0.020012402457882994,-0.022421712815300893
66,1564075196.0,-122.266276,37.871392,POINT (-122.266276 37.871392),android,,2019-07-25T10:19:56-07:00,0.1472649330778021,-0.04243411527318389,0.0065378352899729125
67,1564075197.0,-122.2662749,37.871393,POINT (-122.2662749 37.871393),android,,2019-07-25T10:19:57-07:00,0.10483081780461823,-0.035896279983210974,0.015392464379253692
68,1564075198.0,-122.2662741,37.8713937,POINT (-122.2662741 37.8713937),android,,2019-07-25T10:19:58-07:00,0.06893453782140725,-0.02050381560395728,0.00040609899160861176
69,1564075199.0,-122.2662735,37.8713941,POINT (-122.2662735 37.8713941),android,,2019-07-25T10:19:59-07:00,0.04843072221744997,-0.02009771661234867,0.020097715962670005
70,1564075200.0,-122.2662731,37.8713944,POINT (-122.2662731 37.8713944),android,,2019-07-25T10:20:00-07:00,0.0283330056051013,-6.496786650322939e-10,-0.007552488343033001
71,1564075201.0,-122.2662729,37.8713946,POINT (-122.2662729 37.8713946),android,,2019-07-25T10:20:01-07:00,0.028333004955422635,-0.007552488992711666,-0.013228026969999303
72,1564075202.0,-122.2662727,37.8713948,POINT (-122.2662727 37.8713948),android,,2019-07-25T10:20:02-07:00,0.02078051596271097,-0.02078051596271097,0.03494701834560361
73,1564075203.0,-122.2662725,37.8713949,POINT (-122.2662725 37.8713949),android,,2019-07-25T10:20:03-07:00,0.0,0.014166502382892644,-0.028333004765785288
74,1564075204.0,-122.2662725,37.8713949,POINT (-122.2662725 37.8713949),android,,2019-07-25T10:20:04-07:00,0.014166502382892644,-0.014166502382892644,0.014166502382892644
75,1564075205.0,-122.2662724,37.871395,POINT (-122.2662724 37.871395),android,,2019-07-25T10:20:05-07:00,0.0,0.0,0.008777624482353509
76,1564075206.0,-122.2662724,37.871395,POINT (-122.2662724 37.871395),android,,2019-07-25T10:20:06-07:00,0.0,0.008777624482353509,-0.017555248964707018
77,1564075207.0,-122.2662724,37.871395,POINT (-122.2662724 37.871395),android,,2019-07-25T10:20:07-07:00,0.008777624482353509,-0.008777624482353509,0.008777624482353509
78,1564075208.0,-122.2662723,37.871395,POINT (-122.2662723 37.871395),android,,2019-07-25T10:20:08-07:00,0.0,0.0,0.0
79,1564075209.0,-122.2662723,37.871395,POINT (-122.2662723 37.871395),android,,2019-07-25T10:20:09-07:00,0.0,0.0,0.0
80,1564075210.0,-122.2662723,37.871395,POINT (-122.2662723 37.871395),android,,2019-07-25T10:20:10-07:00,0.0,0.0,0.007351592180910487
81,1564075211.0,-122.2662723,37.871395,POINT (-122.2662723 37.871395),android,,2019-07-25T10:20:11-07:00,0.0,0.007351592180910487,0.0012746855927352637
95,1564075225.0,-122.2662723,37.871395,POINT (-122.2662723 37.871395),android,,2019-07-25T10:20:25-07:00,0.10292229053274682,0.02519719047920418,-0.0007211415429035686
130,1564075260.0,-122.26627749402286,37.871427135577306,POINT (-122.26627749402286 37.871427135577306),ios,,2019-07-25T10:21:00-07:00,0.9848239573048931,-4.2763522420719013e-05,0.8970954508199307
131,1564075261.0,-122.26627116554869,37.871434448946495,POINT (-122.26627116554869 37.871434448946495),ios,,2019-07-25T10:21:01-07:00,0.9847811937824724,0.89705268729751,-1.409446156444063
132,1564075262.0,-122.2662648373491,37.87144176199834,POINT (-122.2662648373491 37.87144176199834),ios,,2019-07-25T10:21:02-07:00,1.8818338810799824,-0.512393469146553,0.6238083106930055
133,1564075263.0,-122.26625637162688,37.871457310428724,POINT (-122.26625637162688 37.871457310428724),ios,,2019-07-25T10:21:03-07:00,1.3694404119334294,0.11141484154645243,-0.45189759823545805
134,1564075264.0,-122.26624409490982,37.87146491030118,POINT (-122.26624409490982 37.87146491030118),ios,,2019-07-25T10:21:04-07:00,1.4808552534798818,-0.34048275668900563,-0.29695508716468266
135,1564075265.0,-122.26623307330952,37.87147499315424,POINT (-122.26623307330952 37.87147499315424),ios,,2019-07-25T10:21:05-07:00,1.1403724967908762,-0.6374378438536883,0.6370551756366507
136,1564075266.0,-122.26622133920955,37.87147939526686,POINT (-122.26622133920955 37.87147939526686),ios,,2019-07-25T10:21:06-07:00,0.5029346529371879,-0.000382668217037585,0.0003826583492446689
137,1564075267.0,-122.26621614001024,37.87148129608645,POINT (-122.26621614001024 37.87148129608645),ios,,2019-07-25T10:21:07-07:00,0.5025519847201503,-9.86779291611839e-09,1.1806527628784602
138,1564075268.0,-122.26621094474886,37.87148319542933,POINT (-122.26621094474886 37.87148319542933),ios,,2019-07-25T10:21:08-07:00,0.5025519748523574,1.1806527530106674,-1.3658877645145715
139,1564075269.0,-122.26620574948747,37.8714850947722,POINT (-122.26620574948747 37.8714850947722),ios,,2019-07-25T10:21:09-07:00,1.6832047278630247,-0.1852350115039041,1.211732057728615
140,1564075270.0,-122.26619912487601,37.87149930022816,POINT (-122.26619912487601 37.87149930022816),ios,,2019-07-25T10:21:10-07:00,1.4979697163591206,1.026497046224711,-1.9382097738048802
141,1564075271.0,-122.26618789407489,37.87150944352147,POINT (-122.26618789407489 37.87150944352147),ios,,2019-07-25T10:21:11-07:00,2.5244667625838315,-0.9117127275801693,1.4317394564529198
142,1564075272.0,-122.26616585208552,37.871524027061454,POINT (-122.26616585208552 37.871524027061454),ios,,2019-07-25T10:21:12-07:00,1.6127540350036622,0.5200267288727505,-0.9293566712860042
143,1564075273.0,-122.26614958927367,37.87153077652651,POINT (-122.26614958927367 37.87153077652651),ios,,2019-07-25T10:21:13-07:00,2.1327807638764127,-0.4093299424132537,0.463643794045824
144,1564075274.0,-122.2661263725371,37.87153643456428,POINT (-122.2661263725371 37.87153643456428),ios,,2019-07-25T10:21:14-07:00,1.723450821463159,0.0543138516325703,0.7654068566519969
145,1564075275.0,-122.26610692561236,37.871538572615165,POINT (-122.26610692561236 37.871538572615165),ios,,2019-07-25T10:21:15-07:00,1.7777646730957293,0.8197207082845672,-1.0905883375276546
146,1564075276.0,-122.26609376471305,37.87155072488534,POINT (-122.26609376471305 37.87155072488534),ios,,2019-07-25T10:21:16-07:00,2.5974853813802965,-0.2708676292430874,0.1526723924176343
147,1564075277.0,-122.26608622009306,37.87157331267306,POINT (-122.26608622009306 37.87157331267306),ios,,2019-07-25T10:21:17-07:00,2.326617752137209,-0.11819523682545308,0.1388202514870036
148,1564075278.0,-122.26608705707052,37.87159422601527,POINT (-122.26608705707052 37.87159422601527),ios,,2019-07-25T10:21:18-07:00,2.208422515311756,0.020625014661550534,1.088099112349775
149,1564075279.0,-122.26609133142148,37.871613798125445,POINT (-122.26609133142148 37.871613798125445),ios,,2019-07-25T10:21:19-07:00,2.2290475299733066,1.1087241270113255,-1.5903621830128962
150,1564075280.0,-122.26609728241804,37.87163328623727,POINT (-122.26609728241804 37.87163328623727),ios,,2019-07-25T10:21:20-07:00,3.337771656984632,-0.4816380560015707,0.6345849242185904
151,1564075281.0,-122.26610558031051,37.87166258013664,POINT (-122.26610558031051 37.87166258013664),ios,,2019-07-25T10:21:21-07:00,2.8561336009830613,0.15294686821701964,-0.17664334205902987
152,1564075282.0,-122.26611270510335,37.87168764265438,POINT (-122.26611270510335 37.87168764265438),ios,,2019-07-25T10:21:22-07:00,3.009080469200081,-0.023696473842010235,-0.5751126310438242
153,1564075283.0,-122.26611798592462,37.87171438096401,POINT (-122.26611798592462 37.87171438096401),ios,,2019-07-25T10:21:23-07:00,2.9853839953580708,-0.5988091048858344,14.237893323452482
154,1564075284.0,-122.26612946867112,37.87173965276457,POINT (-122.26612946867112 37.87173965276457),ios,,2019-07-25T10:21:24-07:00,2.3865748904722364,13.639084218566648,-21.513228885496318
155,1564075285.0,-122.266125278987,37.87176085940397,POINT (-122.266125278987 37.87176085940397),ios,,2019-07-25T10:21:25-07:00,16.025659109038884,-7.874144666929668,3.370121099922887
156,1564075286.0,-122.2659996,37.8718654,POINT (-122.2659996 37.8718654),android,,2019-07-25T10:21:26-07:00,8.151514442109216,-4.504023567006781,3.7401427533569755
157,1564075287.0,-122.266001,37.8719387,POINT (-122.266001 37.8719387),android,,2019-07-25T10:21:27-07:00,3.6474908751024344,-0.7638808136498056,0.9523984515963405
158,1564075288.0,-122.2659601,37.8719445,POINT (-122.2659601 37.8719445),android,,2019-07-25T10:21:28-07:00,2.8836100614526288,0.1885176379465349,0.006317062608106952
164,1564075294.0,-122.26615687803378,37.87195356002315,POINT (-122.26615687803378 37.87195356002315),ios,,2019-07-25T10:21:34-07:00,4.014715889131838,0.2264200135951766,5.060495361364036
165,1564075295.0,-122.26617154634363,37.871987758184396,POINT (-122.26617154634363 37.871987758184396),ios,,2019-07-25T10:21:35-07:00,4.241135902727015,5.286915374959213,-5.37085698277474
166,1564075296.0,-122.26618386785893,37.87202463863044,POINT (-122.26618386785893 37.87202463863044),ios,,2019-07-25T10:21:36-07:00,9.528051277686227,-0.08394160781552706,-5.555880249159111
167,1564075297.0,-122.2661171,37.8720922,POINT (-122.2661171 37.8720922),android,,2019-07-25T10:21:37-07:00,9.4441096698707,-5.639821856974638,7.351894093416505
168,1564075298.0,-122.26610658877796,37.872176726647965,POINT (-122.26610658877796 37.872176726647965),ios,,2019-07-25T10:21:38-07:00,3.804287812896062,1.712072236441867,-5.10867658807434
169,1564075299.0,-122.26612511073614,37.87220765792133,POINT (-122.26612511073614 37.87220765792133),ios,,2019-07-25T10:21:39-07:00,5.516360049337929,-3.396604351632473,9.053232281333967
170,1564075300.0,-122.26612938573268,37.87225715283085,POINT (-122.26612938573268 37.87225715283085),ios,,2019-07-25T10:21:40-07:00,2.119755697705456,5.656627929701495,-0.4759494933958628
171,1564075301.0,-122.26613290615454,37.87227601261417,POINT (-122.26613290615454 37.87227601261417),ios,,2019-07-25T10:21:41-07:00,7.77638362740695,5.180678436305632,-13.372807476135156
172,1564075302.0,-122.26613550455836,37.872345917226795,POINT (-122.26613550455836 37.872345917226795),ios,,2019-07-25T10:21:42-07:00,12.957062063712582,-8.192129039829524,7.273900659415255
173,1564075303.0,-122.2661315,37.8724624,POINT (-122.2661315 37.8724624),android,,2019-07-25T10:21:43-07:00,4.764933023883057,-0.918228380414269,-0.19872207775255957
174,1564075304.0,-122.2661134,37.8725028,POINT (-122.2661134 37.8725028),android,,2019-07-25T10:21:44-07:00,3.8467046434687884,-1.1169504581668286,12.335609630997165
175,1564075305.0,-122.2661035,37.8725365,POINT (-122.2661035 37.8725365),android,,2019-07-25T10:21:45-07:00,2.72975418530196,11.218659172830337,-23.340021162212878
176,1564075306.0,-122.2660897,37.8725585,POINT (-122.2660897 37.8725585),android,,2019-07-25T10:21:46-07:00,13.948413358132298,-12.121361989382539,13.509117390351326
177,1564075307.0,-122.26603796542518,37.872677107406425,POINT (-122.26603796542518 37.872677107406425),ios,,2019-07-25T10:21:47-07:00,1.8270513687497587,1.3877554009687874,-2.641752338666302
179,1564075309.0,-122.26604157186001,37.8727098459994,POINT (-122.26604157186001 37.8727098459994),ios,,2019-07-25T10:21:49-07:00,4.602562170687333,-3.8957492763638166,4.619127088841463
180,1564075310.0,-122.26604611438167,37.87275108222644,POINT (-122.26604611438167 37.87275108222644),ios,,2019-07-25T10:21:50-07:00,0.7068128943235169,0.723377812477646,-1.4047791907535516
182,1564075312.0,-122.26604750956665,37.872763747475055,POINT (-122.26604750956665 37.872763747475055),ios,,2019-07-25T10:21:52-07:00,2.1535685192788088,-2.0861805690294575,2.2993343992467428
183,1564075313.0,-122.26604963504184,37.87278304217168,POINT (-122.26604963504184 37.87278304217168),ios,,2019-07-25T10:21:53-07:00,0.06738795024935136,0.2131538302172853,0.07349596575936079
196,1564075326.0,-122.2660504996572,37.87279089100055,POINT (-122.2660504996572 37.87279089100055),ios,,2019-07-25T10:22:06-07:00,2.83838774307406,1.1686013850889756,-3.4373757767740454
197,1564075327.0,-122.26605330101809,37.87281632127133,POINT (-122.26605330101809 37.87281632127133),ios,,2019-07-25T10:22:07-07:00,4.006989128163036,-2.26877439168507,5.016682341317777
198,1564075328.0,-122.26605725573599,37.872852221517554,POINT (-122.26605725573599 37.872852221517554),ios,,2019-07-25T10:22:08-07:00,1.738214736477966,2.747907949632707,-2.2998847403897322
200,1564075330.0,-122.26606068681538,37.87288336826403,POINT (-122.26606068681538 37.87288336826403),ios,,2019-07-25T10:22:10-07:00,7.2340306357433795,-1.851861531146758,3.7649466127128317
201,1564075331.0,-122.26606782787995,37.87294818079265,POINT (-122.26606782787995 37.87294818079265),ios,,2019-07-25T10:22:11-07:00,5.382169104596621,1.9130850815660736,6.087989388019732
202,1564075332.0,-122.2660732662202,37.87299639305763,POINT (-122.2660732662202 37.87299639305763),ios,,2019-07-25T10:22:12-07:00,7.295254186162695,8.001074469585806,-19.852493442517247
203,1564075333.0,-122.26608063761158,37.873061742310554,POINT (-122.26608063761158 37.873061742310554),ios,,2019-07-25T10:22:13-07:00,15.2963286557485,-11.851418972931441,16.387113497633695
204,1564075334.0,-122.2661006,37.8731984,POINT (-122.2661006 37.8731984),android,,2019-07-25T10:22:14-07:00,3.444909682817059,4.535694524702254,-5.776143407023093
205,1564075335.0,-122.26610014314407,37.87322937871808,POINT (-122.26610014314407 37.87322937871808),ios,,2019-07-25T10:22:15-07:00,7.980604207519313,-1.2404488823208384,15.62644811014981
206,1564075336.0,-122.26610853940822,37.87330084333831,POINT (-122.26610853940822 37.87330084333831),ios,,2019-07-25T10:22:16-07:00,6.740155325198475,14.385999227828972,-34.853921350075055
207,1564075337.0,-122.26611563061631,37.873361200002016,POINT (-122.26611563061631 37.873361200002016),ios,,2019-07-25T10:22:17-07:00,21.126154553027447,-20.46792212224608,37.944069206475376
208,1564075338.0,-122.2661414,37.8735501,POINT (-122.2661414 37.8735501),android,,2019-07-25T10:22:18-07:00,0.658232430781367,17.4761470842293,-31.82421012695501
209,1564075339.0,-122.2661429,37.8735559,POINT (-122.2661429 37.8735559),android,,2019-07-25T10:22:19-07:00,18.134379515010668,-14.348063042725707,17.412771918404335
210,1564075340.0,-122.26615553141188,37.87371868130867,POINT (-122.26615553141188 37.87371868130867),ios,,2019-07-25T10:22:20-07:00,3.7863164722849607,3.0647088756786287,-8.02813117283878
211,1564075341.0,-122.26615925655712,37.873752605269104,POINT (-122.26615925655712 37.873752605269104),ios,,2019-07-25T10:22:21-07:00,6.851025347963589,-4.963422297160151,8.26161666193508
212,1564075342.0,-122.26616593040787,37.87381399238649,POINT (-122.26616593040787 37.87381399238649),ios,,2019-07-25T10:22:22-07:00,1.887603050803438,3.298194364774929,-5.747665320773924
213,1564075343.0,-122.2661678460113,37.87383090052858,POINT (-122.2661678460113 37.87383090052858),ios,,2019-07-25T10:22:23-07:00,5.185797415578367,-2.449470955998995,2.856854645711467
214,1564075344.0,-122.26617310873395,37.873877352138116,POINT (-122.26617310873395 37.873877352138116),ios,,2019-07-25T10:22:24-07:00,2.7363264595793724,0.4073836897124723,2.997854302431944
215,1564075345.0,-122.26617588565058,37.87390186269234,POINT (-122.26617588565058 37.87390186269234),ios,,2019-07-25T10:22:25-07:00,3.1437101492918447,3.4052379921444165,-4.946980358977932
216,1564075346.0,-122.26617907599403,37.87393002237264,POINT (-122.26617907599403 37.87393002237264),ios,,2019-07-25T10:22:26-07:00,6.548948141436261,-1.5417423668335148,7.122045431300679
217,1564075347.0,-122.26618663395875,37.8739886155322,POINT (-122.26618663395875 37.8739886155322),ios,,2019-07-25T10:22:27-07:00,5.007205774602746,5.580303064467164,-5.580802611545713
218,1564075348.0,-122.26619241440882,37.87403341464674,POINT (-122.26619241440882 37.87403341464674),ios,,2019-07-25T10:22:28-07:00,10.58750883906991,-0.0004995470785491563,-6.650233813067393
219,1564075349.0,-122.26610789311964,37.87410134668739,POINT (-122.26610789311964 37.87410134668739),ios,,2019-07-25T10:22:29-07:00,10.587009291991361,-6.650733360145942,9.320527472024594
220,1564075350.0,-122.26602337578012,37.87416927555357,POINT (-122.26602337578012 37.87416927555357),ios,,2019-07-25T10:22:30-07:00,3.9362759318454184,2.669794111878652,-5.033407414306819
221,1564075351.0,-122.26597903824106,37.87417459175401,POINT (-122.26597903824106 37.87417459175401),ios,,2019-07-25T10:22:31-07:00,6.6060700437240705,-2.363613302428166,7.665945047105536
222,1564075352.0,-122.26590465245835,37.874183636850674,POINT (-122.26590465245835 37.874183636850674),ios,,2019-07-25T10:22:32-07:00,4.242456741295904,5.30233174467737,-6.628036915193001
223,1564075353.0,-122.26585690587615,37.87418956937947,POINT (-122.26585690587615 37.87418956937947),ios,,2019-07-25T10:22:33-07:00,9.544788485973275,-1.325705170515631,5.1613593852831805
224,1564075354.0,-122.26574945418639,37.87420276427435,POINT (-122.26574945418639 37.87420276427435),ios,,2019-07-25T10:22:34-07:00,8.219083315457643,3.8356542147675494,-13.891794597002962
225,1564075355.0,-122.26565688242968,37.87421389913032,POINT (-122.26565688242968 37.87421389913032),ios,,2019-07-25T10:22:35-07:00,12.054737530225193,-10.056140382235412,12.712158586725458
226,1564075356.0,-122.26552101058735,37.87422970910267,POINT (-122.26552101058735 37.87422970910267),ios,,2019-07-25T10:22:36-07:00,1.9985971479897806,2.656018204490045,1.6482698883731923
228,1564075358.0,-122.26547595497289,37.87423493930885,POINT (-122.26547595497289 37.87423493930885),ios,,2019-07-25T10:22:38-07:00,7.31063355696987,5.9525579812364295,-12.674718750190852
229,1564075359.0,-122.26539355089267,37.874244505049646,POINT (-122.26539355089267 37.874244505049646),ios,,2019-07-25T10:22:39-07:00,13.2631915382063,-6.722160768954422,13.21581156187496
230,1564075360.0,-122.26524390722801,37.87426107128265,POINT (-122.26524390722801 37.87426107128265),ios,,2019-07-25T10:22:40-07:00,6.541030769251878,6.493650792920538,-10.011075572415155
231,1564075361.0,-122.26517039891061,37.87427074208619,POINT (-122.26517039891061 37.87427074208619),ios,,2019-07-25T10:22:41-07:00,13.034681562172416,-3.5174247794946165,1.1213453934867275
232,1564075362.0,-122.2650239426761,37.87429014565458,POINT (-122.2650239426761 37.87429014565458),ios,,2019-07-25T10:22:42-07:00,9.5172567826778,-2.396079386007889,3.707920672224825
233,1564075363.0,-122.26491731463719,37.87430568743142,POINT (-122.26491731463719 37.87430568743142),ios,,2019-07-25T10:22:43-07:00,7.121177396669911,1.3118412862169357,-9.324887407457547
234,1564075364.0,-122.26483782120002,37.8743184933266,POINT (-122.26483782120002 37.8743184933266),ios,,2019-07-25T10:22:44-07:00,8.433018682886846,-8.013046121240611,9.601449291503666
235,1564075365.0,-122.26474368371044,37.87433365828696,POINT (-122.26474368371044 37.87433365828696),ios,,2019-07-25T10:22:45-07:00,0.4199725616462347,1.5884031702630539,-0.6857169837322866
238,1564075368.0,-122.26472961929224,37.8743359239767,POINT (-122.26472961929224 37.8743359239767),ios,,2019-07-25T10:22:48-07:00,5.1851820724353965,-0.4687477809338061,2.6173689371414417
239,1564075369.0,-122.26467212416429,37.87434663651143,POINT (-122.26467212416429 37.87434663651143),ios,,2019-07-25T10:22:49-07:00,4.71643429150159,2.1486211562076356,-2.1489423732929165
240,1564075370.0,-122.26462030224855,37.874357852618516,POINT (-122.26462030224855 37.874357852618516),ios,,2019-07-25T10:22:50-07:00,6.865055447709226,-0.0003212170852808782,-2.4850914754050475
241,1564075371.0,-122.26455020613737,37.874385241990325,POINT (-122.26455020613737 37.874385241990325),ios,,2019-07-25T10:22:51-07:00,6.864734230623945,-2.4854126924903284,0.0834068405969659
242,1564075372.0,-122.26448011328507,37.874412630088756,POINT (-122.26448011328507 37.874412630088756),ios,,2019-07-25T10:22:52-07:00,4.379321538133617,-2.4020058518933625,2.3784346689417513
243,1564075373.0,-122.26443499678464,37.874429447413966,POINT (-122.26443499678464 37.874429447413966),ios,,2019-07-25T10:22:53-07:00,1.9773156862402543,-0.02357118295161098,0.023477391039451234
244,1564075374.0,-122.2644146261461,37.87443704063706,POINT (-122.2644146261461 37.87443704063706),ios,,2019-07-25T10:22:54-07:00,1.9537445032886434,-9.379191215974636e-05,16.931455739079976
245,1564075375.0,-122.26439449834017,37.87444454334349,POINT (-122.26439449834017 37.87444454334349),ios,,2019-07-25T10:22:55-07:00,1.9536507113764836,16.931361947167815,-34.0415203177293
246,1564075376.0,-122.26437437149882,37.87445204569038,POINT (-122.26437437149882 37.87445204569038),ios,,2019-07-25T10:22:56-07:00,18.885012658544298,-17.110158370561486,17.303062763042163
247,1564075377.0,-122.2642262,37.8743289,POINT (-122.2642262 37.8743289),android,,2019-07-25T10:22:57-07:00,1.7748542879828109,0.19290439248067814,-0.15809888616160173
248,1564075378.0,-122.2642065,37.8743325,POINT (-122.2642065 37.8743325),android,,2019-07-25T10:22:58-07:00,1.967758680463489,0.03480550631907642,-0.04610997382459203
249,1564075379.0,-122.2641867,37.8743408,POINT (-122.2641867 37.8743408),android,,2019-07-25T10:22:59-07:00,2.0025641867825654,-0.011304467505515614,0.3509261993748103
250,1564075380.0,-122.2641737,37.8743556,POINT (-122.2641737 37.8743556),android,,2019-07-25T10:23:00-07:00,1.9912597192770498,0.3396217318692947,-0.5150615264065879
251,1564075381.0,-122.2641557,37.8743665,POINT (-122.2641557 37.8743665),android,,2019-07-25T10:23:01-07:00,2.3308814511463445,-0.1754397945372932,-1.1389218801659955
252,1564075382.0,-122.2641325,37.8743767,POINT (-122.2641325 37.8743767),android,,2019-07-25T10:23:02-07:00,2.1554416566090513,-1.3143616747032887,1.2330747356075236
253,1564075383.0,-122.2641096,37.8743837,POINT (-122.2641096 37.8743837),android,,2019-07-25T10:23:03-07:00,0.8410799819057625,-0.08128693909576523,0.045217806557980134
254,1564075384.0,-122.2641023,37.8743886,POINT (-122.2641023 37.8743886),android,,2019-07-25T10:23:04-07:00,0.7597930428099973,-0.0360691325377851,1.4651026789119157
255,1564075385.0,-122.2640964,37.8743936,POINT (-122.2640964 37.8743936),android,,2019-07-25T10:23:05-07:00,0.7237239102722122,1.4290335463741306,-1.2017998329206503
256,1564075386.0,-122.2640979,37.8744,POINT (-122.2640979 37.8744),android,,2019-07-25T10:23:06-07:00,2.1527574566463428,0.2272337134534803,-0.6519638472866451
257,1564075387.0,-122.2640734,37.8744009,POINT (-122.2640734 37.8744009),android,,2019-07-25T10:23:07-07:00,2.379991170099823,-0.4247301338331648,0.22089861879899475
258,1564075388.0,-122.2640481,37.8744086,POINT (-122.2640481 37.8744086),android,,2019-07-25T10:23:08-07:00,1.9552610362666583,-0.20383151503417007,-0.3556985237151056
259,1564075389.0,-122.2640269,37.874414,POINT (-122.2640269 37.874414),android,,2019-07-25T10:23:09-07:00,1.7514295212324882,-0.5595300387492756,0.7524237606839952
260,1564075390.0,-122.2640076,37.874418,POINT (-122.2640076 37.874418),android,,2019-07-25T10:23:10-07:00,1.1918994824832125,0.19289372193471954,-1.4059395893621287
261,1564075391.0,-122.2639969,37.8744246,POINT (-122.2639969 37.8744246),android,,2019-07-25T10:23:11-07:00,1.384793204417932,-1.2130458674274092,1.3348139439540319
262,1564075392.0,-122.2639845,37.8744323,POINT (-122.2639845 37.8744323),android,,2019-07-25T10:23:12-07:00,0.17174733699052291,0.12176807652662272,0.0024416571006335656
317,1564075447.0,-122.2640185,37.8745129,POINT (-122.2640185 37.8745129),android,,2019-07-25T10:24:07-07:00,6.868991545954773,0.25605921706146884,-0.6933084307524267
318,1564075448.0,-122.2639409,37.8745209,POINT (-122.2639409 37.8745209),android,,2019-07-25T10:24:08-07:00,7.125050763016242,-0.4372492136909578,1.6022886296219347
319,1564075449.0,-122.2638608,37.8745313,POINT (-122.2638608 37.8745313),android,,2019-07-25T10:24:09-07:00,6.687801549325284,1.165039415930977,-0.8735567216229363
320,1564075450.0,-122.2637852,37.8745388,POINT (-122.2637852 37.8745388),android,,2019-07-25T10:24:10-07:00,7.852840965256261,0.29148269430804064,-0.516560555395678
321,1564075451.0,-122.2636961,37.8745452,POINT (-122.2636961 37.8745452),android,,2019-07-25T10:24:11-07:00,8.144323659564302,-0.2250778610876374,1.0692555059620172
322,1564075452.0,-122.2636037,37.8745519,POINT (-122.2636037 37.8745519),android,,2019-07-25T10:24:12-07:00,7.919245798476664,0.8441776448743799,-0.6368984617057123
323,1564075453.0,-122.2635159,37.8745683,POINT (-122.2635159 37.8745683),android,,2019-07-25T10:24:13-07:00,8.763423443351044,0.20727918316866756,0.8953064698528799
324,1564075454.0,-122.2634176,37.8745821,POINT (-122.2634176 37.8745821),android,,2019-07-25T10:24:14-07:00,8.970702626519712,1.1025856530215474,-2.18732141922394
325,1564075455.0,-122.2633162,37.8745922,POINT (-122.2633162 37.8745922),android,,2019-07-25T10:24:15-07:00,10.07328827954126,-1.0847357662023924,1.6556369702845206
326,1564075456.0,-122.2632038,37.8746105,POINT (-122.2632038 37.8746105),android,,2019-07-25T10:24:16-07:00,8.988552513338867,0.5709012040821282,-0.5827684685413086
327,1564075457.0,-122.2631031,37.8746252,POINT (-122.2631031 37.8746252),android,,2019-07-25T10:24:17-07:00,9.559453717420995,-0.011867264459180404,-0.7467091860578385
328,1564075458.0,-122.2629948,37.8746343,POINT (-122.2629948 37.8746343),android,,2019-07-25T10:24:18-07:00,9.547586452961815,-0.7585764505170189,2.9466448614770098
329,1564075459.0,-122.2628875,37.8746484,POINT (-122.2628875 37.8746484),android,,2019-07-25T10:24:19-07:00,8.789010002444796,2.188068410959991,-3.3184260814207
330,1564075460.0,-122.2627942,37.8746771,POINT (-122.2627942 37.8746771),android,,2019-07-25T10:24:20-07:00,10.977078413404787,-1.1303576704607092,0.9767640687962267
331,1564075461.0,-122.2626694,37.8746835,POINT (-122.2626694 37.8746835),android,,2019-07-25T10:24:21-07:00,9.846720742944077,-0.15359360166448255,-1.0854673840613565
332,1564075462.0,-122.2625581,37.8746946,POINT (-122.2625581 37.8746946),android,,2019-07-25T10:24:22-07:00,9.693127141279595,-1.239060985725839,2.16473540562297
333,1564075463.0,-122.2624489,37.8747076,POINT (-122.2624489 37.8747076),android,,2019-07-25T10:24:23-07:00,8.454066155553756,0.9256744198971312,-1.9905312744441712
334,1564075464.0,-122.2623532,37.8747162,POINT (-122.2623532 37.8747162),android,,2019-07-25T10:24:24-07:00,9.379740575450887,-1.06485685454704,2.633151392140137
335,1564075465.0,-122.2622483,37.8747323,POINT (-122.2622483 37.8747323),android,,2019-07-25T10:24:25-07:00,8.314883720903847,1.568294537593097,-1.5547313409117471
336,1564075466.0,-122.2621592,37.8747577,POINT (-122.2621592 37.8747577),android,,2019-07-25T10:24:26-07:00,9.883178258496944,0.013563196681349865,0.265286575639168
337,1564075467.0,-122.2620466,37.8747575,POINT (-122.2620466 37.8747575),android,,2019-07-25T10:24:27-07:00,9.896741455178294,0.2788497723205179,-1.9650503262626948
338,1564075468.0,-122.2619365,37.8747767,POINT (-122.2619365 37.8747767),android,,2019-07-25T10:24:28-07:00,10.175591227498812,-1.686200553942177,3.139227887609234
339,1564075469.0,-122.2618222,37.874792,POINT (-122.2618222 37.874792),android,,2019-07-25T10:24:29-07:00,8.489390673556635,1.4530273336670572,-3.0595358609481362
340,1564075470.0,-122.2617276,37.8748079,POINT (-122.2617276 37.8748079),android,,2019-07-25T10:24:30-07:00,9.942418007223692,-1.606508527281079,0.8988932537805301
341,1564075471.0,-122.2616149,37.8747989,POINT (-122.2616149 37.8747989),android,,2019-07-25T10:24:31-07:00,8.335909479942613,-0.707615273500549,1.5112966962938916
342,1564075472.0,-122.2615222,37.8748152,POINT (-122.2615222 37.8748152),android,,2019-07-25T10:24:32-07:00,7.628294206442064,0.8036814227933426,-1.3828305734148385
343,1564075473.0,-122.2614388,37.8748345,POINT (-122.2614388 37.8748345),android,,2019-07-25T10:24:33-07:00,8.431975629235406,-0.5791491506214959,0.7918927371126507
344,1564075474.0,-122.2613442,37.8748477,POINT (-122.2613442 37.8748477),android,,2019-07-25T10:24:34-07:00,7.852826478613911,0.21274358649115488,-1.537918279398406
345,1564075475.0,-122.2612573,37.8748645,POINT (-122.2612573 37.8748645),android,,2019-07-25T10:24:35-07:00,8.065570065105065,-1.3251746929072512,1.3335138120150338
346,1564075476.0,-122.2611677,37.8748806,POINT (-122.2611677 37.8748806),android,,2019-07-25T10:24:36-07:00,6.740395372197814,0.008339119107782622,-0.5180582832062619
347,1564075477.0,-122.2610924,37.8748925,POINT (-122.2610924 37.8748925),android,,2019-07-25T10:24:37-07:00,6.748734491305597,-0.5097191640984793,-0.6705521882593395
348,1564075478.0,-122.2610161,37.8749,POINT (-122.2610161 37.8749),android,,2019-07-25T10:24:38-07:00,6.239015327207118,-1.1802713523578188,1.1630957106826365
349,1564075479.0,-122.2609458,37.8749083,POINT (-122.2609458 37.8749083),android,,2019-07-25T10:24:39-07:00,5.058743974849299,-0.017175641675182263,-2.1017573726129037
350,1564075480.0,-122.2608913,37.8748935,POINT (-122.2608913 37.8748935),android,,2019-07-25T10:24:40-07:00,5.041568333174117,-2.118933014288086,0.6479903918199197
351,1564075481.0,-122.260838,37.8748766,POINT (-122.260838 37.8748766),android,,2019-07-25T10:24:41-07:00,2.9226353188860306,-1.4709426224681663,2.187220038056077
352,1564075482.0,-122.2608135,37.8748944,POINT (-122.2608135 37.8748944),android,,2019-07-25T10:24:42-07:00,1.4516926964178642,0.7162774155879106,-0.5430283101133444
353,1564075483.0,-122.260797,37.8748935,POINT (-122.260797 37.8748935),android,,2019-07-25T10:24:43-07:00,2.167970112005775,0.17324910547456618,-0.9753395053226848
354,1564075484.0,-122.2607723,37.8748935,POINT (-122.2607723 37.8748935),android,,2019-07-25T10:24:44-07:00,2.341219217480341,-0.8020903998481186,0.2724676278119593
355,1564075485.0,-122.2607458,37.8748959,POINT (-122.2607458 37.8748959),android,,2019-07-25T10:24:45-07:00,1.5391288176322224,-0.5296227720361593,-0.09207037097612503
356,1564075486.0,-122.2607294,37.8749008,POINT (-122.2607294 37.8749008),android,,2019-07-25T10:24:46-07:00,1.0095060455960632,-0.6216931430122843,0.3329576601304167
357,1564075487.0,-122.2607198,37.8748958,POINT (-122.2607198 37.8748958),android,,2019-07-25T10:24:47-07:00,0.3878129025837789,-0.28873548288186757,0.2835554755945906
358,1564075488.0,-122.2607157,37.8748945,POINT (-122.2607157 37.8748945),android,,2019-07-25T10:24:48-07:00,0.0990774197019113,-0.00518000728727698,-0.01762477321019923
359,1564075489.0,-122.2607146,37.8748943,POINT (-122.2607146 37.8748943),android,,2019-07-25T10:24:49-07:00,0.09389741241463433,-0.02280478049747621,0.05011045101503936
360,1564075490.0,-122.2607136,37.874894,POINT (-122.2607136 37.874894),android,,2019-07-25T10:24:50-07:00,0.07109263191715812,0.02730567051756315,-0.026540262614706225
361,1564075491.0,-122.2607128,37.8748939,POINT (-122.2607128 37.8748939),android,,2019-07-25T10:24:51-07:00,0.09839830243472127,0.0007654079028569238,0.06734451703077794
362,1564075492.0,-122.2607118,37.8748935,POINT (-122.2607118 37.8748935),android,,2019-07-25T10:24:52-07:00,0.09916371033757819,0.06810992493363487,-0.15560993343842772
363,1564075493.0,-122.2607111,37.8748942,POINT (-122.2607111 37.8748942),android,,2019-07-25T10:24:53-07:00,0.16727363527121306,-0.08750000850479286,40.038189405504646
364,1564075494.0,-122.2607098,37.8748931,POINT (-122.2607098 37.8748931),android,,2019-07-25T10:24:54-07:00,0.07977362676642019,39.950689396999856,-71.11382114192764
365,1564075495.0,-122.2607089,37.874893,POINT (-122.2607089 37.874893),android,,2019-07-25T10:24:55-07:00,40.03046302376627,-31.16313174492779,25.847764816729285
366,1564075496.0,-122.26035386743676,37.8751189739949,POINT (-122.26035386743676 37.8751189739949),ios,,2019-07-25T10:24:56-07:00,8.867331278838483,-5.315366928198504,5.31536688747809
367,1564075497.0,-122.26025369629845,37.8751293328885,POINT (-122.26025369629845 37.8751293328885),ios,,2019-07-25T10:24:57-07:00,3.5519643506399796,-4.07204132635286e-08,3.7015173148802205e-09
368,1564075498.0,-122.2602132406139,37.87513012658158,POINT (-122.2602132406139 37.87513012658158),ios,,2019-07-25T10:24:58-07:00,3.5519643099195664,-3.701889594864838e-08,3.9263259310473586e-11
369,1564075499.0,-122.26017278492937,37.87513092027467,POINT (-122.26017278492937 37.87513092027467),ios,,2019-07-25T10:24:59-07:00,3.5519642729006704,-3.6979632689337905e-08,-1.2861911535821946e-09
370,1564075500.0,-122.26013232924483,37.875131713967754,POINT (-122.26013232924483 37.875131713967754),ios,,2019-07-25T10:25:00-07:00,3.5519642359210377,-3.82658238429201e-08,-2.1293599570565385
371,1564075501.0,-122.26009187356027,37.875132507660844,POINT (-122.26009187356027 37.875132507660844),ios,,2019-07-25T10:25:01-07:00,3.551964197655214,-2.1293599953223623,0.7915907179897856
372,1564075502.0,-122.26005141787572,37.87513330135393,POINT (-122.26005141787572 37.87513330135393),ios,,2019-07-25T10:25:02-07:00,1.4226042023328513,-1.3377692773325767,1.5201536541643694
373,1564075503.0,-122.2600352148894,37.875133619237516,POINT (-122.2600352148894 37.875133619237516),ios,,2019-07-25T10:25:03-07:00,0.08483492500027458,0.18238437683179287,0.038508036174288045
427,1564075557.0,-122.25999736157694,37.87516198376191,POINT (-122.25999736157694 37.87516198376191),ios,,2019-07-25T10:25:57-07:00,9.93359127391709,2.261818330243347,1.1941938274754786
428,1564075558.0,-122.2599417,37.8750842,POINT (-122.2599417 37.8750842),android,,2019-07-25T10:25:58-07:00,12.195409604160437,3.456012157718826,-10.865768995233406
429,1564075559.0,-122.2599041124486,37.87518978655406,POINT (-122.2599041124486 37.87518978655406),ios,,2019-07-25T10:25:59-07:00,15.651421761879263,-7.40975683751458,7.535788255988084
430,1564075560.0,-122.2597698,37.8750972,POINT (-122.2597698 37.8750972),android,,2019-07-25T10:26:00-07:00,8.241664924364683,0.12603141847350408,-0.40841048783754985
431,1564075561.0,-122.2596782,37.8751135,POINT (-122.2596782 37.8751135),android,,2019-07-25T10:26:01-07:00,8.367696342838187,-0.2823790693640458,-2.642023917985078
432,1564075562.0,-122.2595832,37.8751198,POINT (-122.2595832 37.8751198),android,,2019-07-25T10:26:02-07:00,8.085317273474141,-2.924402987349124,6.31491224252804
433,1564075563.0,-122.2594954,37.8751418,POINT (-122.2594954 37.8751418),android,,2019-07-25T10:26:03-07:00,5.160914286125017,3.390509255178916,-4.128214500407606
434,1564075564.0,-122.2594386,37.8751538,POINT (-122.2594386 37.8751538),android,,2019-07-25T10:26:04-07:00,8.551423541303933,-0.7377052452286899,-2.1394309810030547
435,1564075565.0,-122.2593428,37.8751678,POINT (-122.2593428 37.8751678),android,,2019-07-25T10:26:05-07:00,7.813718296075243,-2.8771362262317446,6.7839494836967065
436,1564075566.0,-122.2592544,37.8751761,POINT (-122.2592544 37.8751761),android,,2019-07-25T10:26:06-07:00,4.936582069843499,3.906813257464962,-4.083992771616837
437,1564075567.0,-122.25921054382087,37.875203895417854,POINT (-122.25921054382087 37.875203895417854),ios,,2019-07-25T10:26:07-07:00,8.84339532730846,-0.1771795141518755,2.0815469913203053
438,1564075568.0,-122.25910979334475,37.875204607879624,POINT (-122.25910979334475 37.875204607879624),ios,,2019-07-25T10:26:08-07:00,8.666215813156585,1.9043674771684298,-4.689176373058962
439,1564075569.0,-122.25901754391171,37.8752323905175,POINT (-122.25901754391171 37.8752323905175),ios,,2019-07-25T10:26:09-07:00,10.570583290325015,-2.7848088958905324,3.1760301906811232
440,1564075570.0,-122.25889864451091,37.875247511935775,POINT (-122.25889864451091 37.875247511935775),ios,,2019-07-25T10:26:10-07:00,7.785774394434482,0.39122129479059087,0.9930911568246588
441,1564075571.0,-122.25881106350155,37.875258622588,POINT (-122.25881106350155 37.875258622588),ios,,2019-07-25T10:26:11-07:00,8.176995689225073,1.3843124516152496,-2.569976729462665
442,1564075572.0,-122.25871911122283,37.875270435674814,POINT (-122.25871911122283 37.875270435674814),ios,,2019-07-25T10:26:12-07:00,9.561308140840323,-1.1856642778474153,-2.2942693894993775
443,1564075573.0,-122.25861162378789,37.87528440193901,POINT (-122.25861162378789 37.87528440193901),ios,,2019-07-25T10:26:13-07:00,8.375643862992908,-3.479933667346793,3.8308238040221987
444,1564075574.0,-122.25851780225682,37.87527064973949,POINT (-122.25851780225682 37.87527064973949),midpoint,"[<POINT (-122.259 37.875)>, <POINT (-122.259 37.875)>]",2019-07-25T10:26:14-07:00,4.895710195646115,0.3508901366754058,-0.3239811865484663
445,1564075575.0,-122.25846288259447,37.87527834323933,POINT (-122.25846288259447 37.87527834323933),midpoint,"[<POINT (-122.258 37.875)>, <POINT (-122.258 37.875)>]",2019-07-25T10:26:15-07:00,5.2466003323215205,0.0269089501269395,0.7925880631939481
446,1564075576.0,-122.25840360476582,37.875284419749576,POINT (-122.25840360476582 37.875284419749576),midpoint,"[<POINT (-122.258 37.875)>, <POINT (-122.258 37.875)>]",2019-07-25T10:26:16-07:00,5.27350928244846,0.8194970133208876,-0.8901223542956966
447,1564075577.0,-122.25834596972012,37.87529781708488,POINT (-122.25834596972012 37.87529781708488),midpoint,"[<POINT (-122.258 37.875)>, <POINT (-122.258 37.875)>]",2019-07-25T10:26:17-07:00,6.093006295769348,-0.07062534097480899,-1.177320454455617
448,1564075578.0,-122.2582766033864,37.87529994896285,POINT (-122.2582766033864 37.87529994896285),midpoint,"[<POINT (-122.258 37.875)>, <POINT (-122.258 37.875)>]",2019-07-25T10:26:18-07:00,6.022380954794539,-1.247945795430426,1.4887419845458725
449,1564075579.0,-122.25820866982545,37.87530755896744,POINT (-122.25820866982545 37.87530755896744),midpoint,"[<POINT (-122.258 37.875)>, <POINT (-122.258 37.875)>]",2019-07-25T10:26:19-07:00,4.774435159364113,0.24079618911544642,-2.2555874306750554
450,1564075580.0,-122.25815607389225,37.87531851382417,POINT (-122.25815607389225 37.87531851382417),midpoint,"[<POINT (-122.258 37.875)>, <POINT (-122.258 37.875)>]",2019-07-25T10:26:20-07:00,5.015231348479559,-2.014791241559609,0.5050443050800022
451,1564075581.0,-122.2580990165508,37.875320933011935,POINT (-122.2580990165508 37.875320933011935),midpoint,"[<POINT (-122.258 37.875)>, <POINT (-122.258 37.875)>]",2019-07-25T10:26:21-07:00,3.00044010691995,-1.5097469364796068,0.3603392075039742
452,1564075582.0,-122.25806484533162,37.87532168935607,POINT (-122.25806484533162 37.87532168935607),midpoint,"[<POINT (-122.258 37.875)>, <POINT (-122.258 37.875)>]",2019-07-25T10:26:22-07:00,1.4906931704403432,-1.1494077289756326,0.9584931345017346
453,1564075583.0,-122.25804821865958,37.875324424046745,POINT (-122.25804821865958 37.875324424046745),midpoint,"[<POINT (-122.258 37.875)>, <POINT (-122.258 37.875)>]",2019-07-25T10:26:23-07:00,0.3412854414647106,-0.19091459447389802,0.6305440175315341
454,1564075584.0,-122.25805178047678,37.875325655184525,POINT (-122.25805178047678 37.875325655184525),midpoint,"[<POINT (-122.258 37.875)>, <POINT (-122.258 37.875)>]",2019-07-25T10:26:24-07:00,0.1503708469908126,0.4396294230576361,-1.0296296931060849
455,1564075585.0,-122.25805009247439,37.87532588629845,POINT (-122.25805009247439 37.87532588629845),midpoint,"[<POINT (-122.258 37.875)>, <POINT (-122.258 37.875)>]",2019-07-25T10:26:25-07:00,0.5900002700484487,-0.5900002700484487,0.5900002700484487
456,1564075586.0,-122.2580563331859,37.8753239146984,POINT (-122.2580563331859 37.8753239146984),midpoint,"[<POINT (-122.258 37.875)>, <POINT (-122.258 37.875)>]",2019-07-25T10:26:26-07:00,0.0,0.0,0.0
