,ts,longitude,latitude,geometry,source,matching,fmt_time,speed,acceleration,jerk
0,1568741652.0,-122.26772072572659,37.871100857200844,POINT (-122.26772072572659 37.871100857200844),midpoint,"[<POINT (-122.268 37.871)>, <POINT (-122.268 37.871)>]",2019-09-17T10:34:12-07:00,3.192023242710333,0.07066248139507181,0.535391039501651
3,1568741653.0,-122.2677132899513,37.87112895724125,POINT (-122.2677132899513 37.87112895724125),midpoint,"[<POINT (-122.268 37.871)>, <POINT (-122.268 37.871)>]",2019-09-17T10:34:13-07:00,3.262685724105405,0.6060535208967228,6.1673992251608
4,1568741654.0,-122.26770826146148,37.87115802954058,POINT (-122.26770826146148 37.87115802954058),midpoint,"[<POINT (-122.268 37.871)>, <POINT (-122.268 37.871)>]",2019-09-17T10:34:14-07:00,3.8687392450021276,6.773452746057523,-13.242236645156247
6,1568741655.0,-122.2676959450872,37.87119143590853,POINT (-122.2676959450872 37.87119143590853),midpoint,"[<POINT (-122.268 37.871)>, <POINT (-122.268 37.871)>]",2019-09-17T10:34:15-07:00,10.64219199105965,-6.468783899098723,7.0620799021377705
8,1568741656.0,-122.2676074505991,37.87125685721438,POINT (-122.2676074505991 37.87125685721438),ios,,2019-09-17T10:34:16-07:00,4.173408091960928,0.5932960030390477,0.5230732928949218
9,1568741657.0,-122.26757953886154,37.87128724161337,POINT (-122.26757953886154 37.87128724161337),ios,,2019-09-17T10:34:17-07:00,4.766704094999976,1.1163692959339695,2.3978752915329933
10,1568741658.0,-122.26753855135503,37.871315362898514,POINT (-122.26753855135503 37.871315362898514),ios,,2019-09-17T10:34:18-07:00,5.883073390933945,3.5142445874669628,-2.1938916242550013
11,1568741659.0,-122.26748096768024,37.87134243644576,POINT (-122.26748096768024 37.87134243644576),ios,,2019-09-17T10:34:19-07:00,9.397317978400908,1.3203529632119615,-1.7266328161815725
12,1568741660.0,-122.26738600071731,37.87138145420502,POINT (-122.26738600071731 37.87138145420502),ios,,2019-09-17T10:34:20-07:00,10.71767094161287,-0.406279852969611,4.251071097453851
13,1568741661.0,-122.26727150391999,37.87141493990819,POINT (-122.26727150391999 37.87141493990819),ios,,2019-09-17T10:34:21-07:00,10.311391088643258,3.84479124448424,-9.597134886760234
14,1568741662.0,-122.2671568394846,37.87143509838532,POINT (-122.2671568394846 37.87143509838532),ios,,2019-09-17T10:34:22-07:00,14.156182333127498,-5.752343642275994,7.041619208648699
15,1568741663.0,-122.26707685162837,37.87132455036835,POINT (-122.26707685162837 37.87132455036835),ios,,2019-09-17T10:34:23-07:00,8.403838690851504,1.2892755663727051,-1.2897696670437888
16,1568741664.0,-122.26698233870196,37.871336619215924,POINT (-122.26698233870196 37.871336619215924),ios,,2019-09-17T10:34:24-07:00,9.69311425722421,-0.0004941006710836859,1.4751429488043986
17,1568741665.0,-122.26687344351342,37.87135110118865,POINT (-122.26687344351342 37.87135110118865),ios,,2019-09-17T10:34:25-07:00,9.692620156553126,1.4746488481333149,-0.5248383853311172
18,1568741666.0,-122.26676455385493,37.87136558242594,POINT (-122.26676455385493 37.87136558242594),ios,,2019-09-17T10:34:26-07:00,11.16726900468644,0.9498104628021977,-3.8654324120731367
19,1568741667.0,-122.26663898461182,37.87138172878585,POINT (-122.26663898461182 37.87138172878585),ios,,2019-09-17T10:34:27-07:00,12.117079467488638,-2.915621949270939,-0.10217668274471325
20,1568741668.0,-122.26650275372783,37.87139933756971,POINT (-122.26650275372783 37.87139933756971),ios,,2019-09-17T10:34:28-07:00,9.2014575182177,-3.0177986320156522,2.225447041156033
21,1568741669.0,-122.26639930281364,37.87141270931579,POINT (-122.26639930281364 37.87141270931579),ios,,2019-09-17T10:34:29-07:00,6.183658886202047,-0.792351590859619,4.815056135429397
22,1568741670.0,-122.26632978064738,37.87142169553656,POINT (-122.26632978064738 37.87142169553656),ios,,2019-09-17T10:34:30-07:00,5.391307295342428,4.022704544569778,-8.190193069974466
23,1568741671.0,-122.26626916679227,37.87142953029652,POINT (-122.26626916679227 37.87142953029652),ios,,2019-09-17T10:34:31-07:00,9.414011839912206,-4.167488525404689,0.7155090155632431
24,1568741672.0,-122.2662241851187,37.87150638647179,POINT (-122.2662241851187 37.87150638647179),ios,,2019-09-17T10:34:32-07:00,5.246523314507517,-3.451979509841446,4.717549052570756
25,1568741673.0,-122.2662004,37.8714631,POINT (-122.2662004 37.8714631),android,,2019-09-17T10:34:33-07:00,1.7945438046660704,1.2655695427293094,-0.3099305033152213
26,1568741674.0,-122.2661805,37.8714594,POINT (-122.2661805 37.8714594),android,,2019-09-17T10:34:34-07:00,3.06011334739538,0.9556390394140881,7.558533202056768
27,1568741675.0,-122.2661571,37.871439,POINT (-122.2661571 37.871439),android,,2019-09-17T10:34:35-07:00,4.015752386809468,8.514172241470856,-17.42160154170396
28,1568741676.0,-122.2661197,37.8714182,POINT (-122.2661197 37.8714182),android,,2019-09-17T10:34:36-07:00,12.529924628280323,-8.907429300233105,8.971302819040735
29,1568741677.0,-122.26600650709332,37.871486856637404,POINT (-122.26600650709332 37.871486856637404),ios,,2019-09-17T10:34:37-07:00,3.6224953280472185,0.06387351880763026,-1.5998037453458784
30,1568741678.0,-122.26596526812972,37.87148559935193,POINT (-122.26596526812972 37.87148559935193),ios,,2019-09-17T10:34:38-07:00,3.686368846854849,-1.5359302265382482,0.5167163905701913
31,1568741679.0,-122.26592327479483,37.87148513834725,POINT (-122.26592327479483 37.87148513834725),ios,,2019-09-17T10:34:39-07:00,2.1504386203166006,-1.019213835968057,2.036488732783483
32,1568741680.0,-122.26589905109466,37.87148803010385,POINT (-122.26589905109466 37.87148803010385),ios,,2019-09-17T10:34:40-07:00,1.1312247843485437,1.0172748968154264,-1.2995667634887471
34,1568741682.0,-122.26588899281086,37.871506763657436,POINT (-122.26588899281086 37.871506763657436),ios,,2019-09-17T10:34:42-07:00,3.165774577979396,-1.5818586301620678,2.039850446954654
35,1568741683.0,-122.26590885792137,37.87153052635293,POINT (-122.26590885792137 37.87153052635293),ios,,2019-09-17T10:34:43-07:00,1.5839159478173284,0.45799181679258627,1.6159614346272257
36,1568741684.0,-122.26590651098849,37.87154464985977,POINT (-122.26590651098849 37.87154464985977),ios,,2019-09-17T10:34:44-07:00,2.0419077646099146,2.073953251419812,-2.4374991876188656
37,1568741685.0,-122.26591690454842,37.87156107838999,POINT (-122.26591690454842 37.87156107838999),ios,,2019-09-17T10:34:45-07:00,4.115861016029727,-0.3635459361990536,-0.014549480266509818
38,1568741686.0,-122.2659440619147,37.871591253241405,POINT (-122.2659440619147 37.871591253241405),ios,,2019-09-17T10:34:46-07:00,3.752315079830673,-0.37809541646556344,-0.3333141049240176
39,1568741687.0,-122.26594842050434,37.87162482276361,POINT (-122.26594842050434 37.87162482276361),ios,,2019-09-17T10:34:47-07:00,3.3742196633651096,-0.711409521389581,0.9707424471953847
40,1568741688.0,-122.26594791759015,37.87165516525309,POINT (-122.26594791759015 37.87165516525309),ios,,2019-09-17T10:34:48-07:00,2.6628101419755286,0.2593329258058037,1.609029695066794
41,1568741689.0,-122.26594163116278,37.87167859267245,POINT (-122.26594163116278 37.87167859267245),ios,,2019-09-17T10:34:49-07:00,2.9221430677813323,1.8683626208725976,0.3872453503259048
42,1568741690.0,-122.26592964504124,37.87170310973923,POINT (-122.26592964504124 37.87170310973923),ios,,2019-09-17T10:34:50-07:00,4.79050568865393,2.2556079711985024,5.1996493096302
43,1568741691.0,-122.26592428062321,37.87174598317395,POINT (-122.26592428062321 37.87174598317395),ios,,2019-09-17T10:34:51-07:00,7.046113659852432,7.455257280828702,10.00477917270896
44,1568741692.0,-122.26592436444224,37.87180935036193,POINT (-122.26592436444224 37.87180935036193),ios,,2019-09-17T10:34:52-07:00,14.501370940681134,17.46003645353766,-41.66675281688366
45,1568741693.0,-122.26596266973974,37.87193621046643,POINT (-122.26596266973974 37.87193621046643),ios,,2019-09-17T10:34:53-07:00,31.961407394218796,-24.206716363345997,26.66739758509446
46,1568741694.0,-122.26610105367168,37.87220207965612,POINT (-122.26610105367168 37.87220207965612),ios,,2019-09-17T10:34:54-07:00,7.754691030872798,2.4606812217484615,-1.9252727954149984
47,1568741695.0,-122.26611228302917,37.872271253629286,POINT (-122.26611228302917 37.872271253629286),ios,,2019-09-17T10:34:55-07:00,10.21537225262126,0.5354084263334631,-0.8703416850990919
48,1568741696.0,-122.26613918211709,37.87236063514605,POINT (-122.26613918211709 37.87236063514605),ios,,2019-09-17T10:34:56-07:00,10.750780678954722,-0.33493325876562885,-0.0438281269937022
49,1568741697.0,-122.2661392764083,37.87245731921085,POINT (-122.2661392764083 37.87245731921085),ios,,2019-09-17T10:34:57-07:00,10.415847420189094,-0.37876138575933105,-3.9817593311133184
50,1568741698.0,-122.2661387737011,37.87255099033659,POINT (-122.2661387737011 37.87255099033659),ios,,2019-09-17T10:34:58-07:00,10.037086034429763,-4.360520716872649,9.30941201081296
51,1568741699.0,-122.26613416499491,37.87264118267809,POINT (-122.26613416499491 37.87264118267809),ios,,2019-09-17T10:34:59-07:00,5.676565317557113,4.94889129394031,-14.37123678361961
52,1568741700.0,-122.26614547557955,37.87269144644961,POINT (-122.26614547557955 37.87269144644961),ios,,2019-09-17T10:35:00-07:00,10.625456611497423,-9.4223454896793,9.245321719604615
53,1568741701.0,-122.26604551245185,37.87274534067271,POINT (-122.26604551245185 37.87274534067271),ios,,2019-09-17T10:35:01-07:00,1.2031111218181227,-0.17702377007468573,0.17670290691563406
54,1568741702.0,-122.26604666954348,37.87275612188952,POINT (-122.26604666954348 37.87275612188952),ios,,2019-09-17T10:35:02-07:00,1.026087351743437,-0.0003208631590516653,-0.202744413756351
55,1568741703.0,-122.26604768224551,37.8727653150236,POINT (-122.26604768224551 37.8727653150236),ios,,2019-09-17T10:35:03-07:00,1.0257664885843853,-0.20306527691540266,0.7347078770546197
56,1568741704.0,-122.26604869463087,37.87277450528294,POINT (-122.26604869463087 37.87277450528294),ios,,2019-09-17T10:35:04-07:00,0.8227012116689827,0.531642600139217,-1.146799468532641
58,1568741706.0,-122.26605031856896,37.87278924711276,POINT (-122.26605031856896 37.87278924711276),ios,,2019-09-17T10:35:06-07:00,1.8859864119474168,-1.7619563369260651,1.873012800637836
59,1568741707.0,-122.26605217995262,37.87280614443246,POINT (-122.26605217995262 37.87280614443246),ios,,2019-09-17T10:35:07-07:00,0.12403007502135163,0.11105646371177089,-0.01904927239528818
79,1568741727.0,-122.26605462819465,37.87282836915073,POINT (-122.26605462819465 37.87282836915073),ios,,2019-09-17T10:35:27-07:00,2.3451593492567695,-0.2699289841939927,3.502173622302903
80,1568741728.0,-122.26605694276132,37.872849380387706,POINT (-122.26605694276132 37.872849380387706),ios,,2019-09-17T10:35:28-07:00,2.075230365062777,3.2322446381089103,-3.119378042168866
81,1568741729.0,-122.26605899092029,37.8728679732211,POINT (-122.26605899092029 37.8728679732211),ios,,2019-09-17T10:35:29-07:00,5.307475003171687,0.11286659594004433,4.618824552404947
82,1568741730.0,-122.2660642291592,37.872915525049784,POINT (-122.2660642291592 37.872915525049784),ios,,2019-09-17T10:35:30-07:00,5.420341599111731,4.731691148344991,-5.326240954200516
83,1568741731.0,-122.26606962188927,37.872964085126256,POINT (-122.26606962188927 37.872964085126256),ios,,2019-09-17T10:35:31-07:00,10.152032747456722,-0.5945498058555252,1.3938516586112204
84,1568741732.0,-122.26607987987248,37.873055024761555,POINT (-122.26607987987248 37.873055024761555),ios,,2019-09-17T10:35:32-07:00,9.557482941601197,0.7993018527556952,-3.0998781303564016
85,1568741733.0,-122.2660897157181,37.87314062588225,POINT (-122.2660897157181 37.87314062588225),ios,,2019-09-17T10:35:33-07:00,10.356784794356892,-2.3005762776007064,0.7814902631770977
86,1568741734.0,-122.26610061192017,37.8732333686957,POINT (-122.26610061192017 37.8732333686957),ios,,2019-09-17T10:35:34-07:00,8.056208516756186,-1.5190860144236087,8.799647342340823
87,1568741735.0,-122.26610908772642,37.87330551033654,POINT (-122.26610908772642 37.87330551033654),ios,,2019-09-17T10:35:35-07:00,6.537122502332577,7.280561327917214,-7.280605143899161
88,1568741736.0,-122.26611596532699,37.87336404888433,POINT (-122.26611596532699 37.87336404888433),ios,,2019-09-17T10:35:36-07:00,13.817683830249791,-4.381598194669323e-05,-7.900033646528579
89,1568741737.0,-122.26612967439269,37.87348784221437,POINT (-122.26612967439269 37.87348784221437),ios,,2019-09-17T10:35:37-07:00,13.817640014267845,-7.9000774625105255,27.239319625835073
90,1568741738.0,-122.26614338341247,37.87361163515361,POINT (-122.26614338341247 37.87361163515361),ios,,2019-09-17T10:35:38-07:00,5.917562551757319,19.33924216332455,-39.47253692646786
91,1568741739.0,-122.26614948718951,37.87366463451772,POINT (-122.26614948718951 37.87366463451772),ios,,2019-09-17T10:35:39-07:00,25.25680471508187,-20.13329476314331,20.824511509890243
92,1568741740.0,-122.26617464416724,37.87389090469511,POINT (-122.26617464416724 37.87389090469511),ios,,2019-09-17T10:35:40-07:00,5.123509951938558,0.6912167467469299,-3.5746850527816543
93,1568741741.0,-122.26617994701577,37.873936790999025,POINT (-122.26617994701577 37.873936790999025),ios,,2019-09-17T10:35:41-07:00,5.8147266986854875,-2.8834683060347244,1.5413337136403347
94,1568741742.0,-122.26618665968915,37.87398881494559,POINT (-122.26618665968915 37.87398881494559),ios,,2019-09-17T10:35:42-07:00,2.931258392650763,-1.3421345923943897,1.3421148874144964
95,1568741743.0,-122.26619004361096,37.87401504070627,POINT (-122.26619004361096 37.87401504070627),ios,,2019-09-17T10:35:43-07:00,1.5891238002563735,-1.970497989334241e-05,22.716922555198337
96,1568741744.0,-122.26619187813728,37.8740292584841,POINT (-122.26619187813728 37.8740292584841),ios,,2019-09-17T10:35:44-07:00,1.58910409527648,22.716902850218442,-38.45359376550586
97,1568741745.0,-122.26619371264086,37.87404347608566,POINT (-122.26619371264086 37.87404347608566),ios,,2019-09-17T10:35:45-07:00,24.30600694549492,-15.736690915287417,11.824089908542149
98,1568741746.0,-122.2661446,37.8742586,POINT (-122.2661446 37.8742586),android,,2019-09-17T10:35:46-07:00,8.569316030207505,-3.912601006745269,17.50673424778521
99,1568741747.0,-122.2661351,37.8743353,POINT (-122.2661351 37.8743353),android,,2019-09-17T10:35:47-07:00,4.656715023462236,13.594133241039941,-18.771657359904218
100,1568741748.0,-122.2661271,37.8743767,POINT (-122.2661271 37.8743767),android,,2019-09-17T10:35:48-07:00,18.250848264502178,-5.177524118864275,2.13834252606579
102,1568741750.0,-122.26579167891504,37.874182644335434,POINT (-122.26579167891504 37.874182644335434),ios,,2019-09-17T10:35:50-07:00,7.895800026773629,-0.9008390667326953,4.5679366949525795
103,1568741751.0,-122.26570291456045,37.874194169452295,POINT (-122.26570291456045 37.874194169452295),ios,,2019-09-17T10:35:51-07:00,6.994960960040934,3.667097628219884,-3.8337004691171055
104,1568741752.0,-122.26562378939451,37.87420167125563,POINT (-122.26562378939451 37.87420167125563),ios,,2019-09-17T10:35:52-07:00,10.662058588260818,-0.16660284089722133,0.14030723309725346
105,1568741753.0,-122.26551054988266,37.874236372334764,POINT (-122.26551054988266 37.874236372334764),ios,,2019-09-17T10:35:53-07:00,10.495455747363597,-0.02629560779996787,21.901349758343983
106,1568741754.0,-122.2653983161992,37.874268936028585,POINT (-122.2653983161992 37.874268936028585),ios,,2019-09-17T10:35:54-07:00,10.469160139563629,21.875054150544017,-46.12557509442576
107,1568741755.0,-122.26528490904929,37.87429810505162,POINT (-122.26528490904929 37.87429810505162),ios,,2019-09-17T10:35:55-07:00,32.344214290107644,-24.250520943881746,27.419301959093215
108,1568741756.0,-122.26503370341123,37.87451092157315,POINT (-122.26503370341123 37.87451092157315),ios,,2019-09-17T10:35:56-07:00,8.0936933462259,3.1687810152114686,-9.1820420574441
109,1568741757.0,-122.26494175393344,37.874516411719725,POINT (-122.26494175393344 37.874516411719725),ios,,2019-09-17T10:35:57-07:00,11.262474361437368,-6.013261042232632,8.776254951838844
110,1568741758.0,-122.264845445866,37.8744494822229,POINT (-122.264845445866 37.8744494822229),ios,,2019-09-17T10:35:58-07:00,5.2492133192047365,2.7629939096062124,-1.4523451657645932
111,1568741761.0,-122.2647057,37.8745383,POINT (-122.2647057 37.8745383),android,,2019-09-17T10:36:01-07:00,13.538195048023374,-1.5940415876875669,1.9662563159121547
112,1568741762.0,-122.2645595,37.8744995,POINT (-122.2645595 37.8744995),android,,2019-09-17T10:36:02-07:00,11.944153460335807,0.3722147282245878,-2.55556475362558
113,1568741763.0,-122.2644235,37.8744958,POINT (-122.2644235 37.8744958),android,,2019-09-17T10:36:03-07:00,12.316368188560395,-2.1833500254009923,2.3906337584026236
114,1568741764.0,-122.264286,37.8745179,POINT (-122.264286 37.8745179),android,,2019-09-17T10:36:04-07:00,10.133018163159402,0.20728373300163128,0.10419325397534962
115,1568741765.0,-122.2641732,37.8745373,POINT (-122.2641732 37.8745373),android,,2019-09-17T10:36:05-07:00,10.340301896161034,0.3114769869769809,0.2381495623115768
116,1568741766.0,-122.2640634,37.874571,POINT (-122.2640634 37.874571),android,,2019-09-17T10:36:06-07:00,10.651778883138014,0.5496265492885577,-0.7938881751236213
117,1568741767.0,-122.263952,37.874609,POINT (-122.263952 37.874609),android,,2019-09-17T10:36:07-07:00,11.201405432426572,-0.2442616258350636,-1.1904363477012225
118,1568741768.0,-122.2638493,37.8746688,POINT (-122.2638493 37.8746688),android,,2019-09-17T10:36:08-07:00,10.957143806591509,-1.4346979735362861,-1.5871007945375215
119,1568741769.0,-122.2637376,37.8747128,POINT (-122.2637376 37.8747128),android,,2019-09-17T10:36:09-07:00,9.522445833055222,-3.0217987680738077,-2.225420618677745
120,1568741770.0,-122.2636514,37.8747648,POINT (-122.2636514 37.8747648),android,,2019-09-17T10:36:10-07:00,6.500647064981415,-5.247219386751553,5.521700060364128
121,1568741771.0,-122.263596,37.8748036,POINT (-122.263596 37.8748036),android,,2019-09-17T10:36:11-07:00,1.2534276782298615,0.27448067361257494,-0.019605797275587505
135,1568741785.0,-122.26354780462799,37.8746504412456,POINT (-122.26354780462799 37.8746504412456),ios,,2019-09-17T10:36:25-07:00,5.096157108805911,-4.882456501320576e-07,-1.2316601072370759e-09
136,1568741786.0,-122.26349047616122,37.87465769881794,POINT (-122.26349047616122 37.87465769881794),ios,,2019-09-17T10:36:26-07:00,5.096156620560261,-4.894773102392946e-07,-1.106543301432339e-09
137,1568741787.0,-122.26343314769444,37.87466495639028,POINT (-122.26343314769444 37.87466495639028),ios,,2019-09-17T10:36:27-07:00,5.09615613108295,-4.90583853540727e-07,2.2128512355834573e-09
138,1568741788.0,-122.26337581922766,37.874672213962626,POINT (-122.26337581922766 37.874672213962626),ios,,2019-09-17T10:36:28-07:00,5.096155640499097,-4.883710023051435e-07,-2.3381234726116418e-09
139,1568741789.0,-122.2633184907609,37.874679471534975,POINT (-122.2633184907609 37.874679471534975),ios,,2019-09-17T10:36:29-07:00,5.096155152128095,-4.907091257777552e-07,2.463082182657672e-09
140,1568741790.0,-122.26326116229411,37.87468672910732,POINT (-122.26326116229411 37.87468672910732),ios,,2019-09-17T10:36:30-07:00,5.096154661418969,-4.882460435950975e-07,-1.2316592190586562e-09
141,1568741791.0,-122.26320383382735,37.87469398667966,POINT (-122.26320383382735 37.87469398667966),ios,,2019-09-17T10:36:31-07:00,5.096154173172925,-4.894777028141561e-07,-1.2316574427018168e-09
142,1568741792.0,-122.26314650536057,37.874701244252,POINT (-122.26314650536057 37.874701244252),ios,,2019-09-17T10:36:32-07:00,5.096153683695222,-4.90709360256858e-07,3.6946614656585552e-09
143,1568741793.0,-122.26308917689379,37.874708501824344,POINT (-122.26308917689379 37.874708501824344),ios,,2019-09-17T10:36:33-07:00,5.096153192985862,-4.870146987911994e-07,-3.6948204495956816e-09
144,1568741794.0,-122.26303184842702,37.874715759396686,POINT (-122.26303184842702 37.874715759396686),ios,,2019-09-17T10:36:34-07:00,5.096152705971163,-4.907095192407951e-07,1.231502899656789e-09
145,1568741795.0,-122.26297451996022,37.87472301696903,POINT (-122.26297451996022 37.87472301696903),ios,,2019-09-17T10:36:35-07:00,5.096152215261644,-4.894780163411383e-07,-1.2316583308802365e-09
146,1568741796.0,-122.26291719149344,37.87473027454137,POINT (-122.26291719149344 37.87473027454137),ios,,2019-09-17T10:36:36-07:00,5.096151725783628,-4.907096746720185e-07,2.5881945475703105e-09
147,1568741797.0,-122.26285986302666,37.87473753211371,POINT (-122.26285986302666 37.87473753211371),ios,,2019-09-17T10:36:37-07:00,5.096151235073953,-4.881214801244482e-07,-2.7134650082416556e-09
148,1568741798.0,-122.2628025345599,37.874744789686055,POINT (-122.2628025345599 37.874744789686055),ios,,2019-09-17T10:36:38-07:00,5.096150746952473,-4.908349451326899e-07,2.588193659391891e-09
149,1568741799.0,-122.26274520609311,37.874752047258404,POINT (-122.26274520609311 37.874752047258404),ios,,2019-09-17T10:36:39-07:00,5.096150256117528,-4.88246751473298e-07,-1.2316583308802365e-09
150,1568741800.0,-122.26268787762635,37.87475930483075,POINT (-122.26268787762635 37.87475930483075),ios,,2019-09-17T10:36:40-07:00,5.096149767870776,-4.894784098041782e-07,-1.231656554523397e-09
151,1568741801.0,-122.26263054915957,37.87476656240309,POINT (-122.26263054915957 37.87476656240309),ios,,2019-09-17T10:36:41-07:00,5.0961492783923665,-4.907100663587016e-07,2.4630786299439933e-09
152,1568741802.0,-122.26257322069279,37.87477381997543,POINT (-122.26257322069279 37.87477381997543),ios,,2019-09-17T10:36:42-07:00,5.0961487876823,-4.882469877287576e-07,-2.4632349493458605e-09
153,1568741803.0,-122.26251589222602,37.87478107754777,POINT (-122.26251589222602 37.87478107754777),ios,,2019-09-17T10:36:43-07:00,5.0961482994353124,-4.907102226781035e-07,2.4630786299439933e-09
154,1568741804.0,-122.26245856375924,37.874788335120115,POINT (-122.26245856375924 37.874788335120115),ios,,2019-09-17T10:36:44-07:00,5.09614780872509,-4.882471440481595e-07,-1.2316574427018168e-09
155,1568741805.0,-122.26240123529247,37.87479559269246,POINT (-122.26240123529247 37.87479559269246),ios,,2019-09-17T10:36:45-07:00,5.096147320477946,-4.894788014908613e-07,-1.231656554523397e-09
156,1568741806.0,-122.26234390682569,37.8748028502648,POINT (-122.26234390682569 37.8748028502648),ios,,2019-09-17T10:36:46-07:00,5.096146830999144,-4.907104580453847e-07,2.463076853587154e-09
157,1568741807.0,-122.26228657835891,37.87481010783714,POINT (-122.26228657835891 37.87481010783714),ios,,2019-09-17T10:36:47-07:00,5.096146340288686,-4.882473811917976e-07,-2.3381190317195433e-09
158,1568741808.0,-122.26222924989214,37.874817365409484,POINT (-122.26222924989214 37.874817365409484),ios,,2019-09-17T10:36:48-07:00,5.096145852041305,-4.905855002235171e-07,2.212846794691359e-09
159,1568741809.0,-122.26217192142536,37.874824622981826,POINT (-122.26217192142536 37.874824622981826),ios,,2019-09-17T10:36:49-07:00,5.096145361455805,-4.883726534288257e-07,-1.1065397487186601e-09
160,1568741810.0,-122.2621145929586,37.874831880554176,POINT (-122.2621145929586 37.874831880554176),ios,,2019-09-17T10:36:50-07:00,5.096144873083151,-4.894791931775444e-07,30.588651399355967
161,1568741811.0,-122.26205726449182,37.87483913812652,POINT (-122.26205726449182 37.87483913812652),ios,,2019-09-17T10:36:51-07:00,5.096144383603958,30.588650909876776,-54.13935492413916
162,1568741812.0,-122.26199993602503,37.87484639569886,POINT (-122.26199993602503 37.87484639569886),ios,,2019-09-17T10:36:52-07:00,35.68479529348073,-23.550704014262386,25.027173223714975
163,1568741813.0,-122.2615975,37.874892,POINT (-122.2615975 37.874892),android,,2019-09-17T10:36:53-07:00,12.134091279218348,1.4764692094525902,-4.475239165700517
164,1568741814.0,-122.2614595,37.8748855,POINT (-122.2614595 37.8748855),android,,2019-09-17T10:36:54-07:00,13.610560488670938,-2.9987699562479264,4.078749829821305
165,1568741815.0,-122.2613045,37.8748819,POINT (-122.2613045 37.8748819),android,,2019-09-17T10:36:55-07:00,10.611790532423012,1.0799798735733788,-1.464731932773871
166,1568741816.0,-122.2611836,37.8748814,POINT (-122.2611836 37.8748814),android,,2019-09-17T10:36:56-07:00,11.69177040599639,-0.38475205920049227,3.0823513839733625
167,1568741817.0,-122.2610504,37.8748804,POINT (-122.2610504 37.8748804),android,,2019-09-17T10:36:57-07:00,11.307018346795898,2.6975993247728702,-0.11764651822858063
168,1568741818.0,-122.2609216,37.8748823,POINT (-122.2609216 37.8748823),android,,2019-09-17T10:36:58-07:00,14.004617671568768,2.5799528065442896,-17.42483498159576
169,1568741819.0,-122.2607768,37.8748294,POINT (-122.2607768 37.8748294),android,,2019-09-17T10:36:59-07:00,16.584570478113058,-14.844882175051472,14.965108620277919
170,1568741820.0,-122.2605998,37.8747772,POINT (-122.2605998 37.8747772),android,,2019-09-17T10:37:00-07:00,1.7396883030615862,0.12022644522644578,0.008486592297378625
184,1568741834.0,-122.2603345,37.8748414,POINT (-122.2603345 37.8748414),android,,2019-09-17T10:37:14-07:00,3.422858536231827,0.23903873738974651,-0.034148460805685746
191,1568741841.0,-122.26033741048853,37.875056865296806,POINT (-122.26033741048853 37.875056865296806),ios,,2019-09-17T10:37:21-07:00,5.096129697960053,-4.882500537206624e-07,-3.2827635678908216
192,1568741842.0,-122.26028008202177,37.87506412286915,POINT (-122.26028008202177 37.87506412286915),ios,,2019-09-17T10:37:22-07:00,5.096129209709999,-3.2827640561408753,4.736242985960862
193,1568741843.0,-122.26022275355498,37.87507138044149,POINT (-122.26022275355498 37.87507138044149),ios,,2019-09-17T10:37:23-07:00,1.813365153569124,1.4534789298199866,-1.7520559921069199
194,1568741844.0,-122.2602023875686,37.87507412183762,POINT (-122.2602023875686 37.87507412183762),ios,,2019-09-17T10:37:24-07:00,3.2668440833891106,-0.29857706228693326,0.2985768718555284
195,1568741845.0,-122.26016577358214,37.875079400695164,POINT (-122.26016577358214 37.875079400695164),ios,,2019-09-17T10:37:25-07:00,2.9682670211021773,-1.9043140486729726e-07,3.5373934892390935e-09
196,1568741846.0,-122.26013251296652,37.87508422721599,POINT (-122.26013251296652 37.87508422721599),ios,,2019-09-17T10:37:26-07:00,2.9682668306707725,-1.8689401137805817e-07,-1.428754892174311e-10
197,1568741847.0,-122.26009925235093,37.87508905373683,POINT (-122.26009925235093 37.87508905373683),ios,,2019-09-17T10:37:27-07:00,2.968266643776761,-1.870368868672756e-07,-9.410667800580086e-10
198,1568741848.0,-122.26006599173532,37.875093880257666,POINT (-122.26006599173532 37.875093880257666),ios,,2019-09-17T10:37:28-07:00,2.968266456739874,-1.879779536473336e-07,1.1412420945487458
199,1568741849.0,-122.2600327311197,37.875098706778495,POINT (-122.2600327311197 37.875098706778495),ios,,2019-09-17T10:37:29-07:00,2.9682662687619206,1.1412419065707922,-1.4620353134492063
200,1568741850.0,-122.25999947050407,37.87510353329933,POINT (-122.25999947050407 37.87510353329933),ios,,2019-09-17T10:37:30-07:00,4.109508175332713,-0.3207934068784142,0.3207931071685608
201,1568741851.0,-122.25995339356584,37.875110093089205,POINT (-122.25995339356584 37.875110093089205),ios,,2019-09-17T10:37:31-07:00,3.7887147684542986,-2.997098533796816e-07,-1.0875949030264564e-09
202,1568741852.0,-122.25991091126542,37.875116131253314,POINT (-122.25991091126542 37.875116131253314),ios,,2019-09-17T10:37:32-07:00,3.788714468744445,-3.0079744828270805e-07,10.648007729120152
203,1568741853.0,-122.25986842896499,37.875122169417416,POINT (-122.25986842896499 37.875122169417416),ios,,2019-09-17T10:37:33-07:00,3.788714167946997,10.648007428322703,-14.609567471405008
204,1568741854.0,-122.25982594666456,37.87512820758152,POINT (-122.25982594666456 37.87512820758152),ios,,2019-09-17T10:37:34-07:00,14.4367215962697,-3.9615600430823044,4.3265204474691075
205,1568741855.0,-122.2596638,37.87515,POINT (-122.2596638 37.87515),android,,2019-09-17T10:37:35-07:00,10.475161553187396,0.3649604043868031,-0.542489400114782
206,1568741856.0,-122.2595445,37.8751526,POINT (-122.2595445 37.8751526),android,,2019-09-17T10:37:36-07:00,10.8401219575742,-0.17752899572797887,2.8035304158167236
207,1568741857.0,-122.2594254,37.8751784,POINT (-122.2594254 37.8751784),android,,2019-09-17T10:37:37-07:00,10.66259296184622,2.6260014200887447,-7.3205709177814295
208,1568741858.0,-122.2593071,37.8752002,POINT (-122.2593071 37.8752002),android,,2019-09-17T10:37:38-07:00,13.288594381934965,-4.694569497692685,7.130795362890273
209,1568741859.0,-122.2591562,37.8752099,POINT (-122.2591562 37.8752099),android,,2019-09-17T10:37:39-07:00,8.59402488424228,2.4362258651975885,-0.5177854146103744
210,1568741860.0,-122.2590585,37.875215,POINT (-122.2590585 37.875215),android,,2019-09-17T10:37:40-07:00,11.030250749439869,1.9184404505872141,-1.1755226335797033
211,1568741861.0,-122.2589338,37.8752273,POINT (-122.2589338 37.8752273),android,,2019-09-17T10:37:41-07:00,12.948691200027083,0.7429178170075108,0.7104800015629245
212,1568741862.0,-122.2588079,37.875288,POINT (-122.2588079 37.875288),android,,2019-09-17T10:37:42-07:00,13.691609017034594,1.4533978185704353,-2.483813109389491
213,1568741863.0,-122.2586609,37.8753292,POINT (-122.2586609 37.8753292),android,,2019-09-17T10:37:43-07:00,15.14500683560503,-1.0304152908190556,-4.400984686963911
214,1568741864.0,-122.25849081480345,37.875306259665535,POINT (-122.25849081480345 37.875306259665535),midpoint,"[<POINT (-122.259 37.875)>, <POINT (-122.258 37.875)>]",2019-09-17T10:37:44-07:00,14.114591544785974,-5.4313999777829665,5.0662212541698946
215,1568741865.0,-122.25836391240594,37.875384224855665,POINT (-122.25836391240594 37.875384224855665),midpoint,"[<POINT (-122.258 37.875)>, <POINT (-122.258 37.875)>]",2019-09-17T10:37:45-07:00,8.683191567003007,-0.3651787236130719,-1.639767344946633
216,1568741866.0,-122.25826540319594,37.87537703415366,POINT (-122.25826540319594 37.87537703415366),midpoint,"[<POINT (-122.258 37.875)>, <POINT (-122.258 37.875)>]",2019-09-17T10:37:46-07:00,8.318012843389935,-2.004946068559705,2.5712164484836677
217,1568741867.0,-122.25817089368007,37.87537150274966,POINT (-122.25817089368007 37.87537150274966),midpoint,"[<POINT (-122.258 37.875)>, <POINT (-122.258 37.875)>]",2019-09-17T10:37:47-07:00,6.31306677483023,0.5662703799239628,-7.070329137472982
218,1568741868.0,-122.25810080943401,37.875358736528284,POINT (-122.25810080943401 37.875358736528284),midpoint,"[<POINT (-122.258 37.875)>, <POINT (-122.258 37.875)>]",2019-09-17T10:37:48-07:00,6.879337154754193,-6.50405875754902,7.152104129150023
219,1568741869.0,-122.25803020785571,37.87533186976735,POINT (-122.25803020785571 37.87533186976735),midpoint,"[<POINT (-122.258 37.875)>, <POINT (-122.258 37.875)>]",2019-09-17T10:37:49-07:00,0.37527839720517353,0.6480453716010027,-0.7981743735061725
220,1568741870.0,-122.2580272504577,37.875329432382046,POINT (-122.2580272504577 37.875329432382046),midpoint,"[<POINT (-122.258 37.875)>, <POINT (-122.258 37.875)>]",2019-09-17T10:37:50-07:00,1.0233237688061763,-0.15012900190516976,0.11637165452914244
221,1568741871.0,-122.25802039462933,37.87532198866919,POINT (-122.25802039462933 37.87532198866919),midpoint,"[<POINT (-122.258 37.875)>, <POINT (-122.258 37.875)>]",2019-09-17T10:37:51-07:00,0.8731947669010065,-0.033757347376027314,0.6715971487783472
222,1568741872.0,-122.25801308327841,37.87532731409189,POINT (-122.25801308327841 37.87532731409189),midpoint,"[<POINT (-122.258 37.875)>, <POINT (-122.258 37.875)>]",2019-09-17T10:37:52-07:00,0.8394374195249792,0.6378398014023199,-1.1131677887651747
223,1568741873.0,-122.25801135544069,37.8753198890717,POINT (-122.25801135544069 37.8753198890717),midpoint,"[<POINT (-122.258 37.875)>, <POINT (-122.258 37.875)>]",2019-09-17T10:37:53-07:00,1.477277220927299,-0.47532798736285486,-0.3306649871854723
224,1568741874.0,-122.25800311690412,37.87530830400475,POINT (-122.25800311690412 37.87530830400475),midpoint,"[<POINT (-122.258 37.875)>, <POINT (-122.258 37.875)>]",2019-09-17T10:37:54-07:00,1.0019492335644442,-0.8059929745483272,1.2381309527314022
225,1568741875.0,-122.25801338327841,37.875312243901746,POINT (-122.25801338327841 37.875312243901746),midpoint,"[<POINT (-122.258 37.875)>, <POINT (-122.258 37.875)>]",2019-09-17T10:37:55-07:00,0.195956259016117,0.4321379781830751,-0.3027692800547599
226,1568741876.0,-122.25801120285372,37.875311865243646,POINT (-122.25801120285372 37.875311865243646),midpoint,"[<POINT (-122.258 37.875)>, <POINT (-122.258 37.875)>]",2019-09-17T10:37:56-07:00,0.6280942371991921,0.1293686981283152,-0.10645907164976498
227,1568741877.0,-122.25800407257958,37.875311386616275,POINT (-122.25800407257958 37.875311386616275),midpoint,"[<POINT (-122.258 37.875)>, <POINT (-122.258 37.875)>]",2019-09-17T10:37:57-07:00,0.7574629353275073,0.022909626478550216,0.4098495420789845
228,1568741878.0,-122.25799751496085,37.875315814954895,POINT (-122.25799751496085 37.875315814954895),midpoint,"[<POINT (-122.258 37.875)>, <POINT (-122.258 37.875)>]",2019-09-17T10:37:58-07:00,0.7803725618060575,0.4327591685575347,-1.645890898921127
229,1568741879.0,-122.25799265750946,37.875321693040476,POINT (-122.25799265750946 37.875321693040476),midpoint,"[<POINT (-122.258 37.875)>, <POINT (-122.258 37.875)>]",2019-09-17T10:37:59-07:00,1.2131317303635922,-1.2131317303635922,1.2131317303635922
230,1568741880.0,-122.25798918047674,37.87533225212929,POINT (-122.25798918047674 37.87533225212929),midpoint,"[<POINT (-122.258 37.875)>, <POINT (-122.258 37.875)>]",2019-09-17T10:38:00-07:00,0.0,0.0,0.0
