,ts,longitude,latitude,geometry,source,matching,fmt_time,speed,acceleration,jerk
0,1575915986.0,-122.26773774202877,37.8710670981683,POINT (-122.26773774202877 37.8710670981683),midpoint,"[<POINT (-122.268 37.871)>, <POINT (-122.268 37.871)>]",2019-12-09T10:26:26-08:00,0.8155411822800697,1.1483249304927732,-1.3121949730873501
1,1575915987.0,-122.26773632692917,37.871074346938286,POINT (-122.26773632692917 37.871074346938286),midpoint,"[<POINT (-122.268 37.871)>, <POINT (-122.268 37.871)>]",2019-12-09T10:26:27-08:00,1.9638661127728427,-0.16387004259457694,-0.06940704591131741
2,1575915988.0,-122.26772071177601,37.87108699544743,POINT (-122.26772071177601 37.87108699544743),midpoint,"[<POINT (-122.268 37.871)>, <POINT (-122.268 37.871)>]",2019-12-09T10:26:28-08:00,1.7999960701782658,-0.23327708850589435,0.629157852521393
3,1575915989.0,-122.26770460545791,37.87109701501495,POINT (-122.26770460545791 37.87109701501495),midpoint,"[<POINT (-122.268 37.871)>, <POINT (-122.268 37.871)>]",2019-12-09T10:26:29-08:00,1.5667189816723714,0.39588076401549865,16.618013732662526
4,1575915990.0,-122.2676997990084,37.871110584386486,POINT (-122.2676997990084 37.871110584386486),midpoint,"[<POINT (-122.268 37.871)>, <POINT (-122.268 37.871)>]",2019-12-09T10:26:30-08:00,1.96259974568787,17.013894496678024,-17.133039449284663
5,1575915991.0,-122.2677052281503,37.871127706242916,POINT (-122.2677052281503 37.871127706242916),midpoint,"[<POINT (-122.268 37.871)>, <POINT (-122.268 37.871)>]",2019-12-09T10:26:31-08:00,18.976494242365895,-0.11914495260663927,-8.396473229180804
6,1575915992.0,-122.26768,37.8712972,POINT (-122.26768 37.8712972),android,,2019-12-09T10:26:32-08:00,18.857349289759256,-8.515618181787444,8.173267097660922
7,1575915993.0,-122.2677181,37.8714641,POINT (-122.2677181 37.8714641),android,,2019-12-09T10:26:33-08:00,10.341731107971812,-0.3423510841265216,0.8515111794151196
8,1575915994.0,-122.2677345,37.8715562,POINT (-122.2677345 37.8715562),android,,2019-12-09T10:26:34-08:00,9.99938002384529,0.509160095288598,-3.7343478920849167
9,1575915995.0,-122.2677442,37.8716458,POINT (-122.2677442 37.8716458),android,,2019-12-09T10:26:35-08:00,10.508540119133889,-3.2251877967963187,3.2284081889328826
10,1575915996.0,-122.2677455,37.8717403,POINT (-122.2677455 37.8717403),android,,2019-12-09T10:26:36-08:00,7.28335232233757,0.0032203921365638877,-0.9250294904402967
11,1575915997.0,-122.2677451,37.8718058,POINT (-122.2677451 37.8718058),android,,2019-12-09T10:26:37-08:00,7.286572714474134,-0.9218090983037328,1.2979787126800328
12,1575915998.0,-122.2677476,37.8718713,POINT (-122.2677476 37.8718713),android,,2019-12-09T10:26:38-08:00,6.364763616170401,0.37616961437630003,-3.549021128184673
13,1575915999.0,-122.2677503,37.8719285,POINT (-122.2677503 37.8719285),android,,2019-12-09T10:26:39-08:00,6.740933230546701,-3.172851513808373,1.5239351553812774
14,1575916000.0,-122.2677524,37.8719891,POINT (-122.2677524 37.8719891),android,,2019-12-09T10:26:40-08:00,3.568081716738328,-1.6489163584270954,1.8387152874092
15,1575916001.0,-122.2677568,37.872021,POINT (-122.2677568 37.872021),android,,2019-12-09T10:26:41-08:00,1.9191653583112327,0.1897989289821047,-0.497405404125022
16,1575916002.0,-122.26776022692316,37.872038046154444,POINT (-122.26776022692316 37.872038046154444),android,,2019-12-09T10:26:42-08:00,2.1089642872933374,-0.3076064751429173,-1.4322634015729037
17,1575916003.0,-122.2677611,37.872057,POINT (-122.2677611 37.872057),android,,2019-12-09T10:26:43-08:00,1.8013578121504201,-1.739869876715821,1.8810737883568915
18,1575916004.0,-122.2677611,37.8720732,POINT (-122.2677611 37.8720732),android,,2019-12-09T10:26:44-08:00,0.06148793543459912,0.14120391164107066,-0.004635687248400213
55,1575916041.0,-122.2677854146274,37.87208028666033,POINT (-122.2677854146274 37.87208028666033),ios,,2019-12-09T10:27:21-08:00,5.286032666154213,-0.030316516549737216,-4.568926943001704
56,1575916042.0,-122.2677902750104,37.87212767001601,POINT (-122.2677902750104 37.87212767001601),ios,,2019-12-09T10:27:22-08:00,5.255716149604476,-4.599243459551441,4.599243438050096
57,1575916043.0,-122.26779510751807,37.87217478161832,POINT (-122.26779510751807 37.87217478161832),ios,,2019-12-09T10:27:23-08:00,0.6564726900530351,-2.1501344704688563e-08,-5.149126277503857e-05
58,1575916044.0,-122.2677894775569,37.87217866800786,POINT (-122.2677894775569 37.87217866800786),ios,,2019-12-09T10:27:24-08:00,0.6564726685516904,-5.151276411974326e-05,16.36234146204496
59,1575916045.0,-122.26778384759577,37.872182554397405,POINT (-122.26778384759577 37.872182554397405),ios,,2019-12-09T10:27:25-08:00,0.6564211557875707,16.36228994928084,-30.57969870979237
60,1575916046.0,-122.26777821807623,37.872186440482096,POINT (-122.26777821807623 37.872186440482096),ios,,2019-12-09T10:27:26-08:00,17.01871110506841,-14.217408760511532,14.637708354499045
61,1575916047.0,-122.26758558112392,37.872203809856074,POINT (-122.26758558112392 37.872203809856074),ios,,2019-12-09T10:27:27-08:00,2.8013023445568765,0.4202995939875134,4.576959447863418
62,1575916048.0,-122.26755408112847,37.872207856889226,POINT (-122.26755408112847 37.872207856889226),ios,,2019-12-09T10:27:28-08:00,3.22160193854439,4.997259041850931,-7.3989004221176335
63,1575916049.0,-122.26751785495942,37.872212511128204,POINT (-122.26751785495942 37.872212511128204),ios,,2019-12-09T10:27:29-08:00,8.218860980395322,-2.4016413802667023,0.8117461898910356
64,1575916050.0,-122.2674254357576,37.87222438489415,POINT (-122.2674254357576 37.87222438489415),ios,,2019-12-09T10:27:30-08:00,5.817219600128619,-1.5898951903756666,4.764804427540057
65,1575916051.0,-122.26736002245208,37.8722327890165,POINT (-122.26736002245208 37.8722327890165),ios,,2019-12-09T10:27:31-08:00,4.227324409752953,3.1749092371643908,-1.845151453889354
66,1575916052.0,-122.26731248715022,37.8722388962219,POINT (-122.26731248715022 37.8722388962219),ios,,2019-12-09T10:27:32-08:00,7.4022336469173435,1.3297577832750367,-1.4386697295225677
67,1575916053.0,-122.26722925070659,37.87224959021222,POINT (-122.26722925070659 37.87224959021222),ios,,2019-12-09T10:27:33-08:00,8.73199143019238,-0.10891194624753098,-2.245152350885773
68,1575916054.0,-122.26713106142223,37.872262205302576,POINT (-122.26713106142223 37.872262205302576),ios,,2019-12-09T10:27:34-08:00,8.62307948394485,-2.354064297133304,-2.501588890155193
69,1575916055.0,-122.2670340968122,37.87227466305011,POINT (-122.2670340968122 37.87227466305011),ios,,2019-12-09T10:27:35-08:00,6.269015186811545,-4.855653187288497,16.800552164398745
70,1575916056.0,-122.26696360312134,37.872283719886454,POINT (-122.26696360312134 37.872283719886454),ios,,2019-12-09T10:27:36-08:00,1.4133619995230482,11.944898977110249,-16.237382283962255
71,1575916057.0,-122.2669526,37.872293,POINT (-122.2669526 37.872293),android,,2019-12-09T10:27:37-08:00,13.358260976633296,-4.292483306852006,3.0802175188623107
72,1575916058.0,-122.2668010963392,37.872304373716595,POINT (-122.2668010963392 37.872304373716595),ios,,2019-12-09T10:27:38-08:00,9.06577766978129,-1.2122657879896952,-3.458571155700051
73,1575916059.0,-122.26669916316727,37.87231751721314,POINT (-122.26669916316727 37.87231751721314),ios,,2019-12-09T10:27:39-08:00,7.853511881791595,-4.670836943689746,6.764653767741814
74,1575916060.0,-122.26661086037232,37.87232890317767,POINT (-122.26661086037232 37.87232890317767),ios,,2019-12-09T10:27:40-08:00,3.1826749381018486,2.0938168240520674,-3.2821619527590244
75,1575916061.0,-122.26657507521959,37.87233351739718,POINT (-122.26657507521959 37.87233351739718),ios,,2019-12-09T10:27:41-08:00,5.276491762153916,-1.188345128706957,-0.7431855551317255
76,1575916062.0,-122.26651574774111,37.872341167218075,POINT (-122.26651574774111 37.872341167218075),ios,,2019-12-09T10:27:42-08:00,4.088146633446959,-1.9315306838386825,1.9314159269038038
77,1575916063.0,-122.26646986095885,37.87234746527611,POINT (-122.26646986095885 37.87234746527611),ios,,2019-12-09T10:27:43-08:00,2.1566159496082764,-0.00011475693487872363,-2.017276619817336
78,1575916064.0,-122.26644566174008,37.87235082106959,POINT (-122.26644566174008 37.87235082106959),ios,,2019-12-09T10:27:44-08:00,2.1565011926733977,-2.0173913767522147,2.017391376219023
79,1575916065.0,-122.26642146380792,37.872354176684645,POINT (-122.26642146380792 37.872354176684645),ios,,2019-12-09T10:27:45-08:00,0.1391098159211828,-5.331919072926183e-10,1.501954671745409e-09
80,1575916066.0,-122.26641990286745,37.872354393145926,POINT (-122.26641990286745 37.872354393145926),ios,,2019-12-09T10:27:46-08:00,0.1391098153879909,9.687627644527907e-10,-1.36525027394363e-09
81,1575916067.0,-122.266418341927,37.8723546096072,POINT (-122.266418341927 37.8723546096072),ios,,2019-12-09T10:27:47-08:00,0.13910981635675365,-3.9648750949083933e-10,-2.4570917245281265e-09
82,1575916068.0,-122.26641678098652,37.87235482606848,POINT (-122.26641678098652 37.87235482606848),ios,,2019-12-09T10:27:48-08:00,0.13910981596026614,-2.853579234018966e-09,6.006024844129598e-09
83,1575916069.0,-122.26641522004604,37.87235504252976,POINT (-122.26641522004604 37.87235504252976),ios,,2019-12-09T10:27:49-08:00,0.1391098131066869,3.1524456101106324e-09,-4.6407745424303926e-09
84,1575916070.0,-122.2664136591056,37.87235525899104,POINT (-122.2664136591056 37.87235525899104),ios,,2019-12-09T10:27:50-08:00,0.13910981625913252,-1.4883289323197602e-09,-1.36525027394363e-09
85,1575916071.0,-122.2664120981651,37.872355475452316,POINT (-122.2664120981651 37.872355475452316),ios,,2019-12-09T10:27:51-08:00,0.13910981477080359,-2.8535792062633902e-09,4.914183365789526e-09
86,1575916072.0,-122.26641053722463,37.8723556919136,POINT (-122.26641053722463 37.8723556919136),ios,,2019-12-09T10:27:52-08:00,0.13910981191722438,2.060604159526136e-09,-3.822341942960605e-09
87,1575916073.0,-122.26640897628418,37.87235590837488,POINT (-122.26640897628418 37.87235590837488),ios,,2019-12-09T10:27:53-08:00,0.13910981397782854,-1.7617377834344694e-09,2.7305005201316845e-09
88,1575916074.0,-122.2664074153437,37.87235612483616,POINT (-122.2664074153437 37.87235612483616),ios,,2019-12-09T10:27:54-08:00,0.13910981221609076,9.687627366972151e-10,-1.36525027394363e-09
89,1575916075.0,-122.26640585440325,37.87235634129743,POINT (-122.26640585440325 37.87235634129743),ios,,2019-12-09T10:27:55-08:00,0.1391098131848535,-3.9648753724641495e-10,0.5111580285455601
90,1575916076.0,-122.26640429346277,37.872356557758714,POINT (-122.26640429346277 37.872356557758714),ios,,2019-12-09T10:27:56-08:00,0.13910981278836596,0.5111580281490726,0.2237635114156452
91,1575916077.0,-122.2664027325223,37.872356774219995,POINT (-122.2664027325223 37.872356774219995),ios,,2019-12-09T10:27:57-08:00,0.6502678409374386,0.7349215395647178,-0.4632135113950099
92,1575916078.0,-122.2663982,37.8723614,POINT (-122.2663982 37.8723614),android,,2019-12-09T10:27:58-08:00,1.3851893805021565,0.27170802816970796,-0.17158856037474202
93,1575916079.0,-122.2663957,37.8723737,POINT (-122.2663957 37.8723737),android,,2019-12-09T10:27:59-08:00,1.6568974086718644,0.10011946779496594,-0.06825271909231168
94,1575916080.0,-122.2663959,37.8723886,POINT (-122.2663959 37.8723886),android,,2019-12-09T10:28:00-08:00,1.7570168764668304,0.03186674870265427,0.09963512705941147
96,1575916082.0,-122.2663954,37.8724202,POINT (-122.2663954 37.8724202),android,,2019-12-09T10:28:02-08:00,1.820750373872139,0.2311370028214772,1.0913080740817782
97,1575916083.0,-122.2663833,37.8724335,POINT (-122.2663833 37.8724335),android,,2019-12-09T10:28:03-08:00,2.051887376693616,1.3224450769032554,-2.929905373153717
98,1575916084.0,-122.2663675,37.8724471,POINT (-122.2663675 37.8724471),android,,2019-12-09T10:28:04-08:00,3.3743324535968715,-1.6074602962504616,2.420760454325511
99,1575916085.0,-122.2663533,37.8724753,POINT (-122.2663533 37.8724753),android,,2019-12-09T10:28:05-08:00,1.76687215734641,0.8133001580750494,-0.08617104118111918
100,1575916086.0,-122.2663333,37.8724735,POINT (-122.2663333 37.8724735),android,,2019-12-09T10:28:06-08:00,2.5801723154214593,0.7271291168939302,-0.7277951702775867
101,1575916087.0,-122.2663112,37.8724582,POINT (-122.2663112 37.8724582),android,,2019-12-09T10:28:07-08:00,3.3073014323153895,-0.0006660533836564397,0.3871124001809445
102,1575916088.0,-122.2662796,37.872442,POINT (-122.2662796 37.872442),android,,2019-12-09T10:28:08-08:00,3.306635378931733,0.38644634679728807,-0.6285187568412551
103,1575916089.0,-122.2662435,37.8724335,POINT (-122.2662435 37.8724335),android,,2019-12-09T10:28:09-08:00,3.693081725729021,-0.24207241004396707,0.02850567985859831
104,1575916090.0,-122.2662035,37.8724232,POINT (-122.2662035 37.8724232),android,,2019-12-09T10:28:10-08:00,3.451009315685054,-0.21356673018536876,-0.20136541057863466
105,1575916091.0,-122.2661642,37.8724241,POINT (-122.2661642 37.8724241),android,,2019-12-09T10:28:11-08:00,3.2374425854996853,-0.4149321407640034,5.168131570256602
106,1575916092.0,-122.2661275,37.8724212,POINT (-122.2661275 37.8724212),android,,2019-12-09T10:28:12-08:00,2.822510444735682,4.753199429492598,-8.904126305749692
107,1575916093.0,-122.2660954,37.8724227,POINT (-122.2660954 37.8724227),android,,2019-12-09T10:28:13-08:00,7.575709874228281,-4.150926876257094,6.096510207461712
108,1575916094.0,-122.26600958794806,37.87242999527793,POINT (-122.26600958794806 37.87242999527793),ios,,2019-12-09T10:28:14-08:00,3.424782997971187,1.9455833312046185,-3.7880401742107246
109,1575916095.0,-122.2660345,37.8724537,POINT (-122.2660345 37.8724537),android,,2019-12-09T10:28:15-08:00,5.3703663291758055,-1.8424568430061061,3.5405948596252994
110,1575916096.0,-122.26601849013373,37.872500314073,POINT (-122.26601849013373 37.872500314073),ios,,2019-12-09T10:28:16-08:00,3.5279094861696993,1.6981380166191933,-1.355646059532126
111,1575916097.0,-122.26602197202148,37.87253192204873,POINT (-122.26602197202148 37.87253192204873),ios,,2019-12-09T10:28:17-08:00,5.226047502788893,0.34249195708706726,-2.9047094772307793
112,1575916098.0,-122.26602712989494,37.872578744333694,POINT (-122.26602712989494 37.872578744333694),ios,,2019-12-09T10:28:18-08:00,5.56853945987596,-2.562217520143712,1.3198890732190642
113,1575916099.0,-122.26603262579259,37.872628635143634,POINT (-122.26603262579259 37.872628635143634),ios,,2019-12-09T10:28:19-08:00,3.006321939732248,-1.2423284469246478,-0.35288385378266507
114,1575916100.0,-122.26603559289696,37.872655570004774,POINT (-122.26603559289696 37.872655570004774),ios,,2019-12-09T10:28:20-08:00,1.7639934928076,-1.595212300707313,1.5952122997861387
115,1575916101.0,-122.26603733387908,37.87267137434005,POINT (-122.26603733387908 37.87267137434005),ios,,2019-12-09T10:28:21-08:00,0.16878119210028697,-9.211741369696824e-10,1.7903501736693528e-09
116,1575916102.0,-122.26603750045852,37.87267288651941,POINT (-122.26603750045852 37.87267288651941),ios,,2019-12-09T10:28:22-08:00,0.16878119117911283,8.691760366996704e-10,-1.1112908093746654e-09
117,1575916103.0,-122.26603766703795,37.87267439869876,POINT (-122.26603766703795 37.87267439869876),ios,,2019-12-09T10:28:23-08:00,0.16878119204828887,-2.4211477267499504e-10,5.402892855332908e-10
118,1575916104.0,-122.26603783361739,37.87267591087812,POINT (-122.26603783361739 37.87267591087812),ios,,2019-12-09T10:28:24-08:00,0.1687811918061741,2.9817451285829577e-10,-2.704259538308107e-05
119,1575916105.0,-122.2660380001968,37.87267742305748,POINT (-122.2660380001968 37.87267742305748),ios,,2019-12-09T10:28:25-08:00,0.1687811921043486,-2.704229720856821e-05,14.279401845825126
120,1575916106.0,-122.26603816677626,37.87267893523684,POINT (-122.26603816677626 37.87267893523684),ios,,2019-12-09T10:28:26-08:00,0.16875414980714004,14.279374803527917,-26.28344154094607
121,1575916107.0,-122.26603833332899,37.87268044717392,POINT (-122.26603833332899 37.87268044717392),ios,,2019-12-09T10:28:27-08:00,14.448128953335058,-12.004066737418153,11.516753441472424
122,1575916108.0,-122.26587739609347,37.87270772265647,POINT (-122.26587739609347 37.87270772265647),android,,2019-12-09T10:28:28-08:00,2.4440622159169036,-0.4873132959457285,0.7283142639306082
123,1575916109.0,-122.2658554,37.8727212,POINT (-122.2658554 37.8727212),android,,2019-12-09T10:28:29-08:00,1.9567489199711752,0.2410009679848797,-0.20483496016766556
124,1575916110.0,-122.2658411,37.8727347,POINT (-122.2658411 37.8727347),android,,2019-12-09T10:28:30-08:00,2.197749887956055,0.03616600781721413,0.34635678672497017
125,1575916111.0,-122.2658264,37.8727507,POINT (-122.2658264 37.8727507),android,,2019-12-09T10:28:31-08:00,2.233915895773269,0.3825227945421843,-0.4390859390107442
126,1575916112.0,-122.2658139,37.8727682,POINT (-122.2658139 37.8727682),android,,2019-12-09T10:28:32-08:00,2.6164386903154533,-0.05656314446855992,0.8704413548731802
127,1575916113.0,-122.26580719665418,37.87279112750965,POINT (-122.26580719665418 37.87279112750965),android,,2019-12-09T10:28:33-08:00,2.5598755458468934,0.8138782104046203,0.26030517719749513
128,1575916114.0,-122.2658159,37.8728131,POINT (-122.2658159 37.8728131),android,,2019-12-09T10:28:34-08:00,3.3737537562515136,1.0741833876021154,-0.3993203092810882
129,1575916115.0,-122.2658421,37.8728353,POINT (-122.2658421 37.8728353),android,,2019-12-09T10:28:35-08:00,4.447937143853629,0.6748630783210272,-0.40053758937154704
130,1575916116.0,-122.265869,37.8728692,POINT (-122.265869 37.8728692),android,,2019-12-09T10:28:36-08:00,5.122800222174656,0.27432548894948017,-0.22501303248663884
131,1575916117.0,-122.2659051,37.8729054,POINT (-122.2659051 37.8729054),android,,2019-12-09T10:28:37-08:00,5.397125711124136,0.049312456462841325,1.0218869416006005
132,1575916118.0,-122.2659348,37.8729479,POINT (-122.2659348 37.8729479),android,,2019-12-09T10:28:38-08:00,5.446438167586978,1.0711993980634418,-1.2127417889073326
133,1575916119.0,-122.2659584,37.8729932,POINT (-122.2659584 37.8729932),android,,2019-12-09T10:28:39-08:00,6.5176375656504195,-0.14154239084389086,-0.49823194378900126
134,1575916120.0,-122.2659777,37.8730498,POINT (-122.2659777 37.8730498),android,,2019-12-09T10:28:40-08:00,6.376095174806529,-0.6397743346328921,-0.252155549601917
135,1575916121.0,-122.2659901,37.8731063,POINT (-122.2659901 37.8731063),android,,2019-12-09T10:28:41-08:00,5.7363208401736365,-0.8919298842348091,0.049124511615884714
136,1575916122.0,-122.2659981,37.8731575,POINT (-122.2659981 37.8731575),android,,2019-12-09T10:28:42-08:00,4.844390955938827,-0.8428053726189244,1.6357347306184602
137,1575916123.0,-122.2660123,37.8731996,POINT (-122.2660123 37.8731996),android,,2019-12-09T10:28:43-08:00,4.001585583319903,0.7929293579995358,-3.6811411331424435
138,1575916124.0,-122.2660276,37.8732335,POINT (-122.2660276 37.8732335),android,,2019-12-09T10:28:44-08:00,4.794514941319439,-2.8882117751429077,2.613996538859917
139,1575916125.0,-122.2660394,37.8732756,POINT (-122.2660394 37.8732756),android,,2019-12-09T10:28:45-08:00,1.906303166176531,-0.2742152362829908,-0.26156195340786836
140,1575916126.0,-122.2660472,37.8732916,POINT (-122.2660472 37.8732916),android,,2019-12-09T10:28:46-08:00,1.6320879298935402,-0.5357771896908592,-0.04319215184601677
141,1575916127.0,-122.2660508,37.873306,POINT (-122.2660508 37.873306),android,,2019-12-09T10:28:47-08:00,1.096310740202681,-0.578969341536876,0.5776299936608157
142,1575916128.0,-122.2660457,37.873315,POINT (-122.2660457 37.873315),android,,2019-12-09T10:28:48-08:00,0.5173413986658051,-0.0013393478760602706,-0.2594940266278838
143,1575916129.0,-122.2660409,37.8733177,POINT (-122.2660409 37.8733177),android,,2019-12-09T10:28:49-08:00,0.5160020507897448,-0.26083337450394406,0.3548254452597177
144,1575916130.0,-122.2660384,37.8733219,POINT (-122.2660384 37.8733219),android,,2019-12-09T10:28:50-08:00,0.25516867628580076,0.09399207075577366,0.32584578905862294
170,1575916156.0,-122.26611242852867,37.87333394550241,POINT (-122.26611242852867 37.87333394550241),ios,,2019-12-09T10:29:16-08:00,2.698962515935916,8.565982586279969,-8.630029300563363
171,1575916157.0,-122.26611526806336,37.873358114140274,POINT (-122.26611526806336 37.873358114140274),ios,,2019-12-09T10:29:17-08:00,11.264945102215885,-0.06404671428339448,0.8826628170828332
172,1575916158.0,-122.26612626527968,37.873459049618425,POINT (-122.26612626527968 37.873459049618425),ios,,2019-12-09T10:29:18-08:00,11.20089838793249,0.8186161027994387,-4.683856110129032
173,1575916159.0,-122.26613736761148,37.873559399761334,POINT (-122.26613736761148 37.873559399761334),ios,,2019-12-09T10:29:19-08:00,12.019514490731929,-3.865240007329593,1.1438684362936877
174,1575916160.0,-122.26614976010099,37.87366705030989,POINT (-122.26614976010099 37.87366705030989),ios,,2019-12-09T10:29:20-08:00,8.154274483402336,-2.721371571035905,5.105527737122533
175,1575916161.0,-122.26615791405054,37.87374010045245,POINT (-122.26615791405054 37.87374010045245),ios,,2019-12-09T10:29:21-08:00,5.432902912366431,2.384156166086628,-5.656141673144574
176,1575916162.0,-122.2661631408054,37.873788785212454,POINT (-122.2661631408054 37.873788785212454),ios,,2019-12-09T10:29:22-08:00,7.817059078453059,-3.2719855070579458,4.96246723011747
177,1575916163.0,-122.26617100810718,37.87385881088107,POINT (-122.26617100810718 37.87385881088107),ios,,2019-12-09T10:29:23-08:00,4.545073571395113,1.6904817230595244,-4.629875768439481
178,1575916164.0,-122.2661756206016,37.87389952322798,POINT (-122.2661756206016 37.87389952322798),ios,,2019-12-09T10:29:24-08:00,6.235555294454637,-2.9393940453799563,4.4361685157768225
179,1575916165.0,-122.26618234161471,37.87395534940053,POINT (-122.26618234161471 37.87395534940053),ios,,2019-12-09T10:29:25-08:00,3.296161249074681,1.4967744703968662,8.75795202872843
180,1575916166.0,-122.26618614678996,37.87398483992102,POINT (-122.26618614678996 37.87398483992102),ios,,2019-12-09T10:29:26-08:00,4.792935719471547,10.254726499125297,-19.90895626913111
181,1575916167.0,-122.266191679881,37.87402772197657,POINT (-122.266191679881 37.87402772197657),ios,,2019-12-09T10:29:27-08:00,15.047662218596844,-9.654229770005815,7.957512806606829
182,1575916168.0,-122.26614173253849,37.87415717819735,POINT (-122.26614173253849 37.87415717819735),ios,,2019-12-09T10:29:28-08:00,5.39343244859103,-1.6967169633989863,9.154069021201746
183,1575916169.0,-122.26608076645864,37.87416323824451,POINT (-122.26608076645864 37.87416323824451),ios,,2019-12-09T10:29:29-08:00,3.6967154851920436,7.45735205780276,-10.732294008792472
184,1575916170.0,-122.2660389816585,37.87416740436317,POINT (-122.2660389816585 37.87416740436317),ios,,2019-12-09T10:29:30-08:00,11.154067542994804,-3.274941950989712,2.754155206603275
185,1575916171.0,-122.26591336077445,37.874182554839486,POINT (-122.26591336077445 37.874182554839486),ios,,2019-12-09T10:29:31-08:00,7.879125592005092,-0.5207867443864371,0.1411757253775443
186,1575916172.0,-122.26582468542713,37.874193572781024,POINT (-122.26582468542713 37.874193572781024),ios,,2019-12-09T10:29:32-08:00,7.358338847618655,-0.3796110190088928,0.22315264190800832
187,1575916173.0,-122.26574183532529,37.87420368069772,POINT (-122.26574183532529 37.87420368069772),ios,,2019-12-09T10:29:33-08:00,6.978727828609762,-0.1564583771008845,1.0903822225576816
188,1575916174.0,-122.26566323372575,37.874213135174124,POINT (-122.26566323372575 37.874213135174124),ios,,2019-12-09T10:29:34-08:00,6.822269451508878,0.9339238454567971,-0.05128313950573382
189,1575916175.0,-122.26558634616316,37.87422212473086,POINT (-122.26558634616316 37.87422212473086),ios,,2019-12-09T10:29:35-08:00,7.756193296965675,0.8826407059510633,-7.993924392247113
190,1575916176.0,-122.26549891983228,37.87423227347128,POINT (-122.26549891983228 37.87423227347128),ios,,2019-12-09T10:29:36-08:00,8.638834002916738,-7.11128368629605,21.916991328847597
191,1575916177.0,-122.26540154452991,37.87424357712154,POINT (-122.26540154452991 37.87424357712154),ios,,2019-12-09T10:29:37-08:00,1.527550316620688,14.805707642551548,-21.208636264933112
192,1575916178.0,-122.26538432627024,37.87424557587462,POINT (-122.26538432627024 37.87424557587462),ios,,2019-12-09T10:29:38-08:00,16.333257959172236,-6.402928622381566,6.092095742266528
193,1575916179.0,-122.26520019748733,37.87426682176545,POINT (-122.26520019748733 37.87426682176545),ios,,2019-12-09T10:29:39-08:00,9.93032933679067,-0.3108328801150382,1.0110286584332293
194,1575916180.0,-122.26508860010978,37.8742815035913,POINT (-122.26508860010978 37.8742815035913),ios,,2019-12-09T10:29:40-08:00,9.619496456675632,0.7001957783181911,0.349721950969867
195,1575916181.0,-122.26498055515225,37.87429600387165,POINT (-122.26498055515225 37.87429600387165),ios,,2019-12-09T10:29:41-08:00,10.319692234993823,1.0499177292880582,-3.383084927369385
196,1575916182.0,-122.2648652333383,37.8743140774027,POINT (-122.2648652333383 37.8743140774027),ios,,2019-12-09T10:29:42-08:00,11.369609964281882,-2.333167198081327,-5.020782663404739
197,1575916183.0,-122.26473831478694,37.87433452318693,POINT (-122.26473831478694 37.87433452318693),ios,,2019-12-09T10:29:43-08:00,9.036442766200555,-7.353949861486066,19.811101166564374
198,1575916184.0,-122.26463834608398,37.87435394729029,POINT (-122.26463834608398 37.87435394729029),ios,,2019-12-09T10:29:44-08:00,1.6824929047144888,12.457151305078307,-19.883073288751117
199,1575916185.0,-122.26461985965881,37.87435794841069,POINT (-122.26461985965881 37.87435794841069),ios,,2019-12-09T10:29:45-08:00,14.139644209792795,-7.42592198367281,9.326384319288449
200,1575916186.0,-122.26447548275166,37.87441435613545,POINT (-122.26447548275166 37.87441435613545),ios,,2019-12-09T10:29:46-08:00,6.713722226119986,1.9004623356156394,-5.965700635545236
201,1575916187.0,-122.26440631686148,37.87444013795048,POINT (-122.26440631686148 37.87444013795048),ios,,2019-12-09T10:29:47-08:00,8.614184561735625,-4.065238299929597,2.5239468289740725
202,1575916188.0,-122.26431712990612,37.87447246844182,POINT (-122.26431712990612 37.87447246844182),ios,,2019-12-09T10:29:48-08:00,4.548946261806028,-1.541291470955524,12.270047726904279
203,1575916189.0,-122.26426947145643,37.87448854229374,POINT (-122.26426947145643 37.87448854229374),ios,,2019-12-09T10:29:49-08:00,3.0076547908505042,10.728756255948754,-21.241732797224426
204,1575916190.0,-122.26423796082116,37.87449916994294,POINT (-122.26423796082116 37.87449916994294),ios,,2019-12-09T10:29:50-08:00,13.736411046799258,-10.512976541275671,9.666655873031107
205,1575916191.0,-122.2640818,37.8745073,POINT (-122.2640818 37.8745073),android,,2019-12-09T10:29:51-08:00,3.223434505523587,-0.8463206682445645,0.6888141677877879
206,1575916192.0,-122.2640678,37.8745341,POINT (-122.2640678 37.8745341),android,,2019-12-09T10:29:52-08:00,2.3771138372790226,-0.1575065004567766,-1.0269794382779742
207,1575916193.0,-122.2640538,37.8745524,POINT (-122.2640538 37.8745524),android,,2019-12-09T10:29:53-08:00,2.219607336822246,-1.1844859387347508,1.1320409297828464
208,1575916194.0,-122.2640453,37.8745712,POINT (-122.2640453 37.8745712),android,,2019-12-09T10:29:54-08:00,1.0351213980874951,-0.05244500895190435,-0.16511004925547387
210,1575916196.0,-122.2640489,37.8745896,POINT (-122.2640489 37.8745896),android,,2019-12-09T10:29:56-08:00,0.9302313801836865,-0.3826651074628521,0.7296022090708977
211,1575916197.0,-122.2640407,37.8745949,POINT (-122.2640407 37.8745949),android,,2019-12-09T10:29:57-08:00,0.5475662727208344,0.3469371016080456,-0.45349107764909347
212,1575916198.0,-122.2640348,37.8745965,POINT (-122.2640348 37.8745965),android,,2019-12-09T10:29:58-08:00,0.8945033743288799,-0.10655397604104788,-0.003159971349518731
213,1575916199.0,-122.2640252,37.8745992,POINT (-122.2640252 37.8745992),android,,2019-12-09T10:29:59-08:00,0.7879493982878321,-0.10971394739056661,-0.14692166497586645
214,1575916200.0,-122.2640169,37.8745965,POINT (-122.2640169 37.8745965),android,,2019-12-09T10:30:00-08:00,0.6782354508972654,-0.25663561236643306,0.9251931682698187
215,1575916201.0,-122.2640096,37.8745945,POINT (-122.2640096 37.8745945),android,,2019-12-09T10:30:01-08:00,0.4215998385308324,0.6685575559033856,-0.8475382041257018
216,1575916202.0,-122.2640049815169,37.874593458293795,POINT (-122.2640049815169 37.874593458293795),android,,2019-12-09T10:30:02-08:00,1.090157394434218,-0.17898064822231619,0.41455483208542643
217,1575916203.0,-122.2639934,37.874597,POINT (-122.2639934 37.874597),android,,2019-12-09T10:30:03-08:00,0.9111767462119018,0.23557418386311024,0.26201694480544524
218,1575916204.0,-122.2639834,37.8745992,POINT (-122.2639834 37.8745992),android,,2019-12-09T10:30:04-08:00,1.146750930075012,0.4975911286685555,-0.07080249284183138
219,1575916205.0,-122.2639743,37.8746066,POINT (-122.2639743 37.8746066),android,,2019-12-09T10:30:05-08:00,1.6443420587435675,0.4267886358267241,3.653822575104564
220,1575916206.0,-122.2639639,37.8746189,POINT (-122.2639639 37.8746189),android,,2019-12-09T10:30:06-08:00,2.0711306945702916,4.080611210931288,-3.205303068598864
221,1575916207.0,-122.2639425606358,37.8746268498555,POINT (-122.2639425606358 37.8746268498555),android,,2019-12-09T10:30:07-08:00,6.151741905501579,0.8753081423324236,-1.3068334293065984
222,1575916208.0,-122.2638792,37.8746505,POINT (-122.2638792 37.8746505),android,,2019-12-09T10:30:08-08:00,7.0270500478340026,-0.4315252869741748,2.0292877788529857
223,1575916209.0,-122.2638086,37.8746803,POINT (-122.2638086 37.8746803),android,,2019-12-09T10:30:09-08:00,6.595524760859828,1.597762491878811,-5.106963301181196
224,1575916210.0,-122.263737,37.8746983,POINT (-122.263737 37.8746983),android,,2019-12-09T10:30:10-08:00,8.193287252738639,-3.509200809302385,11.458177766868156
225,1575916211.0,-122.2636476,37.8747195,POINT (-122.2636476 37.8747195),android,,2019-12-09T10:30:11-08:00,4.684086443436254,7.948976957565771,-10.844926083255206
226,1575916212.0,-122.2635943,37.8747174,POINT (-122.2635943 37.8747174),android,,2019-12-09T10:30:12-08:00,12.633063401002024,-2.8959491256894356,2.1876717150800467
227,1575916213.0,-122.26357130259726,37.87460524777951,POINT (-122.26357130259726 37.87460524777951),ios,,2019-12-09T10:30:13-08:00,9.737114275312589,-0.708277410609389,1.3207632091527888
228,1575916214.0,-122.26346186246087,37.87461957931459,POINT (-122.26346186246087 37.87461957931459),ios,,2019-12-09T10:30:14-08:00,9.0288368647032,0.6124857985433998,1.7895596551455188
229,1575916215.0,-122.26336042112592,37.87463304862916,POINT (-122.26336042112592 37.87463304862916),ios,,2019-12-09T10:30:15-08:00,9.6413226632466,2.4020454536889186,-3.068365377833313
230,1575916216.0,-122.26325211036266,37.874647487994096,POINT (-122.26325211036266 37.874647487994096),ios,,2019-12-09T10:30:16-08:00,12.043368116935518,-0.6663199241443944,-1.2107433096240676
231,1575916217.0,-122.26311680398626,37.8746654734512,POINT (-122.26311680398626 37.8746654734512),ios,,2019-12-09T10:30:17-08:00,11.377048192791124,-1.877063233768462,3.6850547416129675
232,1575916218.0,-122.26298892543045,37.87468218870194,POINT (-122.26298892543045 37.87468218870194),ios,,2019-12-09T10:30:18-08:00,9.499984959022662,1.8079915078445055,-1.435597443953137
233,1575916219.0,-122.26288214513187,37.8746961461591,POINT (-122.26288214513187 37.8746961461591),ios,,2019-12-09T10:30:19-08:00,11.307976466867167,0.37239406389136853,1.3026337068064944
234,1575916220.0,-122.26275504289407,37.874712759935825,POINT (-122.26275504289407 37.874712759935825),ios,,2019-12-09T10:30:20-08:00,11.680370530758536,1.675027770697863,-1.930176463061681
235,1575916221.0,-122.26262375489853,37.87472992084096,POINT (-122.26262375489853 37.87472992084096),ios,,2019-12-09T10:30:21-08:00,13.355398301456399,-0.255148692363818,1.309962255358938
236,1575916222.0,-122.2624736394639,37.874749542716685,POINT (-122.2624736394639 37.874749542716685),ios,,2019-12-09T10:30:22-08:00,13.10024960909258,1.05481356299512,-1.365083358205169
237,1575916223.0,-122.26232639187725,37.87476878973051,POINT (-122.26232639187725 37.87476878973051),ios,,2019-12-09T10:30:23-08:00,14.1550631720877,-0.3102697952100488,-0.7175002439352696
238,1575916224.0,-122.26216728808117,37.874789586492156,POINT (-122.26216728808117 37.874789586492156),ios,,2019-12-09T10:30:24-08:00,13.844793376877652,-1.0277700391453184,1.8198121784000687
239,1575916225.0,-122.26201167169472,37.87480992740782,POINT (-122.26201167169472 37.87480992740782),ios,,2019-12-09T10:30:25-08:00,12.817023337732333,0.7920421392547503,-0.9930668889218754
240,1575916226.0,-122.2618676074737,37.87482875831783,POINT (-122.2618676074737 37.87482875831783),ios,,2019-12-09T10:30:26-08:00,13.609065476987084,-0.20102474966712514,-0.4214993013273496
241,1575916227.0,-122.2617146406055,37.87484875290989,POINT (-122.2617146406055 37.87484875290989),ios,,2019-12-09T10:30:27-08:00,13.408040727319959,-0.6225240509944747,0.8952333941197068
242,1575916228.0,-122.26156394781376,37.874868521550475,POINT (-122.26156394781376 37.874868521550475),ios,,2019-12-09T10:30:28-08:00,12.785516676325484,0.2727093431252321,-2.375646301921078
243,1575916229.0,-122.26142025582027,37.87488739274465,POINT (-122.26142025582027 37.87488739274465),ios,,2019-12-09T10:30:29-08:00,13.058226019450716,-2.102936958795846,3.2617034842723314
244,1575916230.0,-122.26127349890396,37.8749066664578,POINT (-122.26127349890396 37.8749066664578),ios,,2019-12-09T10:30:30-08:00,10.95528906065487,1.1587665254764854,-3.458883592481669
245,1575916231.0,-122.26115037614488,37.87492283627657,POINT (-122.26115037614488 37.87492283627657),ios,,2019-12-09T10:30:31-08:00,12.114055586131355,-2.300117067005184,0.8756730133864892
246,1575916232.0,-122.26101423037323,37.874940716418884,POINT (-122.26101423037323 37.874940716418884),ios,,2019-12-09T10:30:32-08:00,9.813938519126172,-1.4244440536186946,0.6997781017373494
247,1575916233.0,-122.2609039322547,37.874955189476,POINT (-122.2609039322547 37.874955189476),ios,,2019-12-09T10:30:33-08:00,8.389494465507477,-0.7246659518813452,0.6946110602245659
248,1575916234.0,-122.26080946522194,37.87496668413179,POINT (-122.26080946522194 37.87496668413179),ios,,2019-12-09T10:30:34-08:00,7.664828513626132,-0.030054891656779326,-4.255294245721994
249,1575916235.0,-122.26072315802966,37.87497718590621,POINT (-122.26072315802966 37.87497718590621),ios,,2019-12-09T10:30:35-08:00,7.6347736219693525,-4.285349137378773,3.7827566735385934
250,1575916236.0,-122.26063718924831,37.874987646503115,POINT (-122.26063718924831 37.874987646503115),ios,,2019-12-09T10:30:36-08:00,3.3494244845905796,-0.50259246384018,-1.29045024768007
251,1575916237.0,-122.26059947418509,37.87499223563498,POINT (-122.26059947418509 37.87499223563498),ios,,2019-12-09T10:30:37-08:00,2.8468320207503996,-1.79304271152025,38.59121905933352
252,1575916238.0,-122.26056741839275,37.87499613615231,POINT (-122.26056741839275 37.87499613615231),ios,,2019-12-09T10:30:38-08:00,1.0537893092301496,36.79817634781327,-71.44555009321294
253,1575916239.0,-122.26056063434744,37.875003955145196,POINT (-122.26056063434744 37.875003955145196),ios,,2019-12-09T10:30:39-08:00,37.851965657043415,-34.647373745399676,34.23258834692756
254,1575916240.0,-122.2601375,37.8750697,POINT (-122.2601375 37.8750697),android,,2019-12-09T10:30:40-08:00,3.2045919116437402,-0.41478539847211726,-1.6053778647393013
255,1575916241.0,-122.2601155,37.8750467,POINT (-122.2601155 37.8750467),android,,2019-12-09T10:30:41-08:00,2.789806513171623,-2.0201632632114186,2.52747981784749
256,1575916242.0,-122.2600931,37.8750289,POINT (-122.2600931 37.8750289),android,,2019-12-09T10:30:42-08:00,0.7696432499602044,0.5073165546360716,0.0023848937958252494
271,1575916257.0,-122.25999930993652,37.87510169005461,POINT (-122.25999930993652 37.87510169005461),ios,,2019-12-09T10:30:57-08:00,8.379391569501278,0.5430899615734504,-0.19642750851825852
272,1575916258.0,-122.25990523581544,37.875114519896606,POINT (-122.25990523581544 37.875114519896606),ios,,2019-12-09T10:30:58-08:00,8.922481531074729,0.34666245305519183,0.29472145244044157
273,1575916259.0,-122.25980506449065,37.875128181276104,POINT (-122.25980506449065 37.875128181276104),ios,,2019-12-09T10:30:59-08:00,9.26914398412992,0.6413839054956334,0.4706424032058436
274,1575916260.0,-122.25970100122083,37.875142373439616,POINT (-122.25970100122083 37.875142373439616),ios,,2019-12-09T10:31:00-08:00,9.910527889625554,1.112026308701477,-3.3186970721387326
275,1575916261.0,-122.25958973720992,37.87515754764123,POINT (-122.25958973720992 37.87515754764123),ios,,2019-12-09T10:31:01-08:00,11.02255419832703,-2.2066707634372555,10.294484888422632
276,1575916262.0,-122.2594659886202,37.87517442449147,POINT (-122.2594659886202 37.87517442449147),ios,,2019-12-09T10:31:02-08:00,8.815883434889775,8.087814124985377,-14.11769852629706
277,1575916263.0,-122.25936701397777,37.87518792266726,POINT (-122.25936701397777 37.87518792266726),ios,,2019-12-09T10:31:03-08:00,16.90369755987515,-6.0298844013116835,4.560260520375667
278,1575916264.0,-122.25917688158069,37.87521211673649,POINT (-122.25917688158069 37.87521211673649),ios,,2019-12-09T10:31:04-08:00,10.873813158563468,-1.469623880936016,5.087744941300993
279,1575916265.0,-122.25905457289059,37.87522767903017,POINT (-122.25905457289059 37.87522767903017),ios,,2019-12-09T10:31:05-08:00,9.404189277627452,3.6181210603649774,-5.919000702878803
280,1575916266.0,-122.25894879451496,37.87524113804232,POINT (-122.25894879451496 37.87524113804232),ios,,2019-12-09T10:31:06-08:00,13.02231033799243,-2.3008796425138254,-2.2589499023561475
281,1575916267.0,-122.2588054,37.8752712,POINT (-122.2588054 37.8752712),android,,2019-12-09T10:31:07-08:00,10.721430695478604,-4.559829544869973,9.354021212147599
282,1575916268.0,-122.2586834,37.875276,POINT (-122.2586834 37.875276),android,,2019-12-09T10:31:08-08:00,6.1616011506086314,4.794191667277626,-7.33464641259697
283,1575916269.0,-122.25861395351734,37.875284099228125,POINT (-122.25861395351734 37.875284099228125),ios,,2019-12-09T10:31:09-08:00,10.955792817886257,-2.5404547453193445,1.6803782875091349
284,1575916270.0,-122.25849019056018,37.875296904384825,POINT (-122.25849019056018 37.875296904384825),midpoint,"[<POINT (-122.258 37.875)>, <POINT (-122.259 37.875)>]",2019-12-09T10:31:10-08:00,8.415338072566913,-0.8600764578102096,-1.5325176211546365
285,1575916271.0,-122.25839477492603,37.875304325569374,POINT (-122.25839477492603 37.875304325569374),midpoint,"[<POINT (-122.258 37.875)>, <POINT (-122.258 37.875)>]",2019-12-09T10:31:11-08:00,7.555261614756703,-2.392594078964846,6.549462081770735
286,1575916272.0,-122.2583090035892,37.87531006220041,POINT (-122.2583090035892 37.87531006220041),midpoint,"[<POINT (-122.258 37.875)>, <POINT (-122.258 37.875)>]",2019-12-09T10:31:12-08:00,5.162667535791857,4.156868002805889,-7.595965764350017
287,1575916273.0,-122.25825054182712,37.875315174075126,POINT (-122.25825054182712 37.875315174075126),midpoint,"[<POINT (-122.258 37.875)>, <POINT (-122.258 37.875)>]",2019-12-09T10:31:13-08:00,9.319535538597746,-3.4390977615441276,1.4772047170276905
288,1575916274.0,-122.25814664886842,37.87533247375389,POINT (-122.25814664886842 37.87533247375389),midpoint,"[<POINT (-122.258 37.875)>, <POINT (-122.258 37.875)>]",2019-12-09T10:31:14-08:00,5.8804377770536185,-1.961893044516437,0.7921118734013133
289,1575916275.0,-122.2580805897515,37.87534129198255,POINT (-122.2580805897515 37.87534129198255),midpoint,"[<POINT (-122.258 37.875)>, <POINT (-122.258 37.875)>]",2019-12-09T10:31:15-08:00,3.9185447325371814,-1.1697811711151238,-0.3782341740403232
290,1575916276.0,-122.25803609808906,37.87534420855025,POINT (-122.25803609808906 37.87534420855025),midpoint,"[<POINT (-122.258 37.875)>, <POINT (-122.258 37.875)>]",2019-12-09T10:31:16-08:00,2.7487635614220576,-1.548015345155447,0.8866307065227412
291,1575916277.0,-122.25800485855838,37.87534594910892,POINT (-122.25800485855838 37.87534594910892),midpoint,"[<POINT (-122.258 37.875)>, <POINT (-122.258 37.875)>]",2019-12-09T10:31:17-08:00,1.2007482162666105,-0.6613846386327058,0.23738206638685638
292,1575916278.0,-122.25799136911492,37.87534774699063,POINT (-122.25799136911492 37.87534774699063),midpoint,"[<POINT (-122.258 37.875)>, <POINT (-122.258 37.875)>]",2019-12-09T10:31:18-08:00,0.5393635776339047,-0.4240025722458494,0.45835424844708006
293,1575916279.0,-122.25798712737003,37.875351256678734,POINT (-122.25798712737003 37.875351256678734),midpoint,"[<POINT (-122.258 37.875)>, <POINT (-122.258 37.875)>]",2019-12-09T10:31:19-08:00,0.11536100538805531,0.034351676201230655,-0.021725267261896872
294,1575916280.0,-122.25798673562511,37.87535026636684,POINT (-122.25798673562511 37.87535026636684),midpoint,"[<POINT (-122.258 37.875)>, <POINT (-122.258 37.875)>]",2019-12-09T10:31:20-08:00,0.14971268158928597,0.012626408939333783,0.27109978311855354
295,1575916281.0,-122.2579881438802,37.87535102605495,POINT (-122.2579881438802 37.87535102605495),midpoint,"[<POINT (-122.258 37.875)>, <POINT (-122.258 37.875)>]",2019-12-09T10:31:21-08:00,0.16233909052861975,0.2837261920578873,-0.5018093968235657
296,1575916282.0,-122.2579898521353,37.87535158574306,POINT (-122.2579898521353 37.87535158574306),midpoint,"[<POINT (-122.258 37.875)>, <POINT (-122.258 37.875)>]",2019-12-09T10:31:22-08:00,0.446065282586507,-0.21808320476567838,-0.009898873055150248
297,1575916283.0,-122.25799476039039,37.87535054543116,POINT (-122.25799476039039 37.87535054543116),midpoint,"[<POINT (-122.258 37.875)>, <POINT (-122.258 37.875)>]",2019-12-09T10:31:23-08:00,0.22798207782082863,-0.22798207782082863,0.22798207782082863
298,1575916284.0,-122.25799216903519,37.875350405067735,POINT (-122.25799216903519 37.875350405067735),midpoint,"[<POINT (-122.258 37.875)>, <POINT (-122.258 37.875)>]",2019-12-09T10:31:24-08:00,0.0,0.0,0.0
