,ts,longitude,latitude,geometry,source,fmt_time,speed,acceleration,jerk
2,1568218774.0,-122.38759319999998,37.6009917,POINT (-122.38759319999998 37.6009917),android,2019-09-11T09:19:34-07:00,20.43837651357969,-4.997599654781485,4.939403470537297
3,1568218775.0,-122.3877402,37.6011339,POINT (-122.3877402 37.6011339),android,2019-09-11T09:19:35-07:00,15.440776858798205,-0.05819618424418849,0.05818736803860958
4,1568218776.0,-122.3878499,37.6012422,POINT (-122.3878499 37.6012422),android,2019-09-11T09:19:36-07:00,15.382580674554017,-8.81620557890983e-06,2.965764522855352e-09
5,1568218777.0,-122.3879598938632,37.6013496397905,POINT (-122.3879598938632 37.6013496397905),android,2019-09-11T09:19:37-07:00,15.382571858348438,-8.813239814386975e-06,-4.3955896700254016e-09
6,1568218778.0,-122.38806988772637,37.601457079580996,POINT (-122.38806988772637 37.601457079580996),android,2019-09-11T09:19:38-07:00,15.382563045108624,-8.817635404057e-06,2.9657574174279944e-09
7,1568218779.0,-122.38817988158958,37.6015645193715,POINT (-122.38817988158958 37.6015645193715),android,2019-09-11T09:19:39-07:00,15.38255422747322,-8.814669646639572e-06,-1.5910650574824103e-09
8,1568218780.0,-122.38828987545276,37.601671959162,POINT (-122.38828987545276 37.601671959162),android,2019-09-11T09:19:40-07:00,15.382545412803573,-8.816260711697055e-06,2.965743206573279e-09
9,1568218781.0,-122.38839986931595,37.601779398952495,POINT (-122.38839986931595 37.601779398952495),android,2019-09-11T09:19:41-07:00,15.382536596542861,-8.813294968490482e-06,-4.395559471959132e-09
10,1568218782.0,-122.38850986317912,37.60188683874299,POINT (-122.38850986317912 37.60188683874299),android,2019-09-11T09:19:42-07:00,15.382527783247893,-8.81769052796244e-06,2.965734324789082e-09
11,1568218783.0,-122.38861985704233,37.601994278533496,POINT (-122.38861985704233 37.601994278533496),android,2019-09-11T09:19:43-07:00,15.382518965557365,-8.814724793637652e-06,-1.5910490702708557e-09
12,1568218784.0,-122.3887298509055,37.60210171832399,POINT (-122.3887298509055 37.60210171832399),android,2019-09-11T09:19:44-07:00,15.382510150832571,-8.816315842707922e-06,2.3521042891161414e-09
13,1568218785.0,-122.3888398447687,37.60220915811449,POINT (-122.3888398447687 37.60220915811449),android,2019-09-11T09:19:45-07:00,15.382501334516729,-8.813963738418806e-06,-1.7660504170180502e-09
14,1568218786.0,-122.38894983863187,37.60231659790499,POINT (-122.38894983863187 37.60231659790499),android,2019-09-11T09:19:46-07:00,15.38249252055299,-8.815729788835824e-06,-1.2410215077807152e-09
15,1568218787.0,-122.38905983249508,37.602424037695485,POINT (-122.38905983249508 37.602424037695485),android,2019-09-11T09:19:47-07:00,15.382483704823201,-8.816970810343605e-06,-3.9623487338527195
16,1568218788.0,-122.38916982635827,37.60253147748599,POINT (-122.38916982635827 37.60253147748599),android,2019-09-11T09:19:48-07:00,15.382474887852391,-3.96235755082353,3.377972634185868
17,1568218789.0,-122.38927982022145,37.60263891727649,POINT (-122.38927982022145 37.60263891727649),android,2019-09-11T09:19:49-07:00,11.420117337028861,-0.5843849166376618,0.5843807180596219
18,1568218790.0,-122.38935920363164,37.602720111939796,POINT (-122.38935920363164 37.602720111939796),android,2019-09-11T09:19:50-07:00,10.8357324203912,-4.1985780399045325e-06,-2.850590874459158e-10
19,1568218791.0,-122.38943440726328,37.60279722387959,POINT (-122.38943440726328 37.60279722387959),android,2019-09-11T09:19:51-07:00,10.83572822181316,-4.198863098991978e-06,9.010374668605436e-10
20,1568218792.0,-122.38950961089493,37.60287433581938,POINT (-122.38950961089493 37.60287433581938),android,2019-09-11T09:19:52-07:00,10.83572402295006,-4.197962061525118e-06,-2.3008936977930716e-09
21,1568218793.0,-122.38958481452657,37.602951447759175,POINT (-122.38958481452657 37.602951447759175),android,2019-09-11T09:19:53-07:00,10.835719824987999,-4.200262955222911e-06,3.057095909753116e-09
22,1568218794.0,-122.38966001815822,37.60302855969897,POINT (-122.38966001815822 37.60302855969897),android,2019-09-11T09:19:54-07:00,10.835715624725044,-4.197205859313158e-06,-2.9260984746315444e-09
23,1568218795.0,-122.38973522178985,37.603105671638765,POINT (-122.38973522178985 37.603105671638765),android,2019-09-11T09:19:55-07:00,10.835711427519184,-4.200131957787789e-06,-4.399296408777019
24,1568218796.0,-122.3898104254215,37.60318278357856,POINT (-122.3898104254215 37.60318278357856),android,2019-09-11T09:19:56-07:00,10.835707227387227,-4.399300608908977,-1.113232122072369
25,1568218797.0,-122.38988562905314,37.60325989551835,POINT (-122.38988562905314 37.60325989551835),android,2019-09-11T09:19:57-07:00,6.43640661847825,-5.512532730981346,6.7347046735654255
26,1568218798.0,-122.38993030000002,37.6033057,POINT (-122.38993030000002 37.6033057),android,2019-09-11T09:19:58-07:00,0.9238738874969041,1.2221719425840798,-0.8316489084134829
64,1568218836.0,-122.39016261462662,37.603562231131825,POINT (-122.39016261462662 37.603562231131825),ios,2019-09-11T09:20:36-07:00,47.366407705691934,-30.38048657712827,50.77161170563802
65,1568218837.0,-122.39062360274607,37.60378148347541,POINT (-122.39062360274607 37.60378148347541),ios,2019-09-11T09:20:37-07:00,16.985921128563664,20.39112512850975,-1.4567475810491008
79,1568218851.0,-122.39214612152648,37.60554748058868,POINT (-122.39214612152648 37.60554748058868),android,2019-09-11T09:20:51-07:00,302.4616729277002,-0.0033410061776635303,-1.0393915772510809e-07
80,1568218852.0,-122.39427723228971,37.607680220883026,POINT (-122.39427723228971 37.607680220883026),android,2019-09-11T09:20:52-07:00,302.45833192152253,-0.0033411101168212554,-9.97346205622307e-08
81,1568218853.0,-122.39640834305294,37.60981296117737,POINT (-122.39640834305294 37.60981296117737),android,2019-09-11T09:20:53-07:00,302.4549908114057,-0.0033412098514418176,-268.0982712024092
82,1568218854.0,-122.39853945381616,37.611945701471704,POINT (-122.39853945381616 37.611945701471704),android,2019-09-11T09:20:54-07:00,302.45164960155427,-268.10161241226064,255.3360445038847
83,1568218855.0,-122.40067056457939,37.61407844176605,POINT (-122.40067056457939 37.61407844176605),android,2019-09-11T09:20:55-07:00,34.35003718929363,-12.765567908375932,19.00902797439804
84,1568218856.0,-122.4007969,37.6143707,POINT (-122.4007969 37.6143707),android,2019-09-11T09:20:56-07:00,21.5844692809177,6.243460066022109,-3.7287852502179355
85,1568218857.0,-122.4009124,37.6145419,POINT (-122.4009124 37.6145419),android,2019-09-11T09:20:57-07:00,27.827929346939808,2.514674815804174,-8.638096335039364
86,1568218858.0,-122.4010548,37.6147653,POINT (-122.4010548 37.6147653),android,2019-09-11T09:20:58-07:00,30.34260416274398,-6.12342151923519,19.314044621957237
87,1568218859.0,-122.4012215,37.6150041,POINT (-122.4012215 37.6150041),android,2019-09-11T09:20:59-07:00,24.21918264350879,13.190623102722046,-18.620296982685847
88,1568218860.0,-122.4013654,37.6151897,POINT (-122.4013654 37.6151897),android,2019-09-11T09:21:00-07:00,37.40980574623084,-5.429673879963801,6.607624021404284
89,1568218861.0,-122.4015792,37.6154804,POINT (-122.4015792 37.6154804),android,2019-09-11T09:21:01-07:00,31.980131866267037,1.1779501414404834,4.573988763434642
90,1568218862.0,-122.4017514,37.6157336,POINT (-122.4017514 37.6157336),android,2019-09-11T09:21:02-07:00,33.15808200770752,5.751938904875125,-19.83893559383159
91,1568218863.0,-122.4019453,37.6159892,POINT (-122.4019453 37.6159892),android,2019-09-11T09:21:03-07:00,38.910020912582645,-14.086996688956464,21.264984934849018
92,1568218864.0,-122.4021643,37.6162931,POINT (-122.4021643 37.6162931),android,2019-09-11T09:21:04-07:00,24.82302422362618,7.1779882458925535,-7.730332074470816
93,1568218865.0,-122.4023024,37.6164877,POINT (-122.4023024 37.6164877),android,2019-09-11T09:21:05-07:00,32.001012469518734,-0.5523438285782625,-0.06256340707012598
94,1568218866.0,-122.4024679,37.6167439,POINT (-122.4024679 37.6167439),android,2019-09-11T09:21:06-07:00,31.448668640940472,-0.6149072356483885,0.26193940871856825
95,1568218867.0,-122.402629,37.6169963,POINT (-122.402629 37.6169963),android,2019-09-11T09:21:07-07:00,30.833761405292083,-0.3529678269298202,-0.08318046946981994
96,1568218868.0,-122.4027886,37.6172431,POINT (-122.4027886 37.6172431),android,2019-09-11T09:21:08-07:00,30.480793578362263,-0.43614829639964015,1.1828690297275841
97,1568218869.0,-122.4029363,37.617491,POINT (-122.4029363 37.617491),android,2019-09-11T09:21:09-07:00,30.044645281962623,0.746720733327944,-0.22375935454181928
98,1568218870.0,-122.4030947,37.6177303,POINT (-122.4030947 37.6177303),android,2019-09-11T09:21:10-07:00,30.791366015290567,0.5229613787861247,4.5147122794144
99,1568218871.0,-122.4032557,37.6179761,POINT (-122.4032557 37.6179761),android,2019-09-11T09:21:11-07:00,31.31432739407669,5.037673658200525,-16.612219074373403
100,1568218872.0,-122.403433,37.6182202,POINT (-122.403433 37.6182202),android,2019-09-11T09:21:12-07:00,36.35200105227722,-11.574545416172878,18.69839114071171
101,1568218873.0,-122.4036418,37.6185022,POINT (-122.4036418 37.6185022),android,2019-09-11T09:21:13-07:00,24.77745563610434,7.123845724538832,-7.22882847801673
102,1568218874.0,-122.4038112,37.6186801,POINT (-122.4038112 37.6186801),android,2019-09-11T09:21:14-07:00,31.90130136064317,-0.10498275347789843,5.812284164305144
103,1568218875.0,-122.4040081,37.6189209,POINT (-122.4040081 37.6189209),android,2019-09-11T09:21:15-07:00,31.796318607165272,5.707301410827245,-15.439432834063464
104,1568218876.0,-122.4041856,37.6191699,POINT (-122.4041856 37.6191699),android,2019-09-11T09:21:16-07:00,37.50362001799252,-9.732131423236218,11.36920755943612
105,1568218877.0,-122.4044147,37.6194542,POINT (-122.4044147 37.6194542),android,2019-09-11T09:21:17-07:00,27.7714885947563,1.6370761361999016,-1.4024926176975114
106,1568218878.0,-122.4045818,37.619666,POINT (-122.4045818 37.619666),android,2019-09-11T09:21:18-07:00,29.4085647309562,0.23458351850239012,3.7463474824842535
107,1568218879.0,-122.4047444,37.619897,POINT (-122.4047444 37.619897),android,2019-09-11T09:21:19-07:00,29.64314824945859,3.9809310009866437,-12.297183457286845
108,1568218880.0,-122.4049068,37.6201305,POINT (-122.4049068 37.6201305),android,2019-09-11T09:21:20-07:00,33.624079250445234,-8.316252456300202,13.686406581855785
109,1568218881.0,-122.4050916,37.6203951,POINT (-122.4050916 37.6203951),android,2019-09-11T09:21:21-07:00,25.307826794145033,5.370154125555583,-35.89665454418595
110,1568218882.0,-122.4052439,37.6205881,POINT (-122.4052439 37.6205881),android,2019-09-11T09:21:22-07:00,30.677980919700616,-30.526500418630366,30.526500419965675
111,1568218883.0,-122.4054239,37.6208243,POINT (-122.4054239 37.6208243),android,2019-09-11T09:21:23-07:00,0.15148050107024982,1.335309918193417e-09,-3.926054203962082e-09
112,1568218884.0,-122.40542478289511,37.62082546910837,POINT (-122.40542478289511 37.62082546910837),android,2019-09-11T09:21:24-07:00,0.15148050240555974,-2.5907442857686647e-09,2.6055183843798346e-09
113,1568218885.0,-122.40542566579025,37.62082663821674,POINT (-122.40542566579025 37.62082663821674),android,2019-09-11T09:21:25-07:00,0.15148049981481546,1.477409861116996e-11,-6.069381108808614e-10
114,1568218886.0,-122.40542654868536,37.62082780732511,POINT (-122.40542654868536 37.62082780732511),android,2019-09-11T09:21:26-07:00,0.15148049982958955,-5.921640122696914e-10,-7.11064540581674e-11
115,1568218887.0,-122.40542743158048,37.62082897643347,POINT (-122.40542743158048 37.62082897643347),android,2019-09-11T09:21:27-07:00,0.15148049923742554,-6.632704663278588e-10,-6.069379998585589e-10
116,1568218888.0,-122.40542831447559,37.620830145541845,POINT (-122.40542831447559 37.620830145541845),android,2019-09-11T09:21:28-07:00,0.15148049857415508,-1.2702084661864177e-09,1.963026935447587e-09
117,1568218889.0,-122.40542919737071,37.62083131465021,POINT (-122.40542919737071 37.62083131465021),android,2019-09-11T09:21:29-07:00,0.1514804973039466,6.928184692611694e-10,-2.641071417119889e-09
118,1568218890.0,-122.40543008026582,37.620832483758576,POINT (-122.40543008026582 37.620832483758576),android,2019-09-11T09:21:30-07:00,0.15148049799676508,-1.9482529478587196e-09,2.6410713616087378e-09
119,1568218891.0,-122.40543096316094,37.62083365286695,POINT (-122.40543096316094 37.62083365286695),android,2019-09-11T09:21:31-07:00,0.15148049604851213,6.928184137500182e-10,-2.641071333853162e-09
120,1568218892.0,-122.40543184605605,37.620834821975315,POINT (-122.40543184605605 37.620834821975315),android,2019-09-11T09:21:32-07:00,0.15148049674133054,-1.948252920103144e-09,2.605517912535049e-09
121,1568218893.0,-122.40543272895117,37.62083599108369,POINT (-122.40543272895117 37.62083599108369),android,2019-09-11T09:21:33-07:00,0.15148049479307762,6.572649924319052e-10,-2.53441115316555e-09
122,1568218894.0,-122.40543361184628,37.62083716019205,POINT (-122.40543361184628 37.62083716019205),android,2019-09-11T09:21:34-07:00,0.15148049545034262,-1.877146160733645e-09,1.213875472361181e-09
123,1568218895.0,-122.40543449474141,37.62083832930042,POINT (-122.40543449474141 37.62083832930042),android,2019-09-11T09:21:35-07:00,0.15148049357319646,-6.632706883724637e-10,1.3205355697820664e-09
124,1568218896.0,-122.40543537763651,37.62083949840879,POINT (-122.40543537763651 37.62083949840879),android,2019-09-11T09:21:36-07:00,0.15148049290992577,6.572648814096027e-10,-2.534410931120945e-09
125,1568218897.0,-122.40543626053162,37.62084066751716,POINT (-122.40543626053162 37.62084066751716),android,2019-09-11T09:21:37-07:00,0.15148049356719065,-1.8771460497113424e-09,2.4988573987805296e-09
126,1568218898.0,-122.40543714342675,37.62084183662552,POINT (-122.40543714342675 37.62084183662552),android,2019-09-11T09:21:38-07:00,0.1514804916900446,6.217113490691872e-10,-2.534410792343067e-09
127,1568218899.0,-122.40543802632185,37.620843005733896,POINT (-122.40543802632185 37.620843005733896),android,2019-09-11T09:21:39-07:00,0.15148049231175595,-1.9126994432738798e-09,2.605517634979293e-09
128,1568218900.0,-122.40543890921698,37.62084417484226,POINT (-122.40543890921698 37.62084417484226),android,2019-09-11T09:21:40-07:00,0.1514804903990565,6.928181917054133e-10,-2.641071056297406e-09
129,1568218901.0,-122.40543979211209,37.62084534395063,POINT (-122.40543979211209 37.62084534395063),android,2019-09-11T09:21:41-07:00,0.1514804910918747,-1.9482528645919928e-09,-0.05847145404555894
130,1568218902.0,-122.40544067500721,37.620846513059,POINT (-122.40544067500721 37.620846513059),android,2019-09-11T09:21:42-07:00,0.15148048914362183,-0.0584714559938118,4.72711461069452
131,1568218903.0,-122.40544155790232,37.620847682167366,POINT (-122.40544155790232 37.620847682167366),android,2019-09-11T09:21:43-07:00,0.09300903314981003,4.668643154700709,-4.582604870081066
132,1568218904.0,-122.4054421,37.6208484,POINT (-122.4054421 37.6208484),android,2019-09-11T09:21:44-07:00,4.761652187850519,0.08603828461964264,-0.0015933046950462244
163,1568218958.0,-122.40719537285908,37.622697402630735,POINT (-122.40719537285908 37.622697402630735),ios,2019-09-11T09:22:38-07:00,9.407719557311221,-1.6891285348208385e-07,-3.1087488139291963e-10
164,1568218959.0,-122.40720883076418,37.6227813341274,POINT (-122.40720883076418 37.6227813341274),ios,2019-09-11T09:22:39-07:00,9.407719388398368,-1.6922372836347677e-07,1.4097683020963814e-09
165,1568218960.0,-122.40722228866925,37.62286526562407,POINT (-122.40722228866925 37.62286526562407),ios,2019-09-11T09:22:40-07:00,9.40771921917464,-1.6781396006138039e-07,-6.262457219463613e-10
166,1568218961.0,-122.40723574657433,37.62294919712073,POINT (-122.40723574657433 37.62294919712073),ios,2019-09-11T09:22:41-07:00,9.40771905136068,-1.6844020578332675e-07,-6.308571443014444e-10
167,1568218962.0,-122.40724920447941,37.6230331286174,POINT (-122.40724920447941 37.6230331286174),ios,2019-09-11T09:22:42-07:00,9.407718882920474,-1.690710629276282e-07,1.6216183951200946e-10
168,1568218963.0,-122.40726266238451,37.62311706011407,POINT (-122.40726266238451 37.62311706011407),ios,2019-09-11T09:22:43-07:00,9.40771871384941,-1.6890890108811618e-07,9.36726252120934e-10
169,1568218964.0,-122.40727612028957,37.62320099161074,POINT (-122.40727612028957 37.62320099161074),ios,2019-09-11T09:22:44-07:00,9.40771854494051,-1.6797217483599525e-07,-0.7335094384685927
170,1568218965.0,-122.40728957819466,37.6232849231074,POINT (-122.40728957819466 37.6232849231074),ios,2019-09-11T09:22:45-07:00,9.407718376968335,-0.7335096064407676,1.0808977509129127
171,1568218966.0,-122.40730303609975,37.62336885460407,POINT (-122.40730303609975 37.62336885460407),ios,2019-09-11T09:22:46-07:00,8.674208770527567,0.34738814447214517,-0.0033732884054075572
172,1568219069.0,-122.41160607333227,37.63064522380843,POINT (-122.41160607333227 37.63064522380843),ios,2019-09-11T09:24:29-07:00,44.455187651158525,-6.056128483322709e-05,1.0508145464882546e-09
173,1568219070.0,-122.4118841402053,37.63097890038525,POINT (-122.4118841402053 37.63097890038525),ios,2019-09-11T09:24:30-07:00,44.45512708987369,-6.05602340186806e-05,-2.9655282673957117e-09
174,1568219071.0,-122.41216220707834,37.63131257696207,POINT (-122.41216220707834 37.63131257696207),ios,2019-09-11T09:24:31-07:00,44.45506652963967,-6.0563199546948e-05,3.8080543163232505e-09
175,1568219072.0,-122.41244027395138,37.63164625353889,POINT (-122.41244027395138 37.63164625353889),ios,2019-09-11T09:24:32-07:00,44.455005966440126,-6.0559391492631676e-05,-2.3060735543367628e-09
176,1568219073.0,-122.41271834082438,37.631979930115705,POINT (-122.41271834082438 37.631979930115705),ios,2019-09-11T09:24:33-07:00,44.45494540704863,-6.056169756618601e-05,-9.27450116705586e-10
177,1568219074.0,-122.41299640769742,37.63231360669253,POINT (-122.41299640769742 37.63231360669253),ios,2019-09-11T09:24:34-07:00,44.45488484535107,-6.056262501630272e-05,-3.277378368693462e-10
178,1568219075.0,-122.41327447457046,37.63264728326935,POINT (-122.41327447457046 37.63264728326935),ios,2019-09-11T09:24:35-07:00,44.45482428272605,-6.056295275413959e-05,-0.0018475067428624925
179,1568219076.0,-122.4135525414435,37.632980959846165,POINT (-122.4135525414435 37.632980959846165),ios,2019-09-11T09:24:36-07:00,44.4547637197733,-0.001908069695616632,0.0018772972596667523
180,1568219077.0,-122.4138306083165,37.63331463642299,POINT (-122.4138306083165 37.63331463642299),ios,2019-09-11T09:24:37-07:00,44.45285565007768,-3.0772435949879836e-05,-0.5427883139584592
181,1568219139.0,-122.43107075444432,37.654002584185776,POINT (-122.43107075444432 37.654002584185776),ios,2019-09-11T09:25:39-07:00,44.45094775904879,-33.652906237860414,33.67005363144827
182,1568219140.0,-122.43134882131733,37.6543362607626,POINT (-122.43134882131733 37.6543362607626),ios,2019-09-11T09:25:40-07:00,10.798041521188376,0.01714739358785244,-6.805986723527382e-05
185,1568219392.0,-122.45174596448514,37.67272485473493,POINT (-122.45174596448514 37.67272485473493),ios,2019-09-11T09:29:52-07:00,15.119184705327191,-3.6929554365627837e-06,-4.850670975997673e-09
186,1568219393.0,-122.45191615556041,37.67274333266073,POINT (-122.45191615556041 37.67274333266073),ios,2019-09-11T09:29:53-07:00,15.119181012371754,-3.6978061075387814e-06,5.062355867835322e-09
187,1568219394.0,-122.45208634663571,37.67276181058652,POINT (-122.45208634663571 37.67276181058652),ios,2019-09-11T09:29:54-07:00,15.119177314565647,-3.692743751670946e-06,70.60967500729988
188,1568219395.0,-122.45225653771098,37.672780288512314,POINT (-122.45225653771098 37.672780288512314),ios,2019-09-11T09:29:55-07:00,15.119173621821895,70.60967131455614,-73.63060890205914
189,1568219396.0,-122.45242672878628,37.67279876643811,POINT (-122.45242672878628 37.67279876643811),ios,2019-09-11T09:29:56-07:00,85.72884493637804,-3.0209375875029987,0.2118215602906251
190,1568219422.0,-122.46920096631571,37.68781792434165,POINT (-122.46920096631571 37.68781792434165),android,2019-09-11T09:30:22-07:00,7.184467661300082,2.4864229800532547,-2.486425557198264
191,1568219423.0,-122.4691589,37.6878733,POINT (-122.4691589 37.6878733),android,2019-09-11T09:30:23-07:00,9.670890641353337,-2.577145009396986e-06,-1.3236327589538632e-09
192,1568219424.0,-122.46910230740592,37.68794785555753,POINT (-122.46910230740592 37.68794785555753),android,2019-09-11T09:30:24-07:00,9.670888064208327,-2.57846864215594e-06,7.082352482257193e-10
193,1568219425.0,-122.46904571481183,37.688022411115064,POINT (-122.46904571481183 37.688022411115064),android,2019-09-11T09:30:25-07:00,9.670885485739685,-2.5777604069077142e-06,6.377613536221379
194,1568219426.0,-122.46898912221774,37.68809696667259,POINT (-122.46898912221774 37.68809696667259),android,2019-09-11T09:30:26-07:00,9.670882907979278,6.377610958460972,-6.475278363084311
195,1568219427.0,-122.46893252962366,37.68817152223012,POINT (-122.46893252962366 37.68817152223012),android,2019-09-11T09:30:27-07:00,16.04849386644025,-0.09766740462333978,0.011840213771689924
196,1568219518.0,-122.4711169,37.7011911,POINT (-122.4711169 37.7011911),android,2019-09-11T09:31:58-07:00,7.160760045716331,0.9797920486004434,1.9805600783244168
197,1568219519.0,-122.471136,37.7012537,POINT (-122.471136 37.7012537),android,2019-09-11T09:31:59-07:00,8.140552094316774,2.9603521269248603,-4.757740375749631
198,1568219520.0,-122.4711469,37.7013264,POINT (-122.4711469 37.7013264),android,2019-09-11T09:32:00-07:00,11.100904221241635,-1.7973882488247703,3.481726887803994
199,1568219521.0,-122.4711931,37.7014193,POINT (-122.4711931 37.7014193),android,2019-09-11T09:32:01-07:00,9.303515972416864,1.6843386389792236,-0.5636447272986835
200,1568219522.0,-122.4712074,37.7015022,POINT (-122.4712074 37.7015022),android,2019-09-11T09:32:02-07:00,10.987854611396088,1.1206939116805401,-1.2931882382587414
201,1568219523.0,-122.4712325,37.701599,POINT (-122.4712325 37.701599),android,2019-09-11T09:32:03-07:00,12.108548523076628,-0.1724943265782013,2.323919464058724
202,1568219524.0,-122.4712733,37.701703,POINT (-122.4712733 37.701703),android,2019-09-11T09:32:04-07:00,11.936054196498427,2.1514251374805227,-2.159037459912051
203,1568219525.0,-122.471299,37.7018084,POINT (-122.471299 37.7018084),android,2019-09-11T09:32:05-07:00,14.08747933397895,-0.00761232243152854,40.55439675216204
204,1568219526.0,-122.4713235,37.7019336,POINT (-122.4713235 37.7019336),android,2019-09-11T09:32:06-07:00,14.079867011547421,40.546784429730515,-44.43317874579847
205,1568219527.0,-122.471333,37.70206,POINT (-122.471333 37.70206),android,2019-09-11T09:32:07-07:00,54.626651441277936,-3.8863943160679555,0.2876996913481665
206,1568219541.0,-122.46747919522038,37.70822500283759,POINT (-122.46747919522038 37.70822500283759),ios,2019-09-11T09:32:21-07:00,0.21713101632656084,0.14140136280637514,-0.0013340325519091718
286,1568219647.0,-122.46724600794292,37.708131143293244,POINT (-122.46724600794292 37.708131143293244),ios,2019-09-11T09:34:07-07:00,15.205675473802327,-6.087695997081255e-06,-6.348503944764161e-10
287,1568219648.0,-122.46715947135392,37.708249519470556,POINT (-122.46715947135392 37.708249519470556),ios,2019-09-11T09:34:08-07:00,15.20566938610633,-6.088330847475731e-06,6.168896504732402e-10
288,1568219649.0,-122.46707293476493,37.70836789564787,POINT (-122.46707293476493 37.70836789564787),ios,2019-09-11T09:34:09-07:00,15.205663297775482,-6.087713957825258e-06,-8.979483823168266e-12
289,1568219650.0,-122.46698639817595,37.70848627182518,POINT (-122.46698639817595 37.70848627182518),ios,2019-09-11T09:34:10-07:00,15.205657210061524,-6.087722937309081e-06,6.168807686890432e-10
290,1568219651.0,-122.46689986158697,37.70860464800249,POINT (-122.46689986158697 37.70860464800249),ios,2019-09-11T09:34:11-07:00,15.205651122338587,-6.087106056540392e-06,-1.886576228571357e-09
291,1568219652.0,-122.46681332499799,37.708723024179804,POINT (-122.46681332499799 37.708723024179804),ios,2019-09-11T09:34:12-07:00,15.20564503523253,-6.088992632768964e-06,-11.011940800158056
292,1568219653.0,-122.46672678840899,37.708841400357116,POINT (-122.46672678840899 37.708841400357116),ios,2019-09-11T09:34:13-07:00,15.205638946239898,-11.011946889150689,8.167960412062984
293,1568219654.0,-122.46664025182002,37.70895977653443,POINT (-122.46664025182002 37.70895977653443),ios,2019-09-11T09:34:14-07:00,4.193692057089209,-2.8439864770877055,2.8439864306196325
294,1568219655.0,-122.46661640325176,37.70899243278815,POINT (-122.46661640325176 37.70899243278815),ios,2019-09-11T09:34:15-07:00,1.3497055800015039,-4.646807316710522e-08,-2.557647649226169e-09
295,1568219656.0,-122.46660874006167,37.70900294854363,POINT (-122.46660874006167 37.70900294854363),ios,2019-09-11T09:34:16-07:00,1.3497055335334307,-4.9025720816331386e-08,5.642857292542658e-10
296,1568219657.0,-122.46660107687157,37.70901346429911,POINT (-122.46660107687157 37.70901346429911),ios,2019-09-11T09:34:17-07:00,1.3497054845077099,-4.846143508707712e-08,1.3689567257557655e-09
297,1568219658.0,-122.4665934136815,37.709023980054596,POINT (-122.4665934136815 37.709023980054596),ios,2019-09-11T09:34:18-07:00,1.3497054360462748,-4.7092478361321355e-08,-6.010170139347792e-11
298,1568219659.0,-122.46658575049142,37.70903449581007,POINT (-122.46658575049142 37.70903449581007),ios,2019-09-11T09:34:19-07:00,1.3497053889537964,-4.715258006271483e-08,-1.9332599965338204e-09
299,1568219660.0,-122.46657808730134,37.70904501156556,POINT (-122.46657808730134 37.70904501156556),ios,2019-09-11T09:34:20-07:00,1.3497053418012164,-4.908584005924865e-08,3.2421143547622933e-09
300,1568219661.0,-122.46657042411125,37.70905552732104,POINT (-122.46657042411125 37.70905552732104),ios,2019-09-11T09:34:21-07:00,1.3497052927153763,-4.584372570448636e-08,-3.1820304169372093e-09
301,1568219662.0,-122.46656276092118,37.70906604307652,POINT (-122.46656276092118 37.70906604307652),ios,2019-09-11T09:34:22-07:00,1.3497052468716506,-4.902575612142357e-08,5.642832867636116e-10
302,1568219663.0,-122.46655509773107,37.709076558832,POINT (-122.46655509773107 37.709076558832),ios,2019-09-11T09:34:23-07:00,1.3497051978458945,-4.846147283465996e-08,1.993342158002065e-09
303,1568219664.0,-122.466547434541,37.70908707458749,POINT (-122.466547434541 37.70908707458749),ios,2019-09-11T09:34:24-07:00,1.3497051493844217,-4.646813067665789e-08,-1.933258220176981e-09
304,1568219665.0,-122.46653977135092,37.709097590342964,POINT (-122.46653977135092 37.709097590342964),ios,2019-09-11T09:34:25-07:00,1.349705102916291,-4.8401388896834874e-08,-6.010258957189762e-11
305,1568219666.0,-122.46653210816083,37.70910810609845,POINT (-122.46653210816083 37.70910810609845),ios,2019-09-11T09:34:26-07:00,1.349705054514902,-4.846149148640677e-08,2.6177264800253397e-09
306,1568219667.0,-122.46652444497076,37.70911862185393,POINT (-122.46652444497076 37.70911862185393),ios,2019-09-11T09:34:27-07:00,1.3497050060534106,-4.584376500638143e-08,-3.1820268642235305e-09
307,1568219668.0,-122.46651678178068,37.70912913760941,POINT (-122.46651678178068 37.70912913760941),ios,2019-09-11T09:34:28-07:00,1.3497049602096456,-4.902579187060496e-08,1.188665832430047e-09
308,1568219669.0,-122.46650911859058,37.70913965336489,POINT (-122.46650911859058 37.70913965336489),ios,2019-09-11T09:34:29-07:00,1.3497049111838537,-4.7837126038174915e-08,1.2018852579842587e-10
309,1568219670.0,-122.4665014554005,37.70915016912038,POINT (-122.4665014554005 37.70915016912038),ios,2019-09-11T09:34:30-07:00,1.3497048633467277,-4.771693751237649e-08,-0.25573924884416566
310,1568219671.0,-122.46649379221041,37.709160684875854,POINT (-122.46649379221041 37.709160684875854),ios,2019-09-11T09:34:31-07:00,1.3497048156297902,-0.25573929656110317,21.454897673222675
311,1568219672.0,-122.46648612902034,37.70917120063134,POINT (-122.46648612902034 37.70917120063134),ios,2019-09-11T09:34:32-07:00,1.093965519068687,21.199158376661572,-21.199178319996346
312,1568219673.0,-122.46647991783557,37.70917972388334,POINT (-122.46647991783557 37.70917972388334),ios,2019-09-11T09:34:33-07:00,22.293123895730258,-1.9943334773842025e-05,-5.30185673142114e-10
313,1568219674.0,-122.46631121568159,37.70932933080109,POINT (-122.46631121568159 37.70932933080109),ios,2019-09-11T09:34:34-07:00,22.293103952395484,-1.9943864959515167e-05,-2.0562964664350147e-09
314,1568219675.0,-122.46614251352757,37.709478937718835,POINT (-122.46614251352757 37.709478937718835),ios,2019-09-11T09:34:35-07:00,22.293084008530524,-1.9945921255981602e-05,284.5815135508742
315,1568219676.0,-122.46597381137356,37.70962854463659,POINT (-122.46597381137356 37.70962854463659),ios,2019-09-11T09:34:36-07:00,22.293064062609268,284.5814936049529,-580.466837471196
316,1568219677.0,-122.46580510921956,37.70977815155433,POINT (-122.46580510921956 37.70977815155433),ios,2019-09-11T09:34:37-07:00,306.8745576675622,-295.885343866243,300.20321608145053
317,1568219678.0,-122.4623755,37.710283,POINT (-122.4623755 37.710283),android,2019-09-11T09:34:38-07:00,10.989213801319242,4.3178722152075615,-4.57450325303558
318,1568219679.0,-122.4622506,37.7102849,POINT (-122.4622506 37.7102849),android,2019-09-11T09:34:39-07:00,15.307086016526803,-0.25663103782801855,2.657373700217434
319,1568219680.0,-122.4620766,37.7102836,POINT (-122.4620766 37.7102836),android,2019-09-11T09:34:40-07:00,15.050454978698784,2.4007426623894155,-7.749681066038525
320,1568219681.0,-122.4619056,37.7102792,POINT (-122.4619056 37.7102792),android,2019-09-11T09:34:41-07:00,17.4511976410882,-5.348938403649109,7.804006989742517
321,1568219682.0,-122.4617073,37.7102837,POINT (-122.4617073 37.7102837),android,2019-09-11T09:34:42-07:00,12.10225923743909,2.4550685860934074,-2.3964393194663867
322,1568219683.0,-122.4615709,37.7102695,POINT (-122.4615709 37.7102695),android,2019-09-11T09:34:43-07:00,14.557327823532498,0.058629266627020726,2.1709738761206427
323,1568219684.0,-122.4614068,37.7102526,POINT (-122.4614068 37.7102526),android,2019-09-11T09:34:44-07:00,14.615957090159519,2.2296031427476635,-6.1704667022977215
324,1568219685.0,-122.4612419,37.7102365,POINT (-122.4612419 37.7102365),android,2019-09-11T09:34:45-07:00,16.845560232907182,-3.940863559550058,7.1033028021441496
325,1568219686.0,-122.4610517,37.7102189,POINT (-122.4610517 37.7102189),android,2019-09-11T09:34:46-07:00,12.904696673357124,3.1624392425940915,-2.8529364299968396
326,1568219687.0,-122.4609062,37.7102041,POINT (-122.4609062 37.7102041),android,2019-09-11T09:34:47-07:00,16.067135915951216,0.3095028125972519,-0.6980558724106167
327,1568219688.0,-122.4607245,37.7101894,POINT (-122.4607245 37.7101894),android,2019-09-11T09:34:48-07:00,16.376638728548468,-0.38855305981336485,4.326107009528759
328,1568219689.0,-122.4605402,37.7101686,POINT (-122.4605402 37.7101686),android,2019-09-11T09:34:49-07:00,15.988085668735103,3.9375539497153937,-11.736331172403348
329,1568219690.0,-122.4603604,37.7101476,POINT (-122.4603604 37.7101476),android,2019-09-11T09:34:50-07:00,19.925639618450496,-7.798777222687955,20.642026249606896
330,1568219691.0,-122.4601376,37.7101153,POINT (-122.4601376 37.7101153),android,2019-09-11T09:34:51-07:00,12.126862395762542,12.843249026918942,-16.76749081619024
331,1568219692.0,-122.4600029,37.7100921,POINT (-122.4600029 37.7100921),android,2019-09-11T09:34:52-07:00,24.970111422681484,-3.9242417892712957,4.022624940703341
332,1568219693.0,-122.4597242,37.7101347,POINT (-122.4597242 37.7101347),android,2019-09-11T09:34:53-07:00,21.045869633410188,0.09838315143204568,0.5052111881307191
333,1568219694.0,-122.4594878,37.7101638,POINT (-122.4594878 37.7101638),android,2019-09-11T09:34:54-07:00,21.144252784842234,0.6035943395627648,-0.8430444005035866
334,1568219695.0,-122.4592483,37.7101799,POINT (-122.4592483 37.7101799),android,2019-09-11T09:34:55-07:00,21.747847124405,-0.23945006094082188,0.22358836616425748
335,1568219696.0,-122.459002,37.7101968,POINT (-122.459002 37.7101968),android,2019-09-11T09:34:56-07:00,21.508397063464177,-0.015861694776564406,0.7560493699034438
336,1568219697.0,-122.4587585,37.7102143,POINT (-122.4587585 37.7102143),android,2019-09-11T09:34:57-07:00,21.492535368687612,0.7401876751268794,4.361978039390085
337,1568219698.0,-122.4585201,37.7102566,POINT (-122.4585201 37.7102566),android,2019-09-11T09:34:58-07:00,22.23272304381449,5.102165714516964,-16.6878047462108
338,1568219699.0,-122.4582718,37.7102193,POINT (-122.4582718 37.7102193),android,2019-09-11T09:34:59-07:00,27.334888758331456,-11.585639031693837,16.27952609233903
339,1568219700.0,-122.4579627,37.7101941,POINT (-122.4579627 37.7101941),android,2019-09-11T09:35:00-07:00,15.749249726637618,4.693887060645192,-2.246783496107721
340,1568219701.0,-122.4577847,37.7101789,POINT (-122.4577847 37.7101789),android,2019-09-11T09:35:01-07:00,20.44313678728281,2.4471035645374712,-3.2106686736837204
341,1568219702.0,-122.4575524,37.7101737,POINT (-122.4575524 37.7101737),android,2019-09-11T09:35:02-07:00,22.89024035182028,-0.7635651091462492,-0.02842647601510606
342,1568219703.0,-122.4572922,37.7101718,POINT (-122.4572922 37.7101718),android,2019-09-11T09:35:03-07:00,22.126675242674033,-0.7919915851613553,0.40402842761353597
343,1568219704.0,-122.4570452,37.7102094,POINT (-122.4570452 37.7102094),android,2019-09-11T09:35:04-07:00,21.334683657512677,-0.3879631575478193,0.3531998132722194
344,1568219705.0,-122.4568059,37.7102406,POINT (-122.4568059 37.7102406),android,2019-09-11T09:35:05-07:00,20.946720499964858,-0.034763344275599906,1.9484557613559872
345,1568219706.0,-122.4565707,37.71027,POINT (-122.4565707 37.71027),android,2019-09-11T09:35:06-07:00,20.911957155689258,1.9136924170803873,1.8541350916496846
346,1568219707.0,-122.4563359,37.7102994,POINT (-122.4563359 37.7102994),android,2019-09-11T09:35:07-07:00,22.825649572769645,3.767827508730072,-14.297134013747836
347,1568219708.0,-122.4561035,37.7103907,POINT (-122.4561035 37.7103907),android,2019-09-11T09:35:08-07:00,26.593477081499717,-10.529306505017765,16.402255911397592
348,1568219709.0,-122.4558197,37.7104731,POINT (-122.4558197 37.7104731),android,2019-09-11T09:35:09-07:00,16.064170576481953,5.872949406379828,-5.981015174170292
349,1568219710.0,-122.4556519,37.7105301,POINT (-122.4556519 37.7105301),android,2019-09-11T09:35:10-07:00,21.93711998286178,-0.10806576779046395,1.9446095515316841
350,1568219711.0,-122.4554187,37.7106,POINT (-122.4554187 37.7106),android,2019-09-11T09:35:11-07:00,21.829054215071316,1.8365437837412202,-7.085695777048777
351,1568219712.0,-122.4551952,37.7106853,POINT (-122.4551952 37.7106853),android,2019-09-11T09:35:12-07:00,23.665597998812537,-5.2491519933075566,7.951115044157021
352,1568219713.0,-122.4549719,37.710804,POINT (-122.4549719 37.710804),android,2019-09-11T09:35:13-07:00,18.41644600550498,2.7019630508494643,-2.7559829180007327
353,1568219714.0,-122.4548013,37.7109,POINT (-122.4548013 37.7109),android,2019-09-11T09:35:14-07:00,21.118409056354444,-0.054019867151268386,0.7988126823337041
354,1568219715.0,-122.4546076,37.7110122,POINT (-122.4546076 37.7110122),android,2019-09-11T09:35:15-07:00,21.064389189203176,0.7447928151824357,1.7001098917279656
355,1568219716.0,-122.4544131,37.7111227,POINT (-122.4544131 37.7111227),android,2019-09-11T09:35:16-07:00,21.80918200438561,2.4449027069104012,-11.976509214318527
356,1568219717.0,-122.4542167,37.7112424,POINT (-122.4542167 37.7112424),android,2019-09-11T09:35:17-07:00,24.254084711296013,-9.531606507408126,15.146711141310313
357,1568219718.0,-122.4539972,37.7113744,POINT (-122.4539972 37.7113744),android,2019-09-11T09:35:18-07:00,14.722478203887887,5.615104633902186,-4.0373366503023735
358,1568219719.0,-122.4538653,37.7114559,POINT (-122.4538653 37.7114559),android,2019-09-11T09:35:19-07:00,20.337582837790073,1.5777679835998129,0.47909369171435756
359,1568219720.0,-122.4536877,37.711573,POINT (-122.4536877 37.711573),android,2019-09-11T09:35:20-07:00,21.915350821389886,2.0568616753141704,-8.707610367508813
360,1568219721.0,-122.4535135,37.7117139,POINT (-122.4535135 37.7117139),android,2019-09-11T09:35:21-07:00,23.972212496704056,-6.650748692194643,10.168912700279137
361,1568219722.0,-122.453321,37.7118665,POINT (-122.453321 37.7118665),android,2019-09-11T09:35:22-07:00,17.321463804509413,3.5181640080844936,-3.7359912753407194
362,1568219723.0,-122.4531879,37.7119813,POINT (-122.4531879 37.7119813),android,2019-09-11T09:35:23-07:00,20.839627812593907,-0.2178272672562258,-1.527592838029193
363,1568219724.0,-122.4530241,37.7121167,POINT (-122.4530241 37.7121167),android,2019-09-11T09:35:24-07:00,20.62180054533768,-1.7454201052854188,6.766545644175988
364,1568219725.0,-122.4528619,37.7122506,POINT (-122.4528619 37.7122506),android,2019-09-11T09:35:25-07:00,18.876380440052262,5.021125538890569,-15.765016230063784
365,1568219726.0,-122.4527239,37.7123806,POINT (-122.4527239 37.7123806),android,2019-09-11T09:35:26-07:00,23.89750597894283,-10.743890691173215,18.887855176099556
366,1568219727.0,-122.4525622,37.7125533,POINT (-122.4525622 37.7125533),android,2019-09-11T09:35:27-07:00,13.153615287769616,8.143964484926341,-9.425782355959099
367,1568219728.0,-122.4524869,37.7126555,POINT (-122.4524869 37.7126555),android,2019-09-11T09:35:28-07:00,21.297579772695958,-1.2818178710327572,3.88088346455487
368,1568219729.0,-122.4523506,37.7128138,POINT (-122.4523506 37.7128138),android,2019-09-11T09:35:29-07:00,20.0157619016632,2.5990655935221127,-8.191923654454662
369,1568219730.0,-122.4522233,37.712963,POINT (-122.4522233 37.712963),android,2019-09-11T09:35:30-07:00,22.614827495185313,-5.592858060932549,10.356340531246843
370,1568219731.0,-122.4520716,37.7131272,POINT (-122.4520716 37.7131272),android,2019-09-11T09:35:31-07:00,17.021969434252764,4.763482470314294,-0.04748733774788505
371,1568219732.0,-122.4519564,37.7132502,POINT (-122.4519564 37.7132502),android,2019-09-11T09:35:32-07:00,21.785451904567058,4.715995132566409,-4.97221640686654
372,1568219733.0,-122.4518124,37.7134096,POINT (-122.4518124 37.7134096),android,2019-09-11T09:35:33-07:00,26.501447037133467,-0.2562212743001311,0.8845840329434844
373,1568219734.0,-122.4516203,37.7135932,POINT (-122.4516203 37.7135932),android,2019-09-11T09:35:34-07:00,26.245225762833336,0.6283627586433533,-1.8694864258786708
375,1568219741.0,-122.4502198,37.7148189,POINT (-122.4502198 37.7148189),android,2019-09-11T09:35:41-07:00,30.64376507333681,-12.458042222507341,14.046680620198988
376,1568219742.0,-122.4499816,37.71502,POINT (-122.4499816 37.71502),android,2019-09-11T09:35:42-07:00,18.185722850829467,1.5886383976916463,4.787838648206151
377,1568219743.0,-122.4498207,37.7151227,POINT (-122.4498207 37.7151227),android,2019-09-11T09:35:43-07:00,19.774361248521114,6.376477045897797,-16.681719216299626
378,1568219744.0,-122.4496974,37.7152714,POINT (-122.4496974 37.7152714),android,2019-09-11T09:35:44-07:00,26.15083829441891,-10.30524217040183,17.846740015469315
379,1568219745.0,-122.449525,37.715463,POINT (-122.449525 37.715463),android,2019-09-11T09:35:45-07:00,15.845596124017082,7.541497845067486,-6.003556762417933
380,1568219746.0,-122.4494209,37.7155793,POINT (-122.4494209 37.7155793),android,2019-09-11T09:35:46-07:00,23.387093969084567,1.537941082649553,-1.331408567224038
381,1568219747.0,-122.4492606,37.7157471,POINT (-122.4492606 37.7157471),android,2019-09-11T09:35:47-07:00,24.92503505173412,0.20653251542551487,-2.22925287896361
382,1568219748.0,-122.4490892,37.7159256,POINT (-122.4490892 37.7159256),android,2019-09-11T09:35:48-07:00,25.131567567159635,-2.0227203635380953,1.9167488687468932
383,1568219749.0,-122.4489186,37.7161069,POINT (-122.4489186 37.7161069),android,2019-09-11T09:35:49-07:00,23.10884720362154,-0.10597149479120205,-0.01876112354889159
384,1568219750.0,-122.4487602,37.7162727,POINT (-122.4487602 37.7162727),android,2019-09-11T09:35:50-07:00,23.002875708830338,-0.12473261834009364,-3.0335161810248295
385,1568219751.0,-122.4486092,37.7164416,POINT (-122.4486092 37.7164416),android,2019-09-11T09:35:51-07:00,22.878143090490244,-3.158248799364923,0.1268112216343127
386,1568219752.0,-122.4484657,37.7166132,POINT (-122.4484657 37.7166132),android,2019-09-11T09:35:52-07:00,19.71989429112532,-3.0314375777306104,-0.5972566178783332
387,1568219753.0,-122.448369,37.7167732,POINT (-122.448369 37.7167732),android,2019-09-11T09:35:53-07:00,16.68845671339471,-3.6286941956089436,11.86209510418795
388,1568219754.0,-122.4484705,37.7169,POINT (-122.4484705 37.7169),android,2019-09-11T09:35:54-07:00,13.059762517785767,8.233400908579007,-7.878226311205207
389,1568219755.0,-122.4484662,37.7170174,POINT (-122.4484662 37.7170174),android,2019-09-11T09:35:55-07:00,21.293163426364774,0.3551745973738001,0.11988660358098713
390,1568219756.0,-122.4483792,37.7171961,POINT (-122.4483792 37.7171961),android,2019-09-11T09:35:56-07:00,21.648338023738575,0.4750612009547872,-9.811402175205897
391,1568219757.0,-122.4482842,37.7173757,POINT (-122.4482842 37.7173757),android,2019-09-11T09:35:57-07:00,22.12339922469336,-9.33634097425111,9.336337960619057
392,1568219758.0,-122.4481852,37.7175586,POINT (-122.4481852 37.7175586),android,2019-09-11T09:35:58-07:00,12.787058250442252,-3.0136320532392347e-06,1.3134524579072604e-09
393,1568219759.0,-122.4481259298838,37.71766360513041,POINT (-122.4481259298838 37.71766360513041),android,2019-09-11T09:35:59-07:00,12.787055236810199,-3.0123186007813274e-06,-5.991669382865439e-10
394,1568219760.0,-122.44806665976763,37.717768610260826,POINT (-122.44806665976763 37.717768610260826),android,2019-09-11T09:36:00-07:00,12.787052224491598,-3.012917767719614e-06,1.3134471288367422e-09
395,1568219761.0,-122.44800738965144,37.717873615391234,POINT (-122.44800738965144 37.717873615391234),android,2019-09-11T09:36:01-07:00,12.78704921157383,-3.011604320590777e-06,-2.042042979155667e-09
396,1568219762.0,-122.44794811953527,37.71797862052165,POINT (-122.44794811953527 37.71797862052165),android,2019-09-11T09:36:02-07:00,12.78704619996951,-3.013646363569933e-06,23.832958510570485
397,1568219763.0,-122.44788884941907,37.71808362565206,POINT (-122.44788884941907 37.71808362565206),android,2019-09-11T09:36:03-07:00,12.787043186323146,23.83295549692412,-21.808108122373497
398,1568219764.0,-122.4478295793029,37.71818863078248,POINT (-122.4478295793029 37.71818863078248),android,2019-09-11T09:36:04-07:00,36.61999868324727,2.0248473745506264,-0.10124821050656765
399,1568219784.0,-122.44676046166549,37.724720748309,POINT (-122.44676046166549 37.724720748309),ios,2019-09-11T09:36:24-07:00,77.1169461742598,-0.00011683558072661526,-76.58022861661486
400,1568219785.0,-122.44638999432412,37.72534933420046,POINT (-122.44638999432412 37.72534933420046),ios,2019-09-11T09:36:25-07:00,77.11682933867907,-76.58034545219559,76.58549355561247
401,1568219786.0,-122.44601952698274,37.72597792009192,POINT (-122.44601952698274 37.72597792009192),ios,2019-09-11T09:36:26-07:00,0.5364838864834794,0.005148103416889109,0.002143978358789926
402,1568219906.0,-122.44560920561746,37.72645737244895,POINT (-122.44560920561746 37.72645737244895),ios,2019-09-11T09:38:26-07:00,1.1542562965101726,0.2624255064716802,-0.21226026562260958
411,1568220204.0,-122.44242103883872,37.72824914158472,POINT (-122.44242103883872 37.72824914158472),android,2019-09-11T09:43:24-07:00,79.35705722507088,-62.99113364906597,62.97674852149776
412,1568220205.0,-122.44197847767741,37.728871083169444,POINT (-122.44197847767741 37.728871083169444),android,2019-09-11T09:43:25-07:00,16.365923576004903,-0.014385127568209727,0.0010972523989117502
413,1568221200.0,-122.27982236443604,37.79967905993803,POINT (-122.27982236443604 37.79967905993803),ios,2019-09-11T10:00:00-07:00,2.052721645636225,1.0773810093489817,-0.5386901133361132
415,1568221202.0,-122.27980496241145,37.7996447948235,POINT (-122.27980496241145 37.7996447948235),ios,2019-09-11T10:00:02-07:00,4.207483664334188,7.826767554064418e-07,-2.217712236074476e-09
416,1568221203.0,-122.27976243919153,37.79962739342309,POINT (-122.27976243919153 37.79962739342309),ios,2019-09-11T10:00:03-07:00,4.207484447010944,7.804590431703673e-07,2.2171784408442363e-09
417,1568221204.0,-122.2797199159716,37.799609992022674,POINT (-122.2797199159716 37.799609992022674),ios,2019-09-11T10:00:04-07:00,4.207485227469987,7.826762216112115e-07,-2.646771690706373e-13
418,1568221205.0,-122.27967739275168,37.79959259062226,POINT (-122.27967739275168 37.79959259062226),ios,2019-09-11T10:00:05-07:00,4.207486010146209,7.826759569340425e-07,2.199388067937189
419,1568221206.0,-122.27963486953175,37.79957518922185,POINT (-122.27963486953175 37.79957518922185),ios,2019-09-11T10:00:06-07:00,4.2074867928221655,2.199388850613146,-7.407048190594629
420,1568221207.0,-122.2795923463118,37.799557787821435,POINT (-122.2795923463118 37.799557787821435),ios,2019-09-11T10:00:07-07:00,6.406875643435312,-5.207659339981483,4.149358777970043
421,1568221208.0,-122.27952577445916,37.799534274658804,POINT (-122.27952577445916 37.799534274658804),ios,2019-09-11T10:00:08-07:00,1.1992163034538288,-1.0583005620114387,1.0583005654757827
422,1568221209.0,-122.27951321399111,37.799530054362116,POINT (-122.27951321399111 37.799530054362116),ios,2019-09-11T10:00:09-07:00,0.14091574144239,3.464343867332076e-09,-5.117950674371485e-09
423,1568221210.0,-122.27951182316477,37.79952942327881,POINT (-122.27951182316477 37.79952942327881),ios,2019-09-11T10:00:10-07:00,0.14091574490673386,-1.6536068070394094e-09,5.117950674371485e-09
424,1568221211.0,-122.2795104323384,37.7995287921955,POINT (-122.2795104323384 37.7995287921955),ios,2019-09-11T10:00:11-07:00,0.14091574325312706,3.464343867332076e-09,-2.952423305835339e-09
425,1568221212.0,-122.27950904151206,37.7995281611122,POINT (-122.27950904151206 37.7995281611122),ios,2019-09-11T10:00:12-07:00,0.14091574671747092,5.11920561496737e-10,3.934479408940206e-10
426,1568221213.0,-122.27950765068569,37.79952753002889,POINT (-122.27950765068569 37.79952753002889),ios,2019-09-11T10:00:13-07:00,0.14091574722939149,9.053685023907576e-10,3.934479686495962e-10
427,1568221214.0,-122.27950625985932,37.79952689894559,POINT (-122.27950625985932 37.79952689894559),ios,2019-09-11T10:00:14-07:00,0.14091574813476,1.2988164710403538e-09,-7.86895965054768e-10
428,1568221215.0,-122.27950486903295,37.799526267862284,POINT (-122.27950486903295 37.799526267862284),ios,2019-09-11T10:00:15-07:00,0.14091574943357646,5.119205059855858e-10,-1.3786315422592565e-09
429,1568221216.0,-122.27950347820658,37.799525636778974,POINT (-122.27950347820658 37.799525636778974),ios,2019-09-11T10:00:16-07:00,0.14091574994549697,-8.667110362736707e-10,1.7787348816123174
430,1568221217.0,-122.27950208738021,37.79952500569567,POINT (-122.27950208738021 37.79952500569567),ios,2019-09-11T10:00:17-07:00,0.14091574907878593,1.7787348807456065,-1.8677178702821438
431,1568221218.0,-122.27950069655387,37.79952437461236,POINT (-122.27950069655387 37.79952437461236),ios,2019-09-11T10:00:18-07:00,1.9196506298243925,-0.08898298953653727,0.08898308392716792
432,1568221219.0,-122.2794795890556,37.7995199165725,POINT (-122.2794795890556 37.7995199165725),ios,2019-09-11T10:00:19-07:00,1.8306676402878552,9.439063064498043e-08,-2.6147657372632693e-09
433,1568221220.0,-122.27945939194606,37.7995158716188,POINT (-122.27945939194606 37.7995158716188),ios,2019-09-11T10:00:20-07:00,1.8306677346784859,9.177586490771716e-08,4.841272271960406e-09
434,1568221221.0,-122.27943919483653,37.799511826665096,POINT (-122.27943919483653 37.799511826665096),ios,2019-09-11T10:00:21-07:00,1.8306678264543508,9.661713717967757e-08,-2.6147659593078743e-09
435,1568221222.0,-122.27941899772702,37.79950778171139,POINT (-122.27941899772702 37.79950778171139),ios,2019-09-11T10:00:22-07:00,1.830667923071488,9.40023712203697e-08,3.8822633996460354e-10
436,1568221223.0,-122.27939880061749,37.799503736757686,POINT (-122.27939880061749 37.799503736757686),ios,2019-09-11T10:00:23-07:00,1.8306680170738592,9.43905975603343e-08,-1.9412538243557265e-10
437,1568221224.0,-122.27937860350795,37.79949969180399,POINT (-122.27937860350795 37.79949969180399),ios,2019-09-11T10:00:24-07:00,1.8306681114644567,9.419647217789873e-08,-1.4044458929163284e-09
438,1568221225.0,-122.27935840639842,37.79949564685028,POINT (-122.27935840639842 37.79949564685028),ios,2019-09-11T10:00:25-07:00,1.830668205660929,9.27920262849824e-08,3.534834490290006
439,1568221226.0,-122.27933820928888,37.79949160189658,POINT (-122.27933820928888 37.79949160189658),ios,2019-09-11T10:00:26-07:00,1.8306682984529552,3.5348345830820325,-3.5367599309728064
440,1568221227.0,-122.27931801217936,37.79948755694288,POINT (-122.27931801217936 37.79948755694288),ios,2019-09-11T10:00:27-07:00,5.3655028815349874,-0.0019253478907737549,0.009261571777133092
441,1568221543.0,-122.2704011901782,37.813010428344995,POINT (-122.2704011901782 37.813010428344995),ios,2019-09-11T10:05:43-07:00,4.757092948050481,2.924731333683283,-1.4623665816574327
443,1568221545.0,-122.27034506748845,37.8130836076415,POINT (-122.27034506748845 37.8130836076415),ios,2019-09-11T10:05:45-07:00,10.606555615417047,-1.8296315822396991e-06,1.6386128010026368e-09
444,1568221546.0,-122.2702991986314,37.81317184348299,POINT (-122.2702991986314 37.81317184348299),ios,2019-09-11T10:05:46-07:00,10.606553785785465,-1.8279929694386965e-06,5.54928178040095
445,1568221547.0,-122.27025332977439,37.813260079324486,POINT (-122.27025332977439 37.813260079324486),ios,2019-09-11T10:05:47-07:00,10.606551957792496,5.54927995240798,-5.554159507439354
446,1568221548.0,-122.27020746091733,37.81334831516598,POINT (-122.27020746091733 37.81334831516598),ios,2019-09-11T10:05:48-07:00,16.155831910200476,-0.004879555031373779,-0.015776833426351555
447,1568221630.0,-122.26812159653964,37.82514784022963,POINT (-122.26812159653964 37.82514784022963),ios,2019-09-11T10:07:10-07:00,15.755708397627826,-1.2985798959922015,-3.694452577952866
448,1568221631.0,-122.26806292321744,37.8252817411328,POINT (-122.26806292321744 37.8252817411328),ios,2019-09-11T10:07:11-07:00,14.457128501635625,-4.9930324739450676,12.64056103240736
449,1568221632.0,-122.26795412611428,37.825379306485715,POINT (-122.26795412611428 37.825379306485715),ios,2019-09-11T10:07:12-07:00,9.464096027690557,7.647528558462293,-8.496781665728863
450,1568221633.0,-122.26796418439808,37.82546404752678,POINT (-122.26796418439808 37.82546404752678),ios,2019-09-11T10:07:13-07:00,17.11162458615285,-0.8492531072665699,-0.5582626698576991
451,1568221634.0,-122.26789704535368,37.82560850962794,POINT (-122.26789704535368 37.82560850962794),ios,2019-09-11T10:07:14-07:00,16.26237147888628,-1.407515777124269,0.05722327997855281
452,1568221635.0,-122.26778967317405,37.825727658381524,POINT (-122.26778967317405 37.825727658381524),ios,2019-09-11T10:07:15-07:00,14.85485570176201,-1.3502924971457162,3.0033359247677627
453,1568221636.0,-122.26774491381111,37.82585648823327,POINT (-122.26774491381111 37.82585648823327),ios,2019-09-11T10:07:16-07:00,13.504563204616295,1.6530434276220465,-3.085246364827171
454,1568221637.0,-122.26770568650427,37.825973918696704,POINT (-122.26770568650427 37.825973918696704),ios,2019-09-11T10:07:17-07:00,15.157606632238341,-1.4322029372051244,2.0461053847735844
455,1568221638.0,-122.26766436372164,37.82610626894778,POINT (-122.26766436372164 37.82610626894778),ios,2019-09-11T10:07:18-07:00,13.725403695033217,0.61390244756846,0.48691593721702553
456,1568221639.0,-122.2676285729951,37.82622642352975,POINT (-122.2676285729951 37.82622642352975),ios,2019-09-11T10:07:19-07:00,14.339306142601677,1.1008183847854855,-1.8687455938206767
457,1568221640.0,-122.2675870825744,37.82635114624894,POINT (-122.2675870825744 37.82635114624894),ios,2019-09-11T10:07:20-07:00,15.440124527387162,-0.7679272090351912,2.0966860182002023
458,1568221641.0,-122.26754416723016,37.82648580152339,POINT (-122.26754416723016 37.82648580152339),ios,2019-09-11T10:07:21-07:00,14.672197318351971,1.328758809165011,-4.889810303409632
459,1568221642.0,-122.26749622274401,37.82661220062322,POINT (-122.26749622274401 37.82661220062322),ios,2019-09-11T10:07:22-07:00,16.000956127516982,-3.561051494244621,7.368226855934893
460,1568221643.0,-122.2674470209724,37.82675075348264,POINT (-122.2674470209724 37.82675075348264),ios,2019-09-11T10:07:23-07:00,12.439904633272361,3.8071753616902715,-6.9987980206245926
461,1568221644.0,-122.26739102985921,37.826853515615525,POINT (-122.26739102985921 37.826853515615525),ios,2019-09-11T10:07:24-07:00,16.247079994962633,-3.191622658934321,0.08057389168200757
462,1568221645.0,-122.26737543951931,37.826999109273615,POINT (-122.26737543951931 37.826999109273615),ios,2019-09-11T10:07:25-07:00,13.055457336028311,-3.1110487672523135,11.884456310706284
463,1568221646.0,-122.26732422609093,37.82710933130032,POINT (-122.26732422609093 37.82710933130032),ios,2019-09-11T10:07:26-07:00,9.944408568775998,8.77340754345397,-10.343449577046226
464,1568221647.0,-122.26728240039411,37.827192437870266,POINT (-122.26728240039411 37.827192437870266),ios,2019-09-11T10:07:27-07:00,18.71781611222997,-1.5700420335922551,1.1975661727991032
465,1568221648.0,-122.267250381524,37.82735886055774,POINT (-122.267250381524 37.82735886055774),ios,2019-09-11T10:07:28-07:00,17.147774078637713,-0.372475860793152,-2.9863923005136854
466,1568221649.0,-122.26722481671932,37.827511746471586,POINT (-122.26722481671932 37.827511746471586),ios,2019-09-11T10:07:29-07:00,16.77529821784456,-3.3588681613068374,6.670180938214372
467,1568221650.0,-122.26717536349061,37.82765746585822,POINT (-122.26717536349061 37.82765746585822),ios,2019-09-11T10:07:30-07:00,13.416430056537724,3.311312776907535,-3.5227743718918383
468,1568221651.0,-122.26713705819311,37.82777426767892,POINT (-122.26713705819311 37.82777426767892),ios,2019-09-11T10:07:31-07:00,16.72774283344526,-0.2114615949843035,-9.244841675372333
469,1568221652.0,-122.26712859247091,37.827924555202785,POINT (-122.26712859247091 37.827924555202785),ios,2019-09-11T10:07:32-07:00,16.516281238460955,-9.456303270356637,16.2394271812705
470,1568221653.0,-122.26709296938243,37.82807040031797,POINT (-122.26709296938243 37.82807040031797),ios,2019-09-11T10:07:33-07:00,7.059977968104318,6.783123910913863,-5.245843337260865
471,1568221654.0,-122.26705516699913,37.82812643334067,POINT (-122.26705516699913 37.82812643334067),ios,2019-09-11T10:07:34-07:00,13.843101879018182,1.537280573652998,-6.878857004052632
472,1568221655.0,-122.2670096532649,37.82824562400377,POINT (-122.2670096532649 37.82824562400377),ios,2019-09-11T10:07:35-07:00,15.38038245267118,-5.341576430399634,4.84616061414952
473,1568221656.0,-122.26697076123419,37.8283804888258,POINT (-122.26697076123419 37.8283804888258),ios,2019-09-11T10:07:36-07:00,10.038806022271546,-0.4954158162501141,-0.10211347471567223
474,1568221657.0,-122.26695047702852,37.82846933699942,POINT (-122.26695047702852 37.82846933699942),ios,2019-09-11T10:07:37-07:00,9.543390206021432,-0.5975292909657863,-2.113292048184075
475,1568221658.0,-122.26691141735974,37.82854942608422,POINT (-122.26691141735974 37.82854942608422),ios,2019-09-11T10:07:38-07:00,8.945860915055645,-2.7108213391498612,4.452102428465696
476,1568221659.0,-122.26688115868929,37.82862624622679,POINT (-122.26688115868929 37.82862624622679),ios,2019-09-11T10:07:39-07:00,6.235039575905784,1.7412810893158346,-1.970636183166941
477,1568221660.0,-122.26687847648027,37.82868227924949,POINT (-122.26687847648027 37.82868227924949),ios,2019-09-11T10:07:40-07:00,7.9763206652216185,-0.22935509385110642,-0.2148568034637517
478,1568221661.0,-122.2668613773978,37.82875272914565,POINT (-122.2668613773978 37.82875272914565),ios,2019-09-11T10:07:41-07:00,7.746965571370512,-0.4442118973148581,0.5978916658124049
479,1568221662.0,-122.2668510676569,37.82882192175633,POINT (-122.2668510676569 37.82882192175633),ios,2019-09-11T10:07:42-07:00,7.302753674055654,0.15367976849754683,0.2903176249303172
480,1568221663.0,-122.26684679288628,37.82888751014865,POINT (-122.26684679288628 37.82888751014865),ios,2019-09-11T10:07:43-07:00,7.456433442553201,0.44399739342786404,-1.2103107435090665
481,1568221664.0,-122.26684612233403,37.82895456537402,POINT (-122.26684612233403 37.82895456537402),ios,2019-09-11T10:07:44-07:00,7.900430835981065,-0.7663133500812025,1.278205883411192
482,1568221665.0,-122.26683899771633,37.82902539245582,POINT (-122.26683899771633 37.82902539245582),ios,2019-09-11T10:07:45-07:00,7.134117485899862,0.5118925333299895,-5.528611501670134
483,1568221666.0,-122.26683321420315,37.82908938828653,POINT (-122.26683321420315 37.82908938828653),ios,2019-09-11T10:07:46-07:00,7.646010019229852,-5.016718968340144,2.5918060222893136
484,1568221667.0,-122.26682734687093,37.82915799416399,POINT (-122.26682734687093 37.82915799416399),ios,2019-09-11T10:07:47-07:00,2.629291050889708,-2.4249129460508305,2.7570142818052807
485,1568221668.0,-122.26682022225323,37.82918096057868,POINT (-122.26682022225323 37.82918096057868),ios,2019-09-11T10:07:48-07:00,0.20437810483887722,0.3321013357544501,0.09303109778059003
545,1568221728.0,-122.26677009847226,37.82928389034963,POINT (-122.26677009847226 37.82928389034963),ios,2019-09-11T10:08:48-07:00,20.130458250105885,5.913967202589852,-8.015522909281025
546,1568221729.0,-122.266801111514,37.8294632630775,POINT (-122.266801111514 37.8294632630775),ios,2019-09-11T10:08:49-07:00,26.044425452695737,-2.1015557066911725,-0.24583200688440598
547,1568221730.0,-122.26677747454706,37.82969674099034,POINT (-122.26677747454706 37.82969674099034),ios,2019-09-11T10:08:50-07:00,23.942869746004565,-2.3473877135755785,1.3184607224706681
548,1568221731.0,-122.26666892890098,37.82989426053858,POINT (-122.26666892890098 37.82989426053858),ios,2019-09-11T10:08:51-07:00,21.595482032428986,-1.0289269911049104,1.259562027016237
549,1568221732.0,-122.26654648563063,37.83006268210436,POINT (-122.26654648563063 37.83006268210436),ios,2019-09-11T10:08:52-07:00,20.566555041324076,0.23063503591132672,-2.293342848494504
550,1568221733.0,-122.26650950999378,37.83024532136828,POINT (-122.26650950999378 37.83024532136828),ios,2019-09-11T10:08:53-07:00,20.797190077235403,-2.0627078125831773,3.8001542440209946
551,1568221734.0,-122.26647228722727,37.8304300298839,POINT (-122.26647228722727 37.8304300298839),ios,2019-09-11T10:08:54-07:00,18.734482264652225,1.7374464314378173,2.1493643946819994
552,1568221735.0,-122.26643893544833,37.830596441102614,POINT (-122.26643893544833 37.830596441102614),ios,2019-09-11T10:08:55-07:00,20.471928696090043,3.8868108261198167,-6.3631141273351055
553,1568221736.0,-122.26640249060453,37.83077828540192,POINT (-122.26640249060453 37.83077828540192),ios,2019-09-11T10:08:56-07:00,24.35873952220986,-2.476303301215289,4.29356324424095
554,1568221737.0,-122.26635912632123,37.83099465476693,POINT (-122.26635912632123 37.83099465476693),ios,2019-09-11T10:08:57-07:00,21.88243622099457,1.817259943025661,-1.163788434354025
555,1568221738.0,-122.26631967998198,37.83118896637548,POINT (-122.26631967998198 37.83118896637548),ios,2019-09-11T10:08:58-07:00,23.69969616402023,0.6534715086716361,-7.933134034605025
556,1568221739.0,-122.26627756888753,37.83139949172389,POINT (-122.26627756888753 37.83139949172389),ios,2019-09-11T10:08:59-07:00,24.353167672691868,-7.279662525933389,0.07030333944670453
557,1568221740.0,-122.26623532813396,37.831615949037214,POINT (-122.26623532813396 37.831615949037214),ios,2019-09-11T10:09:00-07:00,17.073505146758478,-7.209359186486685,10.794146715601379
558,1568221741.0,-122.26620525394505,37.83176764636716,POINT (-122.26620525394505 37.83176764636716),ios,2019-09-11T10:09:01-07:00,9.864145960271793,3.584787529114694,-3.653917133170106
559,1568221742.0,-122.2661878787079,37.831855288866436,POINT (-122.2661878787079 37.831855288866436),ios,2019-09-11T10:09:02-07:00,13.448933489386487,-0.06912960405541213,4.453870777861887
560,1568221743.0,-122.26616418903241,37.831974782047894,POINT (-122.26616418903241 37.831974782047894),ios,2019-09-11T10:09:03-07:00,13.379803885331075,4.384741173806475,-6.944402302190818
561,1568221744.0,-122.26614062112465,37.832093661020465,POINT (-122.26614062112465 37.832093661020465),ios,2019-09-11T10:09:04-07:00,17.76454505913755,-2.5596611283843433,2.2058072910000046
562,1568221745.0,-122.26610932969602,37.83225149823375,POINT (-122.26610932969602 37.83225149823375),ios,2019-09-11T10:09:05-07:00,15.204883930753207,-0.35385383738433873,2.9702053920808833
563,1568221746.0,-122.26608254699143,37.83238659297522,POINT (-122.26608254699143 37.83238659297522),ios,2019-09-11T10:09:06-07:00,14.851030093368868,2.6163515546965446,-8.538309593818774
564,1568221747.0,-122.26605638758296,37.83251854374623,POINT (-122.26605638758296 37.83251854374623),ios,2019-09-11T10:09:07-07:00,17.467381648065412,-5.921958039122229,5.811272739215131
565,1568221748.0,-122.26602561958977,37.832673740696805,POINT (-122.26602561958977 37.832673740696805),ios,2019-09-11T10:09:08-07:00,11.545423608943183,-0.11068529990709841,-1.2738192807638438
566,1568221749.0,-122.26600528285375,37.832776321303804,POINT (-122.26600528285375 37.832776321303804),ios,2019-09-11T10:09:09-07:00,11.434738309036085,-1.3845045806709422,6.676135799447069
567,1568221750.0,-122.26598514108416,37.832877918479895,POINT (-122.26598514108416 37.832877918479895),ios,2019-09-11T10:09:10-07:00,10.050233728365143,5.291631218776127,1.670494368309413
568,1568221751.0,-122.26596203627322,37.83296644110559,POINT (-122.26596203627322 37.83296644110559),ios,2019-09-11T10:09:11-07:00,15.34186494714127,6.96212558708554,-6.815930681429091
569,1568221752.0,-122.26592697389212,37.83310160620091,POINT (-122.26592697389212 37.83310160620091),ios,2019-09-11T10:09:12-07:00,22.30399053422681,0.14619490565644905,-0.45238447882628613
570,1568221763.0,-122.26674780260983,37.8352106502632,POINT (-122.26674780260983 37.8352106502632),ios,2019-09-11T10:09:23-07:00,23.91213449644775,-4.830034361432698,6.8159925788129385
571,1568221764.0,-122.2668946535534,37.83539174128122,POINT (-122.2668946535534 37.83539174128122),ios,2019-09-11T10:09:24-07:00,19.08210013501505,1.9859582173802401,-1.4648985412518165
572,1568221765.0,-122.26706321362617,37.8355000354702,POINT (-122.26706321362617 37.8355000354702),ios,2019-09-11T10:09:25-07:00,21.06805835239529,0.5210596761284236,-2.9218569837108284
573,1568221766.0,-122.26720226939979,37.83565443012662,POINT (-122.26720226939979 37.83565443012662),ios,2019-09-11T10:09:26-07:00,21.589118028523714,-2.4007973075824047,-2.4025409977587273
574,1568221767.0,-122.26734551612499,37.83581221945382,POINT (-122.26734551612499 37.83581221945382),ios,2019-09-11T10:09:27-07:00,19.18832072094131,-4.803338305341132,10.756680799091026
575,1568221768.0,-122.26747417833867,37.835951694322596,POINT (-122.26747417833867 37.835951694322596),ios,2019-09-11T10:09:28-07:00,14.384982415600177,5.9533424937498935,-3.0407282888361564
576,1568221769.0,-122.26761204762909,37.83602155089011,POINT (-122.26761204762909 37.83602155089011),ios,2019-09-11T10:09:29-07:00,20.33832490935007,2.912614204913737,-4.176332094786829
577,1568221770.0,-122.26774950019926,37.83616876027551,POINT (-122.26774950019926 37.83616876027551),ios,2019-09-11T10:09:30-07:00,23.250939114263808,-1.2637178898730923,0.13737829309224026
578,1568221771.0,-122.26790825174865,37.83633610358411,POINT (-122.26790825174865 37.83633610358411),ios,2019-09-11T10:09:31-07:00,21.987221224390716,-1.126339596780852,1.9984102599032454
579,1568221772.0,-122.26808016502137,37.83647985911624,POINT (-122.26808016502137 37.83647985911624),ios,2019-09-11T10:09:32-07:00,20.860881627609864,0.8720706631223933,0.4127183622130701
580,1568221773.0,-122.26823280343646,37.83662360985204,POINT (-122.26823280343646 37.83662360985204),ios,2019-09-11T10:09:33-07:00,21.732952290732257,1.2847890253354635,-6.032946577775668
581,1568221774.0,-122.26821839718986,37.83681872755224,POINT (-122.26821839718986 37.83681872755224),ios,2019-09-11T10:09:34-07:00,23.01774131606772,-4.748157552440205,3.798892864430993
582,1568221775.0,-122.26837067775513,37.83698721126159,POINT (-122.26837067775513 37.83698721126159),ios,2019-09-11T10:09:35-07:00,18.269583763627516,-0.9492646880092117,5.384734160199947
583,1568221776.0,-122.26849108389567,37.837121199342555,POINT (-122.26849108389567 37.837121199342555),ios,2019-09-11T10:09:36-07:00,17.320319075618304,4.435469472190736,-4.279975525827741
584,1568221777.0,-122.26858569702236,37.83725787255217,POINT (-122.26858569702236 37.83725787255217),ios,2019-09-11T10:09:37-07:00,21.75578854780904,0.15549394636299496,-8.52179763275226
585,1568221778.0,-122.26870453634756,37.837429546993114,POINT (-122.26870453634756 37.837429546993114),ios,2019-09-11T10:09:38-07:00,21.911282494172035,-8.366303686389266,11.232676285567969
586,1568221779.0,-122.268824257441,37.837602434565056,POINT (-122.268824257441 37.837602434565056),ios,2019-09-11T10:09:39-07:00,13.544978807782769,2.8663725991787032,2.456908988001299
587,1568221780.0,-122.26889842207773,37.83770924161967,POINT (-122.26889842207773 37.83770924161967),ios,2019-09-11T10:09:40-07:00,16.411351406961472,5.323281587180002,25.680288798709455
588,1568221781.0,-122.26898140340367,37.83784148485655,POINT (-122.26898140340367 37.83784148485655),ios,2019-09-11T10:09:41-07:00,21.734632994141474,31.003570385889457,-62.4768246063678
589,1568221782.0,-122.26908002876317,37.83802075987485,POINT (-122.26908002876317 37.83802075987485),ios,2019-09-11T10:09:42-07:00,52.73820338003093,-31.473254220478346,30.796178409341362
590,1568221783.0,-122.26930404016295,37.838460815995624,POINT (-122.26930404016295 37.838460815995624),ios,2019-09-11T10:09:43-07:00,21.264949159552586,-0.6770758111369837,3.354662807229065
591,1568221784.0,-122.2693674528752,37.83864538269988,POINT (-122.2693674528752 37.83864538269988),ios,2019-09-11T10:09:44-07:00,20.587873348415602,2.6775869960920815,-3.817163824473468
592,1568221785.0,-122.26942893947816,37.83882405289996,POINT (-122.26942893947816 37.83882405289996),ios,2019-09-11T10:09:45-07:00,23.265460344507684,-1.1395768283813865,-0.27328018404946874
593,1568221786.0,-122.26949887690631,37.839025862556575,POINT (-122.26949887690631 37.839025862556575),ios,2019-09-11T10:09:46-07:00,22.125883516126297,-1.4128570124308553,2.211157594339113
594,1568221787.0,-122.26956538872727,37.8392177873077,POINT (-122.26956538872727 37.8392177873077),ios,2019-09-11T10:09:47-07:00,20.713026503695442,0.7983005819082578,-1.2401354218708391
595,1568221788.0,-122.2696136583944,37.839400121799024,POINT (-122.2696136583944 37.839400121799024),ios,2019-09-11T10:09:48-07:00,21.5113270856037,-0.4418348399625813,1.2996549061737035
596,1568221789.0,-122.26965335409075,37.839591020909644,POINT (-122.26965335409075 37.839591020909644),ios,2019-09-11T10:09:49-07:00,21.06949224564112,0.8578200662111222,-0.9668829410307609
597,1568221790.0,-122.2696922340849,37.83977799908243,POINT (-122.2696922340849 37.83977799908243),ios,2019-09-11T10:09:50-07:00,21.92731231185224,-0.10906287481963872,0.15259745142692438
598,1568221791.0,-122.26973269703586,37.839972589869,POINT (-122.26973269703586 37.839972589869),ios,2019-09-11T10:09:51-07:00,21.818249437032602,0.04353457660728566,-1.6645550809537717
599,1568221792.0,-122.26977293930867,37.840166215324594,POINT (-122.26977293930867 37.840166215324594),ios,2019-09-11T10:09:52-07:00,21.861784013639888,-1.621020504346486,3.0789584870763314
600,1568221793.0,-122.26981287958183,37.84036027645225,POINT (-122.26981287958183 37.84036027645225),ios,2019-09-11T10:09:53-07:00,20.2407635092934,1.4579379827298453,-3.4956836680996837
601,1568221794.0,-122.26984985833396,37.84053994823332,POINT (-122.26984985833396 37.84053994823332),ios,2019-09-11T10:09:54-07:00,21.698701492023247,-2.0377456853698384,3.834565035509371
602,1568221795.0,-122.2698895006605,37.84073256174789,POINT (-122.2698895006605 37.84073256174789),ios,2019-09-11T10:09:55-07:00,19.66095580665341,1.7968193501395326,-2.5008274227899108
603,1568221796.0,-122.26992542014075,37.84090708675538,POINT (-122.26992542014075 37.84090708675538),ios,2019-09-11T10:09:56-07:00,21.45777515679294,-0.7040080726503781,3.227233421728524
604,1568221797.0,-122.26996601840779,37.8410973791816,POINT (-122.26996601840779 37.8410973791816),ios,2019-09-11T10:09:57-07:00,20.753767084142563,2.523225349078146,-4.493707687287774
605,1568221798.0,-122.27000543203005,37.84128140867511,POINT (-122.27000543203005 37.84128140867511),ios,2019-09-11T10:09:58-07:00,23.27699243322071,-1.970482338209628,2.1500499574621195
606,1568221799.0,-122.27004921402914,37.84148786861989,POINT (-122.27004921402914 37.84148786861989),ios,2019-09-11T10:09:59-07:00,21.30651009501108,0.17956761925249154,-0.8304586715514262
607,1568221800.0,-122.2700883645787,37.84167697189043,POINT (-122.2700883645787 37.84167697189043),ios,2019-09-11T10:10:00-07:00,21.486077714263573,-0.6508910522989346,1.1884078383071497
608,1568221801.0,-122.27012784507846,37.841867668904584,POINT (-122.27012784507846 37.841867668904584),ios,2019-09-11T10:10:01-07:00,20.835186661964638,0.5375167860082151,-1.711485118004756
609,1568221802.0,-122.27016612957354,37.842052589028306,POINT (-122.27016612957354 37.842052589028306),ios,2019-09-11T10:10:02-07:00,21.372703447972853,-1.1739683319965408,1.4688803467791622
610,1568221803.0,-122.27020540175415,37.84224227982836,POINT (-122.27020540175415 37.84224227982836),ios,2019-09-11T10:10:03-07:00,20.198735115976312,0.2949120147826214,-1.054448172209728
611,1568221804.0,-122.27024251677928,37.84242155122859,POINT (-122.27024251677928 37.84242155122859),ios,2019-09-11T10:10:04-07:00,20.493647130758934,-0.7595361574271067,2.257063725039565
612,1568221805.0,-122.27028017370544,37.842603440095886,POINT (-122.27028017370544 37.842603440095886),ios,2019-09-11T10:10:05-07:00,19.734110973331827,1.4975275676124582,-7.196520688667082
613,1568221806.0,-122.27031681896482,37.84277853795918,POINT (-122.27031681896482 37.84277853795918),ios,2019-09-11T10:10:06-07:00,21.231638540944285,-5.698993121054624,12.083734168699984
614,1568221807.0,-122.27035622535423,37.84296692574791,POINT (-122.27035622535423 37.84296692574791),ios,2019-09-11T10:10:07-07:00,15.532645419889661,6.38474104764536,-8.914013159865515
615,1568221808.0,-122.27038485224979,37.84310477278409,POINT (-122.27038485224979 37.84310477278409),ios,2019-09-11T10:10:08-07:00,21.91738646753502,-2.5292721122201556,2.21834254071247
616,1568221809.0,-122.27042524632004,37.84329928227439,POINT (-122.27042524632004 37.84329928227439),ios,2019-09-11T10:10:09-07:00,19.388114355314865,-0.3109295715076854,0.54139520500458
617,1568221810.0,-122.2704609789064,37.843471345329995,POINT (-122.2704609789064 37.843471345329995),ios,2019-09-11T10:10:10-07:00,19.07718478380718,0.23046563349689464,0.530617406907151
618,1568221811.0,-122.27049613844703,37.843640648999504,POINT (-122.27049613844703 37.843640648999504),ios,2019-09-11T10:10:11-07:00,19.307650417304075,0.7610830404040456,0.29426010104432976
619,1568221812.0,-122.27053172274144,37.84381199798522,POINT (-122.27053172274144 37.84381199798522),ios,2019-09-11T10:10:12-07:00,20.06873345770812,1.0553431414483754,-2.2080902239928513
620,1568221813.0,-122.27056870972582,37.84399010134123,POINT (-122.27056870972582 37.84399010134123),ios,2019-09-11T10:10:13-07:00,21.124076599156496,-1.1527470825444759,-12.669275532448193
621,1568221814.0,-122.27060764172633,37.84417757052991,POINT (-122.27060764172633 37.84417757052991),ios,2019-09-11T10:10:14-07:00,19.97132951661202,-13.822022614992669,28.18345321759828
622,1568221815.0,-122.27064444919854,37.84435480948121,POINT (-122.27064444919854 37.84435480948121),ios,2019-09-11T10:10:15-07:00,6.149306901619352,14.361430602605612,-6.601725867719434
623,1568221816.0,-122.27065578246764,37.844409382550595,POINT (-122.27065578246764 37.844409382550595),ios,2019-09-11T10:10:16-07:00,20.510737504224963,7.759704734886178,-15.204062106888795
624,1568221817.0,-122.27069358408032,37.84459140858472,POINT (-122.27069358408032 37.84459140858472),ios,2019-09-11T10:10:17-07:00,28.27044223911114,-7.444357372002617,5.670332692997164
625,1568221818.0,-122.27074568695518,37.84484229945972,POINT (-122.27074568695518 37.84484229945972),ios,2019-09-11T10:10:18-07:00,20.826084867108523,-1.7740246790054535,4.768893567383039
626,1568221819.0,-122.27078406976393,37.84502712412625,POINT (-122.27078406976393 37.84502712412625),ios,2019-09-11T10:10:19-07:00,19.05206018810307,2.994868888377585,3.0077858994669775
627,1568221820.0,-122.27081918301893,37.84519620491674,POINT (-122.27081918301893 37.84519620491674),ios,2019-09-11T10:10:20-07:00,22.046929076480655,6.002654787844563,-11.555770265280316
628,1568221821.0,-122.27085981586835,37.84539186419982,POINT (-122.27085981586835 37.84539186419982),ios,2019-09-11T10:10:21-07:00,28.049583864325218,-5.553115477435753,6.96895741917789
629,1568221822.0,-122.27091151171238,37.845640795100074,POINT (-122.27091151171238 37.845640795100074),ios,2019-09-11T10:10:22-07:00,22.496468386889465,1.415841941742137,5.71199999396395
630,1568221823.0,-122.27095317185793,37.84584041812398,POINT (-122.27095317185793 37.84584041812398),ios,2019-09-11T10:10:23-07:00,23.9123103286316,7.127841935706087,-11.686170035950123
631,1568221824.0,-122.27099829098894,37.8460524946878,POINT (-122.27099829098894 37.8460524946878),ios,2019-09-11T10:10:24-07:00,31.04015226433769,-4.558328100244037,-2.052622080596141
632,1568221825.0,-122.27105685934997,37.84632778759506,POINT (-122.27105685934997 37.84632778759506),ios,2019-09-11T10:10:25-07:00,26.481824164093652,-6.610950180840177,13.129927773259137
633,1568221826.0,-122.27110229474518,37.846563226301264,POINT (-122.27110229474518 37.846563226301264),ios,2019-09-11T10:10:26-07:00,19.870873983253475,6.51897759241896,-12.137773167910975
634,1568221827.0,-122.27113635832877,37.84673989337589,POINT (-122.27113635832877 37.84673989337589),ios,2019-09-11T10:10:27-07:00,26.389851575672434,-5.618795575492015,1.064766293623709
635,1568221828.0,-122.27117822520536,37.84697490905931,POINT (-122.27117822520536 37.84697490905931),ios,2019-09-11T10:10:28-07:00,20.77105600018042,-4.554029281868306,15.949652393830924
636,1568221829.0,-122.27120604672878,37.847160411255224,POINT (-122.27120604672878 37.847160411255224),ios,2019-09-11T10:10:29-07:00,16.217026718312113,11.395623111962617,-12.070027799715941
637,1568221830.0,-122.271227626552,37.84730525554334,POINT (-122.271227626552 37.84730525554334),ios,2019-09-11T10:10:30-07:00,27.61264983027473,-0.6744046877533236,-3.5769624109223024
638,1568221831.0,-122.27124917800093,37.84755299825181,POINT (-122.27124917800093 37.84755299825181),ios,2019-09-11T10:10:31-07:00,26.938245142521406,-4.251367098675626,-1.786894500784797
639,1568221832.0,-122.2712656306452,37.84779491110597,POINT (-122.2712656306452 37.84779491110597),ios,2019-09-11T10:10:32-07:00,22.68687804384578,-6.038261599460423,12.448025551054783
640,1568221833.0,-122.2712739998317,37.847998832043324,POINT (-122.2712739998317 37.847998832043324),ios,2019-09-11T10:10:33-07:00,16.648616444385357,6.4097639515943605,-7.776990560581549
641,1568221834.0,-122.2712765704663,37.84814854288753,POINT (-122.2712765704663 37.84814854288753),ios,2019-09-11T10:10:34-07:00,23.058380395979718,-1.3672266089871883,1.3663211740424437
642,1568221835.0,-122.27127859441681,37.848355905725704,POINT (-122.27127859441681 37.848355905725704),ios,2019-09-11T10:10:35-07:00,21.69115378699253,-0.0009054349447445986,-3.0454267183116954
643,1568221836.0,-122.2712576906768,37.84855027935132,POINT (-122.2712576906768 37.84855027935132),ios,2019-09-11T10:10:36-07:00,21.690248352047785,-3.04633215325644,3.0463321485050088
644,1568221837.0,-122.27123678780897,37.84874464486704,POINT (-122.27123678780897 37.84874464486704),ios,2019-09-11T10:10:37-07:00,18.643916198791345,-4.751431248450899e-09,-7.242668687013065e-10
645,1568221838.0,-122.2712390264453,37.848912304315085,POINT (-122.2712390264453 37.848912304315085),ios,2019-09-11T10:10:38-07:00,18.643916194039914,-5.475698117152206e-09,1.5406058651024068e-09
646,1568221839.0,-122.27124126508158,37.84907996376313,POINT (-122.27124126508158 37.84907996376313),ios,2019-09-11T10:10:39-07:00,18.643916188564216,-3.935092252049799e-09,-7.768932164253783e-10
647,1568221840.0,-122.2712435037179,37.84924762321117,POINT (-122.2712435037179 37.84924762321117),ios,2019-09-11T10:10:40-07:00,18.643916184629123,-4.711985468475177e-09,-7.105427357601002e-15
648,1568221841.0,-122.2712457423542,37.849415282659216,POINT (-122.2712457423542 37.849415282659216),ios,2019-09-11T10:10:41-07:00,18.643916179917138,-4.711992573902535e-09,-18.643916170493153
649,1568221842.0,-122.2712479809905,37.84958294210726,POINT (-122.2712479809905 37.84958294210726),ios,2019-09-11T10:10:42-07:00,18.643916175205145,-18.643916175205145,18.643916175205145
650,1568221843.0,-122.2712502196268,37.84975060155531,POINT (-122.2712502196268 37.84975060155531),ios,2019-09-11T10:10:43-07:00,0.0,0.0,0.0
