,latitude,longitude,ts,fmt_time,geometry,gt_distance,gt_projection,source,speed,acceleration,jerk
0,37.871234848802956,-122.2676721420443,1564161595.0,2019-07-26T10:19:55-07:00,POINT (-122.2676721420443 37.871234848802956),2.049540858988688,5.875157886468283,ios,1.3812914792055602,100.78274092656535,-201.08310890303375
1,37.87124719599493,-122.26767041472888,1564161596.0,2019-07-26T10:19:56-07:00,POINT (-122.26767041472888 37.87124719599493),0.7057851204124338,6.182184448564312,ios,102.16403240577091,-100.30036797646841,113.09308117945179
2,37.87128646971621,-122.26650756610739,1564161597.0,2019-07-26T10:19:57-07:00,POINT (-122.26650756610739 37.87128646971621),13.260405263441292,108.17019173499224,ios,1.863664429302498,12.79271320298338,-15.119533375359326
3,37.87129381357577,-122.26648848085294,1564161598.0,2019-07-26T10:19:58-07:00,POINT (-122.26648848085294 37.87129381357577),12.697822239572135,109.9493245549753,ios,14.656377632285878,-2.326820172375946,-8.705242697282225
4,37.871342612146584,-122.26633337151866,1564161599.0,2019-07-26T10:19:59-07:00,POINT (-122.26633337151866 37.871342612146584),9.320698498180882,124.23334499598468,ios,12.329557459909932,-11.032062869658171,10.33011973613914
5,37.87138266958098,-122.26620239217046,1564161600.0,2019-07-26T10:20:00-07:00,POINT (-122.26620239217046 37.87138266958098),6.59513644352817,136.27671052362018,ios,1.2974945902517607,-0.7019431335190308,0.8325783591880269
6,37.871393859421715,-122.26619820121887,1564161601.0,2019-07-26T10:20:01-07:00,POINT (-122.26619820121887 37.871393859421715),5.42020685812844,136.82161413968174,ios,0.5955514567327299,0.1306352256689961,0.14391733129987855
7,37.87147403232555,-122.26620473910334,1564161616.0,2019-07-26T10:20:16-07:00,POINT (-122.26620473910334 37.87147403232555),3.464677850835326,137.54369801284315,ios,2.5550798417676712,2.2893951951671743,-1.6440964831320506
8,37.871487443370626,-122.2661811021364,1564161617.0,2019-07-26T10:20:17-07:00,POINT (-122.2661811021364 37.871487443370626),4.635223924823717,139.81663182730134,ios,4.8444750369348455,0.6452987120351237,0.43838735511367855
9,37.87152708977263,-122.26615821954074,1564161618.0,2019-07-26T10:20:18-07:00,POINT (-122.26615821954074 37.87152708977263),8.695533297591549,142.44638682236447,ios,5.489773748969969,1.0836860671488022,-1.1999188075293867
10,37.87156996320735,-122.26612720649901,1564161619.0,2019-07-26T10:20:19-07:00,POINT (-122.26612720649901 37.87156996320735),13.065059348664844,145.57287083079004,ios,6.573459816118771,-0.11623274038058451,12.420306564028149
11,37.87162784024875,-122.26611195143524,1564161620.0,2019-07-26T10:20:20-07:00,POINT (-122.26611195143524 37.87162784024875),15.698894216314358,181.427553864964,ios,6.457227075738187,12.304073823647565,-24.99325451124342
12,37.8716855915616,-122.26610424008432,1564161621.0,2019-07-26T10:20:21-07:00,POINT (-122.26610424008432 37.8716855915616),14.376230153542924,187.73395536274137,ios,18.761300899385752,-12.689180687595858,11.689746778224341
13,37.8717911618811,-122.26593750783665,1564161622.0,2019-07-26T10:20:22-07:00,POINT (-122.26593750783665 37.8717911618811),1.3978200009513462,197.90477788178987,ios,6.072120211789895,-0.9994339093715165,1.0413910890573215
14,37.8718455490929,-122.26594372071322,1564161623.0,2019-07-26T10:20:23-07:00,POINT (-122.26594372071322 37.8718455490929),1.464309477143746,203.96365632742783,ios,5.072686302418378,0.041957179685804924,-1.9119480822243982
15,37.87189098454689,-122.26594891035752,1564161624.0,2019-07-26T10:20:24-07:00,POINT (-122.26594891035752 37.87189098454689),1.5199114622449863,209.0252797557688,ios,5.114643482104183,-1.8699909025385932,5.106790937074561
16,37.871936789308464,-122.26595423343686,1564161625.0,2019-07-26T10:20:25-07:00,POINT (-122.26595423343686 37.871936789308464),1.5482732509518666,214.14668849833183,ios,3.24465257956559,3.236800034535968,2.66604599045716
17,37.871965838553095,-122.26595772710215,1564161626.0,2019-07-26T10:20:26-07:00,POINT (-122.26595772710215 37.871965838553095),1.5313982828911477,217.38442814247216,ios,6.481452614101558,5.902846024993128,-10.487282369979674
18,37.87202386673914,-122.26596470597758,1564161627.0,2019-07-26T10:20:27-07:00,POINT (-122.26596470597758 37.87202386673914),1.497689859829979,223.8520716629784,ios,12.384298639094686,-4.584436344986545,5.39220917016859
19,37.87213476246124,-122.2659777766682,1564161628.0,2019-07-26T10:20:28-07:00,POINT (-122.2659777766682 37.87213476246124),1.4566101971340615,236.21006637466974,ios,7.799862294108141,0.8077728251820444,-1.45637861017088
20,37.872204623789465,-122.26598577212116,1564161629.0,2019-07-26T10:20:29-07:00,POINT (-122.26598577212116 37.872204623789465),1.4516454612554892,243.99338755548155,ios,8.607635119290185,-0.6486057849888356,0.5881539057701533
21,37.872281720128406,-122.26599459560288,1564161630.0,2019-07-26T10:20:30-07:00,POINT (-122.26599459560288 37.872281720128406),1.4461680036739541,252.58276862119197,ios,7.959029334301349,-0.060451879218682336,-1.1137050092456011
22,37.87235300707537,-122.2660027542143,1564161631.0,2019-07-26T10:20:31-07:00,POINT (-122.2660027542143 37.87235300707537),1.4411046320955603,260.5249194768711,ios,7.898577455082667,-1.1741568884642835,2.6608427686347698
23,37.87242375257119,-122.26601085085804,1564161632.0,2019-07-26T10:20:32-07:00,POINT (-122.26601085085804 37.87242375257119),1.3110533769366217,268.4313319044499,ios,6.724420566618384,1.4866858801704863,-4.613640665783968
24,37.872484050582706,-122.26601669399167,1564161633.0,2019-07-26T10:20:33-07:00,POINT (-122.26601669399167 37.872484050582706),1.1703120313877282,275.22950500358985,ios,8.21110644678887,-3.1269547856134814,0.3017298223163447
25,37.872557616912374,-122.26602480252953,1564161634.0,2019-07-26T10:20:34-07:00,POINT (-122.26602480252953 37.872557616912374),0.6645557209783197,283.33163571575983,ios,5.0841516611753885,-2.8252249632971367,2.825118320793504
26,37.8726031678949,-122.26602982035821,1564161635.0,2019-07-26T10:20:35-07:00,POINT (-122.26602982035821 37.8726031678949),0.7689336752815695,288.4039203486839,ios,2.258926697878252,-0.00010664250363268124,-0.7875121942968832
27,37.87262340653799,-122.26603204981716,1564161636.0,2019-07-26T10:20:36-07:00,POINT (-122.26603204981716 37.87262340653799),0.8153097407168041,290.65757444477725,ios,2.258820055374619,-0.7876188368005159,0.06536667189808532
28,37.87264364422567,-122.26603427917082,1564161637.0,2019-07-26T10:20:37-07:00,POINT (-122.26603427917082 37.87264364422567),0.8616837227601123,292.91112215193164,ios,1.4712012185741032,-0.7222521649024306,0.3717235383125113
29,37.872670006406025,-122.2660371831895,1564161639.0,2019-07-26T10:20:39-07:00,POINT (-122.2660371831895 37.872670006406025),0.9220919235009551,295.8466566888073,ios,0.026696888769242085,0.021194911722592025,-0.005298728103248253
30,37.87267096315917,-122.26603728858399,1564161643.0,2019-07-26T10:20:43-07:00,POINT (-122.26603728858399 37.87267096315917),0.9242843006528435,295.95319498955575,ios,0.11147653565961019,-6.904009863806237e-10,1.3581186730782235e-09
31,37.872671961922805,-122.2660373986063,1564161644.0,2019-07-26T10:20:44-07:00,POINT (-122.2660373986063 37.872671961922805),0.9265729441857674,296.0644113255085,ios,0.1114765349692092,6.677176866975998e-10,-5.71001496085799e-10
32,37.87267296068643,-122.26603750862863,1564161645.0,2019-07-26T10:20:45-07:00,POINT (-122.26603750862863 37.87267296068643),0.928861585860192,296.17562766261454,ios,0.11147653563692689,9.671619061180081e-11,-1.0032328995324136e-09
33,37.87267395945006,-122.26603761865094,1564161646.0,2019-07-26T10:20:46-07:00,POINT (-122.26603761865094 37.87267395945006),0.9311502300249945,296.28684399896275,ios,0.11147653573364308,-9.065167089206128e-10,-2.3466608222194596e-05
34,37.87267495821369,-122.26603772867327,1564161647.0,2019-07-26T10:20:47-07:00,POINT (-122.26603772867327 37.87267495821369),0.9334388722156588,296.39806033647767,ios,0.11147653482712637,-2.3467514738903517e-05,-0.07436388491950545
35,37.87267595697732,-122.26603783869558,1564161648.0,2019-07-26T10:20:48-07:00,POINT (-122.26603783869558 37.87267595697732),0.9357275167893346,296.5092766723096,ios,0.11145306731238747,-0.07438735243424435,0.1316889345702403
36,37.872676955530686,-122.26603794869476,1564161649.0,2019-07-26T10:20:49-07:00,POINT (-122.26603794869476 37.872676955530686),0.938015676915431,296.62046959595665,ios,0.03706571487814311,0.05730158213599595,0.01600087294701928
37,37.872692231524326,-122.26603963147556,1564161695.0,2019-07-26T10:21:35-07:00,POINT (-122.26603963147556 37.872692231524326),0.9730202937525597,298.32151276788977,ios,2.6729384931339566,0.7933417376988827,-0.5460341858956368
38,37.87271617946771,-122.2660422695455,1564161696.0,2019-07-26T10:21:36-07:00,POINT (-122.2660422695455 37.87271617946771),1.0278966130605938,300.9882123331743,ios,3.4662802308328393,0.24730755180324593,-0.5857874100343023
39,37.87274723528256,-122.266045690608,1564161697.0,2019-07-26T10:21:37-07:00,POINT (-122.266045690608 37.87274723528256),1.0990607130572383,304.4464018998926,ios,3.7135877826360852,-0.3384798582310564,0.14031893825782404
40,37.872780506826494,-122.26604935575193,1564161698.0,2019-07-26T10:21:38-07:00,POINT (-122.26604935575193 37.872780506826494),1.1434277799471213,308.1683508968529,ios,3.375107924405029,-0.19816091997323237,-0.3089130974647314
41,37.87281074579175,-122.26605268683153,1564161699.0,2019-07-26T10:21:39-07:00,POINT (-122.26605268683153 37.87281074579175),1.1632568393245,311.5362355103385,ios,3.1769470044317965,-0.5070740174379638,-1.956265246295723
42,37.87283920935278,-122.2660558223352,1564161700.0,2019-07-26T10:21:40-07:00,POINT (-122.2660558223352 37.87283920935278),1.1819218915105212,314.7063833152976,ios,2.6698729869938327,-2.463339263733687,2.7112956148746057
43,37.87286312983141,-122.26605845737964,1564161701.0,2019-07-26T10:21:41-07:00,POINT (-122.26605845737964 37.87286312983141),1.1976079599310707,317.37054233535457,ios,0.2065337232601457,0.24795635114091893,0.09086059651539094
44,37.87289273654633,-122.26606171881147,1564161717.0,2019-07-26T10:21:57-07:00,POINT (-122.26606171881147 37.87289273654633),1.2170230209842032,320.668009662641,ios,4.173835341514849,1.701725895387174,2.9838563627162653
45,37.872930131635975,-122.2660658381991,1564161718.0,2019-07-26T10:21:58-07:00,POINT (-122.2660658381991 37.872930131635975),1.241545733678349,324.83291234593037,ios,5.875561236902023,4.685582258103439,-10.983441361279558
46,37.87298276681067,-122.26607172918045,1564161719.0,2019-07-26T10:21:59-07:00,POINT (-122.26607172918045 37.87298276681067),1.2679390438442935,330.69594715425126,ios,10.561143495005462,-6.297859103176119,8.52296697093493
47,37.8730773711685,-122.26608240054571,1564161720.0,2019-07-26T10:22:00-07:00,POINT (-122.26608240054571 37.8730773711685),1.308097272637179,341.2346105306446,ios,4.263284391829343,2.22510786775881,-4.148477073032991
48,37.87311555632541,-122.26608677033278,1564161721.0,2019-07-26T10:22:01-07:00,POINT (-122.26608677033278 37.87311555632541),1.2902228603671633,345.5118514052462,ios,6.488392259588153,-1.9233692052741809,5.760767387566236
49,37.873173658502914,-122.26609359666492,1564161722.0,2019-07-26T10:22:02-07:00,POINT (-122.26609359666492 37.873173658502914),1.1768390863338776,351.9855049632205,ios,4.565023054313972,3.8373981822920555,-7.625769700261398
50,37.87321453731707,-122.26609839945156,1564161723.0,2019-07-26T10:22:03-07:00,POINT (-122.26609839945156 37.87321453731707),1.0970664563723496,356.5401583880011,ios,8.402421236606028,-3.7883715179693427,2.8592207370863734
51,37.873289779219334,-122.26610723950257,1564161724.0,2019-07-26T10:22:04-07:00,POINT (-122.26610723950257 37.873289779219334),0.9502374013647906,364.9234932853383,ios,4.614049718636685,-0.9291507808829693,7.326839202431588
52,37.87333109705744,-122.26611209386941,1564161725.0,2019-07-26T10:22:05-07:00,POINT (-122.26611209386941 37.87333109705744),0.9959676555266094,369.4748101542252,ios,3.6848989377537156,6.397688421548619,-9.390675542697515
53,37.873364094547206,-122.26611597069184,1564161726.0,2019-07-26T10:22:06-07:00,POINT (-122.26611597069184 37.873364094547206),1.1374636918803198,373.14917922256916,ios,10.082587359302334,-2.9929871211488956,2.7264474118537523
54,37.87345443917924,-122.26612576574901,1564161727.0,2019-07-26T10:22:07-07:00,POINT (-122.26612576574901 37.87345443917924),1.3876727231877328,383.26299278458487,ios,7.089600238153438,-0.26653970929514337,0.041722870531769374
55,37.87351796556969,-122.26613264868992,1564161728.0,2019-07-26T10:22:08-07:00,POINT (-122.26613264868992 37.87351796556969),1.4030517771114333,390.3375194668297,ios,6.823060528858295,-0.224816838763374,0.15117617943608064
56,37.873579078582175,-122.26613963396353,1564161729.0,2019-07-26T10:22:09-07:00,POINT (-122.26613963396353 37.873579078582175),1.2840242051602926,397.1714961338813,ios,6.598243690094921,-0.07364065932729336,0.8728453768109281
57,37.873638174318586,-122.26614643984603,1564161730.0,2019-07-26T10:22:10-07:00,POINT (-122.26614643984603 37.873638174318586),1.1377426081958644,403.7541273948988,ios,6.5246030307676275,0.7992047174836348,-2.989189481826622
58,37.8736966179561,-122.26615306517125,1564161731.0,2019-07-26T10:22:11-07:00,POINT (-122.26615306517125 37.8736966179561),1.002329269201706,410.2634840536663,ios,7.323807748251262,-2.189984764342987,1.6332155895786808
59,37.87376223514389,-122.26616029041237,1564161732.0,2019-07-26T10:22:12-07:00,POINT (-122.26616029041237 37.87376223514389),0.8889979760517446,417.40345477670263,ios,5.133822983908275,-0.5567691747643062,-2.607826649882077
60,37.8738082365352,-122.26616527830028,1564161733.0,2019-07-26T10:22:13-07:00,POINT (-122.26616527830028 37.8738082365352),1.3997801313524056,422.7770306621518,ios,4.577053809143969,-3.164595824646383,3.1645298189186475
61,37.87384923534382,-122.26616992324928,1564161734.0,2019-07-26T10:22:14-07:00,POINT (-122.26616992324928 37.87384923534382),1.2318759669455381,427.34128965065634,ios,1.412457984497586,-6.60057277355186e-05,3.5078056264248096
62,37.873861887389694,-122.2661713566594,1564161735.0,2019-07-26T10:22:15-07:00,POINT (-122.2661713566594 37.873861887389694),1.1800615920476805,428.74979922037994,ios,1.4123919787698505,3.507739620697074,-4.236603568596862
63,37.87387453884434,-122.26617279000256,1564161736.0,2019-07-26T10:22:16-07:00,POINT (-122.26617279000256 37.87387453884434),1.1282496752382303,430.1582429721564,ios,4.920131599466925,-0.7288639478997876,1.1087946822166916
64,37.87391861076128,-122.26617778311858,1564161737.0,2019-07-26T10:22:17-07:00,POINT (-122.26617778311858 37.87391861076128),0.9477608264392083,435.0646207790865,ios,4.191267651567137,0.37993073431690405,13.309127994398473
65,37.87395612394052,-122.26618244155397,1564161738.0,2019-07-26T10:22:18-07:00,POINT (-122.26618244155397 37.87395612394052),0.8933719287285103,439.1778256571169,ios,4.571198385884041,13.689058728715377,-28.77348008788735
66,37.87399702212772,-122.26618771866562,1564161739.0,2019-07-26T10:22:19-07:00,POINT (-122.26618771866562 37.87399702212772),1.0275849965550274,443.7373989142573,ios,18.26025711459942,-15.084421359171973,17.78540633413872
67,37.87415717826481,-122.26614173185983,1564161740.0,2019-07-26T10:22:20-07:00,POINT (-122.26614173185983 37.87415717826481),0.41365590457292317,476.17566259051557,ios,3.175835755427447,2.7009849749667483,-4.235172031351168
68,37.87416074662583,-122.26610583296709,1564161741.0,2019-07-26T10:22:21-07:00,POINT (-122.26610583296709 37.87416074662583),0.4723455057530431,479.3572161013384,ios,5.876820730394195,-1.53418705638442,6.230117986728027
69,37.8741673537935,-122.26603940341359,1564161742.0,2019-07-26T10:22:22-07:00,POINT (-122.26603940341359 37.8741673537935),0.5805003982675369,485.2446252712004,ios,4.342633674009775,4.695930930343607,-7.305183149370505
70,37.87417321880677,-122.26599048873146,1564161743.0,2019-07-26T10:22:23-07:00,POINT (-122.26599048873146 37.87417321880677),0.550327821291409,489.59558689167335,ios,9.038564604353382,-2.6092522190268976,11.736243309710153
71,37.87418561684946,-122.26588871689728,1564161744.0,2019-07-26T10:22:24-07:00,POINT (-122.26588871689728 37.87418561684946),0.4660952136141959,498.6512841537698,ios,6.429312385326485,9.126991090683255,-20.348762713714944
72,37.87419460741435,-122.26581635842075,1564161745.0,2019-07-26T10:22:25-07:00,POINT (-122.26581635842075 37.87419460741435),0.3869037944704498,505.0925507152067,ios,15.55630347600974,-11.221771623031689,14.957152301492773
73,37.87421576145009,-122.26564116264947,1564161746.0,2019-07-26T10:22:26-07:00,POINT (-122.26564116264947 37.87421576145009),0.6879760249172411,520.6924000867683,ios,4.334531852978052,3.735380678461083,-5.929834662754632
74,37.874221433051076,-122.26559230463909,1564161747.0,2019-07-26T10:22:27-07:00,POINT (-122.26559230463909 37.874221433051076),0.6399505432299869,525.035108567817,ios,8.069912531439135,-2.194453984293549,-0.612004549427767
75,37.874231992283406,-122.26550134212545,1564161748.0,2019-07-26T10:22:28-07:00,POINT (-122.26550134212545 37.874231992283406),0.5505318214977071,533.1202441345105,ios,5.875458547145586,-2.806458533721316,6.126131895473789
76,37.87423968014112,-122.2654351150702,1564161749.0,2019-07-26T10:22:29-07:00,POINT (-122.2654351150702 37.87423968014112),0.4854236878384864,539.0067861249855,ios,3.0690000134242696,3.319673361752473,-3.7638611823039634
77,37.87424369583404,-122.26540052188099,1564161750.0,2019-07-26T10:22:30-07:00,POINT (-122.26540052188099 37.87424369583404),0.4514132638802381,542.0815754913898,ios,6.388673375176743,-0.4441878205514902,0.8784444314501183
78,37.87425174444401,-122.26532845315447,1564161751.0,2019-07-26T10:22:31-07:00,POINT (-122.26532845315447 37.87425174444401),1.0098082152682475,548.5751589276117,ios,5.944485554625253,0.4342566108986281,0.5272510292171377
79,37.874259068080946,-122.26526136586457,1564161752.0,2019-07-26T10:22:32-07:00,POINT (-122.26526136586457 37.874259068080946),0.7709267429736703,554.5264899572483,ios,6.378742165523881,0.9615076401157658,0.8938011685248677
80,37.87426821309184,-122.26518962193785,1564161753.0,2019-07-26T10:22:33-07:00,POINT (-122.26518962193785 37.87426821309184),0.5192937792299422,560.8670546837301,ios,7.340249805639647,1.8553088086406335,-2.171031176613183
81,37.874279065528334,-122.2651071319624,1564161754.0,2019-07-26T10:22:34-07:00,POINT (-122.2651071319624 37.874279065528334),0.6477857576499185,568.2202988772217,ios,9.19555861428028,-0.3157223679725494,0.05649701675128682
82,37.87429286068615,-122.2650038344255,1564161755.0,2019-07-26T10:22:35-07:00,POINT (-122.2650038344255 37.87429286068615),0.7862802542956037,577.4324709928435,ios,8.87983624630773,-0.25922535122126256,-1.8015547850439662
83,37.87430776103532,-122.26490444260452,1564161756.0,2019-07-26T10:22:36-07:00,POINT (-122.26490444260452 37.87430776103532),0.7420063022170909,586.3289860873007,ios,8.620610895086468,-2.0607801362652287,2.715080812137715
84,37.87432326333757,-122.26480821104295,1564161757.0,2019-07-26T10:22:37-07:00,POINT (-122.26480821104295 37.87432326333757),0.5817433559583858,594.9642225653907,ios,6.5598307588212394,0.6543006758724861,-4.247811824878249
85,37.87433505977502,-122.26473498388103,1564161758.0,2019-07-26T10:22:38-07:00,POINT (-122.26473498388103 37.87433505977502),0.45978547384009155,601.5351825889122,ios,7.2141314346937255,-3.5935111490057627,8.714970286490864
86,37.87435032131612,-122.26465509921644,1564161759.0,2019-07-26T10:22:39-07:00,POINT (-122.26465509921644 37.87435032131612),0.04136549764857712,608.7517734309026,ios,3.620620285687963,5.121459137485102,-5.12187306513675
87,37.87435893147871,-122.26461531757772,1564161760.0,2019-07-26T10:22:40-07:00,POINT (-122.26461531757772 37.87435893147871),0.2782607134697854,612.3645965931615,ios,8.742079423173065,-0.00041392765164793843,0.7513955733751914
88,37.874393845946855,-122.26452607880476,1564161761.0,2019-07-26T10:22:41-07:00,POINT (-122.26452607880476 37.874393845946855),1.2824746607667616,621.2151594688136,ios,8.741665495521417,0.7509816457235434,-6.584349626103261
89,37.874428758775124,-122.26443684422321,1564161762.0,2019-07-26T10:22:42-07:00,POINT (-122.26443684422321 37.874428758775124),1.467687631353462,630.0923264611293,ios,9.49264714124496,-5.833367980379718,6.299417736096258
90,37.87446509850934,-122.26433898151694,1564161763.0,2019-07-26T10:22:43-07:00,POINT (-122.26433898151694 37.87446509850934),1.0127584008239572,639.5990742198173,ios,3.659279160865242,0.4660497557165395,-1.9669845056721975
91,37.874478028691826,-122.26430064394515,1564161764.0,2019-07-26T10:22:44-07:00,POINT (-122.26430064394515 37.874478028691826),0.671127561269383,643.2474821295276,ios,4.125328916581782,-1.500934749955658,0.27117659408024264
92,37.87449260567866,-122.26425742365188,1564161765.0,2019-07-26T10:22:45-07:00,POINT (-122.26425742365188 37.87449260567866),0.9601785895023263,647.1795971553071,ios,2.6243941666261237,-1.2297581558754154,-0.14289422759869086
93,37.874501879063935,-122.26422992836524,1564161766.0,2019-07-26T10:22:46-07:00,POINT (-122.26422992836524 37.874501879063935),1.4695158719355164,649.7578115704832,ios,1.3946360107507083,-1.3726523834741062,1.4095053185572934
94,37.87450680705771,-122.26421531702351,1564161767.0,2019-07-26T10:22:47-07:00,POINT (-122.26421531702351 37.87450680705771),1.5095776656212687,651.5109341011009,ios,0.021983627276602132,0.03685293508318731,-0.001535540309110521
95,37.874508569263135,-122.26420973588243,1564161791.0,2019-07-26T10:23:11-07:00,POINT (-122.26420973588243 37.874508569263135),1.4764067109684154,652.0382689365291,ios,0.9064540692730975,-3.2335465194321955e-08,-8.601413250319823e-05
96,37.87451167034883,-122.26420018500477,1564161792.0,2019-07-26T10:23:12-07:00,POINT (-122.26420018500477 37.87451167034883),1.4282140022004475,652.9447400454102,ios,0.9064540369376323,-8.604646796839255e-05,1.5774311041937106
97,37.874514771434534,-122.2641906341271,1564161793.0,2019-07-26T10:23:13-07:00,POINT (-122.2641906341271 37.874514771434534),1.3800214040476328,653.8512111297421,ios,0.9063679904696639,1.5773450577257422,-0.6673219159780652
98,37.874517872225965,-122.26418108415572,1564161794.0,2019-07-26T10:23:14-07:00,POINT (-122.26418108415572 37.874517872225965),1.3318334837024843,654.757596174406,ios,2.483713048195406,0.910023141747677,-2.8726220100328126
99,37.87452589058539,-122.26415467312273,1564161795.0,2019-07-26T10:23:15-07:00,POINT (-122.26415467312273 37.87452589058539),1.1426944316275875,657.2378270506099,ios,3.393736189943083,-1.9625988682851354,2.7809434879463137
100,37.87453684684285,-122.2641185851823,1564161796.0,2019-07-26T10:23:16-07:00,POINT (-122.2641185851823 37.87453684684285),0.9929917618854958,660.5856740569739,ios,1.4311373216579477,0.8183446196611783,-1.8143786898071526
101,37.874541467093074,-122.2641033669095,1564161797.0,2019-07-26T10:23:17-07:00,POINT (-122.2641033669095 37.874541467093074),0.9467093723989047,662.0182069271201,ios,2.249481941319126,-0.9960340701459742,-0.08067560979727362
102,37.874548729268426,-122.26407944661076,1564161798.0,2019-07-26T10:23:18-07:00,POINT (-122.26407944661076 37.874548729268426),0.8946724028679627,664.2237823189862,ios,1.2534478711731518,-1.0767096799432478,1.308222447371715
103,37.87455277587075,-122.26406611783094,1564161799.0,2019-07-26T10:23:19-07:00,POINT (-122.26406611783094 37.87455277587075),0.9195545086340158,665.4788605026505,ios,0.17673819122990403,0.2315127674284671,-0.046302537317765756
104,37.87455562875844,-122.26405672093223,1564161804.0,2019-07-26T10:23:24-07:00,POINT (-122.26405672093223 37.87455562875844),0.9370967163711534,666.3637008424819,ios,1.3343020283722395,8.083963831673202e-08,-9.448172400761123e-05
105,37.87454983825973,-122.26404340617319,1564161805.0,2019-07-26T10:23:25-07:00,POINT (-122.26404340617319 37.87454983825973),0.06441669861618696,667.2475091745818,ios,1.3343021092118779,-9.44008843692945e-05,-1.0640344425059287
106,37.87454404776101,-122.26403009141414,1564161806.0,2019-07-26T10:23:26-07:00,POINT (-122.26403009141414 37.87454404776101),1.065930018800178,668.1313177351774,ios,1.3342077083275086,-1.064128843390298,1.064128839594026
107,37.87453825767233,-122.2640167775979,1564161807.0,2019-07-26T10:23:27-07:00,POINT (-122.2640167775979 37.87453825767233),2.0673723309098366,669.0150639423744,ios,0.27007886493721056,-3.796271907940962e-09,2.8466498047663435e-09
108,37.87453896487607,-122.26401383388371,1564161808.0,2019-07-26T10:23:28-07:00,POINT (-122.26401383388371 37.87453896487607),2.081344537050528,669.2852359915511,ios,0.27007886114093865,-9.496221031746188e-10,-2.5567696456563205e-05
109,37.87453967207981,-122.26401089016953,1564161809.0,2019-07-26T10:23:29-07:00,POINT (-122.26401089016953 37.87453967207981),2.095316733594049,669.5554080389364,ios,0.27007886019131655,-2.556864607866638e-05,-0.26836313063892125
110,37.87454037928356,-122.26400794645534,1564161810.0,2019-07-26T10:23:30-07:00,POINT (-122.26400794645534 37.87454037928356),2.1092889206210748,669.8255800847487,ios,0.2700532915452379,-0.2683886992849999,0.3911885787248338
111,37.874541086420365,-122.2640050030198,1564161811.0,2019-07-26T10:23:31-07:00,POINT (-122.2640050030198 37.874541086420365),2.123259774230302,670.0957265531854,ios,0.0016645922602379654,0.12279987943983388,0.025758568198641776
112,37.874541204106585,-122.26400451315449,1564161838.0,2019-07-26T10:23:58-07:00,POINT (-122.26400451315449 37.874541204106585),2.125584892862332,670.14068605127,ios,3.317261337135753,0.8182812208031618,-1.742145031803322
113,37.874548449169275,-122.26396785074269,1564161839.0,2019-07-26T10:23:59-07:00,POINT (-122.26396785074269 37.874548449169275),2.6184278929773366,673.314291926105,ios,4.135542557938915,-0.9238638110001602,2.5391481714702557
114,37.87455586184034,-122.26392167943743,1564161840.0,2019-07-26T10:24:00-07:00,POINT (-122.26392167943743 37.87455586184034),3.434392942155923,677.3764278054947,ios,3.2116787469387544,1.6152843604700955,2.648353647009608
115,37.87456161855059,-122.26388582261563,1564161841.0,2019-07-26T10:24:01-07:00,POINT (-122.26388582261563 37.87456161855059),2.7013176405296506,682.3948689609971,ios,4.82696310740885,4.263638007479703,-6.607736156511071
116,37.874570270546236,-122.26383193192922,1564161842.0,2019-07-26T10:24:02-07:00,POINT (-122.26383193192922 37.874570270546236),1.0926748421503722,686.9554695993199,ios,9.090601114888553,-2.3440981490313675,1.0438589669914276
117,37.87458447411211,-122.26372993689438,1564161843.0,2019-07-26T10:24:03-07:00,POINT (-122.26372993689438 37.87458447411211),1.4485081385379677,696.0913039797766,ios,6.746502965857186,-1.30023918203994,2.9035184840134045
118,37.87459440392415,-122.26365410970783,1564161844.0,2019-07-26T10:24:04-07:00,POINT (-122.26365410970783 37.87459440392415),1.497963535748951,702.8506093997512,ios,5.446263783817246,1.6032793019734646,-0.26872678372496317
119,37.874602419985564,-122.26359289652657,1564161845.0,2019-07-26T10:24:05-07:00,POINT (-122.26359289652657 37.874602419985564),1.53789162136624,708.3072082745916,ios,7.04954308579071,1.3345525182485014,-3.209972829353114
120,37.87461279582842,-122.26351366330758,1564161846.0,2019-07-26T10:24:06-07:00,POINT (-122.26351366330758 37.87461279582842),1.5895792691301909,715.370128942015,ios,8.384095604039212,-1.8754203111046124,4.974170926771913
121,37.874625180600624,-122.26341943980026,1564161847.0,2019-07-26T10:24:07-07:00,POINT (-122.26341943980026 37.874625180600624),1.65608487306106,723.7700896004344,ios,6.5086752929345995,3.098750615667301,-6.846867897554315
122,37.874634928342545,-122.26334632125435,1564161848.0,2019-07-26T10:24:08-07:00,POINT (-122.26334632125435 37.874634928342545),1.722716842656114,730.290924662869,ios,9.6074259086019,-3.748117281887014,5.769584151291339
123,37.87464931694222,-122.26323839128509,1564161849.0,2019-07-26T10:24:09-07:00,POINT (-122.26323839128509 37.87464931694222),1.8210816068382272,739.916299581596,ios,5.859308626714887,2.0214668694043247,-0.32719879731368273
124,37.87465809216046,-122.2631725677125,1564161850.0,2019-07-26T10:24:10-07:00,POINT (-122.2631725677125 37.87465809216046),1.8810772408207335,745.7865548399651,ios,7.880775496119211,1.694268072090642,-0.278630399563891
125,37.87466976049191,-122.26308400635833,1564161851.0,2019-07-26T10:24:11-07:00,POINT (-122.26308400635833 37.87466976049191),1.9273407546108838,753.7037015319273,ios,9.575043568209853,1.415637672526751,-2.515016345995594
126,37.8746838282235,-122.26297638241488,1564161852.0,2019-07-26T10:24:12-07:00,POINT (-122.26297638241488 37.8746838282235),1.88833930860945,763.2970973919652,ios,10.990681240736604,-1.099378673468843,0.5912155059496413
127,37.87469997582467,-122.26285284661225,1564161853.0,2019-07-26T10:24:13-07:00,POINT (-122.26285284661225 37.87469997582467),1.843585664714768,774.3088444935122,ios,9.891302567267761,-0.5081631675192018,0.07683420711980915
128,37.8747145082124,-122.26274166785794,1564161854.0,2019-07-26T10:24:14-07:00,POINT (-122.26274166785794 37.8747145082124),1.8033214750801456,784.2191059639268,ios,9.38313939974856,-0.4313289603993926,0.2789333341764486
129,37.87472829400496,-122.26263620086428,1564161855.0,2019-07-26T10:24:15-07:00,POINT (-122.26263620086428 37.87472829400496),1.7651370754198088,793.6202304537672,ios,8.951810439349167,-0.152395626222944,0.05246821698448301
130,37.87474144608749,-122.26253558201353,1564161856.0,2019-07-26T10:24:16-07:00,POINT (-122.26253558201353 37.87474144608749),1.7287181462246888,802.5891994152151,ios,8.799414813126223,-0.099927409238461,-0.21100022397071783
131,37.874754374271184,-122.26243667608111,1564161857.0,2019-07-26T10:24:17-07:00,POINT (-122.26243667608111 37.874754374271184),1.69292891092547,811.4054808109414,ios,8.699487403887762,-0.3109276332091788,-0.7138127659071163
132,37.87476715564275,-122.26233889332195,1564161858.0,2019-07-26T10:24:18-07:00,POINT (-122.26233889332195 37.87476715564275),1.6575555551069496,820.1216434250333,ios,8.388559770678583,-1.024740399116295,3.556297321601731
133,37.874779480198455,-122.26224460539237,1564161859.0,2019-07-26T10:24:19-07:00,POINT (-122.26224460539237 37.874779480198455),1.6234553739743238,828.5262825722273,ios,7.363819371562288,2.5315569224854357,-3.8818841900104832
134,37.874790299196995,-122.26216183559546,1564161860.0,2019-07-26T10:24:20-07:00,POINT (-122.26216183559546 37.874790299196995),1.593528049365377,835.9042172013643,ios,9.895376294047724,-1.3503272675250475,0.3031898305957048
135,37.874804837587234,-122.26205061091952,1564161861.0,2019-07-26T10:24:21-07:00,POINT (-122.26205061091952 37.874804837587234),1.6118342926584395,845.8059419816324,ios,8.545049026522676,-1.0471374369293427,3.521813204019658
136,37.874817392064784,-122.26195456399307,1564161862.0,2019-07-26T10:24:22-07:00,POINT (-122.26195456399307 37.874817392064784),1.6453944700303977,854.3673754044049,ios,7.4979115895933335,2.4746757670903152,-2.2608717597587136
137,37.874828408078514,-122.2618702869488,1564161863.0,2019-07-26T10:24:23-07:00,POINT (-122.2618702869488 37.874828408078514),1.6748495462586017,861.8796636668726,ios,9.972587356683649,0.21380400733160165,-1.313802046806412
138,37.87484305991544,-122.26175819435895,1564161864.0,2019-07-26T10:24:24-07:00,POINT (-122.26175819435895 37.87484305991544),1.7140370489966958,871.8713727986467,ios,10.18639136401525,-1.0999980394748103,-3.658465329166069
139,37.87485804722532,-122.26164370305594,1564161865.0,2019-07-26T10:24:25-07:00,POINT (-122.26164370305594 37.87485804722532),1.7564785290492546,882.077283065593,ios,9.08639332454044,-4.7584633686408795,16.786430952020464
140,37.87487145857718,-122.26154158424637,1564161866.0,2019-07-26T10:24:26-07:00,POINT (-122.26154158424637 37.87487145857718),1.7991255555562262,891.1810600055185,ios,4.3279299558995605,12.027967583379585,-21.37743383901243
141,37.874877846524186,-122.26149294414276,1564161867.0,2019-07-26T10:24:27-07:00,POINT (-122.26149294414276 37.874877846524186),1.8194423170602871,895.5172699631693,ios,16.355897539279145,-9.349466255632844,9.579575824379742
142,37.87490198754054,-122.26130912584637,1564161868.0,2019-07-26T10:24:28-07:00,POINT (-122.26130912584637 37.87490198754054),1.8962434272305,911.9044590588528,ios,7.006431283646299,0.23010956874689814,-0.3366849467422144
143,37.87491232891192,-122.26123038296157,1564161869.0,2019-07-26T10:24:29-07:00,POINT (-122.26123038296157 37.87491232891192),1.92915314344371,918.924294901914,ios,7.2365408523931976,-0.10657537799531625,-2.389936728191934
144,37.874923009922526,-122.26114905394275,1564161870.0,2019-07-26T10:24:30-07:00,POINT (-122.26114905394275 37.874923009922526),1.9631501035277825,926.1746806077422,ios,7.129965474397881,-2.49651210618725,3.6059795127527687
145,37.874933533631165,-122.26106892267708,1564161871.0,2019-07-26T10:24:31-07:00,POINT (-122.26106892267708 37.874933533631165),1.996652736895894,933.3182870956376,ios,4.633453368210631,1.1094674065655186,0.5895777044624912
146,37.87494037253088,-122.26101684885896,1564161872.0,2019-07-26T10:24:32-07:00,POINT (-122.26101684885896 37.87494037253088),2.018428020481172,937.9606051923696,ios,5.74292077477615,1.6990451110280098,-2.802347918143119
147,37.8749488489868,-122.26095230610468,1564161873.0,2019-07-26T10:24:33-07:00,POINT (-122.26095230610468 37.8749488489868),2.0454210374003092,943.7145133622076,ios,7.4419658858041595,-1.1033028071151092,0.5668085570944212
148,37.874959489039036,-122.26086859696761,1564161874.0,2019-07-26T10:24:34-07:00,POINT (-122.26086859696761 37.874959489039036),2.0417064510839267,951.1708501778467,ios,6.33866307868905,-0.536494250020688,0.7532517420800859
149,37.874968173799886,-122.26079722261744,1564161875.0,2019-07-26T10:24:35-07:00,POINT (-122.26079722261744 37.874968173799886),1.99610076925832,957.5216454524992,ios,5.802168828668362,0.21675749205939798,-4.125801754154262
150,37.87497612349742,-122.26073188927029,1564161876.0,2019-07-26T10:24:36-07:00,POINT (-122.26073188927029 37.87497612349742),1.9543594432643465,963.3349197193133,ios,6.01892632072776,-3.9090442620948638,7.097414955349766
151,37.874984370180734,-122.2606641151919,1564161877.0,2019-07-26T10:24:37-07:00,POINT (-122.2606641151919 37.874984370180734),1.9110631556688578,969.3653664430354,ios,2.1098820586328966,3.1883706932549023,-7.843407094494594
152,37.874987260983765,-122.26064035757884,1564161878.0,2019-07-26T10:24:38-07:00,POINT (-122.26064035757884 37.874987260983765),1.7776431018645613,971.919584662411,ios,5.298252751887799,-4.655036401239692,4.655005723468674
153,37.874994520255,-122.26058069839232,1564161879.0,2019-07-26T10:24:39-07:00,POINT (-122.26058069839232 37.874994520255),0.4926604585956779,977.043103119172,ios,0.6432163506481071,-3.067777101772862e-05,-0.2817474596038119
154,37.87499540154218,-122.26057345567135,1564161880.0,2019-07-26T10:24:40-07:00,POINT (-122.26057345567135 37.87499540154218),0.36864799990675745,977.6755229902827,ios,0.6431856728770894,-0.28177813737482965,0.28177813302747334
155,37.874996282787336,-122.26056621329573,1564161881.0,2019-07-26T10:24:41-07:00,POINT (-122.26056621329573 37.874996282787336),0.24464150542708585,978.3079127108558,ios,0.36140753550225974,-4.347356308276318e-09,-1.9407466189669265e-09
156,37.874997633369055,-122.26056246804565,1564161882.0,2019-07-26T10:24:42-07:00,POINT (-122.26056246804565 37.874997633369055),0.27392142764024613,978.668608911412,ios,0.3614075311549034,-6.288102927243244e-09,4.779084905592867e-10
157,37.874998983950775,-122.26055872279555,1564161883.0,2019-07-26T10:24:43-07:00,POINT (-122.26055872279555 37.874998983950775),0.30320136590955454,979.0293051074749,ios,0.3614075248668005,-5.8101944366839575e-09,1.4628375177849762e-09
158,37.8750003345325,-122.26055497754547,1564161884.0,2019-07-26T10:24:44-07:00,POINT (-122.26055497754547 37.8750003345325),0.33248132220481674,979.3900012950562,ios,0.36140751905660606,-4.347356918898981e-09,-2.269056109671652e-09
159,37.87500168511422,-122.26055123229538,1564161885.0,2019-07-26T10:24:45-07:00,POINT (-122.26055123229538 37.87500168511422),0.3617612948859185,979.750697475908,ios,0.36140751470924914,-6.6164130285706335e-09,2.2690557766047448e-09
160,37.87500303569594,-122.26054748704529,1564161886.0,2019-07-26T10:24:46-07:00,POINT (-122.26054748704529 37.87500303569594),0.39104128358282675,980.1113936523759,ios,0.3614075080928361,-4.347357251965889e-09,-2.2690559986493497e-09
161,37.87500438627766,-122.2605437417952,1564161887.0,2019-07-26T10:24:47-07:00,POINT (-122.2605437417952 37.87500438627766),0.4203212882023355,980.4720898193368,ios,0.36140750374547886,-6.6164132506152384e-09,1.4628375732961274e-09
162,37.87500573685938,-122.2605399965451,1564161888.0,2019-07-26T10:24:48-07:00,POINT (-122.2605399965451 37.87500573685938),0.44960131098134554,980.8327859828297,ios,0.3614074971290656,-5.153575677319111e-09,4.779081574923794e-10
163,37.8750070874411,-122.26053625129502,1564161889.0,2019-07-26T10:24:49-07:00,POINT (-122.26053625129502 37.8750070874411),0.47888134920580677,981.1934821367637,ios,0.36140749197548994,-4.675667519826732e-09,-1.9407461748777166e-09
164,37.875008438022824,-122.26053250604494,1564161890.0,2019-07-26T10:24:50-07:00,POINT (-122.26053250604494 37.875008438022824),0.5081614056036798,981.5541782845044,ios,0.3614074872998224,-6.616413694704448e-09,1.1345277495244943e-09
165,37.875009788604544,-122.26052876079484,1564161891.0,2019-07-26T10:24:51-07:00,POINT (-122.26052876079484 37.875009788604544),0.5374414784541662,981.9148744280224,ios,0.3614074806834087,-5.481885945179954e-09,1.1345277495244943e-09
166,37.87501113918626,-122.26052501554476,1564161892.0,2019-07-26T10:24:52-07:00,POINT (-122.26052501554476 37.87501113918626),0.566721566709762,982.2755705620906,ios,0.3614074752015228,-4.34735819565546e-09,-2.2690558876270472e-09
167,37.87501248976798,-122.26052127029467,1564161893.0,2019-07-26T10:24:53-07:00,POINT (-122.26052127029467 37.87501248976798),0.5960016717880047,982.6362666895907,ios,0.3614074708541646,-6.616414083282507e-09,3.2830976826048186e-10
168,37.8750138403497,-122.26051752504458,1564161894.0,2019-07-26T10:24:54-07:00,POINT (-122.26051752504458 37.8750138403497),0.6252817929627379,982.9969628124884,ios,0.3614074642377505,-6.288104315022025e-09,3.88149129504356e-09
169,37.87501519093142,-122.2605137797945,1564161895.0,2019-07-26T10:24:55-07:00,POINT (-122.2605137797945 37.87501519093142),0.6545619321230829,983.3576589270136,ios,0.3614074579496462,-2.4066130199784652e-09,-5.344329201406595e-09
170,37.87501654151315,-122.26051003454442,1564161896.0,2019-07-26T10:24:56-07:00,POINT (-122.26051003454442 37.87501654151315),0.6838420877096092,983.7183550347002,ios,0.36140745554303316,-7.75094222138506e-09,3.4035831375511805e-09
171,37.87501789209487,-122.26050628929431,1564161897.0,2019-07-26T10:24:57-07:00,POINT (-122.26050628929431 37.87501789209487),0.7131222593119421,984.0790511380027,ios,0.36140744779209094,-4.347359083833879e-09,-2.269055610071291e-09
172,37.875019242676586,-122.26050254404423,1564161898.0,2019-07-26T10:24:58-07:00,POINT (-122.26050254404423 37.875019242676586),0.742402448980571,984.4397472327144,ios,0.36140744344473186,-6.6164146939051705e-09,3.2830976826048186e-10
173,37.875020593258306,-122.26049879879413,1564161899.0,2019-07-26T10:24:59-07:00,POINT (-122.26049879879413 37.875020593258306),0.7716826533545832,984.8004433225578,ios,0.36140743682831716,-6.288104925644689e-09,3.8814907399320475e-09
174,37.875021943840025,-122.26049505354405,1564161900.0,2019-07-26T10:25:00-07:00,POINT (-122.26049505354405 37.875021943840025),0.8009628753580846,985.1611394036493,ios,0.36140743054021224,-2.406614185712641e-09,-5.34432853527278e-09
175,37.87502329442175,-122.26049130829398,1564161901.0,2019-07-26T10:25:01-07:00,POINT (-122.26049130829398 37.87502329442175),0.8302431146210401,985.5218354783339,ios,0.36140742813359805,-7.750942720985421e-09,1.1345275829910406e-09
176,37.87502464500347,-122.26048756304387,1564161902.0,2019-07-26T10:25:02-07:00,POINT (-122.26048756304387 37.87502464500347),0.8595233685893793,985.8825315481504,ios,0.36140742038265533,-6.61641513799438e-09,4.538110165430709e-09
177,37.87502599558519,-122.26048381779378,1564161903.0,2019-07-26T10:25:03-07:00,POINT (-122.26048381779378 37.87502599558519),0.8888036419344368,986.2432276098601,ios,0.3614074137662402,-2.0783049725636715e-09,-6.807165553457395e-09
178,37.87502734616691,-122.26048007254371,1564161904.0,2019-07-26T10:25:04-07:00,POINT (-122.26048007254371 37.87502734616691),0.9180839299181045,986.6039236641949,ios,0.3614074116879352,-8.885470526021066e-09,7.135475044162121e-09
179,37.87502869674863,-122.2604763272936,1564161905.0,2019-07-26T10:25:05-07:00,POINT (-122.2604763272936 37.87502869674863),0.9473642348315355,986.9646197143593,ios,0.3614074028024647,-1.7499954818589458e-09,-6.3292576180096205e-09
180,37.87503004733035,-122.26047258204353,1564161906.0,2019-07-26T10:25:06-07:00,POINT (-122.26047258204353 37.87503004733035),0.9766445573341122,987.3253157558805,ios,0.3614074010524692,-8.079253099868566e-09,1.4628372957403712e-09
181,37.875031397912075,-122.26046883679342,1564161907.0,2019-07-26T10:25:07-07:00,POINT (-122.26046883679342 37.875031397912075),1.0059248958928375,987.6860117929086,ios,0.3614073929732161,-6.616415804128195e-09,4.538109721341499e-09
182,37.875032748493794,-122.26046509154334,1564161908.0,2019-07-26T10:25:08-07:00,POINT (-122.26046509154334 37.875032748493794),1.0352052511670942,988.046707820971,ios,0.3614073863568003,-2.078306082786696e-09,-5.672637415354842e-09
183,37.87503409907551,-122.26046134629327,1564161909.0,2019-07-26T10:25:09-07:00,POINT (-122.26046134629327 37.87503409907551),1.0644856228271906,988.4074038423039,ios,0.3614073842784942,-7.750943498141538e-09,1.4628372957403712e-09
184,37.87503544965723,-122.26045760104316,1564161910.0,2019-07-26T10:25:10-07:00,POINT (-122.26045760104316 37.87503544965723),1.0937660105434355,988.7680998591435,ios,0.3614073765275507,-6.288106202401167e-09,3.881489463175569e-09
185,37.87503680023895,-122.26045385579307,1564161911.0,2019-07-26T10:25:11-07:00,POINT (-122.26045385579307 37.87503680023895),1.1230464154523612,989.1287958670696,ios,0.3614073702394445,-2.4066167392255977e-09,-0.0002817689283647895
186,37.87503815082068,-122.260450110543,1564161912.0,2019-07-26T10:25:12-07:00,POINT (-122.260450110543 37.87503815082068),1.1523268393276291,989.4894918693436,ios,0.3614073678328278,-0.00028177133498152873,-0.24798511472332246
187,37.8750395014024,-122.26044636529289,1564161913.0,2019-07-26T10:25:13-07:00,POINT (-122.26044636529289 37.8750395014024),1.1816072762013936,989.8501878659948,ios,0.36112559649784626,-0.248266886058304,0.25911975892395867
188,37.875040850931164,-122.26044262296271,1564161914.0,2019-07-26T10:25:14-07:00,POINT (-122.26044262296271 37.875040850931164),1.2176053107386489,990.1615000980444,ios,0.11285871043954225,0.010852872865654698,-0.0006384041831947755
189,37.87504381438637,-122.26042108886548,1564161931.0,2019-07-26T10:25:31-07:00,POINT (-122.26042108886548 37.87504381438637),0.9615198665823733,992.0666353438753,ios,0.29735754915567214,1.7513435146554457e-09,-5.872498320957931e-09
190,37.875044273683095,-122.26041775136265,1564161932.0,2019-07-26T10:25:32-07:00,POINT (-122.26041775136265 37.875044273683095),0.9218300217730703,992.3619063351126,ios,0.29735755090701566,-4.121154806302485e-09,-2.7860112617128507e-05
191,37.87504473297981,-122.26041441385978,1564161933.0,2019-07-26T10:25:33-07:00,POINT (-122.26041441385978 37.87504473297981),0.8821401850931017,992.6571773299639,ios,0.29735754678586085,-2.786423377193481e-05,-0.08635942987570666
192,37.87504519227653,-122.26041107635693,1564161934.0,2019-07-26T10:25:34-07:00,POINT (-122.26041107635693 37.87504519227653),0.8424503601213388,992.9524483249388,ios,0.2973296825520889,-0.0863872941094786,0.0863872907464546
193,37.875045651530215,-122.26040773916681,1564161935.0,2019-07-26T10:25:35-07:00,POINT (-122.26040773916681 37.875045651530215),0.8027642683433732,993.247691650123,ios,0.21094238844261032,-3.3630239981707888e-09,3.6863367636197353e-09
194,37.87504597735059,-122.26040537157655,1564161936.0,2019-07-26T10:25:36-07:00,POINT (-122.26040537157655 37.87504597735059),0.77460872773336,993.4571538623587,ios,0.21094238507958632,3.233127654489465e-10,1.356983414524393e-10
195,37.87504630317096,-122.26040300398633,1564161937.0,2019-07-26T10:25:37-07:00,POINT (-122.26040300398633 37.87504630317096),0.7464531947844278,993.6666160705914,ios,0.21094238540289909,4.590111069013858e-10,-3.9577334742801895e-09
196,37.875046628991335,-122.26040063639608,1564161938.0,2019-07-26T10:25:38-07:00,POINT (-122.26040063639608 37.875046628991335),0.7346176742924654,993.77503483364,ios,0.2109423858619102,-3.4987223673788037e-09,2.593256248628606e-09
197,37.875046954811715,-122.26039826880583,1564161939.0,2019-07-26T10:25:39-07:00,POINT (-122.26039826880583 37.875046954811715),0.7357271889049225,993.9863779689421,ios,0.21094238236318782,-9.054661187501978e-10,1.2287788564435687e-09
198,37.87504728063209,-122.2603959012156,1564161940.0,2019-07-26T10:25:40-07:00,POINT (-122.2603959012156 37.87504728063209),0.7368367096536834,994.197721098943,ios,0.2109423814577217,3.233127376933709e-10,-2.4575578239094398e-09
199,37.87504760645246,-122.26039353362538,1564161941.0,2019-07-26T10:25:41-07:00,POINT (-122.26039353362538 37.87504760645246),0.7379462362289675,994.4090642280802,ios,0.21094238178103444,-2.134245086216069e-09,1.2287789119547199e-09
200,37.875047932272835,-122.26039116603513,1564161942.0,2019-07-26T10:25:42-07:00,POINT (-122.26039116603513 37.875047932272835),0.7390557673092059,994.6204073584847,ios,0.21094237964678936,-9.05466174261349e-10,-4.978793575058371e-05
201,37.87504825809321,-122.26038879844491,1564161943.0,2019-07-26T10:25:43-07:00,POINT (-122.26038879844491 37.87504825809321),0.7401653054970964,994.8317504861237,ios,0.21094237874132318,-4.978884121675797e-05,1.9742386687476865
202,37.87504858391358,-122.26038643085468,1564161944.0,2019-07-26T10:25:44-07:00,POINT (-122.26038643085468 37.87504858391358),0.7412748481357596,995.0430936126562,ios,0.21089258990010643,1.9741888799064697,-3.8079074229315526
203,37.87504890965705,-122.26038406382327,1564161945.0,2019-07-26T10:25:45-07:00,POINT (-122.26038406382327 37.87504890965705),0.7423841341154727,995.2543868559419,ios,2.185081469806576,-1.8337185430250829,2.1632183236744806
204,37.8750522847213,-122.26035953874816,1564161946.0,2019-07-26T10:25:46-07:00,POINT (-122.26035953874816 37.8750522847213),0.7538779002120697,997.4436195435588,ios,0.3513629267814932,0.32949978064939767,0.3371657692976941
205,37.87505825456634,-122.26031615856715,1564161957.0,2019-07-26T10:25:57-07:00,POINT (-122.26031615856715 37.87505825456634),0.774209632330377,1001.3159544655065,ios,3.9758605139248675,4.038323242924033,-8.025483936018727
206,37.87506439565844,-122.26027153401066,1564161958.0,2019-07-26T10:25:58-07:00,POINT (-122.26027153401066 37.87506439565844),0.795126523234683,1005.2993683482476,ios,8.014183756848901,-3.987160693094694,4.999555514130376
207,37.87507677432374,-122.26018158381291,1564161959.0,2019-07-26T10:25:59-07:00,POINT (-122.26018158381291 37.87507677432374),0.33254984050210407,1013.3758934785994,ios,4.027023063754207,1.0123948210356817,-1.012393712408998
208,37.87508299444276,-122.26013638500336,1564161960.0,2019-07-26T10:26:00-07:00,POINT (-122.26013638500336 37.87508299444276),0.09348015124152963,1017.3960255281502,ios,5.039417884789889,1.1086266837878611e-06,-4.098117400985757e-10
209,37.875062734981455,-122.2600850261063,1564161961.0,2019-07-26T10:26:01-07:00,POINT (-122.2600850261063 37.875062734981455),3.7398930054014787,1020.8832087321638,ios,5.0394189934165725,1.1082168720477625e-06,1.5246746087882457e-09
210,37.87504247552016,-122.26003366720923,1564161962.0,2019-07-26T10:26:02-07:00,POINT (-122.26003366720923 37.87504247552016),7.022671200874942,1025.5341547007974,ios,5.039420101633445,1.1097415466565508e-06,-4.098144046338348e-10
211,37.87502221605886,-122.25998230831217,1564161963.0,2019-07-26T10:26:03-07:00,POINT (-122.25998230831217 37.87502221605886),10.062172850354282,1029.5613405847096,ios,5.039421211374991,1.109331732251917e-06,-7.06820380003137e-10
212,37.875001956597565,-122.25993094941511,1564161964.0,2019-07-26T10:26:04-07:00,POINT (-122.25993094941511 37.875001956597565),13.101672538655396,1033.5885293751996,ios,5.0394223207067235,1.1086249118719138e-06,-4.098152928122545e-10
213,37.87498169713626,-122.25987959051804,1564161965.0,2019-07-26T10:26:05-07:00,POINT (-122.25987959051804 37.87498169713626),16.141170269824773,1037.6157210759852,ios,5.039423429331635,1.1082150965791016e-06,9.50320442609213
214,37.87496143767497,-122.25982823162097,1564161966.0,2019-07-26T10:26:06-07:00,POINT (-122.25982823162097 37.87496143767497),19.180666037976604,1041.6429156860797,ios,5.039424537546732,9.503205534307227,-10.799775505352818
215,37.87494117821367,-122.25977687272392,1564161967.0,2019-07-26T10:26:07-07:00,POINT (-122.25977687272392 37.87494117821367),22.220159845864288,1045.6701132025737,ios,14.54263007185396,-1.296569971045591,-0.8605665873771885
216,37.875121984333525,-122.25915496757246,1564161971.0,2019-07-26T10:26:11-07:00,POINT (-122.25915496757246 37.875121984333525),10.802955894176733,1103.3840885319216,ios,9.356350187671596,-4.738836320554345,4.738836227598764
217,37.87514919075845,-122.2590540948752,1564161972.0,2019-07-26T10:26:12-07:00,POINT (-122.2590540948752 37.87514919075845),9.264810550860876,1112.6283158011925,ios,4.6175138671172515,-9.29555810103011e-08,-3.768423795236231e-09
218,37.87515071555335,-122.25900152215938,1564161973.0,2019-07-26T10:26:13-07:00,POINT (-122.25900152215938 37.87515071555335),9.848625509760403,1117.2182299837912,ios,4.6175137741616705,-9.672400480553733e-08,-4.145572719405726
219,37.87515224034826,-122.25894894944354,1564161974.0,2019-07-26T10:26:14-07:00,POINT (-122.25894894944354 37.87515224034826),10.432437870976235,1121.808144439735,ios,4.617513677437666,-4.1455728161297305,7.695284048917543
220,37.87515376514315,-122.2588963767277,1564161975.0,2019-07-26T10:26:15-07:00,POINT (-122.2588963767277 37.87515376514315),11.018617377595772,1126.3758032541414,ios,0.4719408613079355,3.549711232787812,-3.5497117288961717
221,37.87515392098742,-122.25889100344355,1564161976.0,2019-07-26T10:26:16-07:00,POINT (-122.25889100344355 37.87515392098742),11.079234034017384,1126.8448018462232,ios,4.021652094095748,-4.96108359726577e-07,-7.723883754806593e-10
222,37.87516372473565,-122.2588468994342,1564161977.0,2019-07-26T10:26:17-07:00,POINT (-122.2588468994342 37.87516372473565),10.64378967225539,1130.8498086971827,ios,4.021651597987388,-4.968807481020576e-07,10.993083909937221
223,37.87517352848387,-122.25880279542486,1564161978.0,2019-07-26T10:26:18-07:00,POINT (-122.25880279542486 37.87517352848387),10.208343322310524,1134.8548148617115,ios,4.02165110110664,10.993083413056473,-11.301244004349812
224,37.8751833322321,-122.25875869141552,1564161979.0,2019-07-26T10:26:19-07:00,POINT (-122.25875869141552 37.8751833322321),9.772894983383315,1138.8598203379406,ios,15.014734514163113,-0.3081605912933387,-14.398413331576435
225,37.87517175597468,-122.25858825549574,1564161980.0,2019-07-26T10:26:20-07:00,POINT (-122.25858825549574 37.87517175597468),13.503571040397084,1153.4347956436957,ios,14.706573922869774,-14.706573922869774,14.706573922869774
226,37.87511646940663,-122.25843604216179,1564161981.0,2019-07-26T10:26:21-07:00,POINT (-122.25843604216179 37.87511646940663),22.530775817397096,1159.7695190041352,ios,0.0,0.0,0.0
