,latitude,longitude,ts,fmt_time,geometry,gt_distance,gt_projection,source,speed,acceleration,jerk
0,37.87101089026581,-122.26769981917205,1563988724.0,2019-07-24T10:18:44-07:00,POINT (-122.26769981917205 37.87101089026581),23.78877679240871,0.0,ios,1.185785856548628,-0.9049599255268426,0.9049599276108871
1,37.87101700905512,-122.26771088328424,1563988725.0,2019-07-24T10:18:45-07:00,POINT (-122.26771088328424 37.87101700905512),23.093135906607962,0.0,ios,0.2808259310217853,2.084044492534076e-09,2.907403096052974e-09
2,37.871015304699185,-122.26770852233216,1563988726.0,2019-07-24T10:18:46-07:00,POINT (-122.26770852233216 37.871015304699185),23.28247533406413,0.0,ios,0.2808259331058298,4.99144758858705e-09,-1.9868932055189248e-09
3,37.871013600343254,-122.26770616138009,1563988727.0,2019-07-24T10:18:47-07:00,POINT (-122.26770616138009 37.871013600343254),23.473648124771245,0.0,ios,0.2808259380972774,3.0045543830681254e-09,-7.746374652839449e-10
4,37.871011895987316,-122.26770380042801,1563988728.0,2019-07-24T10:18:48-07:00,POINT (-122.26770380042801 37.871011895987316),23.66660985149294,0.0,ios,0.2808259411018318,2.2299169177841804e-09,-3.52151488582364e-05
5,37.871010191631385,-122.26770143947593,1563988729.0,2019-07-24T10:18:49-07:00,POINT (-122.26770143947593 37.871010191631385),23.861317114076993,0.0,ios,0.2808259433317487,-3.5212918941318616e-05,-0.18491381005251095
6,37.871008487275446,-122.26769907852388,1563988730.0,2019-07-24T10:18:50-07:00,POINT (-122.26769907852388 37.871008487275446),24.05772753280576,0.0,ios,0.2807907304128074,-0.18494902297145227,0.18494902315264364
7,37.871006783133254,-122.26769671786788,1563988731.0,2019-07-24T10:18:51-07:00,POINT (-122.26769671786788 37.871006783133254),24.255774789484544,0.0,ios,0.09584170744135513,1.8119136746541642e-10,2.7755575615628914e-17
8,37.87100600180388,-122.26769625685361,1563988732.0,2019-07-24T10:18:52-07:00,POINT (-122.26769625685361 37.87100600180388),24.344346876980342,0.0,ios,0.0958417076225465,1.8119139522099204e-10,5.266699576456091e-10
9,37.8710052204745,-122.26769579583934,1563988733.0,2019-07-24T10:18:53-07:00,POINT (-122.26769579583934 37.8710052204745),24.432972776362355,0.0,ios,0.0958417078037379,7.078613528666011e-10,-1.0533399430467938e-09
10,37.871004439145125,-122.26769533482508,1563988734.0,2019-07-24T10:18:54-07:00,POINT (-122.26769533482508 37.871004439145125),24.521651903018984,0.0,ios,0.09584170851159925,-3.4547859018019267e-10,1.2428789386564887e-09
11,37.87100365781575,-122.2676948738108,1563988735.0,2019-07-24T10:18:55-07:00,POINT (-122.2676948738108 37.87100365781575),24.610383685163157,0.0,ios,0.09584170816612066,8.97400348476296e-10,-1.4324179481439714e-09
12,37.87100287648637,-122.26769441279653,1563988736.0,2019-07-24T10:18:56-07:00,POINT (-122.26769441279653 37.87100287648637),24.699167551585074,0.0,ios,0.095841709063521,-5.350175996676754e-10,7.162089671330918e-10
13,37.87100209515699,-122.26769395178226,1563988737.0,2019-07-24T10:18:57-07:00,POINT (-122.26769395178226 37.87100209515699),24.788002945730756,0.0,ios,0.0958417085285034,1.8119136746541642e-10,-0.05642182309662835
14,37.87100131382761,-122.267693490768,1563988738.0,2019-07-24T10:18:58-07:00,POINT (-122.267693490768 37.87100131382761),24.876889312639275,0.0,ios,0.09584170870969477,-0.05642182291543698,0.09822967612676431
15,37.871000532498236,-122.26769302975373,1563988739.0,2019-07-24T10:18:59-07:00,POINT (-122.26769302975373 37.871000532498236),24.965826110498746,0.0,ios,0.03941988579425779,0.04180785321132734,0.0001599614944483725
16,37.87101055498968,-122.26767132070127,1563988795.0,2019-07-24T10:19:55-07:00,POINT (-122.26767132070127 37.87101055498968),24.050946632773783,0.0,ios,2.3806596656285883,0.0507656969004362,-0.21578974512109683
17,37.87103071346681,-122.26766218442681,1563988796.0,2019-07-24T10:19:56-07:00,POINT (-122.26766218442681 37.87103071346681),21.978557254015833,0.0,ios,2.4314253625290245,-0.16502404822066064,-0.3102790023297668
18,37.87105133294861,-122.26765296433332,1563988797.0,2019-07-24T10:19:57-07:00,POINT (-122.26765296433332 37.87105133294861),19.926400206620407,0.0,ios,2.266401314308364,-0.47530305055042743,0.11725989890729904
19,37.871070611325905,-122.26764458243015,1563988798.0,2019-07-24T10:19:58-07:00,POINT (-122.26764458243015 37.871070611325905),18.085249440537968,0.0,ios,1.7910982637579365,-0.3580431516431284,-0.23776811620584504
20,37.87108582448016,-122.26763787690761,1563988799.0,2019-07-24T10:19:59-07:00,POINT (-122.26763787690761 37.87108582448016),16.708611721616638,0.0,ios,1.433055112114808,-0.5958112678489734,0.5957761338389763
21,37.87109818778734,-122.26763326686087,1563988800.0,2019-07-24T10:20:00-07:00,POINT (-122.26763326686087 37.87109818778734),15.619207838745343,0.0,ios,0.8372438442658346,-3.5134009997106475e-05,0.16288493071031296
22,37.87110560592728,-122.26763163235546,1563988801.0,2019-07-24T10:20:01-07:00,POINT (-122.26763163235546 37.87110560592728),14.946932532855943,0.0,ios,0.8372087102558375,0.16284979670031585,-0.1628917646468485
23,37.87111302375595,-122.26762999791862,1563988802.0,2019-07-24T10:20:02-07:00,POINT (-122.26762999791862 37.87111302375595),14.291919694120073,0.0,ios,1.0000585069561534,-4.196794653266167e-05,0.4849974912216788
24,37.871121887804534,-122.26762807004044,1563988803.0,2019-07-24T10:20:03-07:00,POINT (-122.26762807004044 37.871121887804534),13.534112900200961,0.0,ios,1.0000165390096207,0.4849555232751461,-0.080714179688532
25,37.87113075148116,-122.26762614224316,1563988804.0,2019-07-24T10:20:04-07:00,POINT (-122.26762614224316 37.87113075148116),12.809305872647053,0.0,ios,1.4849720622847669,0.4042413435866141,-0.20967497737270802
26,37.87114399488817,-122.26762396294835,1563988805.0,2019-07-24T10:20:05-07:00,POINT (-122.26762396294835 37.87114399488817),11.761129298803345,0.0,ios,1.889213405871381,0.1945663662139061,-0.276069460985106
27,37.87116063296597,-122.2676196043587,1563988806.0,2019-07-24T10:20:06-07:00,POINT (-122.2676196043587 37.87116063296597),10.697650151168151,0.0,ios,2.083779772085287,-0.08150309477119988,-0.5446161816084862
28,37.871178570238754,-122.2676127311981,1563988807.0,2019-07-24T10:20:07-07:00,POINT (-122.2676127311981 37.871178570238754),8.848650016972735,10.355164997153585,ios,2.002276677314087,-0.6261192763796861,1.1463897672410979
29,37.87119504067849,-122.26760351110461,1563988808.0,2019-07-24T10:20:08-07:00,POINT (-122.26760351110461 37.87119504067849),7.125463028850068,11.369052568244228,ios,1.376157400934401,0.5202704908614117,-0.11306102736534629
30,37.87120585333358,-122.26759588357272,1563988809.0,2019-07-24T10:20:09-07:00,POINT (-122.26759588357272 37.87120585333358),6.00999014384334,12.172254331988336,ios,1.8964278917958128,0.40720946349606546,0.8903801946942913
31,37.87121737845044,-122.2675799579567,1563988810.0,2019-07-24T10:20:10-07:00,POINT (-122.2675799579567 37.87121737845044),4.962355173336315,13.41725107354214,ios,2.3036373552918783,1.2975896581903568,-0.47043869671412475
32,37.87123192105244,-122.26756126631263,1563988811.0,2019-07-24T10:20:11-07:00,POINT (-122.26756126631263 37.87123192105244),3.6567151451236795,15.315082145394651,ios,3.601227013482235,0.827150961476232,-0.15492215347812932
33,37.871245835011706,-122.26752421830061,1563988812.0,2019-07-24T10:20:12-07:00,POINT (-122.26752421830061 37.871245835011706),2.6984170643826677,18.791185706570598,ios,4.428377974958467,0.6722288079981027,0.08244478284586698
34,37.871256480028734,-122.26747560326221,1563988813.0,2019-07-24T10:20:13-07:00,POINT (-122.26747560326221 37.871256480028734),2.2729611252351316,23.206805957149953,ios,5.10060678295657,0.7546735908439697,-0.07762359186528656
35,37.871265071479485,-122.26741852250161,1563988814.0,2019-07-24T10:20:14-07:00,POINT (-122.26741852250161 37.871265071479485),2.20044131064349,28.3165334311451,ios,5.8552803738005395,0.6770499989786831,0.7277064772948991
36,37.87127332765411,-122.26735264074269,1563988815.0,2019-07-24T10:20:15-07:00,POINT (-122.26735264074269 37.87127332765411),2.2981527033252016,34.18231804613583,ios,6.532330372779223,1.4047564762735822,-3.9544764885962813
37,37.87128061990987,-122.26727879617575,1563988816.0,2019-07-24T10:20:16-07:00,POINT (-122.26727879617575 37.87128061990987),2.622075379439522,40.71950546176117,ios,7.937086849052805,-2.549720012322699,4.358169814985265
38,37.871301197482154,-122.26719221111598,1563988817.0,2019-07-24T10:20:17-07:00,POINT (-122.26719221111598 37.871301197482154),1.4492278916885988,48.7078314944674,ios,5.387366836730106,1.8084498026625662,-2.3867406174102053
39,37.87131721618492,-122.26713428670111,1563988818.0,2019-07-24T10:20:18-07:00,POINT (-122.26713428670111 37.87131721618492),0.2639102454481426,53.97190287885931,ios,7.195816639392672,-0.5782908147476391,1.0153325329636171
40,37.87132755017728,-122.26705335968195,1563988819.0,2019-07-24T10:20:19-07:00,POINT (-122.26705335968195 37.87132755017728),0.5671447961822176,61.150715156514494,ios,6.617525824645033,0.43704171821597804,-0.4370426974078301
41,37.87133705368101,-122.2669789363418,1563988820.0,2019-07-24T10:20:20-07:00,POINT (-122.2669789363418 37.87133705368101),0.3269099187961487,67.8992431591016,ios,7.054567542861011,-9.791918520463128e-07,-0.0004457128569592683
42,37.87134755639571,-122.26689967542248,1563988821.0,2019-07-24T10:20:21-07:00,POINT (-122.26689967542248 37.87134755639571),0.13526738833139487,74.92573606662552,ios,7.054566563669159,-0.00044669204881131463,-0.20711847810934003
43,37.87135805911042,-122.26682041450317,1563988822.0,2019-07-24T10:20:22-07:00,POINT (-122.26682041450317 37.87135805911042),0.874758237269496,82.04796221837053,ios,7.0541198716203475,-0.20756517015815135,0.4199569183883085
44,37.87136856116155,-122.26674115859164,1563988823.0,2019-07-24T10:20:23-07:00,POINT (-122.26674115859164 37.87136856116155),1.0589640819069683,89.11323388255892,ios,6.846554701462196,0.21239174823015716,-1.6578147636398217
45,37.87137847265949,-122.26666417573098,1563988824.0,2019-07-24T10:20:24-07:00,POINT (-122.26666417573098 37.87137847265949),1.0692023765595131,96.01102881713783,ios,7.058946449692353,-1.4454230154096646,0.6225587851480414
46,37.87138873086166,-122.26658481284248,1563988825.0,2019-07-24T10:20:25-07:00,POINT (-122.26658481284248 37.87138873086166),1.0321727997913894,103.08347864856923,ios,5.613523434282689,-0.8228642302616231,1.8354777671532894
47,37.871396888547196,-122.26652170066394,1563988826.0,2019-07-24T10:20:26-07:00,POINT (-122.26652170066394 37.871396888547196),0.9581354980703626,108.71827931000078,ios,4.790659204021066,1.0126135368916662,-1.6631502701190621
48,37.87140385043052,-122.26646783984502,1563988827.0,2019-07-24T10:20:27-07:00,POINT (-122.26646783984502 37.87140385043052),0.8814066166752479,113.51755534817023,ios,5.803272740912732,-0.6505367332273959,-0.986282713572757
49,37.87141228386527,-122.26640259432436,1563988828.0,2019-07-24T10:20:28-07:00,POINT (-122.26640259432436 37.87141228386527),0.7884555446441077,119.33126627588383,ios,5.152736007685336,-1.636819446800153,1.0865995443547214
50,37.87141977192751,-122.26634466270646,1563988829.0,2019-07-24T10:20:29-07:00,POINT (-122.26634466270646 37.87141977192751),0.7059206218031123,124.49327036038355,ios,3.515916560885183,-0.5502199024454315,-0.7590297734517175
51,37.871424881330405,-122.26630513365792,1563988830.0,2019-07-24T10:20:30-07:00,POINT (-122.26630513365792 37.871424881330405),0.6496018727332291,128.0155108915772,ios,2.9656966584397515,-1.309249675897149,-0.15280066167941175
52,37.87142919114258,-122.26627179066686,1563988831.0,2019-07-24T10:20:31-07:00,POINT (-122.26627179066686 37.87142919114258),0.6020954771850382,130.98654185304758,ios,1.6564469825426025,-1.4620503375765608,1.4620503369783
53,37.87143159832596,-122.26625316742054,1563988832.0,2019-07-24T10:20:32-07:00,POINT (-122.26625316742054 37.87143159832596),0.5755609905243052,132.64596823342745,ios,0.19439664496604175,-5.982607187426936e-10,-1.486323369936926e-09
54,37.87143188082723,-122.26625098184098,1563988833.0,2019-07-24T10:20:33-07:00,POINT (-122.26625098184098 37.87143188082723),0.5724469456331658,132.84071453421925,ios,0.19439664436778104,-2.0845840886796196e-09,3.820615546157313e-09
55,37.87143216332851,-122.26624879626142,1563988834.0,2019-07-24T10:20:34-07:00,POINT (-122.26624879626142 37.87143216332851),0.5693328941721931,133.0354608321401,ios,0.19439664228319695,1.7360314574776936e-09,-3.565273715144812e-09
56,37.871432445829775,-122.26624661068188,1563988835.0,2019-07-24T10:20:35-07:00,POINT (-122.26624661068188 37.871432445829775),0.5662188397543024,133.2302071292227,ios,0.1943966440192284,-1.8292422576671186e-09,-2.4564568710888635e-05
57,37.871432728331044,-122.2662444251023,1563988836.0,2019-07-24T10:20:36-07:00,POINT (-122.2662444251023 37.871432728331044),0.5631047799209898,133.42495342785,ios,0.19439664218998615,-2.4566397953146302e-05,0.5381560060855473
58,37.87143301083232,-122.26624223952274,1563988837.0,2019-07-24T10:20:37-07:00,POINT (-122.26624223952274 37.87143301083232),0.5599907152722159,133.61969972580877,ios,0.194372075792033,0.5381314396875941,-0.5381618385984291
59,37.87143329329789,-122.26624005421937,1563988838.0,2019-07-24T10:20:38-07:00,POINT (-122.26624005421937 37.87143329329789),0.5568770395930719,133.8144214122948,ios,0.7325035154796271,-3.0398910835005566e-05,1.3304632436491681
60,37.87143435778736,-122.26623181876471,1563988839.0,2019-07-24T10:20:39-07:00,POINT (-122.26623181876471 37.87143435778736),0.5451429127993365,134.54824245774898,ios,0.7324731165687921,1.3304328447383331,-1.5411700351719821
61,37.87143542223267,-122.26622358365171,1563988840.0,2019-07-24T10:20:40-07:00,POINT (-122.26622358365171 37.87143542223267),0.5334092052877596,135.28203304860818,ios,2.0629059613071252,-0.21073719043364902,0.3273389207380044
62,37.87143842009098,-122.266200390631,1563988841.0,2019-07-24T10:20:41-07:00,POINT (-122.266200390631 37.87143842009098),0.5003625378573456,137.34864948804994,ios,1.8521687708734762,0.11660173030435539,-0.73075112482645
63,37.87144111170169,-122.26617956690414,1563988842.0,2019-07-24T10:20:42-07:00,POINT (-122.26617956690414 37.87144111170169),0.4706913190421968,139.20414969190705,ios,1.9687705011778316,-0.6141493945220946,0.39935003381011436
64,37.871443972760595,-122.26615743223623,1563988843.0,2019-07-24T10:20:43-07:00,POINT (-122.26615743223623 37.871443972760595),0.43915170486309535,141.17646135006788,ios,1.354621106655737,-0.21479936071198025,-0.15820542613188227
65,37.87144594132467,-122.2661422023812,1563988844.0,2019-07-24T10:20:44-07:00,POINT (-122.2661422023812 37.87144594132467),0.4174504587561062,142.53351896577954,ios,1.1398217459437567,-0.3730047868438625,0.37297296468906505
66,37.87144759773782,-122.26612938749129,1563988845.0,2019-07-24T10:20:45-07:00,POINT (-122.26612938749129 37.87144759773782),0.3812739183074236,143.68325717933908,ios,0.7668169590998942,-3.1822154797467306e-05,0.6960907803860875
67,37.871448712092516,-122.26612076625281,1563988846.0,2019-07-24T10:20:46-07:00,POINT (-122.26612076625281 37.871448712092516),0.3535079194408026,144.45104971071822,ios,0.7667851369450968,0.69605895823129,0.9184994171449278
68,37.871449826400976,-122.26611214537198,1563988847.0,2019-07-24T10:20:47-07:00,POINT (-122.26611214537198 37.871449826400976),0.3257430010188202,145.21881037982337,ios,1.4628440951763868,1.6145583753762178,-2.513057953730466
69,37.871451952237166,-122.2660956987766,1563988848.0,2019-07-24T10:20:48-07:00,POINT (-122.2660956987766 37.871451952237166),0.2727739200547999,146.68351555285724,ios,3.0774024705526046,-0.8984995783542482,3.6357958863422666
70,37.87145642438417,-122.26606109987735,1563988849.0,2019-07-24T10:20:49-07:00,POINT (-122.26606109987735 37.87145642438417),0.16134136898751122,149.76483317439863,ios,2.1789028921983564,2.7372963079880184,-2.737501126522661
71,37.87145959081254,-122.2660366027093,1563988850.0,2019-07-24T10:20:50-07:00,POINT (-122.2660366027093 37.87145959081254),0.10149979364099095,151.94041663550144,ios,4.916199200186375,-0.0002048185346428255,0.30197976381477876
72,37.871494577349004,-122.26600235963278,1563988851.0,2019-07-24T10:20:51-07:00,POINT (-122.26600235963278 37.871494577349004),3.1355113488818986,155.6366918129873,ios,4.915994381651732,0.30177494528013593,1.427925384573407
73,37.87152956243406,-122.2659681179768,1563988852.0,2019-07-24T10:20:52-07:00,POINT (-122.2659681179768 37.87152956243406),4.21542722316625,169.29987631191554,ios,5.217769326931868,1.729700329853543,0.49307402147831514
74,37.8715706337596,-122.26593936804892,1563988853.0,2019-07-24T10:20:53-07:00,POINT (-122.26593936804892 37.8715706337596),1.2389357309074158,173.57793597657414,ios,6.947469656785411,2.222774351331858,-1.5117059287669479
75,37.8716277145202,-122.26590718154074,1563988854.0,2019-07-24T10:20:54-07:00,POINT (-122.26590718154074 37.8716277145202),2.2178676451903265,179.59266542175592,ios,9.170244008117269,0.7110684225649102,-0.3690517900885375
76,37.87170512139599,-122.2658711393571,1563988855.0,2019-07-24T10:20:55-07:00,POINT (-122.2658711393571 37.87170512139599),6.240078859676229,187.8168427391922,ios,9.88131243068218,0.3420166324763727,0.9098810513651046
77,37.87178780887078,-122.2658299003935,1563988856.0,2019-07-24T10:20:56-07:00,POINT (-122.2658299003935 37.87178780887078),10.776260742034566,196.5777166847846,ios,10.223329063158552,1.2518976838414773,-8.097385575015483
78,37.87187510639231,-122.26579335529567,1563988857.0,2019-07-24T10:20:57-07:00,POINT (-122.26579335529567 37.87187510639231),14.953420816144849,205.88922274503827,ios,11.475226747000029,-6.845487891174006,11.432347852369778
79,37.871974306216345,-122.26575731311203,1563988858.0,2019-07-24T10:20:58-07:00,POINT (-122.26575731311203 37.871974306216345),19.17187159658484,216.73874911412224,ios,4.629738855826023,4.586859961195772,-4.46761444429689
80,37.87201571281801,-122.26576284516813,1563988859.0,2019-07-24T10:20:59-07:00,POINT (-122.26576284516813 37.87201571281801),19.09943542478187,221.3581592351183,ios,9.216598817021795,0.11924551689888219,-2.7736778645648146
81,37.872096723912165,-122.26578505721153,1563988860.0,2019-07-24T10:21:00-07:00,POINT (-122.26578505721153 37.872096723912165),17.96007341368064,230.48579702494135,ios,9.335844333920678,-2.6544323476659324,1.877266176740076
82,37.87217974666308,-122.26576921541454,1563988861.0,2019-07-24T10:21:01-07:00,POINT (-122.26576921541454 37.87217974666308),20.174231796065516,239.5354679294262,ios,6.681411986254745,-0.7771661709258565,0.2843801541059832
83,37.872206610662744,-122.26599502388598,1563988864.0,2019-07-24T10:21:04-07:00,POINT (-122.26599502388598 37.872206610662744),0.6609756106536662,244.28595732827338,ios,4.349913473477176,0.07597429139209311,-2.2358463669904287
84,37.87224571224104,-122.26599653262855,1563988865.0,2019-07-24T10:21:05-07:00,POINT (-122.26599653262855 37.87224571224104),0.9180464996198753,248.61889670020102,ios,4.425887764869269,-2.1598720755983356,2.9000785298023852
85,37.872285316733524,-122.26600156177045,1563988866.0,2019-07-24T10:21:06-07:00,POINT (-122.26600156177045 37.872285316733524),0.8717395699656293,253.03519113013664,ios,2.266015689270933,0.7402064542040496,-3.530390255659649
86,37.87230568475823,-122.26600239996077,1563988867.0,2019-07-24T10:21:07-07:00,POINT (-122.26600239996077 37.87230568475823),1.0010678708314664,255.2926332328655,ios,3.0062221434749827,-2.7901838014555995,3.1981962588435056
87,37.87233271639596,-122.26600181322755,1563988868.0,2019-07-24T10:21:08-07:00,POINT (-122.26600181322755 37.87233271639596),1.3215511035218739,258.275213472093,ios,0.21603834201938318,0.40801245738790615,0.0005533521006612677
88,37.872361298685774,-122.26600902166427,1563988883.0,2019-07-24T10:21:23-07:00,POINT (-122.26600902166427 37.872361298685774),0.9734460177762618,261.50809775459254,ios,6.336225202837975,0.41631273889782516,-0.5821758269750728
89,37.872418253717825,-122.26600675855042,1563988884.0,2019-07-24T10:21:24-07:00,POINT (-122.26600675855042 37.872418253717825),1.6262022568434988,267.7969118972477,ios,6.7525379417358,-0.1658630880772476,-0.7859082272386892
90,37.8724789806063,-122.26600659091235,1563988885.0,2019-07-24T10:21:25-07:00,POINT (-122.26600659091235 37.8724789806063),2.05891489362784,274.66696409855876,ios,6.586674853658552,-0.9517713153159368,0.16385064231035162
91,37.872538156842694,-122.26600994367362,1563988886.0,2019-07-24T10:21:26-07:00,POINT (-122.26600994367362 37.872538156842694),1.7640258607172778,281.2328849188123,ios,5.634903538342615,-0.7879206730055852,-0.7404102821059633
92,37.872588825447366,-122.26601103332104,1563988887.0,2019-07-24T10:21:27-07:00,POINT (-122.26601103332104 37.872588825447366),2.2407282700253424,286.6441864034434,ios,4.84698286533703,-1.5283309551115485,2.4767648067687196
93,37.87263241134386,-122.26601178769232,1563988888.0,2019-07-24T10:21:28-07:00,POINT (-122.26601178769232 37.87263241134386),2.694487820587491,291.4593979807276,ios,3.3186519102254817,0.9484338516571711,-2.6265347223140503
94,37.87265148017357,-122.26604087289634,1563988889.0,2019-07-24T10:21:29-07:00,POINT (-122.26604087289634 37.87265148017357),0.3785387639459838,293.837852532798,ios,4.267085761882653,-1.6781008706568792,1.7658463073925752
95,37.87268982738058,-122.26603902887764,1563988890.0,2019-07-24T10:21:30-07:00,POINT (-122.26603902887764 37.87268982738058),0.9970464277552433,298.05060913322393,ios,2.5889848912257736,0.08774543673569601,0.7163800851011359
96,37.87271291952382,-122.26603525702122,1563988891.0,2019-07-24T10:21:31-07:00,POINT (-122.26603525702122 37.87271291952382),1.6022275965293122,300.56231511377655,ios,2.6767303279614696,0.804125521836832,-2.5063313647374814
97,37.872735550662384,-122.26602486346128,1563988892.0,2019-07-24T10:21:32-07:00,POINT (-122.26602486346128 37.872735550662384),2.780939513962487,302.96057687028247,ios,3.4808558497983015,-1.7022058429006497,1.9075648444503046
98,37.87276647988509,-122.26601874467195,1563988893.0,2019-07-24T10:21:33-07:00,POINT (-122.26601874467195 37.87276647988509),3.6796268706201873,306.36871480185965,ios,1.7786500068976518,0.20535900154965492,-2.066949983235131
99,37.87278047766338,-122.26600893784524,1563988894.0,2019-07-24T10:21:34-07:00,POINT (-122.26600893784524 37.87278047766338),4.682657467631437,307.8350430176318,ios,1.9840090084473068,-1.861590981685476,2.0472852710671354
100,37.87278911102365,-122.26598915655376,1563988895.0,2019-07-24T10:21:35-07:00,POINT (-122.26598915655376 37.87278911102365),6.503917034839782,308.62727244053593,ios,0.12241802676183071,0.18569428938165924,0.04664131675804131
101,37.87280763073578,-122.26597406908074,1563988915.0,2019-07-24T10:21:55-07:00,POINT (-122.26597406908074 37.87280763073578),8.01597817128413,310.55004041229665,ios,3.8363038143950154,1.1185206245424855,-0.16919193224556306
102,37.87284099059855,-122.265985215587,1563988916.0,2019-07-24T10:21:56-07:00,POINT (-122.265985215587 37.87284099059855),7.383535657836125,314.32653624404304,ios,4.954824438937501,0.9493286922969224,-3.346985605763217
103,37.87288407272807,-122.26599963217306,1563988917.0,2019-07-24T10:21:57-07:00,POINT (-122.26599963217306 37.87288407272807),6.564887530093992,319.20381547429054,ios,5.904153131234423,-2.3976569134662946,4.393825510477408
104,37.872936500866594,-122.26601027774689,1563988918.0,2019-07-24T10:21:58-07:00,POINT (-122.26601027774689 37.872936500866594),6.172768817859361,325.0828075534367,ios,3.5064962177681287,1.9961685970111136,-0.6999339121645792
105,37.87298603715485,-122.26605973106719,1563988920.0,2019-07-24T10:22:00-07:00,POINT (-122.26605973106719 37.87298603715485),2.3523440661836434,330.9592551143596,ios,7.498833411790356,0.5963007726819551,-0.528487454858773
106,37.87305292522307,-122.26604883671484,1563988921.0,2019-07-24T10:22:01-07:00,POINT (-122.26604883671484 37.87305292522307),3.9955225444569447,338.2598100049953,ios,8.095134184472311,0.06781331782318212,-1.0873150143993628
107,37.87311913352797,-122.26608718813421,1563988922.0,2019-07-24T10:22:02-07:00,POINT (-122.26608718813421 37.87311913352797),1.283459448977334,345.91040129821147,ios,8.162947502295493,-1.0195016965761807,0.731862166803599
108,37.87319223081294,-122.26609577869598,1563988923.0,2019-07-24T10:22:03-07:00,POINT (-122.26609577869598 37.87319223081294),1.1405962468087238,354.05480264572776,ios,7.143445805719312,-0.2876395297725818,-1.335723619421116
109,37.87325619885671,-122.26610329419934,1563988924.0,2019-07-24T10:22:04-07:00,POINT (-122.26610329419934 37.87325619885671),1.0157668355561547,361.1820218740581,ios,6.855806275946731,-1.6233631491936977,5.423116453085018
110,37.87331759114987,-122.2661105070819,1563988925.0,2019-07-24T10:22:05-07:00,POINT (-122.2661105070819 37.87331759114987),0.9380532580348193,367.97088699594275,ios,5.232443126753033,3.79975330389132,-5.9046819272741
111,37.87336444657015,-122.26611601205045,1563988926.0,2019-07-24T10:22:06-07:00,POINT (-122.26611601205045 37.87336444657015),1.1389731981561673,373.1883780297047,ios,9.032196430644353,-2.10492862338278,2.4136424942662513
112,37.873445379386,-122.2661247841407,1563988927.0,2019-07-24T10:22:07-07:00,POINT (-122.2661247841407 37.873445379386),1.3854795388758696,382.2540617145291,ios,6.927267807261573,0.30871387088347113,-0.6563578420491654
113,37.873507451196,-122.26613150948128,1563988928.0,2019-07-24T10:22:08-07:00,POINT (-122.26613150948128 37.873507451196),1.400506293382783,389.16660110089646,ios,7.235981678145044,-0.34764397116569423,-0.8541943591668417
114,37.87357226749034,-122.26613884955543,1563988929.0,2019-07-24T10:22:09-07:00,POINT (-122.26613884955543 37.87357226749034),1.300883508869167,396.4128135845565,ios,6.88833770697935,-1.201838330332536,1.846703402013115
115,37.87363396139114,-122.26614595465556,1563988930.0,2019-07-24T10:22:10-07:00,POINT (-122.26614595465556 37.87363396139114),1.1481709747362516,403.284852458232,ios,5.686499376646814,0.644865071680579,-1.0112938351952732
116,37.873684895942,-122.26615175488124,1563988931.0,2019-07-24T10:22:11-07:00,POINT (-122.26615175488124 37.873684895942),1.0278614735795677,408.95801749556057,ios,6.331364448327393,-0.3664287635146941,-0.9151541440333038
117,37.873741616169454,-122.26615807676946,1563988932.0,2019-07-24T10:22:12-07:00,POINT (-122.26615807676946 37.873741616169454),0.9059241128863883,415.2747699943537,ios,5.964935684812699,-1.2815829075479979,1.045750028395429
118,37.873795068525304,-122.26616381537657,1563988933.0,2019-07-24T10:22:13-07:00,POINT (-122.26616381537657 37.873795068525304),1.4511657288278792,421.31121490133074,ios,4.683352777264701,-0.2358328791525688,-0.5706356268462409
119,37.87383702152414,-122.26616853948856,1563988934.0,2019-07-24T10:22:14-07:00,POINT (-122.26616853948856 37.87383702152414),1.2818956364927598,425.98156632866306,ios,4.447519898112132,-0.8064685059988097,-0.6234070104217486
120,37.87387686003719,-122.26617305298149,1563988935.0,2019-07-24T10:22:15-07:00,POINT (-122.26617305298149 37.87387686003719),1.1187436228100227,430.4166535408116,ios,3.6410513921133223,-1.4298755164205583,2.3070506977952188
121,37.87390947463524,-122.26617674804365,1563988936.0,2019-07-24T10:22:16-07:00,POINT (-122.26617674804365 37.87390947463524),0.9851761951609151,434.04752669185746,ios,2.211175875692764,0.8771751813746604,-0.9345298904438639
122,37.873929281170454,-122.26617899201972,1563988937.0,2019-07-24T10:22:17-07:00,POINT (-122.26617899201972 37.873929281170454),0.9040621021874066,436.2525214330568,ios,3.0883510570674244,-0.05735470906920348,0.1198739983889987
123,37.8739569135397,-122.2661825434365,1563988938.0,2019-07-24T10:22:18-07:00,POINT (-122.2661825434365 37.8739569135397),0.8959630844809918,439.2658548737263,ios,3.030996347998221,0.06251928931979522,0.061340535598096935
124,37.87398403164868,-122.26618604249818,1563988939.0,2019-07-24T10:22:19-07:00,POINT (-122.26618604249818 37.87398403164868),0.9849548912400489,442.2891430169137,ios,3.093515637318016,0.12385982491789216,6.9976064176042385
125,37.87401170911339,-122.26618961373401,1563988940.0,2019-07-24T10:22:20-07:00,POINT (-122.26618961373401 37.87401170911339),1.0757824965773255,445.3747914647187,ios,3.2173754622359083,7.12146624252213,-7.1214851169245605
126,37.87404049474327,-122.26619332795688,1563988941.0,2019-07-24T10:22:21-07:00,POINT (-122.26619332795688 37.87404049474327),1.1702469455802789,448.5839847507974,ios,10.338841704758039,-1.8874402430313353e-05,-7.841425680358569
127,37.87410488477029,-122.26610835384628,1563988942.0,2019-07-24T10:22:22-07:00,POINT (-122.26610835384628 37.87410488477029),6.575445299292608,478.25327147307206,ios,10.338822830355609,-7.841444554760999,7.841367896968513
128,37.874169274591424,-122.2660233797091,1563988943.0,2019-07-24T10:22:23-07:00,POINT (-122.2660233797091 37.874169274591424),0.5706705059461814,486.6699262570531,ios,2.49737827559461,-7.665779248622329e-05,3.2472676797119333
129,37.87417264794555,-122.26599524975994,1563988944.0,2019-07-24T10:22:24-07:00,POINT (-122.26599524975994 37.87417264794555),0.5532647203188336,489.1720933594984,ios,2.497301617802124,3.247191021919447,-2.7104010606302507
130,37.87417602071631,-122.26596712058061,1563988945.0,2019-07-24T10:22:25-07:00,POINT (-122.26596712058061 37.87417602071631),0.5359125662079935,491.67418410387944,ios,5.744492639721571,0.5367899612891964,-0.05192003912830323
131,37.87418391158521,-122.26590244132109,1563988946.0,2019-07-24T10:22:26-07:00,POINT (-122.26590244132109 37.87418391158521),0.4811150836053562,497.42955198494747,ios,6.281282601010767,0.4848699221608932,-0.7593762931589332
132,37.87419269514932,-122.2658317488424,1563988947.0,2019-07-24T10:22:27-07:00,POINT (-122.2658317488424 37.87419269514932),0.40374798987088323,503.7225135276235,ios,6.766152523171661,-0.27450637099804,0.2833489770153088
133,37.874202028168625,-122.26575557394227,1563988948.0,2019-07-24T10:22:28-07:00,POINT (-122.26575557394227 37.874202028168625),0.47155630719507585,510.48726544462585,ios,6.491646152173621,0.008842606017268828,-0.19023971999240263
134,37.87421082276776,-122.2656824583587,1563988949.0,2019-07-24T10:22:29-07:00,POINT (-122.2656824583587 37.87421082276776),0.6517822655497015,516.9890161944627,ios,6.5004887581908894,-0.1813971139751338,-0.08078897136671781
135,37.87421947030078,-122.26560921275276,1563988950.0,2019-07-24T10:22:30-07:00,POINT (-122.26560921275276 37.87421947030078),0.6565708093710501,523.53224329841,ios,6.319091644215756,-0.2621860853418516,0.21261052131916625
136,37.87422773863749,-122.2655379851609,1563988951.0,2019-07-24T10:22:31-07:00,POINT (-122.2655379851609 37.87422773863749),0.5865539306342986,529.863255236755,ios,6.056905558873904,-0.04957556402268537,-3.9663800593233667
137,37.874235663912636,-122.26546971287308,1563988952.0,2019-07-24T10:22:32-07:00,POINT (-122.26546971287308 37.874235663912636),0.5194374850097305,535.9315865129468,ios,6.007329994851219,-4.015955623346052,12.269811252919203
138,37.8742435243205,-122.2654019993845,1563988953.0,2019-07-24T10:22:33-07:00,POINT (-122.2654019993845 37.8742435243205),0.452865899661993,541.9502487178391,ios,1.9913743715051666,8.25385562957315,-11.846442408631885
139,37.874246129973244,-122.2653795529873,1563988954.0,2019-07-24T10:22:34-07:00,POINT (-122.2653795529873 37.874246129973244),0.4307970463493005,543.9453796142948,ios,10.245230001078317,-3.5925867790587347,3.242561559440696
140,37.87425878758751,-122.26526393529076,1563988955.0,2019-07-24T10:22:35-07:00,POINT (-122.26526393529076 37.87425878758751),0.7800759216449151,554.2985555012203,ios,6.652643222019583,-0.3500252196180389,0.6839143360867483
141,37.87426828152501,-122.26518910177344,1563988956.0,2019-07-24T10:22:36-07:00,POINT (-122.26518910177344 37.87426828152501),0.520104044363153,560.9134226966512,ios,6.302618002401544,0.33388911646870945,-0.6796115817130381
142,37.87427759984017,-122.26511827273993,1563988957.0,2019-07-24T10:22:37-07:00,POINT (-122.26511827273993 37.87427759984017),0.6304325195115937,567.2271981626325,ios,6.636507118870253,-0.3457224652443287,0.29121580492926835
143,37.87428747728799,-122.26504370531327,1563988958.0,2019-07-24T10:22:38-07:00,POINT (-122.26504370531327 37.87428747728799),0.7392340190366101,573.8755685784212,ios,6.290784653625924,-0.05450666031506035,0.03247045902544787
144,37.87429701585886,-122.26497306010413,1563988959.0,2019-07-24T10:22:39-07:00,POINT (-122.26497306010413 37.87429701585886),0.822591790322565,580.1778638931968,ios,6.236277993310864,-0.022036201289612478,-1.063576784103974
145,37.87430793395839,-122.26490336917317,1563988960.0,2019-07-24T10:22:40-07:00,POINT (-122.26490336917317 37.87430793395839),0.7402186722286724,586.4253093142454,ios,6.214241792021252,-1.0856129853935865,1.44947354304513
146,37.87431910892652,-122.26483399982297,1563988961.0,2019-07-24T10:22:41-07:00,POINT (-122.26483399982297 37.87431910892652),0.6246926044618236,592.6500940878076,ios,5.128628806627665,0.36386055765154346,-1.250106120621136
147,37.874328331656024,-122.26477674912257,1563988962.0,2019-07-24T10:22:42-07:00,POINT (-122.26477674912257 37.874328331656024),0.5293450245713794,597.7874240243939,ios,5.4924893642792085,-0.8862455629695924,0.7526212107081154
148,37.87433820871125,-122.26471543665212,1563988963.0,2019-07-24T10:22:43-07:00,POINT (-122.26471543665212 37.87433820871125),0.4227832852085497,603.2907748752349,ios,4.606243801309616,-0.13362435226147706,-0.15114729472811383
149,37.87434827973783,-122.26466453194541,1563988964.0,2019-07-24T10:22:44-07:00,POINT (-122.26466453194541 37.87434827973783),0.11715266912752938,607.8951273541137,ios,4.472619449048139,-0.2847716469895909,0.28477087731666195
150,37.87435891603136,-122.26461538894927,1563988965.0,2019-07-24T10:22:45-07:00,POINT (-122.26461538894927 37.87435891603136),0.27768727577934127,612.3581148904698,ios,4.187847802058548,-7.696729289463633e-07,-0.00022565051635403677
151,37.874375889095894,-122.26457279641109,1563988966.0,2019-07-24T10:22:46-07:00,POINT (-122.26457279641109 37.874375889095894),1.0386077226822696,616.6552125442205,ios,4.187847032385619,-0.00022642018928298313,-2.2393707929890114
152,37.874392862160434,-122.26453020387292,1563988967.0,2019-07-24T10:22:47-07:00,POINT (-122.26453020387292 37.874392862160434),1.3224902734260005,620.8384079274999,ios,4.187620612196336,-2.2395972131782944,2.4782289767990497
153,37.87440983431041,-122.26448761362974,1563988968.0,2019-07-24T10:22:48-07:00,POINT (-122.26448761362974 37.87440983431041),1.6063597868460904,625.0213770135321,ios,1.9480233990180418,0.23863176362075533,-0.238715383792643
154,37.87441731504458,-122.26446754476964,1563988969.0,2019-07-24T10:22:49-07:00,POINT (-122.26446754476964 37.87441731504458),1.6000969127437203,627.1114617332236,ios,2.186655162638797,-8.362017188767723e-05,-1.984833228537967
155,37.8744257121652,-122.26444501748357,1563988970.0,2019-07-24T10:22:50-07:00,POINT (-122.26444501748357 37.8744257121652),1.502938208207075,629.2987450636033,ios,2.1865715424669094,-1.9849168487098547,2.214218054546592
156,37.87443410896549,-122.26442249105686,1563988971.0,2019-07-24T10:22:51-07:00,POINT (-122.26442249105686 37.87443410896549),1.4057838463494918,631.485944783823,ios,0.2016546937570547,0.22930120583673708,0.03162829290533122
157,37.874448822334394,-122.26438301892284,1563988990.0,2019-07-24T10:23:10-07:00,POINT (-122.26438301892284 37.874448822334394),1.2355457777494123,635.3184847830191,ios,4.5583776046550595,0.8302387710380303,13.207268501461012
158,37.874466125118495,-122.2643359376541,1563988991.0,2019-07-24T10:23:11-07:00,POINT (-122.2643359376541 37.874466125118495),0.9856340974722049,639.8887444633033,ios,5.38861637569309,14.037507272499042,-25.727058643562366
159,37.874485165971436,-122.26427948214257,1563988992.0,2019-07-24T10:23:12-07:00,POINT (-122.26427948214257 37.874485165971436),0.5515560009804515,645.111187099782,ios,19.42612364819213,-11.689551371063324,11.033933430115786
160,37.874659867992506,-122.26428033795418,1563988993.0,2019-07-24T10:23:13-07:00,POINT (-122.26428033795418 37.874659867992506),19.306816451429526,653.6042011572631,ios,7.736572277128808,-0.655617940947538,1.1174454102821256
161,37.87467541642289,-122.26419442344667,1563988994.0,2019-07-24T10:23:14-07:00,POINT (-122.26419442344667 37.87467541642289),17.751460439540708,660.3971097193715,ios,7.08095433618127,0.4618274693345876,1.5423639211238314
162,37.87467998456012,-122.26411395717622,1563988995.0,2019-07-24T10:23:15-07:00,POINT (-122.26411395717622 37.87467998456012),15.624551002005814,666.3067029995124,ios,7.542781805515857,2.004191390458419,-3.068490864181178
163,37.87468149330269,-122.26402804266871,1563988996.0,2019-07-24T10:23:16-07:00,POINT (-122.26402804266871 37.87468149330269),13.041462686693361,674.1565928814853,ios,9.546973195974276,-1.064299473722759,0.6225240426569165
164,37.87467872727464,-122.26391932938458,1563988997.0,2019-07-24T10:23:17-07:00,POINT (-122.26391932938458 37.87467872727464),9.844950213060727,678.9808905590912,ios,8.482673722251517,-0.4417754310658424,1.5327237253399275
165,37.87467843390803,-122.26382268604101,1563988998.0,2019-07-24T10:23:18-07:00,POINT (-122.26382268604101 37.87467843390803),10.905327290544468,686.0948095987612,ios,8.040898291185675,1.0909482942740851,-1.1509326066569692
166,37.874691844953105,-122.26373266440095,1563988999.0,2019-07-24T10:23:19-07:00,POINT (-122.26373266440095 37.874691844953105),13.253826842194817,697.7101286059891,ios,9.13184658545976,-0.05998431238288404,-0.4414773229977005
167,37.87469938866596,-122.26362906407775,1563989000.0,2019-07-24T10:23:20-07:00,POINT (-122.26362906407775 37.87469938866596),12.661263931842031,706.8410423962715,ios,9.071862273076876,-0.5014616353805845,2.7115400870238417
168,37.87470282524626,-122.26352579903067,1563989001.0,2019-07-24T10:23:21-07:00,POINT (-122.26352579903067 37.87470282524626),11.623158684358042,715.8718419808608,ios,8.570400637696292,2.2100784516432572,-5.767044349671036
169,37.874709153583154,-122.26342848513485,1563989002.0,2019-07-24T10:23:22-07:00,POINT (-122.26342848513485 37.874709153583154),10.983534530133054,724.4356012543468,ios,10.780479089339549,-3.556965898027779,6.46848346080356
170,37.87473308391671,-122.26330946210982,1563989003.0,2019-07-24T10:23:23-07:00,POINT (-122.26330946210982 37.87473308391671),11.975701785533415,735.1896165319437,ios,7.22351319131177,2.9115175627757806,-4.170921380638208
171,37.87473953798215,-122.26322757091583,1563989004.0,2019-07-24T10:23:24-07:00,POINT (-122.26322757091583 37.87473953798215),11.561167828245104,742.415662076789,ios,10.13503075408755,-1.2594038178624274,-0.9958806260670938
172,37.874735137482986,-122.26311223592819,1563989005.0,2019-07-24T10:23:25-07:00,POINT (-122.26311223592819 37.874735137482986),9.49367861473457,752.4649603002792,ios,8.875626936225123,-2.255284443929521,7.990762576228073
173,37.874730066437216,-122.26301131911168,1563989006.0,2019-07-24T10:23:26-07:00,POINT (-122.26301131911168 37.874730066437216),7.459186052634237,761.1226807659018,ios,6.620342492295602,5.735478132298552,-8.64642382681566
174,37.874722832472756,-122.26293645156741,1563989007.0,2019-07-24T10:23:27-07:00,POINT (-122.26293645156741 37.874722832472756),5.570021295188004,767.48139706223,ios,12.355820624594154,-2.9109456945171086,3.729169334323421
175,37.874740985754435,-122.26279757145625,1563989008.0,2019-07-24T10:23:28-07:00,POINT (-122.26279757145625 37.874740985754435),5.5197159722140885,779.8609002508226,ios,9.444874930077045,0.8182236398063125,-2.224528731852965
176,37.87475486225385,-122.2626914105146,1563989009.0,2019-07-24T10:23:29-07:00,POINT (-122.2626914105146 37.87475486225385),5.481275257666557,789.3238785231505,ios,10.263098569883358,-1.4063050920466527,0.9477323632992043
177,37.874769940893756,-122.26257605266886,1563989010.0,2019-07-24T10:23:30-07:00,POINT (-122.26257605266886 37.874769940893756),5.43951644403846,799.6066489711633,ios,8.856793477836705,-0.45857272874744837,3.551016022663985
178,37.8747829533791,-122.26247650175844,1563989011.0,2019-07-24T10:23:31-07:00,POINT (-122.26247650175844 37.8747829533791),5.4034901093412016,808.4804189648289,ios,8.398220749089257,3.0924432939165367,-5.8337097468300865
179,37.87478991516537,-122.26238122708753,1563989012.0,2019-07-24T10:23:32-07:00,POINT (-122.26238122708753 37.87478991516537),4.768208185277517,816.8714314597739,ios,11.490664043005793,-2.7412664529135498,3.179629842910055
180,37.87478909994157,-122.26225031653311,1563989013.0,2019-07-24T10:23:33-07:00,POINT (-122.26225031653311 37.87478909994157),2.7596186422015228,828.2089458515957,ios,8.749397590092244,0.43836338999650515,-1.1239898400547528
181,37.87479175601774,-122.2621506903165,1563989014.0,2019-07-24T10:23:34-07:00,POINT (-122.2621506903165 37.87479175601774),1.5894987320186915,836.8976850709181,ios,9.187760980088749,-0.6856264500582476,0.8477176429070941
182,37.87480525477233,-122.26204741928163,1563989015.0,2019-07-24T10:23:35-07:00,POINT (-122.26204741928163 37.87480525477233),1.6129493527894694,846.0904383027683,ios,8.502134530030501,0.16209119284884643,-1.1706871648934989
183,37.87481774619951,-122.26195185471653,1563989016.0,2019-07-24T10:23:36-07:00,POINT (-122.26195185471653 37.87481774619951),1.6463412631328282,854.6088749488239,ios,8.664225722879348,-1.0085959720446525,0.8755804354053183
184,37.87483047577492,-122.26185446821927,1563989017.0,2019-07-24T10:23:37-07:00,POINT (-122.26185446821927 37.87483047577492),1.6803790153303813,863.2897136681927,ios,7.655629750834695,-0.1330155366393342,1.00943425047544
185,37.874841723511864,-122.26176841839697,1563989018.0,2019-07-24T10:23:38-07:00,POINT (-122.26176841839697 37.874841723511864),1.71046221990922,870.9600225849799,ios,7.522614214195361,0.8764187138361059,-0.48723795193789243
186,37.87485277582251,-122.26168386366629,1563989019.0,2019-07-24T10:23:39-07:00,POINT (-122.26168386366629 37.87485277582251),1.7400298186502967,878.4970609846436,ios,8.399032928031467,0.3891807618982135,-3.307866035811939
187,37.874865169795726,-122.26158946926816,1563989020.0,2019-07-24T10:23:40-07:00,POINT (-122.26158946926816 37.874865169795726),1.7791264580437074,886.9121643963316,ios,8.78821368992968,-2.9186852739137255,3.627707323646691
188,37.87487814104103,-122.26149070158664,1563989021.0,2019-07-24T10:23:41-07:00,POINT (-122.26149070158664 37.87487814104103),1.82037907933388,895.7171912852151,ios,5.869528416015955,0.7090220497329653,0.6929986773180659
189,37.874886804360614,-122.26142473598583,1563989022.0,2019-07-24T10:23:42-07:00,POINT (-122.26142473598583 37.874886804360614),1.8479364887670013,901.5979490541573,ios,6.57855046574892,1.4020207270510312,-5.151756464438783
190,37.87489651418532,-122.26135080192233,1563989023.0,2019-07-24T10:23:43-07:00,POINT (-122.26135080192233 37.87489651418532),1.8788278387976063,908.1890853914549,ios,7.980571192799951,-3.749735737387752,6.967824488821454
191,37.87490829336962,-122.26126111101792,1563989024.0,2019-07-24T10:23:44-07:00,POINT (-122.26126111101792 37.87490829336962),1.916309969698382,916.1849248184266,ios,4.230835455412199,3.2180887514337018,-6.051237558890462
192,37.87491453800992,-122.26121356210263,1563989025.0,2019-07-24T10:23:45-07:00,POINT (-122.26121356210263 37.87491453800992),1.9361840260529843,920.4238546341006,ios,7.448924206845901,-2.8331488074567606,2.1884625274853144
193,37.87492553249506,-122.26112984617697,1563989026.0,2019-07-24T10:23:46-07:00,POINT (-122.26112984617697 37.87492553249506),1.971180234689104,927.8870300382301,ios,4.615775399389141,-0.6446862799714461,-0.6866375991573439
194,37.87493234530167,-122.26107797104106,1563989027.0,2019-07-24T10:23:47-07:00,POINT (-122.26107797104106 37.87493234530167),1.9928693267169915,932.5116363163086,ios,3.9710891194176945,-1.33132387912879,0.6168800547118214
195,37.8749382065627,-122.2610333413121,1563989028.0,2019-07-24T10:23:48-07:00,POINT (-122.2610333413121 37.8749382065627),2.0115312172985904,936.490322922627,ios,2.6397652402889045,-0.7144438244169686,-1.0804549025629149
196,37.874942102812234,-122.26100367388051,1563989029.0,2019-07-24T10:23:49-07:00,POINT (-122.26100367388051 37.874942102812234),2.023937717154078,939.1351385720295,ios,1.9253214158719358,-1.7948987269798835,1.9177788768406911
197,37.874944944554706,-122.26098203584124,1563989030.0,2019-07-24T10:23:50-07:00,POINT (-122.26098203584124 37.874944944554706),2.0329869820852666,941.0641435243024,ios,0.13042268889205236,0.1228801498608076,-0.020480026971149656
198,37.87494605326992,-122.2609732316236,1563989036.0,2019-07-24T10:23:56-07:00,POINT (-122.2609732316236 37.87494605326992),2.031460133695806,941.848190876403,ios,0.867703588056898,-1.1966090340820301e-08,-6.155057352685844e-09
199,37.87494731084554,-122.26096347496241,1563989037.0,2019-07-24T10:23:57-07:00,POINT (-122.26096347496241 37.87494731084554),2.0329362117414482,942.7175663772138,ios,0.8677035760908076,-1.8121147693506146e-08,4.924045393650545e-09
200,37.87494856842116,-122.2609537183012,1563989038.0,2019-07-24T10:23:58-07:00,POINT (-122.2609537183012 37.87494856842116),2.0344123822764315,943.5869418644929,ios,0.8677035579696599,-1.3197102299855601e-08,1.2310106267676701e-09
201,37.87494982599678,-122.26094396164002,1563989039.0,2019-07-24T10:23:59-07:00,POINT (-122.26094396164002 37.87494982599678),2.03588864750594,944.4563173363699,ios,0.8677035447725576,-1.196609167308793e-08,-6.1550569085966345e-09
202,37.8749510835724,-122.26093420497884,1563989040.0,2019-07-24T10:24:00-07:00,POINT (-122.26093420497884 37.8749510835724),2.037365004377657,945.3256927969335,ios,0.867703532806466,-1.8121148581684565e-08,7.386067424342002e-09
203,37.87495234114802,-122.26092444831762,1563989041.0,2019-07-24T10:24:01-07:00,POINT (-122.26092444831762 37.87495234114802),2.0388414556852794,946.1950682464196,ios,0.8677035146853174,-1.0735081157342563e-08,-6.1550569085966345e-09
204,37.874953598723636,-122.26091469165645,1563989042.0,2019-07-24T10:24:02-07:00,POINT (-122.26091469165645 37.874953598723636),2.0403180006591652,947.0644436782047,ios,0.8677035039502362,-1.6890138065939198e-08,2.46202214171376e-09
205,37.874954856299254,-122.26090493499524,1563989043.0,2019-07-24T10:24:03-07:00,POINT (-122.26090493499524 37.874954856299254),2.041794639241225,947.9338191010156,ios,0.8677034870600981,-1.4428115924225438e-08,-0.00024328693598907325
206,37.87495611387487,-122.26089517833405,1563989044.0,2019-07-24T10:24:04-07:00,POINT (-122.26089517833405 37.87495611387487),2.0432713705712398,948.8031945059703,ios,0.8677034726319822,-0.00024330136410499748,-0.3907615812194699
207,37.87495737145049,-122.26088542167287,1563989045.0,2019-07-24T10:24:05-07:00,POINT (-122.26088542167287 37.87495737145049),2.0447481949597166,949.6725698996147,ios,0.8674601712678772,-0.3910048825835749,0.7114809213125814
208,37.87495862867351,-122.26087566774726,1563989046.0,2019-07-24T10:24:06-07:00,POINT (-122.26087566774726 37.87495862867351),2.0462247001680036,950.5417015239784,ios,0.4764552886843023,0.3204760387290066,-0.16808324780589465
209,37.874962545493204,-122.26084347797658,1563989052.0,2019-07-24T10:24:12-07:00,POINT (-122.26084347797658 37.874962545493204),2.0256557371071064,953.4059048482774,ios,2.399311521058342,-0.6880234481063612,19.24175147083122
210,37.87496583284995,-122.26081646134872,1563989053.0,2019-07-24T10:24:13-07:00,POINT (-122.26081646134872 37.87496583284995),2.0083931460383346,955.8098086525993,ios,1.7112880729519806,18.553728022724858,-34.33397779276085
211,37.87496817752865,-122.26079719197318,1563989054.0,2019-07-24T10:24:14-07:00,POINT (-122.26079719197318 37.87496817752865),1.9960811896511308,957.5243721382706,ios,20.265016095676838,-15.780249770035987,15.780248956878395
212,37.87499594314085,-122.26056900462726,1563989055.0,2019-07-24T10:24:15-07:00,POINT (-122.26056900462726 37.87499594314085),0.2924356566174648,978.0641792371716,ios,4.484766325640851,-8.131575901515475e-07,-0.00031649303762382175
213,37.87501159570661,-122.26052191372271,1563989056.0,2019-07-24T10:24:16-07:00,POINT (-122.26052191372271 37.87501159570661),0.5218671722034527,982.5493912491478,ios,4.484765512483261,-0.0003173061952139733,-4.359132124256829
214,37.87502724827236,-122.26047482281821,1563989057.0,2019-07-24T10:24:17-07:00,POINT (-122.26047482281821 37.87502724827236),0.7513012707453739,987.0346023458144,ios,4.484448206288047,-4.359449430452043,4.359449429041014
215,37.87504289973349,-122.26042773523699,1563989058.0,2019-07-24T10:24:18-07:00,POINT (-122.26042773523699 37.87504289973349),1.0405590721154478,991.4786266407825,ios,0.12499877583600374,-1.411028544007209e-09,3.414940275003886e-09
216,37.87504309280585,-122.26042633226685,1563989059.0,2019-07-24T10:24:19-07:00,POINT (-122.26042633226685 37.87504309280585),1.0238748310424433,991.6027482978433,ios,0.1249987744249752,2.003911730996677e-09,-6.008196593021431e-09
217,37.87504328587823,-122.26042492929672,1563989060.0,2019-07-24T10:24:20-07:00,POINT (-122.26042492929672 37.87504328587823),1.0071905928067528,991.7268699552117,ios,0.12499877642888693,-4.004284862024754e-09,7.372673943573105e-09
218,37.875043478950595,-122.26042352632656,1563989061.0,2019-07-24T10:24:21-07:00,POINT (-122.26042352632656 37.875043478950595),0.9905063529435589,991.8509916160912,ios,0.12499877242460207,3.368389081548351e-09,-6.008196634654794e-09
219,37.87504367202296,-122.26042212335645,1563989062.0,2019-07-24T10:24:22-07:00,POINT (-122.26042212335645 37.87504367202296),0.9738221179995814,991.9751132708552,ios,0.12499877579299115,-2.6398075531064435e-09,3.4149402888816738e-09
220,37.87504386509533,-122.26042072038629,1563989063.0,2019-07-24T10:24:23-07:00,POINT (-122.26042072038629 37.87504386509533),0.9571378827570198,992.0992349295609,ios,0.1249987731531836,7.751327357752302e-10,1.356983275746515e-10
221,37.8750440581677,-122.26041931741617,1563989064.0,2019-07-24T10:24:24-07:00,POINT (-122.26041931741617 37.8750440581677),0.940453651273614,992.2233565887508,ios,0.12499877392831633,9.108310633498817e-10,-3.5506385887007497e-09
222,37.87504425124007,-122.26041791444602,1563989065.0,2019-07-24T10:24:25-07:00,POINT (-122.26041791444602 37.87504425124007),0.9237694202087117,992.3474782451393,ios,0.1249987748391474,-2.639807525350868e-09,3.4149402472483104e-09
223,37.87504444431244,-122.26041651147587,1563989066.0,2019-07-24T10:24:26-07:00,POINT (-122.26041651147587 37.87504444431244),0.9070851928319856,992.4715999067618,ios,0.12499877219933987,7.751327218974424e-10,-3.2217669271611404e-05
224,37.87504463738481,-122.26041510850574,1563989067.0,2019-07-24T10:24:27-07:00,POINT (-122.26041510850574 37.87504463738481),0.890400967513502,992.5957215635442,ios,0.1249987729744726,-3.221689413888951e-05,0.8770254787105554
225,37.87504483045718,-122.2604137055356,1563989068.0,2019-07-24T10:24:28-07:00,POINT (-122.2604137055356 37.87504483045718),0.8737167436675174,992.7198432203146,ios,0.1249665560803337,0.8769932618164165,-0.8770398667892034
226,37.875045023479785,-122.26041230292705,1563989069.0,2019-07-24T10:24:29-07:00,POINT (-122.26041230292705 37.875045023479785),0.857036821047557,992.843932888884,ios,1.0019598178967501,-4.6604972786967735e-05,0.1803245252710377
227,37.875046571101045,-122.26040105705884,1563989070.0,2019-07-24T10:24:30-07:00,POINT (-122.26040105705884 37.875046571101045),0.7344205412387688,993.7374843388515,ios,1.0019132129239632,0.18027792029825074,-0.3612449219851137
228,37.875048118650355,-122.2603898117135,1563989071.0,2019-07-24T10:24:31-07:00,POINT (-122.2603898117135 37.875048118650355),0.7396904505753844,994.7413009857557,ios,1.182191133222214,-0.18096700168686297,0.4947591063642687
229,37.87504994465593,-122.2603765429516,1563989072.0,2019-07-24T10:24:32-07:00,POINT (-122.2603765429516 37.87504994465593),0.7459087563126915,995.9257380445487,ios,1.001224131535351,0.3137921046774057,-0.31385390663238044
230,37.87505149114095,-122.26036530533992,1563989073.0,2019-07-24T10:24:33-07:00,POINT (-122.26036530533992 37.87505149114095),0.7511753114784983,996.9288643031459,ios,1.3150162362127567,-6.18019549747384e-05,0.7699978174128363
231,37.8750535223075,-122.2603505457654,1563989074.0,2019-07-24T10:24:34-07:00,POINT (-122.2603505457654 37.8750535223075),0.7580926433247945,998.2463788087692,ios,1.314954434257782,0.7699360154578616,-0.4068158138620799
232,37.87505555337865,-122.26033578688416,1563989075.0,2019-07-24T10:24:35-07:00,POINT (-122.26033578688416 37.87505555337865),0.7650098635711996,999.5638313967327,ios,2.0848904497156435,0.36312020159578173,2.2729039544373797
233,37.8750587736887,-122.26031238633823,1563989076.0,2019-07-24T10:24:36-07:00,POINT (-122.26031238633823 37.8750587736887),0.7759777142120116,1001.6526827323528,ios,2.4480106513114253,2.6360241560331614,-1.233012791212868
234,37.87506255487234,-122.26028491017595,1563989077.0,2019-07-24T10:24:37-07:00,POINT (-122.26028491017595 37.87506255487234),0.7888564996917448,1004.1053441314323,ios,5.084034807344587,1.4030113648202933,-6.257624309610478
235,37.87507040764485,-122.26022784760721,1563989078.0,2019-07-24T10:24:38-07:00,POINT (-122.26022784760721 37.87507040764485),0.6430455671531219,1009.257785342103,ios,6.48704617216488,-4.854612944790185,22.375689621061404
236,37.875080427502255,-122.26015503780638,1563989079.0,2019-07-24T10:24:39-07:00,POINT (-122.26015503780638 37.875080427502255),0.154389420845728,1015.7388497323896,ios,1.632433227374695,17.52107667627122,-28.75873178752142
237,37.875082948950244,-122.260136715577,1563989080.0,2019-07-24T10:24:40-07:00,POINT (-122.260136715577 37.875082948950244),0.08836991772585408,1017.3669623037536,ios,19.153509903645915,-11.237655111250199,10.907214826793489
238,37.875112276895,-122.25992168250312,1563989081.0,2019-07-24T10:24:41-07:00,POINT (-122.25992168250312 37.875112276895),1.2191099476766754,1036.6385066298692,ios,7.915854792395717,-0.3304402844567109,2.3729393543090724
239,37.87512439700886,-122.25983281242509,1563989082.0,2019-07-24T10:24:42-07:00,POINT (-122.25983281242509 37.87512439700886),1.3331690116706483,1044.5687066114572,ios,7.5854145079390065,2.0424990698523615,-6.165722229235252
240,37.875136011181226,-122.25974765213573,1563989083.0,2019-07-24T10:24:43-07:00,POINT (-122.25974765213573 37.875136011181226),1.2428338793031128,1052.2181162801323,ios,9.627913577791368,-4.12322315938289,5.887125211082872
241,37.87515075266529,-122.2596395610027,1563989084.0,2019-07-24T10:24:44-07:00,POINT (-122.2596395610027 37.87515075266529),1.0205935844896836,1061.861915111574,ios,5.504690418408478,1.763902051699982,2.1121375200293944
242,37.87515918100419,-122.25957776066451,1563989085.0,2019-07-24T10:24:45-07:00,POINT (-122.25957776066451 37.87515918100419),0.9092136637294446,1067.373068866508,ios,7.26859247010846,3.8760395717293763,-6.644449298629541
243,37.87517031008937,-122.2594961572506,1563989086.0,2019-07-24T10:24:46-07:00,POINT (-122.2594961572506 37.87517031008937),0.7625748827879976,1074.6541105717013,ios,11.144632041837836,-2.768409726900165,4.122811158762467
244,37.875187373858296,-122.25937103808974,1563989087.0,2019-07-24T10:24:47-07:00,POINT (-122.25937103808974 37.875187373858296),0.5583060604653025,1085.8107897269765,ios,8.37622231493767,1.3544014318623017,-2.921258591970279
245,37.87519939950482,-122.25927683008311,1563989088.0,2019-07-24T10:24:48-07:00,POINT (-122.25927683008311 37.87519939950482),0.5870447149988934,1094.2031335291933,ios,9.730623746799973,-1.5668571601079773,0.4133449209845246
246,37.87521332569567,-122.25916738001129,1563989089.0,2019-07-24T10:24:49-07:00,POINT (-122.25916738001129 37.87521332569567),0.6253602763050121,1103.9524740763056,ios,8.163766586691995,-1.1535122391234527,1.2813718502195446
247,37.87522500944727,-122.25907555393582,1563989090.0,2019-07-24T10:24:50-07:00,POINT (-122.25907555393582 37.87522500944727),0.6574970751237272,1112.1319437794562,ios,7.010254347568543,0.1278596110960919,-1.7324168800392181
248,37.87523504232625,-122.25899670255876,1563989091.0,2019-07-24T10:24:51-07:00,POINT (-122.25899670255876 37.87523504232625),0.685086455151391,1119.155682562846,ios,7.1381139586646345,-1.6045572689431262,0.7670330141333217
249,37.87524525780915,-122.25891641292645,1563989092.0,2019-07-24T10:24:52-07:00,POINT (-122.25891641292645 37.87524525780915),0.7154241006968849,1126.3060839227874,ios,5.533556689721508,-0.8375242548098045,-0.1775385075015854
250,37.87525315444443,-122.25885416677971,1563989093.0,2019-07-24T10:24:53-07:00,POINT (-122.25885416677971 37.87525315444443),0.7509590012679597,1131.850216966451,ios,4.696032434911704,-1.01506276231139,1.4024566696121754
251,37.87525985589542,-122.25880134181222,1563989094.0,2019-07-24T10:24:54-07:00,POINT (-122.25880134181222 37.87525985589542),0.7811125841477298,1136.5552250444453,ios,3.680969672600314,0.3873939073007855,-1.5481274754238723
252,37.875265130684234,-122.25875993959485,1563989095.0,2019-07-24T10:24:55-07:00,POINT (-122.25875993959485 37.875265130684234),0.8022874625541921,1140.243241986242,ios,4.068363579901099,-1.1607335681230868,2.1197683542239356
253,37.8752710733683,-122.25871420339377,1563989096.0,2019-07-24T10:24:56-07:00,POINT (-122.25871420339377 37.8752710733683),0.8130106659454004,1144.3194307441888,ios,2.9076300117780125,0.9590347861008488,-0.813653732457996
254,37.8752753205619,-122.2586815160596,1563989097.0,2019-07-24T10:24:57-07:00,POINT (-122.2586815160596 37.8752753205619),0.8206732027538483,1147.2326533711405,ios,3.8666647978788613,0.1453810536428528,0.30926622863888165
255,37.87528096862405,-122.25863804733348,1563989098.0,2019-07-24T10:24:58-07:00,POINT (-122.25863804733348 37.87528096862405),0.8308614771081361,1151.1067554468045,ios,4.012045851521714,0.45464728228173446,-0.41680611112503296
256,37.87528682904569,-122.25859294424214,1563989099.0,2019-07-24T10:24:59-07:00,POINT (-122.25859294424214 37.87528682904569),0.8414308529410145,1155.12651823891,ios,4.466693133803449,0.03784117115670149,-0.18832414960086918
257,37.87529335357412,-122.25854273003912,1563989100.0,2019-07-24T10:25:00-07:00,POINT (-122.25854273003912 37.87529335357412),0.8531956068048959,1159.601802839432,ios,4.50453430496015,-0.1504829784441677,2.2341543881315884
258,37.87529993337798,-122.25849209042434,1563989101.0,2019-07-24T10:25:01-07:00,POINT (-122.25849209042434 37.87529993337798),4.430749607047721,1159.7695190041352,ios,4.354051326515982,2.0836714096874207,-3.3917565353885424
259,37.875306293370876,-122.25844314252299,1563989102.0,2019-07-24T10:25:02-07:00,POINT (-122.25844314252299 37.875306293370876),8.751911878881977,1159.7695190041352,ios,6.437722736203403,-1.3080851257011217,0.503696700897021
260,37.87531571540967,-122.25837077398796,1563989103.0,2019-07-24T10:25:03-07:00,POINT (-122.25837077398796 37.87531571540967),15.18420396090499,1159.7695190041352,ios,5.129637610502281,-0.8043884248041007,-3.52086076089408
261,37.87532224084224,-122.25831291857423,1563989104.0,2019-07-24T10:25:04-07:00,POINT (-122.25831291857423 37.87532224084224),20.32151379770279,1159.7695190041352,ios,4.325249185698181,-4.325249185698181,4.325249185698181
262,37.87532906133615,-122.25826440354564,1563989105.0,2019-07-24T10:25:05-07:00,POINT (-122.25826440354564 37.87532906133615),24.648520542806807,1159.7695190041352,ios,0.0,0.0,0.0
