,latitude,longitude,ts,fmt_time,geometry,gt_distance,gt_projection,source,speed,acceleration,jerk
0,37.610474056599294,-122.3968673777975,1564158072.0,2019-07-26T09:21:12-07:00,POINT (-122.3968673777975 37.610474056599294),22.271162604608307,1484.2366535674332,ios,196.9491600261459,-167.3628792495773,165.04717725708278
1,37.61172769594715,-122.39844686363115,1564158073.0,2019-07-26T09:21:13-07:00,POINT (-122.39844686363115 37.61172769594715),0.5282485182591917,1680.1400330155986,ios,29.586280776568593,-2.3157019924945175,-1.790645402794219
2,37.6118848147221,-122.39871793437972,1564158074.0,2019-07-26T09:21:14-07:00,POINT (-122.39871793437972 37.6118848147221),9.616584004591806,1708.4326252067906,ios,27.270578784074075,-4.106347395288736,14.072579607352516
3,37.612080071156484,-122.3989052699156,1564158075.0,2019-07-26T09:21:15-07:00,POINT (-122.3989052699156 37.612080071156484),11.02470739517198,1735.046041638722,ios,23.16423138878534,9.96623221206378,-16.661047018766723
4,37.612215732259315,-122.39910484303012,1564158076.0,2019-07-26T09:21:16-07:00,POINT (-122.39910484303012 37.612215732259315),17.510661095613425,1757.2889220331192,ios,33.13046360084912,-6.694814806702944,4.374531967077459
5,37.61245843026565,-122.39932302396967,1564158077.0,2019-07-26T09:21:17-07:00,POINT (-122.39932302396967 37.61245843026565),18.51083038388215,1790.598651636126,ios,26.435648794146175,-2.3202828396254844,2.3202618908938355
6,37.61267346799151,-122.3994510156311,1564158078.0,2019-07-26T09:21:18-07:00,POINT (-122.3994510156311 37.61267346799151),14.559864432306,1816.698712682177,ios,24.11536595452069,-2.0948731648928742e-05,4.263931430159573e-10
7,37.612844574389236,-122.39961923584555,1564158079.0,2019-07-26T09:21:19-07:00,POINT (-122.39961923584555 37.612844574389236),16.275993658242772,1840.737948048277,ios,24.11534500578904,-2.0948305255785726e-05,1.6327881269262434e-09
8,37.61301568078695,-122.39978745606,1564158080.0,2019-07-26T09:21:20-07:00,POINT (-122.39978745606 37.61301568078695),17.992051841038073,1864.7771674410635,ios,24.115324057483786,-2.09466724676588e-05,-2.9818778557455516e-09
9,37.613186787184674,-122.39995567627443,1564158081.0,2019-07-26T09:21:21-07:00,POINT (-122.39995567627443 37.613186787184674),19.708038977274416,1888.8163708570764,ios,24.11530311081132,-2.0949654345514546e-05,1.9646257953809254e-09
10,37.613357893582396,-122.40012389648889,1564158082.0,2019-07-26T09:21:22-07:00,POINT (-122.40012389648889 37.613357893582396),21.42395506900489,1912.855558300536,ios,24.115282161156973,-2.0947689719719165e-05,6.579231338097063
11,37.61352899998011,-122.40029211670334,1564158083.0,2019-07-26T09:21:23-07:00,POINT (-122.40029211670334 37.61352899998011),23.139800113336968,1936.8947297672125,ios,24.115261213467253,6.579210390407344,-6.565315227045704
12,37.613700106377834,-122.40046033691779,1564158084.0,2019-07-26T09:21:24-07:00,POINT (-122.40046033691779 37.613700106377834),24.87200194970432,1960.878353863894,ios,30.694471603874597,0.013895163361639968,-6.450534508584737e-05
13,37.663175831009205,-122.44248204351932,1564158300.0,2019-07-26T09:25:00-07:00,POINT (-122.44248204351932 37.663175831009205),15.928179091948566,8688.57562689456,ios,33.69582688998883,-3.799117690306275e-05,5.135731839800428e-10
14,37.663422029118244,-122.44270523345499,1564158301.0,2019-07-26T09:25:01-07:00,POINT (-122.44270523345499 37.663422029118244),6.174780854263656,8720.801645214751,ios,33.69578889881193,-3.799066332987877e-05,-1.5869190406192502e-09
15,37.66366822722728,-122.44292842339065,1564158302.0,2019-07-26T09:25:02-07:00,POINT (-122.44292842339065 37.66366822722728),3.4026458001157187,8753.081196612517,ios,33.6957509081486,-3.799225024891939e-05,-22.169559978594314
16,37.66391442533631,-122.44315161332632,1564158303.0,2019-07-26T09:25:03-07:00,POINT (-122.44315161332632 37.66391442533631),12.660250955854487,8785.453046685052,ios,33.69571291589835,-22.169597970844563,22.2461825153417
17,37.66416062344534,-122.44337480326196,1564158304.0,2019-07-26T09:25:04-07:00,POINT (-122.44337480326196 37.66416062344534),21.917973034855414,8817.824823905241,ios,11.526114945053786,0.07658454449713711,-0.1091456570877335
18,37.68405601182965,-122.46536166276286,1564158559.0,2019-07-26T09:29:19-07:00,POINT (-122.46536166276286 37.68405601182965),12.119159650098451,11797.260203318316,ios,31.05517379182375,-27.755558012874904,27.755557723039107
19,37.684327772126295,-122.46544303430123,1564158560.0,2019-07-26T09:29:20-07:00,POINT (-122.46544303430123 37.684327772126295),6.166268797224983,11822.284993407544,ios,3.299615778948849,-2.898357971403698e-07,6.822240550263814e-10
20,37.684353398676535,-122.4654619391682,1564158561.0,2019-07-26T09:29:21-07:00,POINT (-122.4654619391682 37.684353398676535),7.247910696508747,11825.398311351048,ios,3.299615489113052,-2.891535730853434e-07,-5.787641477184025e-10
21,37.68437902522677,-122.46548084403517,1564158562.0,2019-07-26T09:29:22-07:00,POINT (-122.46548084403517 37.68437902522677),8.329553592693506,11828.511628648117,ios,3.299615199959479,-2.897323372330618e-07,-1.3647305507902274e-09
22,37.684404651777,-122.46549974890216,1564158563.0,2019-07-26T09:29:23-07:00,POINT (-122.46549974890216 37.684404651777),9.411197483925696,11831.624945294448,ios,3.2996149102271417,-2.91097067783852e-07,1.943215810484844e-09
23,37.68443027832724,-122.46551865376914,1564158564.0,2019-07-26T09:29:24-07:00,POINT (-122.46551865376914 37.68443027832724),10.492842374121583,11834.738261293343,ios,3.299614619130074,-2.891538519733672e-07,5.1729731609384544e-11
24,37.684455904877474,-122.4655375586361,1564158565.0,2019-07-26T09:29:25-07:00,POINT (-122.4655375586361 37.684455904877474),11.574488262289728,11837.851576640922,ios,3.299614329976222,-2.891021222417578e-07,-7.342366714624404e-10
25,37.68448153142771,-122.46555646350308,1564158566.0,2019-07-26T09:29:26-07:00,POINT (-122.46555646350308 37.68448153142771),12.656135146648424,11840.964891338574,ios,3.2996140408740997,-2.8983635891322024e-07,-1.209253586154091e-09
26,37.68450715797795,-122.46557536837005,1564158567.0,2019-07-26T09:29:27-07:00,POINT (-122.46557536837005 37.68450715797795),13.73778302783307,11844.07820538988,ios,3.299613751037741,-2.9104561249937433e-07,2.573704360742113e-09
27,37.68453278452818,-122.46559427323704,1564158568.0,2019-07-26T09:29:28-07:00,POINT (-122.46559427323704 37.68453278452818),14.81943190548925,11847.19151879165,ios,3.2996134599921283,-2.884719081386322e-07,-1.9952235419395947e-09
28,37.68455841107841,-122.46561317810401,1564158569.0,2019-07-26T09:29:29-07:00,POINT (-122.46561317810401 37.68455841107841),15.901081782897807,11850.3048315436,ios,3.29961317152022,-2.904671316805718e-07,1.3127179343541684e-09
29,37.68458403762865,-122.46563208297098,1564158570.0,2019-07-26T09:29:30-07:00,POINT (-122.46563208297098 37.68458403762865),16.9827326553522,11853.418143647708,ios,3.2996128810530885,-2.8915441374621764e-07,-1.2092491452619925e-09
30,37.684609664178886,-122.46565098783796,1564158571.0,2019-07-26T09:29:31-07:00,POINT (-122.46565098783796 37.684609664178886),18.06438452577886,11856.531455100498,ios,3.2996125918986747,-2.9036366289147963e-07,5.267430935873563e-10
31,37.68463529072912,-122.46566989270495,1564158572.0,2019-07-26T09:29:32-07:00,POINT (-122.46566989270495 37.68463529072912),19.146037393462528,11859.644765907155,ios,3.299612301535012,-2.898369197978923e-07,5.1734616590692895e-11
32,37.68466091727936,-122.46568879757191,1564158573.0,2019-07-26T09:29:33-07:00,POINT (-122.46568879757191 37.68466091727936),20.227691259399446,11862.758076062883,ios,3.299612011698092,-2.897851851813016e-07,-1.21369537809234
33,37.68468654382959,-122.46570770243889,1564158574.0,2019-07-26T09:29:34-07:00,POINT (-122.46570770243889 37.68468654382959),21.3093461203822,11865.871385570763,ios,3.299611721912907,-1.2136956678775253,1.9708282573019136
34,37.684712170379825,-122.46572660730587,1564158575.0,2019-07-26T09:29:35-07:00,POINT (-122.46572660730587 37.684712170379825),22.39100197941225,11868.98469442724,ios,2.0859160540353816,0.7571325894243883,-0.7571328064418523
35,37.684728370721224,-122.46573855839941,1564158576.0,2019-07-26T09:29:36-07:00,POINT (-122.46573855839941 37.684728370721224),23.07479309552886,11870.952835178208,ios,2.84304864345977,-2.1701746399926947e-07,0.7681944204177991
36,37.68475045163827,-122.46575484682675,1564158577.0,2019-07-26T09:29:37-07:00,POINT (-122.46575484682675 37.68475045163827),24.00684075864043,11873.635338664291,ios,2.843048426442306,0.7681942034003351,-0.7600197694259503
37,37.68477253255532,-122.46577113525406,1564158578.0,2019-07-26T09:29:38-07:00,POINT (-122.46577113525406 37.68477253255532),24.93888916298779,11876.317841666325,ios,3.611242629842641,0.008174433974384726,-0.0001167885935530213
38,37.68636196793565,-122.46782501125672,1564158648.0,2019-07-26T09:30:48-07:00,POINT (-122.46782501125672 37.68636196793565),24.347559304923024,12138.229914475842,ios,4.183453008049572,-7.675743267654411e-07,2.524235931389285e-09
39,37.68638796085991,-122.46785938196633,1564158649.0,2019-07-26T09:30:49-07:00,POINT (-122.46785938196633 37.68638796085991),23.220850894463414,12142.258783271838,ios,4.183452240475245,-7.650500908340518e-07,-1.2626006906657494e-09
40,37.686413953784175,-122.46789375267592,1564158650.0,2019-07-26T09:30:50-07:00,POINT (-122.46789375267592 37.686413953784175),22.09414338518662,12146.28762494997,ios,4.183451475425154,-7.663126915247176e-07,-1.2625971379520706e-09
41,37.68643994670843,-122.46792812338553,1564158651.0,2019-07-26T09:30:51-07:00,POINT (-122.46792812338553 37.68643994670843),20.945817020740378,12150.94172057473,ios,4.183450709112463,-7.675752886626697e-07,2.5242288259619272e-09
42,37.68646593963269,-122.46796249409515,1564158652.0,2019-07-26T09:30:52-07:00,POINT (-122.46796249409515 37.68646593963269),19.699439381482435,12154.935160813382,ios,4.183449941537174,-7.650510598367077e-07,-2.1666641814022114e-09
43,37.686491932556955,-122.46799686480473,1564158653.0,2019-07-26T09:30:53-07:00,POINT (-122.46799686480473 37.686491932556955),18.453064131051022,12158.92860098828,ios,4.183449176486114,-7.6721772401811e-07,2.353672812205332e-09
44,37.68651792548121,-122.46803123551435,1564158654.0,2019-07-26T09:30:54-07:00,POINT (-122.46803123551435 37.68651792548121),17.20969464649347,12162.600535984186,ios,4.18344840926839,-7.648640512059046e-07,-3.804241366367478e-09
45,37.68654391840547,-122.46806560622394,1564158655.0,2019-07-26T09:30:55-07:00,POINT (-122.46806560622394 37.68654391840547),16.0819197876414,12166.437520116518,ios,4.183447644404339,-7.686682925722721e-07,4.161802458213515e-09
46,37.686569911329734,-122.46809997693356,1564158656.0,2019-07-26T09:30:56-07:00,POINT (-122.46809997693356 37.686569911329734),14.955216742838473,12170.466358233674,ios,4.183446875736046,-7.645064901140586e-07,-3.0707241194249946e-09
47,37.68659590425399,-122.46813434764314,1564158657.0,2019-07-26T09:30:57-07:00,POINT (-122.46813434764314 37.68659590425399),13.584819788397764,12175.95332987827,ios,4.183446111229556,-7.675772142334836e-07,2.524217279642471e-09
48,37.68662189717825,-122.46816871835276,1564158658.0,2019-07-26T09:30:58-07:00,POINT (-122.46816871835276 37.68662189717825),12.037094956596668,12179.839913371543,ios,4.183445343652342,-7.650529969538411e-07,-2.1666544114395947e-09
49,37.68664789010251,-122.46820308906234,1564158659.0,2019-07-26T09:30:59-07:00,POINT (-122.46820308906234 37.68664789010251),10.489372511028396,12183.72649698238,ios,4.183444578599345,-7.672196513652807e-07,1.4496022160415123e-09
50,37.68667388302677,-122.46823745977196,1564158660.0,2019-07-26T09:31:00-07:00,POINT (-122.46823745977196 37.68667388302677),8.941652445075523,12187.61308071284,ios,4.183443811379694,-7.657700491492392e-07,-1.0920429005523147e-09
51,37.68669987595103,-122.46827183048156,1564158661.0,2019-07-26T09:31:01-07:00,POINT (-122.46827183048156 37.68669987595103),7.393934767556636,12191.499664560351,ios,4.1834430456096445,-7.668620920497915e-07,1.995462461934494e-09
52,37.68672586887529,-122.46830620119115,1564158662.0,2019-07-26T09:31:02-07:00,POINT (-122.46830620119115 37.68672586887529),5.846219471959792,12195.386248526926,ios,4.1834422787475525,-7.64866629587857e-07,-1.996105503110357e-09
53,37.68675186179955,-122.46834057190075,1564158663.0,2019-07-26T09:31:03-07:00,POINT (-122.46834057190075 37.68675186179955),4.18039032149585,12199.428694833003,ios,4.183441513880923,-7.668627350909674e-07,-1.2625847034541948e-09
54,37.686777854723815,-122.46837494261037,1564158664.0,2019-07-26T09:31:04-07:00,POINT (-122.46837494261037 37.686777854723815),2.490884425076304,12203.255771326196,ios,4.183440747018188,-7.681253197944216e-07,4.161784694645121e-09
55,37.68680384764807,-122.46840931331998,1564158665.0,2019-07-26T09:31:05-07:00,POINT (-122.46840931331998 37.68680384764807),0.8013809084867146,12207.082848023763,ios,4.183439978892868,-7.639635350997764e-07,-4.7082879817139656e-09
56,37.68682984057233,-122.46844368402957,1564158666.0,2019-07-26T09:31:06-07:00,POINT (-122.46844368402957 37.68682984057233),0.8881202274401294,12210.90992492737,ios,4.183439214929333,-7.686718230814904e-07,4.161781141931442e-09
57,37.686855833496594,-122.46847805473918,1564158667.0,2019-07-26T09:31:07-07:00,POINT (-122.46847805473918 37.686855833496594),2.5776189875371966,12214.737002037546,ios,4.18343844625751,-7.64510041939559e-07,-2.1666402005848795e-09
58,37.68688182642085,-122.46851242544876,1564158668.0,2019-07-26T09:31:08-07:00,POINT (-122.46851242544876 37.68688182642085),4.267115367408476,12218.564079352433,ios,4.183437681747468,-7.666766821401438e-07,7.160751991364123e-10
59,37.68690781934511,-122.46854679615838,1564158669.0,2019-07-26T09:31:09-07:00,POINT (-122.46854679615838 37.68690781934511),5.949954272833978,12222.429441228629,ios,4.183436915070786,-7.659606069410074e-07,-2.16663931240646e-09
60,37.68693381226937,-122.46858116686798,1564158670.0,2019-07-26T09:31:10-07:00,POINT (-122.46858116686798 37.68693381226937),7.614800053150278,12226.267304490786,ios,4.183436149110179,-7.681272462534139e-07,4.161774924682504e-09
61,37.68695980519363,-122.46861553757759,1564158671.0,2019-07-26T09:31:11-07:00,POINT (-122.46861553757759 37.68695980519363),9.279643454664534,12230.105167941978,ios,4.1834353809829325,-7.639654713287314e-07,-4.7082764353945095e-09
62,37.68698579811789,-122.46864990828718,1564158672.0,2019-07-26T09:31:12-07:00,POINT (-122.46864990828718 37.68698579811789),10.944484474715487,12233.943031583089,ios,4.183434617017461,-7.686737477641259e-07,4.161769595611986e-09
63,37.68701179104215,-122.46868427899679,1564158673.0,2019-07-26T09:31:13-07:00,POINT (-122.46868427899679 37.68701179104215),12.609323116813895,12237.78089541715,ios,4.1834338483437135,-7.645119781685139e-07,-2.166633095157522e-09
64,37.68703778396641,-122.46871864970637,1564158674.0,2019-07-26T09:31:14-07:00,POINT (-122.46871864970637 37.68703778396641),14.274159378446953,12241.618759438517,ios,4.183433083831735,-7.666786112636714e-07,7.160707582443138e-10
65,37.68706377689067,-122.46875302041599,1564158675.0,2019-07-26T09:31:15-07:00,POINT (-122.46875302041599 37.68706377689067),15.938993264159054,12245.456623653712,ios,4.183432317153124,-7.659625405054271e-07,-3.5851854818247375e-10
66,37.68708976981493,-122.46878739112559,1564158676.0,2019-07-26T09:31:16-07:00,POINT (-122.46878739112559 37.68708976981493),17.60382476590105,12249.294488058758,ios,4.1834315511905835,-7.663210590536096e-07,-1.2625713807778993e-09
67,37.68711576273919,-122.4688217618352,1564158677.0,2019-07-26T09:31:17-07:00,POINT (-122.4688217618352 37.68711576273919),19.268653891716095,12253.132352652052,ios,4.1834307848695245,-7.675836304343875e-07,2.5241773116135846e-09
68,37.68714175566345,-122.46885613254481,1564158678.0,2019-07-26T09:31:18-07:00,POINT (-122.46885613254481 37.68714175566345),20.93348063902615,12256.970217439579,ios,4.183430017285894,-7.650594531227739e-07,53.78615965236873
69,37.68716774858771,-122.4688905032544,1564158679.0,2019-07-26T09:31:19-07:00,POINT (-122.4688905032544 37.68716774858771),22.596647898881486,12260.819473419404,ios,4.183429252226441,53.78615888730928,-55.98528663622878
70,37.68719374151197,-122.46892487396401,1564158680.0,2019-07-26T09:31:20-07:00,POINT (-122.46892487396401 37.68719374151197),24.2595350719774,12264.658177306334,ios,57.969588139535716,-2.1991277489195045,0.10754777896046318
71,37.695974380129684,-122.47044510293598,1564158697.0,2019-07-26T09:31:37-07:00,POINT (-122.47044510293598 37.695974380129684),15.407978558006818,13255.737286644671,ios,20.584416407904147,-0.3708155065916306,0.06083872239665392
72,37.704847822501755,-122.46985385899072,1564158745.0,2019-07-26T09:32:25-07:00,POINT (-122.46985385899072 37.704847822501755),8.147215926215743,14273.04354324634,ios,2.785272091505878,2.5494431684477576,-0.849815666174564
73,37.70492174926471,-122.46987089672298,1564158748.0,2019-07-26T09:32:28-07:00,POINT (-122.46987089672298 37.70492174926471),2.391053744327089,14279.076560036017,ios,10.433601596849151,-3.830075934629917e-06,2.1334383148996494e-09
74,37.70499662338581,-122.46979941656863,1564158749.0,2019-07-26T09:32:29-07:00,POINT (-122.46979941656863 37.70499662338581),3.1005379665372352,14289.478940027164,ios,10.433597766773216,-3.827942496315018e-06,-1.5109975493032834e-09
75,37.7050714975069,-122.4697279364143,1564158750.0,2019-07-26T09:32:30-07:00,POINT (-122.4697279364143 37.7050714975069),3.810008798082305,14299.88131725054,ios,10.43359393883072,-3.829453493864321e-06,-5.823911735131864
76,37.70514637162799,-122.46965645625995,1564158751.0,2019-07-26T09:32:31-07:00,POINT (-122.46965645625995 37.70514637162799),4.519466243745478,14310.283691706469,ios,10.433590109377226,-5.8239155645853575,3.1958355015370774
77,37.70522124574908,-122.46958497610562,1564158752.0,2019-07-26T09:32:32-07:00,POINT (-122.46958497610562 37.70522124574908),5.228910299488683,14320.686063397328,ios,4.6096745447918686,-2.62808006304828,3.56668595734007
78,37.70525432596574,-122.4695533953811,1564158753.0,2019-07-26T09:32:33-07:00,POINT (-122.4695533953811 37.70525432596574),5.54234628226382,14325.281945636687,ios,1.9815944817435884,0.9386058942917901,-0.23465178065022357
79,37.70525720787238,-122.4694633697475,1564158757.0,2019-07-26T09:32:37-07:00,POINT (-122.4694633697475 37.70525720787238),12.001291248375635,14329.903682795228,ios,5.736018058910749,-1.2283091042064598e-06,4.7119312895915755e-09
80,37.705297341342565,-122.46942240623348,1564158758.0,2019-07-26T09:32:38-07:00,POINT (-122.46942240623348 37.705297341342565),12.576783119153333,14335.607624433995,ios,5.736016830601645,-1.2235971729168682e-06,-3.927906888634425e-09
81,37.70533747481275,-122.4693814427195,1564158759.0,2019-07-26T09:32:39-07:00,POINT (-122.4693814427195 37.70533747481275),13.152270823448566,14341.311565305203,ios,5.736015607004472,-1.2275250798055026e-06,1.7004175845158898e-10
82,37.70537760828294,-122.46934047920547,1564158760.0,2019-07-26T09:32:40-07:00,POINT (-122.46934047920547 37.70537760828294),13.728704265738829,14347.012736701632,ios,5.736014379479392,-1.227355038047051e-06,4.3704231345031985e-09
83,37.70541774175312,-122.46929951569147,1564158761.0,2019-07-26T09:32:41-07:00,POINT (-122.46929951569147 37.70541774175312),14.305333998692955,14352.716559865623,ios,5.736013152124354,-1.2229846149125478e-06,2.028789085817052
84,37.7054578752233,-122.4692585521775,1564158762.0,2019-07-26T09:32:42-07:00,POINT (-122.4692585521775 37.7054578752233),14.881959566457402,14358.420382264943,ios,5.736011929139739,2.028787862832437,-1.8402287762507814
85,37.70549800869349,-122.46921758866347,1564158763.0,2019-07-26T09:32:43-07:00,POINT (-122.46921758866347 37.70549800869349),15.458580971731788,14364.124203903559,ios,7.764799791972176,0.18855908658165563,-0.06416500753489288
86,37.70994313623799,-122.45992790628499,1564158886.0,2019-07-26T09:34:46-07:00,POINT (-122.45992790628499 37.70994313623799),14.982554736879745,15440.82354086203,ios,30.95756744151582,-7.703736840210169,7.70374042164201
87,37.70995186654017,-122.45957616178467,1564158887.0,2019-07-26T09:34:47-07:00,POINT (-122.45957616178467 37.70995186654017),13.700401079070444,15471.816489335164,ios,23.25383060130565,3.5814318408711188e-06,8.557421438126767e-11
88,37.70994041876243,-122.45931221465555,1564158888.0,2019-07-26T09:34:48-07:00,POINT (-122.45931221465555 37.70994041876243),14.735079333449658,15495.093628649705,ios,23.253834182737492,3.5815174150855e-06,-8.741452006688633e-11
89,37.70992897098469,-122.45904826752644,1564158889.0,2019-07-26T09:34:49-07:00,POINT (-122.45904826752644 37.70992897098469),15.769692017189712,15518.37077509333,ios,23.253837764254907,3.581430000565433e-06,8.557066166758887e-11
90,37.70991752320695,-122.45878432039733,1564158890.0,2019-07-26T09:34:50-07:00,POINT (-122.45878432039733 37.70991752320695),16.91726400534343,15541.477218870956,ios,23.253841345684908,3.5815155712271007e-06,-0.5966146186077346
91,37.70990607542921,-122.45852037326821,1564158891.0,2019-07-26T09:34:51-07:00,POINT (-122.45852037326821 37.70990607542921),18.73893666669331,15563.813647952824,ios,23.25384492720048,-0.5966110370921633,0.6790208853709032
92,37.709894627651465,-122.4582564261391,1564158892.0,2019-07-26T09:34:52-07:00,POINT (-122.4582564261391 37.709894627651465),20.56701806579797,15588.03601827589,ios,22.657233890108316,0.08240984827873987,-0.02747632846121917
93,37.70993464933478,-122.45748539971397,1564158895.0,2019-07-26T09:34:55-07:00,POINT (-122.45748539971397 37.70993464933478),21.138379531627873,15654.020760642063,ios,22.904463434944535,-1.913710491763254e-05,7.2947514695442806e-09
94,37.71000463110729,-122.45724051497507,1564158896.0,2019-07-26T09:34:56-07:00,POINT (-122.45724051497507 37.71000463110729),16.379787463686036,15675.570515871364,ios,22.904444297839618,-1.9129810166162997e-05,-5.638430167209663e-09
95,37.710074612879794,-122.45699563023621,1564158897.0,2019-07-26T09:34:57-07:00,POINT (-122.45699563023621 37.710074612879794),12.918258324370367,15697.25809715913,ios,22.90442516802945,-1.9135448596330207e-05,6.107541139499517e-10
96,37.7101445946523,-122.4567507454973,1564158898.0,2019-07-26T09:34:58-07:00,POINT (-122.4567507454973 37.7101445946523),10.10712447050073,15719.909312518483,ios,22.904406032580855,-1.9134837842216257e-05,4.943245812683017e-09
97,37.71021457642481,-122.45650586075843,1564158899.0,2019-07-26T09:34:59-07:00,POINT (-122.45650586075843 37.71021457642481),7.168838818885831,15742.751452939057,ios,22.904386897743013,-1.9129894596403574e-05,-7.082572750505278e-09
98,37.710284558197316,-122.45626097601956,1564158900.0,2019-07-26T09:35:00-07:00,POINT (-122.45626097601956 37.710284558197316),6.900101753761478,15765.052869058634,ios,22.904367767848417,-1.913697716915408e-05,4.943235154541981e-09
99,37.71035453996982,-122.45601609128066,1564158901.0,2019-07-26T09:35:01-07:00,POINT (-122.45601609128066 37.71035453996982),6.12117242140384,15787.513042945426,ios,22.904348630871247,-1.9132033933999537e-05,-5.649951617670013e-10
100,37.710424521742326,-122.4557712065418,1564158902.0,2019-07-26T09:35:02-07:00,POINT (-122.4557712065418 37.710424521742326),7.0541574174308925,15810.21553376732,ios,22.904329498837313,-1.9132598929161304e-05,-2.111178787345125e-09
101,37.71049450351484,-122.45552632180292,1564158903.0,2019-07-26T09:35:03-07:00,POINT (-122.45552632180292 37.71049450351484),8.782664760135194,15832.711532654504,ios,22.904310366238384,-1.913471010794865e-05,2.59175081396279e-09
102,37.71056448528734,-122.45528143706403,1564158904.0,2019-07-26T09:35:04-07:00,POINT (-122.45528143706403 37.71056448528734),11.598637327565795,15854.75270470113,ios,22.904291231528276,-1.9132118357134686e-05,-2.9164581860641192e-09
103,37.71063446705985,-122.45503655232515,1564158905.0,2019-07-26T09:35:05-07:00,POINT (-122.45503655232515 37.71063446705985),15.6473799849697,15877.453160182244,ios,22.90427209940992,-1.913503481532075e-05,-10.714722828963419
104,37.71070444883236,-122.45479166758626,1564158906.0,2019-07-26T09:35:06-07:00,POINT (-122.45479166758626 37.71070444883236),19.69253522699779,15899.151828000075,ios,22.904252964375104,-10.714741963998234,10.698252731370395
105,37.710774430604864,-122.45454678284739,1564158907.0,2019-07-26T09:35:07-07:00,POINT (-122.45454678284739 37.710774430604864),24.728847807083472,15920.029986372716,ios,12.18951100037687,-0.016489232627839166,0.00045912562164074843
106,37.72646450481085,-122.44560470306419,1564159064.0,2019-07-26T09:37:44-07:00,POINT (-122.44560470306419 37.72646450481085),22.717434672973912,17882.45632082626,ios,9.60070147780612,0.05559348996975833,-0.00010935243598029896
107,37.76618549530052,-122.41984701066166,1564159581.0,2019-07-26T09:46:21-07:00,POINT (-122.41984701066166 37.76618549530052),9.555992751962286,23372.61729183152,ios,38.34253579217118,-0.0009417194320562317,0.0009245986715727254
108,37.76649161490904,-122.41964622438056,1564159582.0,2019-07-26T09:46:22-07:00,POINT (-122.41964622438056 37.76649161490904),10.676298964335183,23405.13229247714,ios,38.34159407273912,-1.712076048350623e-05,-0.516802113846147
109,37.783328193377734,-122.40860297892043,1564159637.0,2019-07-26T09:47:17-07:00,POINT (-122.40860297892043 37.783328193377734),14.223279317906597,25683.801128292627,ios,38.34065243091253,-28.42413338229857,28.49990544854184
110,37.78363431298625,-122.40840219263933,1564159638.0,2019-07-26T09:47:18-07:00,POINT (-122.40840219263933 37.78363431298625),2.679439111533246,25720.30986935891,ios,9.916519048613958,0.0757720662432684,-0.0006211340676658954
111,37.7914810576739,-122.3988652086222,1564159760.0,2019-07-26T09:49:20-07:00,POINT (-122.3988652086222 37.7914810576739),21.678130909363436,26929.57124540298,ios,19.160711130292704,-6.29001197083312e-06,-5.1737103490268055e-09
112,37.79150584071036,-122.39864942148893,1564159761.0,2019-07-26T09:49:21-07:00,POINT (-122.39864942148893 37.79150584071036),10.299126345106378,26945.033070885336,ios,19.160704840280733,-6.295185681182147e-06,1.1017320389328233e-10
113,37.79153062374682,-122.39843363435561,1564159762.0,2019-07-26T09:49:22-07:00,POINT (-122.39843363435561 37.79153062374682),1.07983829809125,26960.494918547072,ios,19.16069854509505,-6.295075507978254e-06,-0.7935941134538602
114,37.79155540678328,-122.39821784722231,1564159763.0,2019-07-26T09:49:23-07:00,POINT (-122.39821784722231 37.79155540678328),12.45876301694145,26975.956788382264,ios,19.160692250019544,-0.7936004085293682,0.7871724252413798
115,37.79158018981974,-122.39800206008903,1564159764.0,2019-07-26T09:49:24-07:00,POINT (-122.39800206008903 37.79158018981974),23.837647812021032,26991.418680390165,ios,18.367091841490176,-0.006427983287988398,-0.027536395057341338
116,37.80785937040318,-122.30728677383854,1564160209.0,2019-07-26T09:56:49-07:00,POINT (-122.30728677383854 37.80785937040318),3.2309395632332776,35453.068004084875,ios,15.506639278335339,-12.260123783804884,11.153916304667568
117,37.80788990899285,-122.3071145491172,1564160210.0,2019-07-26T09:56:50-07:00,POINT (-122.3071145491172 37.80788990899285),2.5160195352814365,35467.5008565584,ios,3.246515494530455,-1.1062074791373155,1.1062073646857629
118,37.8078963026431,-122.30707849163566,1564160211.0,2019-07-26T09:56:51-07:00,POINT (-122.30707849163566 37.8078963026431),3.7192233100641143,35470.522559533114,ios,2.1403080153931393,-1.1445155267963969e-07,-1.5629146865592247e-09
119,37.807900498820224,-122.30705471490315,1564160212.0,2019-07-26T09:56:52-07:00,POINT (-122.30705471490315 37.807900498820224),4.5104537902345365,35472.51545528216,ios,2.1403079009415866,-1.1601446736619891e-07,1.7223023007773008e-10
120,37.807904694997355,-122.30703093817061,1564160213.0,2019-07-26T09:56:53-07:00,POINT (-122.30703093817061 37.807904694997355),5.3443956375170645,35474.37242076239,ios,2.1403077849271193,-1.1584223713612118e-07,-1.0461911337245056e-09
121,37.80790889117448,-122.30700716143808,1564160214.0,2019-07-26T09:56:54-07:00,POINT (-122.30700716143808 37.80790889117448),6.186251741028588,35476.34446450336,ios,2.140307669084882,-1.1688842826984569e-07,2.092349848936692e-09
122,37.8079130873516,-122.30698338470555,1564160215.0,2019-07-26T09:56:55-07:00,POINT (-122.30698338470555 37.8079130873516),7.0281083307378145,35478.316507918724,ios,2.140307552196454,-1.14796078420909e-07,-1.0461902455460859e-09
123,37.80791728352873,-122.30695960797303,1564160216.0,2019-07-26T09:56:56-07:00,POINT (-122.30695960797303 37.80791728352873),7.869965402649471,35480.28855100731,ios,2.1403074374003754,-1.1584226866645508e-07,1.7223067416693993e-10
124,37.807921479705854,-122.3069358312405,1564160217.0,2019-07-26T09:56:57-07:00,POINT (-122.3069358312405 37.807921479705854),8.711822960252476,35482.26059377275,ios,2.1403073215581068,-1.1567003799228814e-07,-3.444937668461989e-10
125,37.80792567588298,-122.30691205450796,1564160218.0,2019-07-26T09:56:58-07:00,POINT (-122.30691205450796 37.80792567588298),9.553681002260742,35484.23263621314,ios,2.1403072058880688,-1.1601453175913434e-07,-1.0461902455460859e-09
126,37.80792987206011,-122.30688827777543,1564160219.0,2019-07-26T09:56:59-07:00,POINT (-122.30688827777543 37.80792987206011),10.395539527757522,35486.20467832865,ios,2.140307089873537,-1.1706072200468043e-07,0.5052204797066207
127,37.80793406823723,-122.3068645010429,1564160220.0,2019-07-26T09:57:00-07:00,POINT (-122.3068645010429 37.80793406823723),11.237398538555787,35488.176720118834,ios,2.140306972812815,0.5052203626458986,-1.215079305297018
128,37.807938264414354,-122.30684072431038,1564160221.0,2019-07-26T09:57:01-07:00,POINT (-122.30684072431038 37.807938264414354),12.079258032911078,35490.14876158188,ios,2.6455273354587137,-0.7098589426511193,0.6323394620522127
129,37.80794345109718,-122.30681133506722,1564160222.0,2019-07-26T09:57:02-07:00,POINT (-122.30681133506722 37.80794345109718),13.119839131312593,35492.586304142176,ios,1.9356683928075944,-0.07751948059890656,326.60101387435105
130,37.80794724606675,-122.30678983166698,1564160223.0,2019-07-26T09:57:03-07:00,POINT (-122.30678983166698 37.80794724606675),13.881207563318846,35494.369794938786,ios,1.8581489122086878,326.5234943937522,-624.6016795485467
131,37.80795088905566,-122.30676918943199,1564160224.0,2019-07-26T09:57:04-07:00,POINT (-122.30676918943199 37.80795088905566),14.612085161878776,35496.08186049265,ios,328.38164330596084,-298.07818515479454,298.07821653918825
132,37.80730471276156,-122.3031218741938,1564160225.0,2019-07-26T09:57:05-07:00,POINT (-122.3031218741938 37.80730471276156),21.746133573451992,35823.75301418198,ios,30.303458151166275,3.138439372918356e-05,3.0130138384265592e-09
133,37.80722006347614,-122.30279400034058,1564160226.0,2019-07-26T09:57:06-07:00,POINT (-122.30279400034058 37.80722006347614),20.27820663062543,35854.07014135751,ios,30.303489535560004,3.1387406743021984e-05,-3.371013690411928e-09
134,37.80713541419071,-122.30246612648737,1564160227.0,2019-07-26T09:57:07-07:00,POINT (-122.30246612648737 37.80713541419071),18.801981302254745,35884.43304874673,ios,30.303520922966747,3.138403572933157e-05,1.3758310046796396e-09
135,37.80705076490529,-122.30213825263414,1564160228.0,2019-07-26T09:57:08-07:00,POINT (-122.30213825263414 37.80705076490529),17.294228388122708,35914.675870567145,ios,30.303552307002477,3.138541156033625e-05,-1.7338273039513297e-09
136,37.80696611561987,-122.30181037878091,1564160229.0,2019-07-26T09:57:09-07:00,POINT (-122.30181037878091 37.80696611561987),15.877005927488279,35944.995508266344,ios,30.303583692414037,3.13836777330323e-05,-6.237220725590117
137,37.806881466334445,-122.30148250492769,1564160230.0,2019-07-26T09:57:10-07:00,POINT (-122.30148250492769 37.806881466334445),14.459898191843283,35975.315183981715,ios,30.30361507609177,-6.237189341912384,6.825197903947011
138,37.806796817049026,-122.30115463107448,1564160231.0,2019-07-26T09:57:11-07:00,POINT (-122.30115463107448 37.806796817049026),13.0429051825376,36005.63489771288,ios,24.066425734179386,0.5880085620346271,-2.893925772321058
139,37.80672963107943,-122.30089422480548,1564160232.0,2019-07-26T09:57:12-07:00,POINT (-122.30089422480548 37.80672963107943),11.922363971064106,36029.714345114124,ios,24.654434296214014,-2.305917210286431,2.3059328012958424
140,37.806667369143014,-122.30062488450828,1564160233.0,2019-07-26T09:57:13-07:00,POINT (-122.30062488450828 37.806667369143014),11.536932777255528,36054.407615804324,ios,22.348517085927583,1.5591009411508594e-05,-1.865885224106023e-11
141,37.80661154385968,-122.3003805098861,1564160234.0,2019-07-26T09:57:14-07:00,POINT (-122.3003805098861 37.80661154385968),11.258496641702243,36076.79249218346,ios,22.348532676936994,1.5590990752656353e-05,-1.8680168523133034e-11
142,37.80655571857635,-122.30013613526391,1564160235.0,2019-07-26T09:57:15-07:00,POINT (-122.30013613526391 37.80655571857635),10.980123160198124,36099.17738562179,ios,22.348548267927747,1.559097207248783e-05,-1.8665957668417832e-11
143,37.806499893293015,-122.29989176064173,1564160236.0,2019-07-26T09:57:16-07:00,POINT (-122.29989176064173 37.806499893293015),10.701812334453406,36121.562296116696,ios,22.34856385889982,1.559095340653016e-05,-13.264940456098762
144,37.80644406800968,-122.29964738601954,1564160237.0,2019-07-26T09:57:17-07:00,POINT (-122.29964738601954 37.80644406800968),10.423564164707235,36143.947223672694,ios,22.348579449853226,-13.264924865145355,12.735187318953338
145,37.80638824272635,-122.29940301139736,1564160238.0,2019-07-26T09:57:18-07:00,POINT (-122.29940301139736 37.80638824272635),10.14537865131999,36166.33216828752,ios,9.08365458470787,-0.5297375461920169,7.942334063698622
146,37.80636555236506,-122.29930368456662,1564160239.0,2019-07-26T09:57:19-07:00,POINT (-122.29930368456662 37.80636555236506),10.032327185782174,36175.430604026566,ios,8.553917038515854,7.412596517506605,-8.921889564106017
147,37.80637313512952,-122.29920679320497,1564160240.0,2019-07-26T09:57:20-07:00,POINT (-122.29920679320497 37.80637313512952),13.101610790659677,36183.43310818799,ios,15.96651355602246,-1.5092930465994119,1.5092999598873753
148,37.806335817184255,-122.29903129833792,1564160241.0,2019-07-26T09:57:21-07:00,POINT (-122.29903129833792 37.806335817184255),13.198536364454782,36199.42718681095,ios,14.457220509423047,6.913287963428161e-06,2.298286005952832e-10
149,37.8062970579167,-122.29887422045839,1564160242.0,2019-07-26T09:57:22-07:00,POINT (-122.29887422045839 37.8062970579167),12.961305646359643,36213.56873265601,ios,14.45722742271101,6.913517792028756e-06,2.298250478816044e-10
150,37.806258298649155,-122.29871714257885,1564160243.0,2019-07-26T09:57:23-07:00,POINT (-122.29871714257885 37.806258298649155),12.84866048107483,36228.04945586614,ios,14.457234336228803,6.913747617076638e-06,-2.8601885304624375e-09
151,37.80621953938161,-122.29856006469932,1564160244.0,2019-07-26T09:57:24-07:00,POINT (-122.29856006469932 37.80621953938161),12.736041678372834,36242.53018648111,ios,14.45724124997642,6.910887428546175e-06,-11.388286867917449
152,37.806180780114055,-122.29840298681978,1564160245.0,2019-07-26T09:57:25-07:00,POINT (-122.29840298681978 37.806180780114055),12.747405053172555,36256.78064008045,ios,14.457248160863848,-11.38827995703002,17.42453676860723
153,37.80614202084651,-122.29824590894027,1564160246.0,2019-07-26T09:57:26-07:00,POINT (-122.29824590894027 37.80614202084651),12.897711517946407,36271.26104293881,ios,3.0689682038338284,6.03625681157721,-2.012078884794396
154,37.80606205693608,-122.29827310073475,1564160249.0,2019-07-26T09:57:29-07:00,POINT (-122.29827310073475 37.80606205693608),3.718928061410153,36271.70538774466,ios,21.177738638565458,2.015719402237437e-05,2.156181011514491e-09
155,37.8059708242505,-122.29806150126088,1564160250.0,2019-07-26T09:57:30-07:00,POINT (-122.29806150126088 37.8059708242505),0.05805287847408979,36292.54722498467,ios,21.17775879575948,2.0159350203385884e-05,2.1561881169418484e-09
156,37.805879591564924,-122.29784990178703,1564160251.0,2019-07-26T09:57:31-07:00,POINT (-122.29784990178703 37.805879591564924),2.884512394868035,36313.558305508304,ios,21.177778955109684,2.0161506391502826e-05,-4.419359100893416e-09
157,37.80578835887935,-122.29763830231319,1564160252.0,2019-07-26T09:57:32-07:00,POINT (-122.29763830231319 37.80578835887935),5.410998355384822,36334.94766588587,ios,21.177799116616075,2.0157087032401932e-05,-0.522895173862068
158,37.80569712619377,-122.29742670283932,1564160253.0,2019-07-26T09:57:33-07:00,POINT (-122.29742670283932 37.80569712619377),6.803307926189548,36356.10227778593,ios,21.177819273703108,-0.5228750167750356,-9.119098680609769
159,37.805605893508194,-122.29721510336547,1564160254.0,2019-07-26T09:57:34-07:00,POINT (-122.29721510336547 37.805605893508194),8.055675120529633,36377.41389967696,ios,20.654944256928072,-9.641973697384804,9.641978944367665
160,37.805520623541604,-122.29700623440444,1564160255.0,2019-07-26T09:57:35-07:00,POINT (-122.29700623440444 37.805520623541604),8.548472326682251,36398.08661857026,ios,11.012970559543268,5.2469828606405144e-06,2.6589468404836225e-09
161,37.80547691050982,-122.29689375003933,1564160256.0,2019-07-26T09:57:36-07:00,POINT (-122.29689375003933 37.80547691050982),8.582277393820803,36409.21678439974,ios,11.012975806526129,5.249641807480998e-06,-1.547752148667314e-09
162,37.805433197478024,-122.29678126567426,1564160257.0,2019-07-26T09:57:37-07:00,POINT (-122.29678126567426 37.805433197478024),8.493697924799893,36420.24274868974,ios,11.012981056167936,5.248094055332331e-06,2.6589557222678195e-09
163,37.80538948444624,-122.29666878130917,1564160258.0,2019-07-26T09:57:38-07:00,POINT (-122.29666878130917 37.80538948444624),8.40510262390168,36431.26871824558,ios,11.012986304261991,5.2507530110545986e-06,-3.788381164326893e-09
164,37.805345771414444,-122.29655629694409,1564160259.0,2019-07-26T09:57:39-07:00,POINT (-122.29655629694409 37.805345771414444),8.31649149107491,36442.29469306734,ios,11.012991555015002,5.246964629890272e-06,2.6589557222678195e-09
165,37.80530205838266,-122.29644381257899,1564160260.0,2019-07-26T09:57:40-07:00,POINT (-122.29644381257899 37.80530205838266),8.227864526233063,36453.32067315732,ios,11.012996801979632,5.2496235856125395e-06,-1.5477574777378322e-09
166,37.805258345350865,-122.29633132821391,1564160261.0,2019-07-26T09:57:41-07:00,POINT (-122.29633132821391 37.805258345350865),8.139221730018527,36464.34665851104,ios,11.013002051603218,5.248075828134802e-06,-0.9301043228641284
167,37.80521463231908,-122.29621884384882,1564160262.0,2019-07-26T09:57:42-07:00,POINT (-122.29621884384882 37.80521463231908),7.9883668336401,36475.42219405986,ios,11.013007299679046,-0.9300990747883002,-3.7814110679885395
168,37.805170919287285,-122.29610635948374,1564160263.0,2019-07-26T09:57:43-07:00,POINT (-122.29610635948374 37.805170919287285),7.831575188492709,36486.44743169134,ios,10.082908224890746,-4.71151014277684,6.3604615826977415
169,37.805130898040176,-122.29600337498721,1564160264.0,2019-07-26T09:57:44-07:00,POINT (-122.29600337498721 37.805130898040176),7.688011471575743,36496.54153726263,ios,5.371398082113906,1.6489514399209018,-1.0065984937195154
170,37.80527844254988,-122.29568762799435,1564160270.0,2019-07-26T09:57:50-07:00,POINT (-122.29568762799435 37.80527844254988),19.490352036397898,36513.91862926327,ios,15.265106721639317,-4.3906395223961905,4.390643638826074
171,37.80523337876083,-122.29552350242336,1564160271.0,2019-07-26T09:57:51-07:00,POINT (-122.29552350242336 37.80523337876083),21.57113320213718,36529.06555102377,ios,10.874467199243126,4.116429883183059e-06,-6.764969041765542
172,37.8052022865891,-122.29540614719772,1564160272.0,2019-07-26T09:57:52-07:00,POINT (-122.29540614719772 37.8052022865891),23.170773701089548,36539.8393627316,ios,10.87447131567301,-6.764964925335659,7.04841294472859
173,37.805171194417376,-122.29528879197207,1564160273.0,2019-07-26T09:57:53-07:00,POINT (-122.29528879197207 37.805171194417376),24.77042967467307,36550.61317646302,ios,4.1095063903373505,0.28344801939293185,-0.009397434641404766
174,37.80428745351512,-122.29312888696711,1564160325.0,2019-07-26T09:58:45-07:00,POINT (-122.29312888696711 37.80428745351512),23.33662448961106,36764.564299039186,ios,18.848803398769807,-0.20521858196011594,0.02875775938676132
175,37.80076222466174,-122.28243749545706,1564160379.0,2019-07-26T09:59:39-07:00,POINT (-122.28243749545706 37.80076222466174),2.6590653050684114,37789.70535633466,ios,7.7669999729235455,1.3477004249249953,-2.741294781376274
176,37.800711280199074,-122.28237701512577,1564160380.0,2019-07-26T09:59:40-07:00,POINT (-122.28237701512577 37.800711280199074),0.6536013318982229,37797.207363192174,ios,9.11470039784854,-1.3935943564512785,1.3935970724555053
177,37.80066726618498,-122.28228949798687,1564160381.0,2019-07-26T09:59:41-07:00,POINT (-122.28228949798687 37.80066726618498),0.5544110520028076,37806.32900814638,ios,7.721106041397262,2.716004226854807e-06,-3.9460612555330954e-10
178,37.80063274394008,-122.28221324930216,1564160382.0,2019-07-26T09:59:42-07:00,POINT (-122.28221324930216 37.80063274394008),0.8288780020791455,37814.052911105115,ios,7.721108757401489,2.7156096207292535e-06,2.164864731923899e-09
179,37.80059822169517,-122.28213700061747,1564160383.0,2019-07-26T09:59:43-07:00,POINT (-122.28213700061747 37.80059822169517),1.1033528710226597,37821.77681656603,ios,7.72111147301111,2.7177744854611774e-06,-3.9460257283963074e-10
180,37.80056369945026,-122.28206075193279,1564160384.0,2019-07-26T09:59:44-07:00,POINT (-122.28206075193279 37.80056369945026),1.377835658556466,37829.500724529564,ios,7.721114190785595,2.7173798828883378e-06,-4.656779245657086
181,37.80052917720535,-122.2819845032481,1564160385.0,2019-07-26T09:59:45-07:00,POINT (-122.2819845032481 37.80052917720535),1.6523263676538504,37837.22463499881,ios,7.721116908165478,-4.656776528277203,13.961369694571786
182,37.800494654960445,-122.28190825456339,1564160386.0,2019-07-26T09:59:46-07:00,POINT (-122.28190825456339 37.800494654960445),1.9259705972021175,37844.986827103254,ios,3.064340379888275,9.304593166294582,-9.304586120470937
183,37.80048095384902,-122.28187799315577,1564160387.0,2019-07-26T09:59:47-07:00,POINT (-122.28187799315577 37.80048095384902),1.9739866539142672,37848.053836590014,ios,12.368933546182857,7.045823645412952e-06,-7.622347197866475e-12
184,37.80042375001216,-122.28175725582953,1564160388.0,2019-07-26T09:59:48-07:00,POINT (-122.28175725582953 37.80042375001216),1.923110568864772,37860.434059833475,ios,12.368940592006503,7.045816023065754e-06,1.0631975300157137e-09
185,37.8003665461753,-122.28163651850329,1564160389.0,2019-07-26T09:59:49-07:00,POINT (-122.28163651850329 37.8003665461753),1.872254578348095,37872.814290375136,ios,12.368947637822526,7.04687922059577e-06,-2.1492780888365814e-09
186,37.80030934233844,-122.28151578117705,1564160390.0,2019-07-26T09:59:50-07:00,POINT (-122.28151578117705 37.80030934233844),1.8214186832072425,37885.1945282118,ios,12.368954684701746,7.044729942506933e-06,1.0632010827293925e-09
187,37.80025213850158,-122.2813950438508,1564160391.0,2019-07-26T09:59:51-07:00,POINT (-122.2813950438508 37.80025213850158),1.7706028843059078,37897.57477334311,ios,12.368961729431689,7.045793143589663e-06,1.7737742290234806
188,37.80019493466472,-122.28127430652455,1564160392.0,2019-07-26T09:59:52-07:00,POINT (-122.28127430652455 37.80019493466472),1.7198071780000184,37909.955025768366,ios,12.368968775224833,1.7737812748166242,-6.55727190849718
189,37.800137730827856,-122.28115356919831,1564160393.0,2019-07-26T09:59:53-07:00,POINT (-122.28115356919831 37.800137730827856),1.6690315670321438,37922.33528549134,ios,14.142750050041457,-4.783490633680556,4.783494620408717
190,37.80007393985369,-122.28101431149635,1564160394.0,2019-07-26T09:59:54-07:00,POINT (-122.28101431149635 37.80007393985369),1.819397931487209,37936.491032016085,ios,9.359259416360901,3.986728161819997e-06,-2.86672729998827e-09
191,37.80003227514922,-122.28092175462406,1564160395.0,2019-07-26T09:59:55-07:00,POINT (-122.28092175462406 37.80003227514922),1.9894103254294868,37945.85813374519,ios,9.359263403089063,3.9838614345200085e-06,1.3843752810771548e-09
192,37.79999061044475,-122.28082919775176,1564160396.0,2019-07-26T09:59:56-07:00,POINT (-122.28082919775176 37.79999061044475),2.159434289473134,37955.225239351246,ios,9.359267386950497,3.985245809801086e-06,1.472796995471981e-09
193,37.799948945740276,-122.28073664087948,1564160397.0,2019-07-26T09:59:57-07:00,POINT (-122.28073664087948 37.799948945740276),2.329469818958891,37964.59234882902,ios,9.359271372196307,3.986718606796558e-06,-0.25415645462335057
194,37.79990728103581,-122.2806440840072,1564160398.0,2019-07-26T09:59:58-07:00,POINT (-122.2806440840072 37.79990728103581),2.4995169190071134,37973.959462183615,ios,9.359275358914914,-0.2541524679047438,0.20664057877947073
195,37.79986561633134,-122.28055152713492,1564160399.0,2019-07-26T09:59:59-07:00,POINT (-122.28055152713492 37.79986561633134),2.669575588330821,37983.32657941281,ios,9.10512289101017,-0.047511889125273044,0.04751466376857749
196,37.799840427600095,-122.28045292151617,1564160400.0,2019-07-26T10:00:00-07:00,POINT (-122.28045292151617 37.799840427600095),4.684166155010197,37992.221282482846,ios,9.057611001884897,2.774643304448432e-06,-1.6743779696071215e-09
197,37.79981545494538,-122.28035479590486,1564160401.0,2019-07-26T10:00:01-07:00,POINT (-122.28035479590486 37.79981545494538),6.69788552277967,38001.06740742729,ios,9.057613776528202,2.772968926478825e-06,2.6176767420338365e-09
198,37.79979048229066,-122.28025667029354,1564160402.0,2019-07-26T10:00:02-07:00,POINT (-122.28025667029354 37.79979048229066),8.711615654016542,38009.913532882405,ios,9.057616549497128,2.7755866032208587e-06,-1.1899352614364034e-09
199,37.79976550963595,-122.28015854468224,1564160403.0,2019-07-26T10:00:03-07:00,POINT (-122.28015854468224 37.79976550963595),10.725356552709028,38018.75965884855,ios,9.057619325083731,2.7743966679594223e-06,0.682552797647002
200,37.79974053698123,-122.28006041907092,1564160404.0,2019-07-26T10:00:04-07:00,POINT (-122.28006041907092 37.79974053698123),12.739108218299673,38027.60578532849,ios,9.0576220994804,0.68255557204367,-4.257486516347
201,37.79971556432652,-122.2799622934596,1564160405.0,2019-07-26T10:00:05-07:00,POINT (-122.2799622934596 37.79971556432652),14.752870650578542,38036.451912317214,ios,9.74017767152407,-3.57493094430333,3.5749325133101353
202,37.79968314572168,-122.2798593068324,1564160406.0,2019-07-26T10:00:06-07:00,POINT (-122.2798593068324 37.79968314572168),16.277413798857562,38045.98427946631,ios,6.165246727220739,1.5690068053686446e-06,1.6390728774240415e-09
203,37.79966061916158,-122.27979518923806,1564160407.0,2019-07-26T10:00:07-07:00,POINT (-122.27979518923806 37.79966061916158),17.03903940143529,38052.1106155354,ios,6.165248296227545,1.5706458782460686e-06,-1.9615065127709386e-09
204,37.79963809260147,-122.27973107164372,1564160408.0,2019-07-26T10:00:08-07:00,POINT (-122.27973107164372 37.79963809260147),17.80067007817327,38058.23695260485,ios,6.165249866873423,1.5686843717332977e-06,2.281074884535883e-09
205,37.79961556604137,-122.27966695404938,1564160409.0,2019-07-26T10:00:09-07:00,POINT (-122.27966695404938 37.79961556604137),18.56230583153732,38064.36329067335,ios,6.165251435557795,1.5709654466178335e-06,3.0512835021170472
206,37.799593039481266,-122.27960283645504,1564160410.0,2019-07-26T10:00:10-07:00,POINT (-122.27960283645504 37.799593039481266),19.538659364181083,38068.97624751103,ios,6.165253006523241,3.051285073082494,-3.6806474592980303
207,37.799570512921164,-122.27953871886069,1564160411.0,2019-07-26T10:00:11-07:00,POINT (-122.27953871886069 37.799570512921164),20.774418443412458,38075.02480490959,ios,9.216538079605735,-0.6293623862155364,0.6293656313712059
208,37.79953296164319,-122.27944520346678,1564160412.0,2019-07-26T10:00:12-07:00,POINT (-122.27944520346678 37.79953296164319),22.152191827695308,38084.148683467436,ios,8.587175693390199,3.245155669517885e-06,-3.4071601330411845
209,37.799497713251704,-122.27935824280385,1564160413.0,2019-07-26T10:00:13-07:00,POINT (-122.27935824280385 37.799497713251704),23.403643480817443,38092.65422086941,ios,8.587178938545868,-3.407156887885515,3.4241247474229
210,37.79946246486022,-122.27927128214091,1564160414.0,2019-07-26T10:00:14-07:00,POINT (-122.27927128214091 37.79946246486022),24.655105140140556,38101.159760169015,ios,5.180022050660353,0.016967859537385093,-0.00017141272735312298
211,37.8007136508161,-122.27365344386473,1564160513.0,2019-07-26T10:01:53-07:00,POINT (-122.27365344386473 37.8007136508161),22.01962863021486,38770.70333331703,ios,6.859840144861478,-2.000470574081703e-06,4.517030305351e-09
212,37.80073994100085,-122.2735828117317,1564160514.0,2019-07-26T10:01:54-07:00,POINT (-122.2735828117317 37.80073994100085),17.710321724178225,38776.05187184805,ios,6.859838144390904,-1.995953543776352e-06,-2.2600952220841464e-09
213,37.8007662311856,-122.2735121795987,1564160515.0,2019-07-26T10:01:55-07:00,POINT (-122.2735121795987 37.8007662311856),13.40102083276489,38781.40041275053,ios,6.85983614843736,-1.998213638998436e-06,-1.0516032489249483e-12
214,37.80079252137035,-122.27344154746567,1564160516.0,2019-07-26T10:01:56-07:00,POINT (-122.27344154746567 37.80079252137035),9.09172595039077,38786.748956028176,ios,6.859834150223721,-1.998214690601685e-06,-1.0524914273446484e-12
215,37.8008188115551,-122.27337091533263,1564160517.0,2019-07-26T10:01:57-07:00,POINT (-122.27337091533263 37.8008188115551),4.782437077740465,38792.09750167757,ios,6.85983215200903,-1.9982157430931125e-06,-1.0542677841840487e-12
216,37.800845101739846,-122.2733002831996,1564160518.0,2019-07-26T10:01:58-07:00,POINT (-122.2733002831996 37.800845101739846),0.4731542170335419,38797.446049702805,ios,6.859830153793287,-1.9982167973608966e-06,-1.1305703040420667e-09
217,37.800871391924595,-122.27322965106657,1564160519.0,2019-07-26T10:01:59-07:00,POINT (-122.27322965106657 37.800871391924595),3.8361226358489597,38802.7946001012,ios,6.85982815557649,-1.9993473676649387e-06,2.2579831338020995e-09
218,37.800897682109344,-122.27315901893354,1564160520.0,2019-07-26T10:02:00-07:00,POINT (-122.27315901893354 37.800897682109344),8.145393475596574,38808.14315287281,ios,6.859826156229122,-1.9970893845311366e-06,-2.2600881166567888e-09
219,37.80092397229409,-122.27308838680052,1564160521.0,2019-07-26T10:02:01-07:00,POINT (-122.27308838680052 37.80092397229409),12.454658302812147,38813.49170801637,ios,6.8598241591397375,-1.9993494726477934e-06,0.0982148329234791
220,37.80095026247884,-122.27301775466749,1564160522.0,2019-07-26T10:02:02-07:00,POINT (-122.27301775466749 37.80095026247884),16.763917123193863,38818.84026553616,ios,6.859822159790265,0.09821283357400645,-0.1240861613328994
221,37.80097655266359,-122.27294712253448,1564160523.0,2019-07-26T10:02:03-07:00,POINT (-122.27294712253448 37.80097655266359),21.07316992864629,38824.18882542777,ios,6.958034993364271,-0.02587332775889295,0.0035331479986890025
222,37.81443320521237,-122.27064705381862,1564160740.0,2019-07-26T10:05:40-07:00,POINT (-122.27064705381862 37.81443320521237),15.293020618440332,40496.98374364067,ios,1.3435228696845014,0.7408197879566206,-0.2712389462474057
223,37.81447932509163,-122.27093172311537,1564160759.0,2019-07-26T10:05:59-07:00,POINT (-122.27093172311537 37.81447932509163),9.21819054842408,40504.2813625781,ios,15.419098840860293,-4.412720190744087,3.8664579223581423
224,37.814597646457194,-122.2710232542533,1564160760.0,2019-07-26T10:06:00-07:00,POINT (-122.2710232542533 37.814597646457194),16.14242125171203,40517.99212871375,ios,11.006378650116206,-0.546262268385945,1.1625095291320076
225,37.81468992186525,-122.2710685918752,1564160761.0,2019-07-26T10:06:01-07:00,POINT (-122.2710685918752 37.81468992186525),19.27341574560983,40528.04018384504,ios,10.460116381730261,0.6162472607460625,23.444854385411645
226,37.81477488189179,-122.27111971271825,1564160762.0,2019-07-26T10:06:02-07:00,POINT (-122.27111971271825 37.81477488189179),23.410127233264806,40537.238971425046,ios,11.076363642476323,24.06110164615771,-26.17265691205516
227,37.81487290820157,-122.27114212250672,1564160763.0,2019-07-26T10:06:03-07:00,POINT (-122.27114212250672 37.81487290820157),24.970658277446883,40548.18211900816,ios,35.13746528863403,-2.111555265897451,0.2111553548487981
228,37.81787134214572,-122.26987948734512,1564160773.0,2019-07-26T10:06:13-07:00,POINT (-122.26987948734512 37.81787134214572),15.422291549651268,40891.90793901339,ios,14.021912629659523,-1.7174094697480768e-06,-6.83700207559923e-10
229,37.81799265315064,-122.26983590391151,1564160774.0,2019-07-26T10:06:14-07:00,POINT (-122.26983590391151 37.81799265315064),16.105831248123234,40905.717501112034,ios,14.021910912250053,-1.7180931699556368e-06,1.0988117082888493e-09
230,37.81811396415556,-122.26979232047789,1564160775.0,2019-07-26T10:06:15-07:00,POINT (-122.26979232047789 37.81811396415556),16.871791385451314,40919.69248653827,ios,14.021909194156883,-1.716994358247348e-06,-1.5222170191009354e-09
231,37.818235275160475,-122.26974873704428,1564160776.0,2019-07-26T10:06:16-07:00,POINT (-122.26974873704428 37.818235275160475),17.63773852677899,40933.66747130328,ios,14.021907477162525,-1.7185165752664489e-06,-8.436194777161784
232,37.8183565861654,-122.26970515361067,1564160777.0,2019-07-26T10:06:17-07:00,POINT (-122.26970515361067 37.8183565861654),18.40367267179377,40947.64245540795,ios,14.02190575864595,-8.43619649567836,32.874805462771505
233,37.81847789717032,-122.26966157017706,1564160778.0,2019-07-26T10:06:18-07:00,POINT (-122.26966157017706 37.81847789717032),19.169593820595033,40961.617438851834,ios,5.585709262967591,24.438608967093145,-44.32824590159104
234,37.81852622213224,-122.26964420845648,1564160779.0,2019-07-26T10:06:19-07:00,POINT (-122.26964420845648 37.81852622213224),19.32044885129609,40967.8755102313,ios,30.024318230060736,-19.889636934497894,14.76287362659314
235,37.818783018328006,-122.2695385695134,1564160780.0,2019-07-26T10:06:20-07:00,POINT (-122.2695385695134 37.818783018328006),21.950062114148285,40996.821662850445,ios,10.134681295562844,-5.126763307904753,5.126763118469854
236,37.81887407163848,-122.26953344144046,1564160781.0,2019-07-26T10:06:21-07:00,POINT (-122.26953344144046 37.81887407163848),20.25490184394886,41006.79140960256,ios,5.007917987658091,-1.8943489887846e-07,1.2135048521599856e-09
237,37.81891764815748,-122.26954784402318,1564160782.0,2019-07-26T10:06:22-07:00,POINT (-122.26954784402318 37.81891764815748),17.99348970961601,41011.24901730191,ios,5.007917798223192,-1.882213940263e-07,-1.3386713959562258e-10
238,37.81896122467647,-122.2695622466059,1564160783.0,2019-07-26T10:06:23-07:00,POINT (-122.2695622466059 37.81896122467647),15.72901632718148,41015.74394614882,ios,5.007917610001798,-1.8835526116589563e-07,-3.1541791400968577e-10
239,37.81900480119547,-122.26957664918861,1564160784.0,2019-07-26T10:06:24-07:00,POINT (-122.26957664918861 37.81900480119547),13.457037677783864,41020.196177157646,ios,5.007917421646537,-1.886706790799053e-07,-7.645430954994481e-10
240,37.819048377714466,-122.26959105177133,1564160785.0,2019-07-26T10:06:25-07:00,POINT (-122.26959105177133 37.819048377714466),11.185060405760002,41024.648408684094,ios,5.007917232975858,-1.8943522217540476e-07,1.5288428301118984e-09
241,37.819091954233464,-122.26960545435405,1564160786.0,2019-07-26T10:06:26-07:00,POINT (-122.26960545435405 37.819091954233464),8.913084508351647,41029.100640729965,ios,5.007917043540636,-1.8790637934529286e-07,-7.645413191426087e-10
242,37.819135530752455,-122.26961985693677,1564160787.0,2019-07-26T10:06:27-07:00,POINT (-122.26961985693677 37.819135530752455),6.641109990979303,41033.55287329212,ios,5.007916855634257,-1.8867092066443547e-07,19.466504057697346
243,37.81917910727145,-122.26963425951949,1564160788.0,2019-07-26T10:06:28-07:00,POINT (-122.26963425951949 37.81917910727145),4.369136848300529,41038.005106372766,ios,5.007916666963336,19.466503869026425,-14.959049361834964
244,37.81922268379045,-122.26964866210221,1564160789.0,2019-07-26T10:06:29-07:00,POINT (-122.26964866210221 37.81922268379045),2.097165085369798,41042.457339971064,ios,24.47442053598976,4.507454507191461,-6.853005741946308
245,37.81941448716101,-122.26978533963118,1564160790.0,2019-07-26T10:06:30-07:00,POINT (-122.26978533963118 37.81941448716101),13.939809660373108,41060.9517783474,ios,28.981875043181223,-2.3455512347548475,0.3616725449767091
246,37.82247480069906,-122.26896797091307,1564160802.0,2019-07-26T10:06:42-07:00,POINT (-122.26896797091307 37.82247480069906),16.865539411865036,41407.64415756922,ios,0.8352602261230548,1.9945193049656613,-0.11080739694857326
247,37.82258814461027,-122.26887464165004,1564160820.0,2019-07-26T10:07:00-07:00,POINT (-122.26887464165004 37.82258814461027),11.671067899003187,41421.45055978646,ios,36.73660771550496,-1.3840108657348082e-05,3.263451731072564e-10
248,37.82290363063646,-122.26875047592182,1564160821.0,2019-07-26T10:07:01-07:00,POINT (-122.26875047592182 37.82290363063646),9.611109862974859,41458.063405915454,ios,36.7365938753963,-1.3839782312174975e-05,3.263238568251836e-10
249,37.82321911666265,-122.26862631019361,1564160822.0,2019-07-26T10:07:02-07:00,POINT (-122.26862631019361 37.82321911666265),7.286794971556261,41494.74686763498,ios,36.73658003561399,-1.383945598831815e-05,35.77293709670348
250,37.82353460268884,-122.2685021444654,1564160823.0,2019-07-26T10:07:03-07:00,POINT (-122.2685021444654 37.82353460268884),5.081518132523247,41531.253240052254,ios,36.736566196158,35.77292325724749,-81.01164018997162
251,37.82385008871503,-122.26837797873718,1564160824.0,2019-07-26T10:07:04-07:00,POINT (-122.26837797873718 37.82385008871503),3.299728912322796,41567.88064286759,ios,72.5094894534055,-45.23871693272413,33.35330333827681
252,37.8244734261694,-122.2681355283289,1564160825.0,2019-07-26T10:07:05-07:00,POINT (-122.2681355283289 37.8244734261694),0.5724210445071425,41640.17379037013,ios,27.270772520681366,-11.885413594447321,11.885409625500643
253,37.8247035171103,-122.26802805520309,1564160826.0,2019-07-26T10:07:06-07:00,POINT (-122.26802805520309 37.8247035171103),1.4907345909339977,41667.321031182495,ios,15.385358926234044,-3.968946678867269e-06,-2.909599672307195e-09
254,37.824831139473964,-122.26796038534172,1564160827.0,2019-07-26T10:07:07-07:00,POINT (-122.26796038534172 37.824831139473964),3.3307986409560493,41682.530223614594,ios,15.385354957287365,-3.971856278539576e-06,1.6875620900691501e-09
255,37.824958761837635,-122.26789271548033,1564160828.0,2019-07-26T10:07:08-07:00,POINT (-122.26789271548033 37.824958761837635),5.3569036826570295,41697.75775473357,ios,15.385350985431087,-3.970168716449507e-06,-4.877289683236086e-10
256,37.8250863842013,-122.26782504561895,1564160829.0,2019-07-26T10:07:09-07:00,POINT (-122.26782504561895 37.8250863842013),7.38298739402302,41712.98528510894,ios,15.38534701526237,-3.970656445417831e-06,-2.411457700191022e-10
257,37.82521400656496,-122.26775737575755,1564160830.0,2019-07-26T10:07:10-07:00,POINT (-122.26775737575755 37.82521400656496),9.409049775410471,41728.21281473936,ios,15.385343044605925,-3.97089759118785e-06,-6.138240939110082
258,37.825341628928626,-122.26768970589616,1564160831.0,2019-07-26T10:07:11-07:00,POINT (-122.26768970589616 37.825341628928626),11.435090825649976,41743.440343627895,ios,15.385339073708334,-6.138244910007673,11.691826854036638
259,37.8254692512923,-122.2676220360348,1564160832.0,2019-07-26T10:07:12-07:00,POINT (-122.2676220360348 37.8254692512923),13.460304803456445,41758.734490054354,ios,9.24709416370066,5.553581944028965,-5.553582861920281
260,37.825545956540864,-122.26758136421685,1564160833.0,2019-07-26T10:07:13-07:00,POINT (-122.26758136421685 37.825545956540864),14.632689252788822,41767.89265056072,ios,14.800676107729625,-9.178913167318115e-07,2.3238122537350137e-10
261,37.82567671200818,-122.26754983744686,1564160834.0,2019-07-26T10:07:14-07:00,POINT (-122.26754983744686 37.82567671200818),13.425292231121961,41782.61406728937,ios,14.800675189838309,-9.17658935506438e-07,-4.681481868828996e-10
262,37.8258074674755,-122.26751831067688,1564160835.0,2019-07-26T10:07:15-07:00,POINT (-122.26751831067688 37.8258074674755),12.217885095116205,41797.33548264843,ios,14.800674272179373,-9.181270836933209e-07,2.3238122537350137e-10
263,37.82593822294282,-122.26748678390688,1564160836.0,2019-07-26T10:07:16-07:00,POINT (-122.26748678390688 37.82593822294282),11.10149982872271,41811.92070725928,ios,14.80067335405229,-9.178947024679474e-07,-1.1297629498585593e-12
264,37.826068978410134,-122.26745525713689,1564160837.0,2019-07-26T10:07:17-07:00,POINT (-122.26745525713689 37.826068978410134),10.075497895885114,41826.655875743425,ios,14.800672436157587,-9.178958322308972e-07,-2.346336458458609e-10
265,37.82619973387745,-122.2674237303669,1564160838.0,2019-07-26T10:07:18-07:00,POINT (-122.2674237303669 37.82619973387745),9.049485832952382,41841.391042981326,ios,14.800671518261755,-9.181304658767431e-07,-6.885627046637943
266,37.82633048934477,-122.26739220359691,1564160839.0,2019-07-26T10:07:19-07:00,POINT (-122.26739220359691 37.82633048934477),8.863603752538612,41855.59640511483,ios,14.800670600131289,-6.885627964768409,19.661438070865742
267,37.82646124481209,-122.26736067682694,1564160840.0,2019-07-26T10:07:20-07:00,POINT (-122.26736067682694 37.82646124481209),8.769703412703345,41870.287107321696,ios,7.91504263536288,12.775810106097335,-12.775810345116174
268,37.82653116969426,-122.26734381706785,1564160841.0,2019-07-26T10:07:21-07:00,POINT (-122.26734381706785 37.82653116969426),8.787943332610775,41878.186178321164,ios,20.690852741460215,-2.390188384993053e-07,-7.886740149842808e-10
269,37.82671681944876,-122.26732785635728,1564160842.0,2019-07-26T10:07:22-07:00,POINT (-122.26732785635728 37.82671681944876),6.401179241624393,41898.62117272998,ios,20.690852502441377,-2.3980751251428956e-07,1.7452741474244249e-09
270,37.82690246920326,-122.26731189564673,1564160843.0,2019-07-26T10:07:23-07:00,POINT (-122.26731189564673 37.82690246920326),4.173034266706217,41919.14710300806,ios,20.690852262633864,-2.3806223836686513e-07,-7.886740149842808e-10
271,37.827088118957754,-122.26729593493619,1564160844.0,2019-07-26T10:07:24-07:00,POINT (-122.26729593493619 37.827088118957754),1.9448815281133187,41939.673032894585,ios,20.690852024571626,-2.388509123818494e-07,-1.695177331839659e-10
272,37.82727376871225,-122.26727997422563,1564160845.0,2019-07-26T10:07:25-07:00,POINT (-122.26727997422563 37.82727376871225),0.17232494383841584,41960.20113283451,ios,20.690851785720714,-2.390204301150334e-07,19.486314620909557
273,37.82745941846675,-122.26726401351506,1564160846.0,2019-07-26T10:07:26-07:00,POINT (-122.26726401351506 37.82745941846675),2.2048305583996948,41980.74735926459,ios,20.690851546700284,19.486314381889127,-55.131183004475474
274,37.82764506822125,-122.2672480528045,1564160847.0,2019-07-26T10:07:27-07:00,POINT (-122.2672480528045 37.82764506822125),4.237343938533907,42001.29358538112,ios,40.17716592858941,-35.64486862258635,50.96619337788867
275,37.82800637852952,-122.26724438321753,1564160848.0,2019-07-26T10:07:28-07:00,POINT (-122.26724438321753 37.82800637852952),10.573183463817285,42040.878881000666,ios,4.532297306003061,15.321324755302323,-15.321334664004583
276,37.8280471094771,-122.26724632887468,1564160849.0,2019-07-26T10:07:29-07:00,POINT (-122.26724632887468 37.8280471094771),11.492560332741968,42045.3069708346,ios,19.853622061305384,-9.908702260474911e-06,3.0968827502420027e-09
277,37.828203178913,-122.26713652673214,1564160850.0,2019-07-26T10:07:30-07:00,POINT (-122.26713652673214 37.828203178913),4.839268504305277,42063.98791665476,ios,19.853612152603123,-9.905605377724669e-06,-3.21874082942486e-09
278,37.8283592483489,-122.26702672458964,1564160851.0,2019-07-26T10:07:31-07:00,POINT (-122.26702672458964 37.8283592483489),1.8139808032319746,42082.66886783679,ios,19.853602246997745,-9.908824118554094e-06,1.884373546090501e-09
279,37.82851531778481,-122.26691692244711,1564160852.0,2019-07-26T10:07:32-07:00,POINT (-122.26691692244711 37.82851531778481),8.467187594975055,42101.34982437677,ios,19.853592338173627,-9.906939745008003e-06,-19.175127787545094
280,37.828671387220716,-122.26680712030459,1564160853.0,2019-07-26T10:07:33-07:00,POINT (-122.26680712030459 37.828671387220716),15.120351865695044,42120.03078627718,ios,19.853582431233882,-19.17513769448484,19.330601733467844
281,37.82882745665662,-122.26669731816206,1564160854.0,2019-07-26T10:07:34-07:00,POINT (-122.26669731816206 37.82882745665662),21.773473621902692,42138.71175353859,ios,0.6784447367490446,0.15546403898300556,-0.02322071721000338
282,37.829357902554634,-122.26667203020516,1564160941.0,2019-07-26T10:09:01-07:00,POINT (-122.26667203020516 37.829357902554634),14.361010457448517,42196.878025464706,ios,14.20381612827053,-1.8647383582872887,4.121533874511423
283,37.829473530908885,-122.26660329859915,1564160942.0,2019-07-26T10:09:02-07:00,POINT (-122.26660329859915 37.829473530908885),18.425321397881195,42210.467144800394,ios,12.339077769983241,2.256795516224134,-0.047755451880281186
284,37.829578849522235,-122.2665590421504,1564160943.0,2019-07-26T10:09:03-07:00,POINT (-122.2665590421504 37.829578849522235),20.53073909428573,42222.60342335228,ios,14.595873286207375,2.209040064343853,-4.400301474861927
285,37.82970038711822,-122.26649626169565,1564160944.0,2019-07-26T10:09:04-07:00,POINT (-122.26649626169565 37.82970038711822),23.837573762009377,42237.857936134984,ios,16.804913350551228,-2.1912614105180745,0.5031687815232859
286,37.83029696907646,-122.26637262862387,1564160948.0,2019-07-26T10:09:08-07:00,POINT (-122.26637262862387 37.83029696907646),24.093316278369183,42303.1190125776,ios,8.03986770847893,-0.17858628442493085,0.08847037052733064
287,37.8303689696247,-122.26638101052704,1564160949.0,2019-07-26T10:09:09-07:00,POINT (-122.26638101052704 37.8303689696247),22.40990422069097,42310.963182201245,ios,7.861281424053999,-0.09011591389760021,0.029978330937247222
288,37.83043958715892,-122.26637673575642,1564160950.0,2019-07-26T10:09:10-07:00,POINT (-122.26637673575642 37.83043958715892),21.85067350904711,42318.78758683829,ios,7.771165510156399,-0.06013758296035299,-0.021083078108377507
289,37.83050882167912,-122.26636466581586,1564160951.0,2019-07-26T10:09:11-07:00,POINT (-122.26636466581586 37.83050882167912),21.990833797503523,42326.541295627765,ios,7.711027927196046,-0.0812206610687305,15.326893198809742
290,37.830576840823355,-122.26634756673339,1564160952.0,2019-07-26T10:09:12-07:00,POINT (-122.26634756673339 37.830576840823355),22.586479929774452,42334.2137987586,ios,7.629807266127315,15.245672537741012,-15.484733245827849
291,37.8306435607726,-122.26632728252771,1564160953.0,2019-07-26T10:09:13-07:00,POINT (-122.26632728252771 37.8306435607726),23.477591995966264,42341.7765438121,ios,22.875479803868327,-0.23906070808683785,0.5086805830739606
292,37.842740868253486,-122.27055285137358,1564161014.0,2019-07-26T10:10:14-07:00,POINT (-122.27055285137358 37.842740868253486),21.09189357756942,43766.05322946099,ios,8.292776610571218,30.790454859424756,-34.50304882852045
293,37.84280519936033,-122.27060062822166,1564161015.0,2019-07-26T10:10:15-07:00,POINT (-122.27060062822166 37.84280519936033),24.061475894369394,43773.78644130325,ios,39.08323146999597,-3.712593969095696,0.25129130667576166
294,37.844904908014314,-122.27084973838392,1564161021.0,2019-07-26T10:10:21-07:00,POINT (-122.27084973838392 37.844904908014314),7.272431923342892,44007.18484157584,ios,16.807667655421795,-2.204846129041126,1.3525945597568327
295,37.845048098854434,-122.2707884256164,1564161022.0,2019-07-26T10:10:22-07:00,POINT (-122.2707884256164 37.845048098854434),0.6676864931449663,44021.96578767764,ios,14.60282152638067,-0.8522515692842934,0.6337651935957549
296,37.84517769410995,-122.27081533885261,1564161023.0,2019-07-26T10:10:23-07:00,POINT (-122.27081533885261 37.84517769410995),0.7026539666417394,44036.538636346624,ios,13.750569957096376,-0.21848637568853846,0.6439298574669312
297,37.845299725917535,-122.27084068137653,1564161024.0,2019-07-26T10:10:24-07:00,POINT (-122.27084068137653 37.845299725917535),0.7355879896834023,44050.26098294084,ios,13.532083581407838,0.42544348177839275,-1.2167722696186871
298,37.84541981873521,-122.2708656212276,1564161025.0,2019-07-26T10:10:25-07:00,POINT (-122.2708656212276 37.84541981873521),0.768005645830889,44063.76529181065,ios,13.95752706318623,-0.7913287878402944,0.48968656760759366
299,37.84554368723006,-122.27089134517904,1564161026.0,2019-07-26T10:10:26-07:00,POINT (-122.27089134517904 37.84554368723006),0.8014497101625132,44077.6941711469,ios,13.166198275345936,-0.3016422202327007,-2.8028989003893816
300,37.845660532945324,-122.27091561069959,1564161027.0,2019-07-26T10:10:27-07:00,POINT (-122.27091561069959 37.845660532945324),0.833004354067618,44090.83334608706,ios,12.864556055113235,-3.1045411206220823,5.368783204261073
301,37.84577470168895,-122.27093932028951,1564161028.0,2019-07-26T10:10:28-07:00,POINT (-122.27093932028951 37.84577470168895),0.8638423585011369,44103.67149810468,ios,9.760014934491153,2.2642420836389903,-2.2776035668365004
302,37.8458612792149,-122.27095761003947,1564161029.0,2019-07-26T10:10:29-07:00,POINT (-122.27095761003947 37.8458612792149),0.8603237168311024,44113.41154490495,ios,12.024257018130143,-0.013361483197510182,-0.6157389857345343
303,37.845967921486,-122.27098029810323,1564161030.0,2019-07-26T10:10:30-07:00,POINT (-122.27098029810323 37.845967921486),0.8421461606950619,44125.41120743415,ios,12.010895534932633,-0.6291004689320445,0.09279604582693857
304,37.84607444525929,-122.27100296095666,1564161031.0,2019-07-26T10:10:31-07:00,POINT (-122.27100296095666 37.84607444525929),0.8239943559234172,44137.39753598721,ios,11.381795066000588,-0.536304423105106,0.15138042161226295
305,37.84617538958942,-122.27102443678776,1564161032.0,2019-07-26T10:10:32-07:00,POINT (-122.27102443678776 37.84617538958942),0.8067984125348241,44148.756050993165,ios,10.845490642895482,-0.384924001492843,-5.497953524844405
306,37.84627157747733,-122.27104490068929,1564161033.0,2019-07-26T10:10:33-07:00,POINT (-122.27104490068929 37.84627157747733),0.790417372576793,44159.57935866845,ios,10.46056664140264,-5.882877526337248,15.092792806615789
307,37.8463644391157,-122.27106396613225,1564161034.0,2019-07-26T10:10:34-07:00,POINT (-122.27106396613225 37.8463644391157),0.6749035298603412,44170.03529574054,ios,4.577689115065391,9.20991528027854,-19.81417533207112
308,37.84640513822531,-122.27107181342087,1564161035.0,2019-07-26T10:10:35-07:00,POINT (-122.27107181342087 37.84640513822531),0.6359350265016714,44174.6033687606,ios,13.787604395343932,-10.60426005179258,13.13657916329442
309,37.84652772043272,-122.27109544877727,1564161036.0,2019-07-26T10:10:36-07:00,POINT (-122.27109544877727 37.84652772043272),0.5185696783434781,44188.36201050178,ios,3.183344343551352,2.532319111501842,-0.7484978642559814
310,37.84655602276679,-122.27110090581516,1564161037.0,2019-07-26T10:10:37-07:00,POINT (-122.27110090581516 37.84655602276679),0.49147278052885696,44191.53866785767,ios,5.715663455053194,1.7838212472458608,5.466500209498308
311,37.84660683932983,-122.27111070387315,1564161038.0,2019-07-26T10:10:38-07:00,POINT (-122.27111070387315 37.84660683932983),0.4428214519024067,44197.2423249303,ios,7.499484702299055,7.250321456744169,-13.63477042709872
312,37.84667351541162,-122.27112355984133,1564161039.0,2019-07-26T10:10:39-07:00,POINT (-122.27112355984133 37.84667351541162),0.3789880880955643,44204.72605621065,ios,14.749806159043224,-6.384448970354551,6.370561110356455
313,37.8468035628108,-122.27115666091957,1564161040.0,2019-07-26T10:10:40-07:00,POINT (-122.27115666091957 37.8468035628108),0.6141313082432162,44219.41086523558,ios,8.365357188688673,-0.013887859998096275,1.9372342715323825
314,37.84687660095552,-122.27117949799003,1564161041.0,2019-07-26T10:10:41-07:00,POINT (-122.27117949799003 37.84687660095552),1.642369667493539,44227.69662026488,ios,8.351469328690577,1.9233464115342862,-2.8730085345826826
315,37.84694981395913,-122.27120072080767,1564161042.0,2019-07-26T10:10:42-07:00,POINT (-122.27120072080767 37.84694981395913),2.527275565101565,44235.98469575262,ios,10.274815740224863,-0.9496621230483964,-1.1439519631468702
316,37.847040529151776,-122.27122298845028,1564161043.0,2019-07-26T10:10:43-07:00,POINT (-122.27122298845028 37.847040529151776),3.2717939342091764,44246.21182276571,ios,9.325153617176467,-2.0936140861952666,4.73827879554792
317,37.84712265232052,-122.27124450980281,1564161044.0,2019-07-26T10:10:44-07:00,POINT (-122.27124450980281 37.84712265232052),4.053226558968628,44255.491989454335,ios,7.2315395309812,2.6446647093526536,-9.582840500043536
318,37.84718588687874,-122.27126375364331,1564161045.0,2019-07-26T10:10:45-07:00,POINT (-122.27126375364331 37.84718588687874),4.884265089234674,44262.661568946576,ios,9.876204240333854,-6.938175790690883,6.061838110434878
319,37.84727275074072,-122.27128722298484,1564161046.0,2019-07-26T10:10:46-07:00,POINT (-122.27128722298484 37.84727275074072),6.1671851736792025,44272.20402139723,ios,2.9380284496429705,-0.8763376802560048,1.2707827996850631
320,37.847296432798444,-122.27130206183466,1564161047.0,2019-07-26T10:10:47-07:00,POINT (-122.27130206183466 37.847296432798444),7.27117275376314,44274.922517104926,ios,2.0616907693869657,0.39444511942905836,-0.0037377441865897865
321,37.84731113079316,-122.27131637514296,1564161048.0,2019-07-26T10:10:48-07:00,POINT (-122.27131637514296 37.84731113079316),8.404119976211913,44276.643536425945,ios,2.456135888816024,0.39070737524246857,22.13735502825786
322,37.847330285858824,-122.27133030469867,1564161049.0,2019-07-26T10:10:49-07:00,POINT (-122.27133030469867 37.847330285858824),9.466156638478932,44278.85514239773,ios,2.8468432640584926,22.52806240350033,-40.16986118922609
323,37.84735361912999,-122.27134364901346,1564161050.0,2019-07-26T10:10:50-07:00,POINT (-122.27134364901346 37.84735361912999),10.441935381659357,44281.52514636517,ios,25.37490566755882,-17.64179878572576,18.00529456201517
324,37.847580546921435,-122.27137414596842,1564161051.0,2019-07-26T10:10:51-07:00,POINT (-122.27137414596842 37.847580546921435),11.244651672051575,44306.821258810225,ios,7.733106881833061,0.3634957762894082,-6.880055857464599
325,37.84764879764655,-122.27139106143012,1564161052.0,2019-07-26T10:10:52-07:00,POINT (-122.27139106143012 37.84764879764655),12.167408677812587,44314.483502244715,ios,8.09660265812247,-6.516560081175191,6.516559989314486
326,37.847720183414786,-122.27140923859875,1564161053.0,2019-07-26T10:10:53-07:00,POINT (-122.27140923859875 37.847720183414786),13.175077698022589,44322.50086658624,ios,1.5800425769472786,-9.186070482058994e-08,-1.2358292167391483e-09
327,37.8477312964294,-122.27142045282746,1564161054.0,2019-07-26T10:10:54-07:00,POINT (-122.27142045282746 37.8477312964294),14.11712252850974,44322.75747439343,ios,1.5800424850865737,-9.309653403732909e-08,1.235800128895903e-09
328,37.847742409444024,-122.27143166705616,1564161055.0,2019-07-26T10:10:55-07:00,POINT (-122.27143166705616 37.847742409444024),15.103781802204795,44323.990518674706,ios,1.5800423919900397,-9.186073390843319e-08,-1.2358289946945433e-09
329,37.84775352245864,-122.27144288128487,1564161056.0,2019-07-26T10:10:56-07:00,POINT (-122.27144288128487 37.84775352245864),16.090440778370496,44325.22356307054,ios,1.5800423001293058,-9.309656290312773e-08,-9.372964626663816e-10
330,37.84776463547326,-122.27145409551358,1564161057.0,2019-07-26T10:10:57-07:00,POINT (-122.27145409551358 37.84776463547326),17.07709946140141,44326.4566075847,ios,1.580042207032743,-9.403385936579411e-08,3.728270803193823e-09
331,37.84777574848788,-122.27146530974228,1564161058.0,2019-07-26T10:10:58-07:00,POINT (-122.27146530974228 37.84777574848788),18.063757846888436,44327.68965221529,ios,1.5800421129988835,-9.030558856260029e-08,-2.7910183053592164e-09
332,37.84778686150249,-122.27147652397096,1564161059.0,2019-07-26T10:10:59-07:00,POINT (-122.27147652397096 37.84778686150249),19.0504159348243,44328.92269696323,ios,1.580042022693295,-9.309660686795951e-08,1.235800572985113e-09
333,37.847797974517114,-122.27148773819967,1564161060.0,2019-07-26T10:11:00-07:00,POINT (-122.27148773819967 37.847797974517114),20.037073731953615,44330.15574182951,ios,1.580041929596688,-9.18608062949744e-08,-1.235829882872963e-09
334,37.84780908753173,-122.27149895242837,1564161061.0,2019-07-26T10:11:01-07:00,POINT (-122.27149895242837 37.84780908753173),21.023731231546304,44331.38878681129,ios,1.5800418377358818,-9.309663617784736e-08,1.235800572985113e-09
335,37.84782020054635,-122.27151016665708,1564161062.0,2019-07-26T10:11:02-07:00,POINT (-122.27151016665708 37.84782020054635),22.010388438007844,44332.621831910925,ios,1.5800417446392456,-9.186083560486225e-08,-1.235829660828358e-09
336,37.84783131356097,-122.27152138088579,1564161063.0,2019-07-26T10:11:03-07:00,POINT (-122.27152138088579 37.84783131356097),22.997045346936396,44333.85487712558,ios,1.58004165277841,-9.30966652656906e-08,-1.5800414665850795
337,37.84784242657559,-122.2715325951145,1564161064.0,2019-07-26T10:11:04-07:00,POINT (-122.2715325951145 37.84784242657559),23.98370196271563,44335.08792246043,ios,1.5800415596817448,-1.5800415596817448,1.5800415596817448
338,37.847853539590204,-122.2715438093432,1564161065.0,2019-07-26T10:11:05-07:00,POINT (-122.2715438093432 37.847853539590204),24.970358280969137,44336.32096790937,ios,0.0,0.0,0.0
