,latitude,longitude,ts,fmt_time,geometry,gt_distance,gt_projection,source,speed,acceleration,jerk
0,37.603342978788234,-122.38970162650718,1568218835.0,2019-09-11T09:20:35-07:00,POINT (-122.38970162650718 37.603342978788234),21.029679926075474,471.0995980050818,ios,47.36651032490952,-0.0001026192175856977,-26.207354529321158
1,37.603562231131825,-122.39016261462662,1568218836.0,2019-09-11T09:20:36-07:00,POINT (-122.39016261462662 37.603562231131825),4.995110378848129,515.8781777408627,ios,47.366407705691934,-26.207457148538744,26.110339536969803
2,37.60378148347541,-122.39062360274607,1568218837.0,2019-09-11T09:20:37-07:00,POINT (-122.39062360274607 37.60378148347541),11.32635979943343,560.3885735840408,ios,21.15895055715319,-0.09711761156894189,0.000802623493025524
3,37.622697402630735,-122.40719537285908,1568218958.0,2019-09-11T09:22:38-07:00,POINT (-122.40719537285908 37.622697402630735),22.907714204127814,3121.7381198564835,ios,9.407719557311221,-1.6891285348208385e-07,-3.1087488139291963e-10
4,37.6227813341274,-122.40720883076418,1568218959.0,2019-09-11T09:22:39-07:00,POINT (-122.40720883076418 37.6227813341274),19.083214833446128,3130.3112583425154,ios,9.407719388398368,-1.6922372836347677e-07,1.4097683020963814e-09
5,37.62286526562407,-122.40722228866925,1568218960.0,2019-09-11T09:22:40-07:00,POINT (-122.40722228866925 37.62286526562407),15.258713128754495,3138.884395729496,ios,9.40771921917464,-1.6781396006138039e-07,-6.262457219463613e-10
6,37.62294919712073,-122.40723574657433,1568218961.0,2019-09-11T09:22:41-07:00,POINT (-122.40723574657433 37.62294919712073),11.47675766671189,3147.341349254889,ios,9.40771905136068,-1.6844020578332675e-07,-6.308571443014444e-10
7,37.6230331286174,-122.40724920447941,1568218962.0,2019-09-11T09:22:42-07:00,POINT (-122.40724920447941 37.6230331286174),7.7393954353089685,3155.9528310989194,ios,9.407718882920474,-1.690710629276282e-07,1.6216183951200946e-10
8,37.62311706011407,-122.40726266238451,1568218963.0,2019-09-11T09:22:43-07:00,POINT (-122.40726266238451 37.62311706011407),4.00203086337943,3164.564311868714,ios,9.40771871384941,-1.6890890108811618e-07,9.36726252120934e-10
9,37.62320099161074,-122.40727612028957,1568218964.0,2019-09-11T09:22:44-07:00,POINT (-122.40727612028957 37.62320099161074),0.2646639465132584,3173.1757915632447,ios,9.40771854494051,-1.6797217483599525e-07,-0.7335094384685927
10,37.6232849231074,-122.40728957819466,1568218965.0,2019-09-11T09:22:45-07:00,POINT (-122.40728957819466 37.6232849231074),3.4727053058187654,3181.787270188223,ios,9.407718376968335,-0.7335096064407676,1.0808977509129127
11,37.62336885460407,-122.40730303609975,1568218966.0,2019-09-11T09:22:46-07:00,POINT (-122.40730303609975 37.62336885460407),7.210076903087424,3190.398747737937,ios,8.674208770527567,0.34738814447214517,-0.0033732884054075572
12,37.63064522380843,-122.41160607333227,1568219069.0,2019-09-11T09:24:29-07:00,POINT (-122.41160607333227 37.63064522380843),24.122020458070022,4084.243397020226,ios,44.455187651158525,-6.056128483322709e-05,1.0508145464882546e-09
13,37.63097890038525,-122.4118841402053,1568219070.0,2019-09-11T09:24:30-07:00,POINT (-122.4118841402053 37.63097890038525),17.53970721807165,4128.166680690327,ios,44.45512708987369,-6.05602340186806e-05,-2.9655282673957117e-09
14,37.63131257696207,-122.41216220707834,1568219071.0,2019-09-11T09:24:31-07:00,POINT (-122.41216220707834 37.63131257696207),10.957622568763979,4172.089937682383,ios,44.45506652963967,-6.0563199546948e-05,3.8080543163232505e-09
15,37.63164625353889,-122.41244027395138,1568219072.0,2019-09-11T09:24:32-07:00,POINT (-122.41244027395138 37.63164625353889),4.3757665180543155,4216.013167996766,ios,44.455005966440126,-6.0559391492631676e-05,-2.3060735543367628e-09
16,37.631979930115705,-122.41271834082438,1568219073.0,2019-09-11T09:24:33-07:00,POINT (-122.41271834082438 37.631979930115705),2.2058609325629557,4259.9363716317375,ios,44.45494540704863,-6.056169756618601e-05,-9.27450116705586e-10
17,37.63231360669253,-122.41299640769742,1568219074.0,2019-09-11T09:24:34-07:00,POINT (-122.41299640769742 37.63231360669253),8.787259787273674,4303.859548588252,ios,44.45488484535107,-6.056262501630272e-05,-3.277378368693462e-10
18,37.63264728326935,-122.41327447457046,1568219075.0,2019-09-11T09:24:35-07:00,POINT (-122.41327447457046 37.63264728326935),14.536277976767035,4348.249406992338,ios,44.45482428272605,-6.056295275413959e-05,-0.0018475067428624925
19,37.632980959846165,-122.4135525414435,1568219076.0,2019-09-11T09:24:36-07:00,POINT (-122.4135525414435 37.632980959846165),19.74337514812022,4392.356500736581,ios,44.4547637197733,-0.001908069695616632,0.0018772972596667523
20,37.63331463642299,-122.4138306083165,1568219077.0,2019-09-11T09:24:37-07:00,POINT (-122.4138306083165 37.63331463642299),24.95024465108587,4436.463560679312,ios,44.45285565007768,-3.0772435949879836e-05,-0.5427883139584592
21,37.654002584185776,-122.43107075444432,1568219139.0,2019-09-11T09:25:39-07:00,POINT (-122.43107075444432 37.654002584185776),9.165609780134256,7241.140723732415,ios,44.45094775904879,-33.652906237860414,33.67005363144827
22,37.6543362607626,-122.43134882131733,1568219140.0,2019-09-11T09:25:40-07:00,POINT (-122.43134882131733 37.6543362607626),8.17090044016019,7282.0265711301045,ios,10.798041521188376,0.01714739358785244,-6.805986723527382e-05
23,37.67272485473493,-122.45174596448514,1568219392.0,2019-09-11T09:29:52-07:00,POINT (-122.45174596448514 37.67272485473493),23.631469345636976,10050.480890587494,ios,15.119184705327191,-3.6929554365627837e-06,-4.850670975997673e-09
24,37.67274333266073,-122.45191615556041,1568219393.0,2019-09-11T09:29:53-07:00,POINT (-122.45191615556041 37.67274333266073),11.682828953124254,10059.792195403004,ios,15.119181012371754,-3.6978061075387814e-06,5.062355867835322e-09
25,37.67276181058652,-122.45208634663571,1568219394.0,2019-09-11T09:29:54-07:00,POINT (-122.45208634663571 37.67276181058652),0.2657911272550181,10069.103519852426,ios,15.119177314565647,-3.692743751670946e-06,13.542371223929326
26,37.672780288512314,-122.45225653771098,1568219395.0,2019-09-11T09:29:55-07:00,POINT (-122.45225653771098 37.672780288512314),12.214390886730783,10078.414863932756,ios,15.119173621821895,13.542367531185574,-13.738535876955787
27,37.67279876643811,-122.45242672878628,1568219396.0,2019-09-11T09:29:56-07:00,POINT (-122.45242672878628 37.67279876643811),23.29150462588474,10089.836226156538,ios,28.66154115300747,-0.19616834577021316,0.002328066955700609
28,37.70822500283759,-122.46747919522038,1568219541.0,2019-09-11T09:32:21-07:00,POINT (-122.46747919522038 37.70822500283759),21.479468370699564,14701.192935448025,ios,0.21713101632656084,0.14140136280637514,-0.0013340325519091718
29,37.708131143293244,-122.46724600794292,1568219647.0,2019-09-11T09:34:07-07:00,POINT (-122.46724600794292 37.708131143293244),1.4228983484599824,14703.726611733202,ios,15.205675473802327,-6.087695997081255e-06,-6.348503944764161e-10
30,37.708249519470556,-122.46715947135392,1568219648.0,2019-09-11T09:34:08-07:00,POINT (-122.46715947135392 37.708249519470556),0.619008508083607,14718.893513871926,ios,15.20566938610633,-6.088330847475731e-06,6.168896504732402e-10
31,37.70836789564787,-122.46707293476493,1568219649.0,2019-09-11T09:34:09-07:00,POINT (-122.46707293476493 37.70836789564787),0.18490588157080481,14734.060408970488,ios,15.205663297775482,-6.087713957825258e-06,-8.979483823168266e-12
32,37.70848627182518,-122.46698639817595,1568219650.0,2019-09-11T09:34:10-07:00,POINT (-122.46698639817595 37.70848627182518),0.9888448210411505,14749.22729702521,ios,15.205657210061524,-6.087722937309081e-06,6.168807686890432e-10
33,37.70860464800249,-122.46689986158697,1568219651.0,2019-09-11T09:34:11-07:00,POINT (-122.46689986158697 37.70860464800249),1.7928083087871631,14764.39417804208,ios,15.205651122338587,-6.087106056540392e-06,-1.886576228571357e-09
34,37.708723024179804,-122.46681332499799,1568219652.0,2019-09-11T09:34:12-07:00,POINT (-122.46681332499799 37.708723024179804),2.7208963480612716,14779.51129786004,ios,15.20564503523253,-6.088992632768964e-06,-11.011940800158056
35,37.708841400357116,-122.46672678840899,1568219653.0,2019-09-11T09:34:13-07:00,POINT (-122.46672678840899 37.708841400357116),3.8085561420518492,14794.660465657684,ios,15.205638946239898,-11.011946889150689,8.167960412062984
36,37.70895977653443,-122.46664025182002,1568219654.0,2019-09-11T09:34:14-07:00,POINT (-122.46664025182002 37.70895977653443),4.8439276503735265,14809.838804749126,ios,4.193692057089209,-2.8439864770877055,2.8439864306196325
37,37.70899243278815,-122.46661640325176,1568219655.0,2019-09-11T09:34:15-07:00,POINT (-122.46661640325176 37.70899243278815),5.120711741470657,14814.01851425478,ios,1.3497055800015039,-4.646807316710522e-08,-2.557647649226169e-09
38,37.70900294854363,-122.46660874006167,1568219656.0,2019-09-11T09:34:16-07:00,POINT (-122.46660874006167 37.70900294854363),5.211037981890725,14815.363632050157,ios,1.3497055335334307,-4.9025720816331386e-08,5.642857292542658e-10
39,37.70901346429911,-122.46660107687157,1568219657.0,2019-09-11T09:34:17-07:00,POINT (-122.46660107687157 37.70901346429911),5.301364414426987,14816.708749791194,ios,1.3497054845077099,-4.846143508707712e-08,1.3689567257557655e-09
40,37.709023980054596,-122.4665934136815,1568219658.0,2019-09-11T09:34:18-07:00,POINT (-122.4665934136815 37.709023980054596),5.391691039416142,14818.053867470398,ios,1.3497054360462748,-4.7092478361321355e-08,-6.010170139347792e-11
41,37.70903449581007,-122.46658575049142,1568219659.0,2019-09-11T09:34:19-07:00,POINT (-122.46658575049142 37.70903449581007),5.538281880206715,14818.9606764257,ios,1.3497053889537964,-4.715258006271483e-08,-1.9332599965338204e-09
42,37.70904501156556,-122.46657808730134,1568219660.0,2019-09-11T09:34:20-07:00,POINT (-122.46657808730134 37.70904501156556),5.735152880218552,14820.294371307053,ios,1.3497053418012164,-4.908584005924865e-08,3.2421143547622933e-09
43,37.70905552732104,-122.46657042411125,1568219661.0,2019-09-11T09:34:21-07:00,POINT (-122.46657042411125 37.70905552732104),5.932024068588469,14821.62806611688,ios,1.3497052927153763,-4.584372570448636e-08,-3.1820304169372093e-09
44,37.70906604307652,-122.46656276092118,1568219662.0,2019-09-11T09:34:22-07:00,POINT (-122.46656276092118 37.70906604307652),6.128895443878558,14822.96176085335,ios,1.3497052468716506,-4.902575612142357e-08,5.642832867636116e-10
45,37.709076558832,-122.46655509773107,1568219663.0,2019-09-11T09:34:23-07:00,POINT (-122.46655509773107 37.709076558832),6.325767004545167,14824.295455518266,ios,1.3497051978458945,-4.846147283465996e-08,1.993342158002065e-09
46,37.70908707458749,-122.466547434541,1568219664.0,2019-09-11T09:34:24-07:00,POINT (-122.466547434541 37.70908707458749),6.5226387535840376,14825.629150108094,ios,1.3497051493844217,-4.646813067665789e-08,-1.933258220176981e-09
47,37.709097590342964,-122.46653977135092,1568219665.0,2019-09-11T09:34:25-07:00,POINT (-122.46653977135092 37.709097590342964),6.7195106889679135,14826.962844623833,ios,1.349705102916291,-4.8401388896834874e-08,-6.010258957189762e-11
48,37.70910810609845,-122.46653210816083,1568219666.0,2019-09-11T09:34:26-07:00,POINT (-122.46653210816083 37.70910810609845),6.9163828131934775,14828.29653906885,ios,1.349705054514902,-4.846149148640677e-08,2.6177264800253397e-09
49,37.70911862185393,-122.46652444497076,1568219667.0,2019-09-11T09:34:27-07:00,POINT (-122.46652444497076 37.70911862185393),7.113255123280442,14829.630233438973,ios,1.3497050060534106,-4.584376500638143e-08,-3.1820268642235305e-09
50,37.70912913760941,-122.46651678178068,1568219668.0,2019-09-11T09:34:28-07:00,POINT (-122.46651678178068 37.70912913760941),7.3101276207711825,14830.963927736542,ios,1.3497049602096456,-4.902579187060496e-08,1.188665832430047e-09
51,37.70913965336489,-122.46650911859058,1568219669.0,2019-09-11T09:34:29-07:00,POINT (-122.46650911859058 37.70913965336489),7.507000303926027,14832.297621962927,ios,1.3497049111838537,-4.7837126038174915e-08,1.2018852579842587e-10
52,37.70915016912038,-122.4665014554005,1568219670.0,2019-09-11T09:34:30-07:00,POINT (-122.4665014554005 37.70915016912038),7.703873177284364,14833.631316112784,ios,1.3497048633467277,-4.771693751237649e-08,-0.25573924884416566
53,37.709160684875854,-122.46649379221041,1568219671.0,2019-09-11T09:34:31-07:00,POINT (-122.46649379221041 37.709160684875854),7.900746234279549,14834.965010192454,ios,1.3497048156297902,-0.25573929656110317,21.454897673222675
54,37.70917120063134,-122.46648612902034,1568219672.0,2019-09-11T09:34:32-07:00,POINT (-122.46648612902034 37.70917120063134),8.097619480509742,14836.298704198132,ios,1.093965519068687,21.199158376661572,-21.199178319996346
55,37.70917972388334,-122.46647991783557,1568219673.0,2019-09-11T09:34:33-07:00,POINT (-122.46647991783557 37.70917972388334),8.271475623425022,14836.893763822462,ios,22.293123895730258,-1.9943334773842025e-05,-5.30185673142114e-10
56,37.70932933080109,-122.46631121568159,1568219674.0,2019-09-11T09:34:34-07:00,POINT (-122.46631121568159 37.70932933080109),8.589639613626392,14858.862104652664,ios,22.293103952395484,-1.9943864959515167e-05,-2.0562964664350147e-09
57,37.709478937718835,-122.46614251352757,1568219675.0,2019-09-11T09:34:35-07:00,POINT (-122.46614251352757 37.709478937718835),9.713891447598638,14879.984872039508,ios,22.293084008530524,-1.9945921255981602e-05,2.798621778765664e-09
58,37.70962854463659,-122.46597381137356,1568219676.0,2019-09-11T09:34:36-07:00,POINT (-122.46597381137356 37.70962854463659),13.26980295395814,14901.773229332752,ios,22.293064062609268,-1.9943122634202837e-05,-7.868189942403259
59,37.70977815155433,-122.46580510921956,1568219677.0,2019-09-11T09:34:37-07:00,POINT (-122.46580510921956 37.70977815155433),18.078082392624953,14921.400250532462,ios,22.293044119486634,-7.868209885525893,7.67623952009597
60,37.709927758472084,-122.46563640706555,1568219678.0,2019-09-11T09:34:38-07:00,POINT (-122.46563640706555 37.709927758472084),24.781023909988217,14942.653859673257,ios,14.424834233960741,-0.19197036542992352,0.05778516575781515
61,37.71078961761994,-122.45552826763463,1568219740.0,2019-09-11T09:35:40-07:00,POINT (-122.45552826763463 37.71078961761994),20.6662188808244,15847.025378738945,ios,2.522671577305483,3.3907099115546155,-0.15412595353605119
62,37.71089185869681,-122.45491074317563,1568219762.0,2019-09-11T09:36:02-07:00,POINT (-122.45491074317563 37.71089185869681),3.495928666199296,15901.344527598829,ios,77.11828963150703,-6.10662385104826e-05,-2.5349701007333025e-06
63,37.724720748309,-122.44676046166549,1568219784.0,2019-09-11T09:36:24-07:00,POINT (-122.44676046166549 37.724720748309),17.97064852244705,17668.944909082908,ios,77.1169461742598,-0.00011683558072661526,-76.58022861661486
64,37.72534933420046,-122.44638999432412,1568219785.0,2019-09-11T09:36:25-07:00,POINT (-122.44638999432412 37.72534933420046),16.061719708443974,17744.202005776155,ios,77.11682933867907,-76.58034545219559,76.6833814146905
65,37.72597792009192,-122.44601952698274,1568219786.0,2019-09-11T09:36:26-07:00,POINT (-122.44601952698274 37.72597792009192),22.34304262033895,17819.37701225649,ios,0.5364838864834794,0.10303596249492092,-0.0009284944178816682
66,37.72645737244895,-122.44560920561746,1568219906.0,2019-09-11T09:38:26-07:00,POINT (-122.44560920561746 37.72645737244895),22.535963201455814,17881.589878412746,ios,12.90079938587399,-0.008383367650879261,0.000839076025502211
67,37.79967905993803,-122.27982236443604,1568221200.0,2019-09-11T10:00:00-07:00,POINT (-122.27982236443604 37.79967905993803),17.562312623257256,38049.00631535772,ios,2.052721645636225,1.0773810093489817,-0.5386901133361132
68,37.7996447948235,-122.27980496241145,1568221202.0,2019-09-11T10:00:02-07:00,POINT (-122.27980496241145 37.7996447948235),15.090806484467745,38052.27631967182,ios,4.207483664334188,7.826767554064418e-07,-2.217712236074476e-09
69,37.79962739342309,-122.27976243919153,1568221203.0,2019-09-11T10:00:03-07:00,POINT (-122.27976243919153 37.79962739342309),15.36173255481644,38056.47989307235,ios,4.207484447010944,7.804590431703673e-07,2.2171784408442363e-09
70,37.799609992022674,-122.2797199159716,1568221204.0,2019-09-11T10:00:04-07:00,POINT (-122.2797199159716 37.799609992022674),15.63266098315165,38060.68346712542,ios,4.207485227469987,7.826762216112115e-07,-2.646771690706373e-13
71,37.79959259062226,-122.27967739275168,1568221205.0,2019-09-11T10:00:05-07:00,POINT (-122.27967739275168 37.79959259062226),15.903591769033783,38064.88704182848,ios,4.207486010146209,7.826759569340425e-07,2.199388067937189
72,37.79957518922185,-122.27963486953175,1568221206.0,2019-09-11T10:00:06-07:00,POINT (-122.27963486953175 37.79957518922185),16.289979830766963,38067.8263889304,ios,4.2074867928221655,2.199388850613146,-7.407048190594629
73,37.799557787821435,-122.2795923463118,1568221207.0,2019-09-11T10:00:07-07:00,POINT (-122.2795923463118 37.799557787821435),16.8869892735751,38071.99616554845,ios,6.406875643435312,-5.207659339981483,4.149358777970043
74,37.799534274658804,-122.27952577445916,1568221208.0,2019-09-11T10:00:08-07:00,POINT (-122.27952577445916 37.799534274658804),18.158810780060808,38078.28424620395,ios,1.1992163034538288,-1.0583005620114387,1.0583005654757827
75,37.799530054362116,-122.27951321399111,1568221209.0,2019-09-11T10:00:09-07:00,POINT (-122.27951321399111 37.799530054362116),18.418306233659507,38079.45675534627,ios,0.14091574144239,3.464343867332076e-09,-5.117950674371485e-09
76,37.79952942327881,-122.27951182316477,1568221210.0,2019-09-11T10:00:10-07:00,POINT (-122.27951182316477 37.79952942327881),18.432234277440575,38079.597121345,ios,0.14091574490673386,-1.6536068070394094e-09,5.117950674371485e-09
77,37.7995287921955,-122.2795104323384,1568221211.0,2019-09-11T10:00:11-07:00,POINT (-122.2795104323384 37.7995287921955),18.446162326867316,38079.73748734774,ios,0.14091574325312706,3.464343867332076e-09,-2.952423305835339e-09
78,37.7995281611122,-122.27950904151206,1568221212.0,2019-09-11T10:00:12-07:00,POINT (-122.27950904151206 37.7995281611122),18.46009037565526,38079.87785334794,ios,0.14091574671747092,5.11920561496737e-10,3.934479408940206e-10
79,37.79952753002889,-122.27950765068569,1568221213.0,2019-09-11T10:00:13-07:00,POINT (-122.27950765068569 37.79952753002889),18.474018428820578,38080.018219350335,ios,0.14091574722939149,9.053685023907576e-10,3.934479686495962e-10
80,37.79952689894559,-122.27950625985932,1568221214.0,2019-09-11T10:00:14-07:00,POINT (-122.27950625985932 37.79952689894559),18.487946486048514,38080.15858535528,ios,0.14091574813476,1.2988164710403538e-09,-7.86895965054768e-10
81,37.799526267862284,-122.27950486903295,1568221215.0,2019-09-11T10:00:15-07:00,POINT (-122.27950486903295 37.799526267862284),18.50187454505047,38080.29895135871,ios,0.14091574943357646,5.119205059855858e-10,-1.3786315422592565e-09
82,37.799525636778974,-122.27950347820658,1568221216.0,2019-09-11T10:00:16-07:00,POINT (-122.27950347820658 37.799525636778974),18.515802605826025,38080.43931736629,ios,0.14091574994549697,-8.667110362736707e-10,1.7787348816123174
83,37.79952500569567,-122.27950208738021,1568221217.0,2019-09-11T10:00:17-07:00,POINT (-122.27950208738021 37.79952500569567),18.529730671046124,38080.57968337048,ios,0.14091574907878593,1.7787348807456065,-1.8677178702821438
84,37.79952437461236,-122.27950069655387,1568221218.0,2019-09-11T10:00:18-07:00,POINT (-122.27950069655387 37.79952437461236),18.543658736132716,38080.72004937448,ios,1.9196506298243925,-0.08898298953653727,0.08898308392716792
85,37.7995199165725,-122.2794795890556,1568221219.0,2019-09-11T10:00:19-07:00,POINT (-122.2794795890556 37.7995199165725),19.217874085022885,38082.520995276536,ios,1.8306676402878552,9.439063064498043e-08,-2.6147657372632693e-09
86,37.7995158716188,-122.27945939194606,1568221220.0,2019-09-11T10:00:20-07:00,POINT (-122.27945939194606 37.7995158716188),19.88297300962805,38084.23006219259,ios,1.8306677346784859,9.177586490771716e-08,4.841272271960406e-09
87,37.799511826665096,-122.27943919483653,1568221221.0,2019-09-11T10:00:21-07:00,POINT (-122.27943919483653 37.799511826665096),20.548072358581877,38085.939129050654,ios,1.8306678264543508,9.661713717967757e-08,-2.6147659593078743e-09
88,37.79950778171139,-122.27941899772702,1568221222.0,2019-09-11T10:00:22-07:00,POINT (-122.27941899772702 37.79950778171139),21.213172133467832,38087.648195846494,ios,1.830667923071488,9.40023712203697e-08,3.8822633996460354e-10
89,37.799503736757686,-122.27939880061749,1568221223.0,2019-09-11T10:00:23-07:00,POINT (-122.27939880061749 37.799503736757686),21.878272335048507,38089.35726258525,ios,1.8306680170738592,9.43905975603343e-08,-1.9412538243557265e-10
90,37.79949969180399,-122.27937860350795,1568221224.0,2019-09-11T10:00:24-07:00,POINT (-122.27937860350795 37.79949969180399),22.543372965489148,38091.06632926272,ios,1.8306681114644567,9.419647217789873e-08,-1.4044458929163284e-09
91,37.79949564685028,-122.27935840639842,1568221225.0,2019-09-11T10:00:25-07:00,POINT (-122.27935840639842 37.79949564685028),23.20847402045969,38092.77539588164,ios,1.830668205660929,9.27920262849824e-08,3.534834490290006
92,37.79949160189658,-122.27933820928888,1568221226.0,2019-09-11T10:00:26-07:00,POINT (-122.27933820928888 37.79949160189658),23.873575501304906,38094.4844624415,ios,1.8306682984529552,3.5348345830820325,-3.5367599309728064
93,37.79948755694288,-122.27931801217936,1568221227.0,2019-09-11T10:00:27-07:00,POINT (-122.27931801217936 37.79948755694288),24.53867740960828,38096.19352893807,ios,5.3655028815349874,-0.0019253478907737549,0.009261571777133092
94,37.813010428344995,-122.2704011901782,1568221543.0,2019-09-11T10:05:43-07:00,POINT (-122.2704011901782 37.813010428344995),11.001615910116534,40337.333432025676,ios,4.757092948050481,2.924731333683283,-1.4623665816574327
95,37.8130836076415,-122.27034506748845,1568221545.0,2019-09-11T10:05:45-07:00,POINT (-122.27034506748845 37.8130836076415),2.932320533084281,40342.355253437796,ios,10.606555615417047,-1.8296315822396991e-06,1.6386128010026368e-09
96,37.81317184348299,-122.2702991986314,1568221546.0,2019-09-11T10:05:46-07:00,POINT (-122.2702991986314 37.81317184348299),5.0841310272207725,40349.275167074295,ios,10.606553785785465,-1.8279929694386965e-06,5.54928178040095
97,37.813260079324486,-122.27025332977439,1568221547.0,2019-09-11T10:05:47-07:00,POINT (-122.27025332977439 37.813260079324486),13.100574908032481,40356.19508711487,ios,10.606551957792496,5.54927995240798,-5.554159507439354
98,37.81334831516598,-122.27020746091733,1568221548.0,2019-09-11T10:05:48-07:00,POINT (-122.27020746091733 37.81334831516598),21.033823361005805,40364.69807868382,ios,16.155831910200476,-0.004879555031373779,-0.015776833426351555
99,37.82514784022963,-122.26812159653964,1568221630.0,2019-09-11T10:07:10-07:00,POINT (-122.26812159653964 37.82514784022963),19.591054653673037,41712.70750361157,ios,15.755708397627826,-1.2985798959922015,-3.694452577952866
100,37.8252817411328,-122.26806292321744,1568221631.0,2019-09-11T10:07:11-07:00,POINT (-122.26806292321744 37.8252817411328),18.511940934103627,41728.39916126826,ios,14.457128501635625,-4.9930324739450676,12.64056103240736
101,37.825379306485715,-122.26795412611428,1568221632.0,2019-09-11T10:07:12-07:00,POINT (-122.26795412611428 37.825379306485715),12.1172327857494,41741.35984909132,ios,9.464096027690557,7.647528558462293,-8.496781665728863
102,37.82546404752678,-122.26796418439808,1568221633.0,2019-09-11T10:07:13-07:00,POINT (-122.26796418439808 37.82546404752678),15.441636503710983,41750.19936321789,ios,17.11162458615285,-0.8492531072665699,-0.5582626698576991
103,37.82560850962794,-122.26789704535368,1568221634.0,2019-09-11T10:07:14-07:00,POINT (-122.26789704535368 37.82560850962794),13.994334541628731,41767.148260112095,ios,16.26237147888628,-1.407515777124269,0.05722327997855281
104,37.825727658381524,-122.26778967317405,1568221635.0,2019-09-11T10:07:15-07:00,POINT (-122.26778967317405 37.825727658381524),8.425356232726196,41782.414394099374,ios,14.85485570176201,-1.3502924971457162,3.0033359247677627
105,37.82585648823327,-122.26774491381111,1568221636.0,2019-09-11T10:07:16-07:00,POINT (-122.26774491381111 37.82585648823327),8.45342722079223,41797.241472550486,ios,13.504563204616295,1.6530434276220465,-3.085246364827171
106,37.825973918696704,-122.26770568650427,1568221637.0,2019-09-11T10:07:17-07:00,POINT (-122.26770568650427 37.825973918696704),8.536249815549931,41810.825210074865,ios,15.157606632238341,-1.4322029372051244,2.0461053847735844
107,37.82610626894778,-122.26766436372164,1568221638.0,2019-09-11T10:07:18-07:00,POINT (-122.26766436372164 37.82610626894778),8.773955518821994,41825.95182429564,ios,13.725403695033217,0.61390244756846,0.48691593721702553
108,37.82622642352975,-122.2676285729951,1568221639.0,2019-09-11T10:07:19-07:00,POINT (-122.2676285729951 37.82622642352975),9.136479804842017,41839.64577616514,ios,14.339306142601677,1.1008183847854855,-1.8687455938206767
109,37.82635114624894,-122.2675870825744,1568221640.0,2019-09-11T10:07:20-07:00,POINT (-122.2675870825744 37.82635114624894),8.40563263819395,41854.50854456442,ios,15.440124527387162,-0.7679272090351912,2.0966860182002023
110,37.82648580152339,-122.26754416723016,1568221641.0,2019-09-11T10:07:21-07:00,POINT (-122.26754416723016 37.82648580152339),7.60410826446586,41869.96767215184,ios,14.672197318351971,1.328758809165011,-4.889810303409632
111,37.82661220062322,-122.26749622274401,1568221642.0,2019-09-11T10:07:22-07:00,POINT (-122.26749622274401 37.82661220062322),6.060480872440282,41884.53164729711,ios,16.000956127516982,-3.561051494244621,7.368226855934893
112,37.82675075348264,-122.2674470209724,1568221643.0,2019-09-11T10:07:23-07:00,POINT (-122.2674470209724 37.82675075348264),4.583900175560876,41900.48950142957,ios,12.439904633272361,3.8071753616902715,-6.9987980206245926
113,37.826853515615525,-122.26739102985921,1568221644.0,2019-09-11T10:07:24-07:00,POINT (-122.26739102985921 37.826853515615525),1.7313547062493087,41912.578695136835,ios,16.247079994962633,-3.191622658934321,0.08057389168200757
114,37.826999109273615,-122.26737543951931,1568221645.0,2019-09-11T10:07:25-07:00,POINT (-122.26737543951931 37.826999109273615),3.212453500125498,41928.72333400633,ios,13.055457336028311,-3.1110487672523135,11.884456310706284
115,37.82710933130032,-122.26732422609093,1568221646.0,2019-09-11T10:07:26-07:00,POINT (-122.26732422609093 37.82710933130032),0.9189970675306529,41941.553707479274,ios,9.944408568775998,8.77340754345397,-10.343449577046226
116,37.827192437870266,-122.26728240039411,1568221647.0,2019-09-11T10:07:27-07:00,POINT (-122.26728240039411 37.827192437870266),1.1143620323154562,41951.26676031657,ios,18.71781611222997,-1.5700420335922551,1.1975661727991032
117,37.82735886055774,-122.267250381524,1568221648.0,2019-09-11T10:07:28-07:00,POINT (-122.267250381524 37.82735886055774),0.8294636107572492,41969.94370770364,ios,17.147774078637713,-0.372475860793152,-2.9863923005136854
118,37.827511746471586,-122.26722481671932,1568221649.0,2019-09-11T10:07:29-07:00,POINT (-122.26722481671932 37.827511746471586),0.23362564905395292,41987.045264242995,ios,16.77529821784456,-3.3588681613068374,6.670180938214372
119,37.82765746585822,-122.26717536349061,1568221650.0,2019-09-11T10:07:30-07:00,POINT (-122.26717536349061 37.82765746585822),1.8429162740257654,42003.711502680075,ios,13.416430056537724,3.311312776907535,-3.5227743718918383
120,37.82777426767892,-122.26713705819311,1568221651.0,2019-09-11T10:07:31-07:00,POINT (-122.26713705819311 37.82777426767892),3.0170537602511036,42017.05089668646,ios,16.72774283344526,-0.2114615949843035,-9.244841675372333
121,37.827924555202785,-122.26712859247091,1568221652.0,2019-09-11T10:07:32-07:00,POINT (-122.26712859247091 37.827924555202785),0.9833664808520803,42033.618615960055,ios,16.516281238460955,-9.456303270356637,16.2394271812705
122,37.82807040031797,-122.26709296938243,1568221653.0,2019-09-11T10:07:33-07:00,POINT (-122.26709296938243 37.82807040031797),1.387473347219475,42050.096724786505,ios,7.059977968104318,6.783123910913863,-5.245843337260865
123,37.82812643334067,-122.26705516699913,1568221654.0,2019-09-11T10:07:34-07:00,POINT (-122.26705516699913 37.82812643334067),3.6356283023550633,42056.78000845094,ios,13.843101879018182,1.537280573652998,-6.878857004052632
124,37.82824562400377,-122.2670096532649,1568221655.0,2019-09-11T10:07:35-07:00,POINT (-122.2670096532649 37.82824562400377),5.389216316809234,42070.48631112415,ios,15.38038245267118,-5.341576430399634,4.84616061414952
125,37.8283804888258,-122.26697076123419,1568221656.0,2019-09-11T10:07:36-07:00,POINT (-122.26697076123419 37.8283804888258),6.279310106675448,42085.81080205784,ios,10.038806022271546,-0.4954158162501141,-0.10211347471567223
126,37.82846933699942,-122.26695047702852,1568221657.0,2019-09-11T10:07:37-07:00,POINT (-122.26695047702852 37.82846933699942),6.402470776999162,42095.82847628069,ios,9.543390206021432,-0.5975292909657863,-2.113292048184075
127,37.82854942608422,-122.26691141735974,1568221658.0,2019-09-11T10:07:38-07:00,POINT (-122.26691141735974 37.82854942608422),8.316433310891195,42105.162200126724,ios,8.945860915055645,-2.7108213391498612,4.452102428465696
128,37.82862624622679,-122.26688115868929,1568221659.0,2019-09-11T10:07:39-07:00,POINT (-122.26688115868929 37.82862624622679),9.52684183918201,42114.00962535805,ios,6.235039575905784,1.7412810893158346,-1.970636183166941
129,37.82868227924949,-122.26687847648027,1568221660.0,2019-09-11T10:07:40-07:00,POINT (-122.26687847648027 37.82868227924949),8.72710258136806,42120.17960823884,ios,7.9763206652216185,-0.22935509385110642,-0.2148568034637517
130,37.82875272914565,-122.2668613773978,1568221661.0,2019-09-11T10:07:41-07:00,POINT (-122.2668613773978 37.82875272914565),8.9128519503723,42128.137705809255,ios,7.746965571370512,-0.4442118973148581,0.5978916658124049
131,37.82882192175633,-122.2668510676569,1568221662.0,2019-09-11T10:07:42-07:00,POINT (-122.2668510676569 37.82882192175633),8.532564074187949,42135.85900875771,ios,7.302753674055654,0.15367976849754683,0.2903176249303172
132,37.82888751014865,-122.26684679288628,1568221663.0,2019-09-11T10:07:43-07:00,POINT (-122.26684679288628 37.82888751014865),7.694954168025515,42143.09775609644,ios,7.456433442553201,0.44399739342786404,-1.2103107435090665
133,37.82895456537402,-122.26684612233403,1568221664.0,2019-09-11T10:07:44-07:00,POINT (-122.26684612233403 37.82895456537402),6.517528603912959,42150.444317334855,ios,7.900430835981065,-0.7663133500812025,1.278205883411192
134,37.82902539245582,-122.26683899771633,1568221665.0,2019-09-11T10:07:45-07:00,POINT (-122.26683899771633 37.82902539245582),5.830703452898157,42158.29790122613,ios,7.134117485899862,0.5118925333299895,-5.528611501670134
135,37.82908938828653,-122.26683321420315,1568221666.0,2019-09-11T10:07:46-07:00,POINT (-122.26683321420315 37.82908938828653),5.153370575063443,42165.38445156335,ios,7.646010019229852,-5.016718968340144,2.5918060222893136
136,37.82915799416399,-122.26682734687093,1568221667.0,2019-09-11T10:07:47-07:00,POINT (-122.26682734687093 37.82915799416399),4.398361914532997,42172.97662922309,ios,2.629291050889708,-2.4249129460508305,2.7570142818052807
137,37.82918096057868,-122.26682022225323,1568221668.0,2019-09-11T10:07:48-07:00,POINT (-122.26682022225323 37.82918096057868),4.593457488966903,42175.59360000402,ios,0.20437810483887722,0.3321013357544501,0.09303109778059003
138,37.82928389034963,-122.26677009847226,1568221728.0,2019-09-11T10:08:48-07:00,POINT (-122.26677009847226 37.82928389034963),7.054097748957736,42187.46892333248,ios,20.130458250105885,5.913967202589852,-8.015522909281025
139,37.8294632630775,-122.266801111514,1568221729.0,2019-09-11T10:08:49-07:00,POINT (-122.266801111514 37.8294632630775),1.3823666036251678,42206.74011612148,ios,26.044425452695737,-2.1015557066911725,-0.24583200688440598
140,37.82969674099034,-122.26677747454706,1568221730.0,2019-09-11T10:08:50-07:00,POINT (-122.26677747454706 37.82969674099034),0.4306478338301681,42232.66561876184,ios,23.942869746004565,-2.3473877135755785,1.3184607224706681
141,37.82989426053858,-122.26666892890098,1568221731.0,2019-09-11T10:08:51-07:00,POINT (-122.26666892890098 37.82989426053858),5.2393960047835355,42255.859979794535,ios,21.595482032428986,-1.0289269911049104,1.259562027016237
142,37.83006268210436,-122.26654648563063,1568221732.0,2019-09-11T10:08:52-07:00,POINT (-122.26654648563063 37.83006268210436),12.755049957102358,42276.07967145818,ios,20.566555041324076,0.23063503591132672,-2.293342848494504
143,37.83024532136828,-122.26650950999378,1568221733.0,2019-09-11T10:08:53-07:00,POINT (-122.26650950999378 37.83024532136828),12.815077256052101,42295.99520600654,ios,20.797190077235403,-2.0627078125831773,3.8001542440209946
144,37.8304300298839,-122.26647228722727,1568221734.0,2019-09-11T10:08:54-07:00,POINT (-122.26647228722727 37.8304300298839),13.627830298785925,42316.73368094654,ios,18.734482264652225,1.7374464314378173,2.1493643946819994
145,37.830596441102614,-122.26643893544833,1568221735.0,2019-09-11T10:08:55-07:00,POINT (-122.26643893544833 37.830596441102614),14.344007003579751,42335.415870311954,ios,20.471928696090043,3.8868108261198167,-6.3631141273351055
146,37.83077828540192,-122.26640249060453,1568221736.0,2019-09-11T10:08:56-07:00,POINT (-122.26640249060453 37.83077828540192),15.126586582125292,42355.830657724735,ios,24.35873952220986,-2.476303301215289,4.29356324424095
147,37.83099465476693,-122.26635912632123,1568221737.0,2019-09-11T10:08:57-07:00,POINT (-122.26635912632123 37.83099465476693),16.057725673542,42380.121408835985,ios,21.88243622099457,1.817259943025661,-1.163788434354025
148,37.83118896637548,-122.26631967998198,1568221738.0,2019-09-11T10:08:58-07:00,POINT (-122.26631967998198 37.83118896637548),16.318331394696877,42402.64856074361,ios,23.69969616402023,0.6534715086716361,-7.933134034605025
149,37.83139949172389,-122.26627756888753,1568221739.0,2019-09-11T10:08:59-07:00,POINT (-122.26627756888753 37.83139949172389),16.21484448827034,42425.957623244234,ios,24.353167672691868,-7.279662525933389,0.07030333944670453
150,37.831615949037214,-122.26623532813396,1568221740.0,2019-09-11T10:09:00-07:00,POINT (-122.26623532813396 37.831615949037214),16.56709402857189,42450.22982794579,ios,17.073505146758478,-7.209359186486685,10.794146715601379
151,37.83176764636716,-122.26620525394505,1568221741.0,2019-09-11T10:09:01-07:00,POINT (-122.26620525394505 37.83176764636716),16.855016373803647,42467.26571612568,ios,9.864145960271793,3.584787529114694,-3.653917133170106
152,37.831855288866436,-122.2661878787079,1568221742.0,2019-09-11T10:09:02-07:00,POINT (-122.2661878787079 37.831855288866436),17.021357127527946,42477.1081293541,ios,13.448933489386487,-0.06912960405541213,4.453870777861887
153,37.831974782047894,-122.26616418903241,1568221743.0,2019-09-11T10:09:03-07:00,POINT (-122.26616418903241 37.831974782047894),17.20313921974483,42490.63102657128,ios,13.379803885331075,4.384741173806475,-6.944402302190818
154,37.832093661020465,-122.26614062112465,1568221744.0,2019-09-11T10:09:04-07:00,POINT (-122.26614062112465 37.832093661020465),17.34846051371469,42503.982468190174,ios,17.76454505913755,-2.5596611283843433,2.2058072910000046
155,37.83225149823375,-122.26610932969602,1568221745.0,2019-09-11T10:09:05-07:00,POINT (-122.26610932969602 37.83225149823375),17.5413947696975,42521.70935687294,ios,15.204883930753207,-0.35385383738433873,2.9702053920808833
156,37.83238659297522,-122.26608254699143,1568221746.0,2019-09-11T10:09:06-07:00,POINT (-122.26608254699143 37.83238659297522),17.698072022969992,42536.89538407317,ios,14.851030093368868,2.6163515546965446,-8.538309593818774
157,37.83251854374623,-122.26605638758296,1568221747.0,2019-09-11T10:09:07-07:00,POINT (-122.26605638758296 37.83251854374623),17.84814988280205,42551.71505230791,ios,17.467381648065412,-5.921958039122229,5.811272739215131
158,37.832673740696805,-122.26602561958977,1568221748.0,2019-09-11T10:09:08-07:00,POINT (-122.26602561958977 37.832673740696805),18.81190091023329,42567.99330087636,ios,11.545423608943183,-0.11068529990709841,-1.2738192807638438
159,37.832776321303804,-122.26600528285375,1568221749.0,2019-09-11T10:09:09-07:00,POINT (-122.26600528285375 37.832776321303804),19.637382849164492,42579.57496158216,ios,11.434738309036085,-1.3845045806709422,6.676135799447069
160,37.832877918479895,-122.26598514108416,1568221750.0,2019-09-11T10:09:10-07:00,POINT (-122.26598514108416 37.832877918479895),20.413436310754527,42590.959718760794,ios,10.050233728365143,5.291631218776127,1.670494368309413
161,37.83296644110559,-122.26596203627322,1568221751.0,2019-09-11T10:09:11-07:00,POINT (-122.26596203627322 37.83296644110559),21.820960628247352,42599.013779676956,ios,15.34186494714127,6.96212558708554,-6.815930681429091
162,37.83310160620091,-122.26592697389212,1568221752.0,2019-09-11T10:09:12-07:00,POINT (-122.26592697389212 37.83310160620091),24.9064264078682,42614.01098104967,ios,22.30399053422681,0.14619490565644905,-0.45238447882628613
163,37.8352106502632,-122.26674780260983,1568221763.0,2019-09-11T10:09:23-07:00,POINT (-122.26674780260983 37.8352106502632),7.987987818434047,42853.43950633401,ios,23.91213449644775,-4.830034361432698,6.8159925788129385
164,37.83539174128122,-122.2668946535534,1568221764.0,2019-09-11T10:09:24-07:00,POINT (-122.2668946535534 37.83539174128122),5.781992383157845,42876.90270065801,ios,19.08210013501505,1.9859582173802401,-1.4648985412518165
165,37.8355000354702,-122.26706321362617,1568221765.0,2019-09-11T10:09:25-07:00,POINT (-122.26706321362617 37.8355000354702),0.9619456007894506,42894.760810690335,ios,21.06805835239529,0.5210596761284236,-2.9218569837108284
166,37.83565443012662,-122.26720226939979,1568221766.0,2019-09-11T10:09:26-07:00,POINT (-122.26720226939979 37.83565443012662),2.283006923743257,42915.8195612857,ios,21.589118028523714,-2.4007973075824047,-2.4025409977587273
167,37.83581221945382,-122.26734551612499,1568221767.0,2019-09-11T10:09:27-07:00,POINT (-122.26734551612499 37.83581221945382),3.173967336239622,42937.46211263476,ios,19.18832072094131,-4.803338305341132,10.756680799091026
168,37.835951694322596,-122.26747417833867,1568221768.0,2019-09-11T10:09:28-07:00,POINT (-122.26747417833867 37.835951694322596),3.7137242674340336,42956.785191037394,ios,14.384982415600177,5.9533424937498935,-3.0407282888361564
169,37.83602155089011,-122.26761204762909,1568221769.0,2019-09-11T10:09:29-07:00,POINT (-122.26761204762909 37.83602155089011),8.824861914618634,42970.24403178016,ios,20.33832490935007,2.912614204913737,-4.176332094786829
170,37.83616876027551,-122.26774950019926,1568221770.0,2019-09-11T10:09:30-07:00,POINT (-122.26774950019926 37.83616876027551),9.039428448999661,42990.413251648584,ios,23.250939114263808,-1.2637178898730923,0.13737829309224026
171,37.83633610358411,-122.26790825174865,1568221771.0,2019-09-11T10:09:31-07:00,POINT (-122.26790825174865 37.83633610358411),9.57576215281609,43013.642869690186,ios,21.987221224390716,-1.126339596780852,1.9984102599032454
172,37.83647985911624,-122.26808016502137,1568221772.0,2019-09-11T10:09:32-07:00,POINT (-122.26808016502137 37.83647985911624),12.578134778090607,43035.420119819246,ios,20.860881627609864,0.8720706631223933,0.4127183622130701
173,37.83662360985204,-122.26823280343646,1568221773.0,2019-09-11T10:09:33-07:00,POINT (-122.26823280343646 37.83662360985204),14.342827198900611,43055.99062028289,ios,21.732952290732257,1.2847890253354635,-6.032946577775668
174,37.83681872755224,-122.26821839718986,1568221774.0,2019-09-11T10:09:34-07:00,POINT (-122.26821839718986 37.83681872755224),0.9586884947848258,43073.05404669094,ios,23.01774131606772,-4.748157552440205,3.798892864430993
175,37.83698721126159,-122.26837067775513,1568221775.0,2019-09-11T10:09:35-07:00,POINT (-122.26837067775513 37.83698721126159),1.410065078599954,43096.02898481861,ios,18.269583763627516,-0.9492646880092117,5.384734160199947
176,37.837121199342555,-122.26849108389567,1568221776.0,2019-09-11T10:09:36-07:00,POINT (-122.26849108389567 37.837121199342555),1.947871141585437,43114.27687374914,ios,17.320319075618304,4.435469472190736,-4.279975525827741
177,37.83725787255217,-122.26858569702236,1568221777.0,2019-09-11T10:09:37-07:00,POINT (-122.26858569702236 37.83725787255217),0.43364625443043736,43131.510116072095,ios,21.75578854780904,0.15549394636299496,-8.52179763275226
178,37.837429546993114,-122.26870453634756,1568221778.0,2019-09-11T10:09:38-07:00,POINT (-122.26870453634756 37.837429546993114),0.10043384003792281,43153.20926497288,ios,21.911282494172035,-8.366303686389266,11.232676285567969
179,37.837602434565056,-122.268824257441,1568221779.0,2019-09-11T10:09:39-07:00,POINT (-122.268824257441 37.837602434565056),0.03167779087931459,43175.09595068418,ios,13.544978807782769,2.8663725991787032,2.456908988001299
180,37.83770924161967,-122.26889842207773,1568221780.0,2019-09-11T10:09:40-07:00,POINT (-122.26889842207773 37.83770924161967),0.6793368369775221,43188.60930783051,ios,16.411351406961472,5.323281587180002,25.680288798709455
181,37.83784148485655,-122.26898140340367,1568221781.0,2019-09-11T10:09:41-07:00,POINT (-122.26898140340367 37.83784148485655),0.78219371367568,43204.99847116703,ios,21.734632994141474,31.003570385889457,-62.4768246063678
182,37.83802075987485,-122.26908002876317,1568221782.0,2019-09-11T10:09:42-07:00,POINT (-122.26908002876317 37.83802075987485),0.6689017536095967,43226.662677982575,ios,52.73820338003093,-31.473254220478346,30.796178409341362
183,37.838460815995624,-122.26930404016295,1568221783.0,2019-09-11T10:09:43-07:00,POINT (-122.26930404016295 37.838460815995624),1.8547259082694476,43279.247761096274,ios,21.264949159552586,-0.6770758111369837,3.354662807229065
184,37.83864538269988,-122.2693674528752,1568221784.0,2019-09-11T10:09:44-07:00,POINT (-122.2693674528752 37.83864538269988),0.6842639569932767,43300.405894895586,ios,20.587873348415602,2.6775869960920815,-3.817163824473468
185,37.83882405289996,-122.26942893947816,1568221785.0,2019-09-11T10:09:45-07:00,POINT (-122.26942893947816 37.83882405289996),0.3177702348191752,43320.95196879038,ios,23.265460344507684,-1.1395768283813865,-0.27328018404946874
186,37.839025862556575,-122.26949887690631,1568221786.0,2019-09-11T10:09:46-07:00,POINT (-122.26949887690631 37.839025862556575),0.1623610060477624,43344.16705683029,ios,22.125883516126297,-1.4128570124308553,2.211157594339113
187,37.8392177873077,-122.26956538872727,1568221787.0,2019-09-11T10:09:47-07:00,POINT (-122.26956538872727 37.8392177873077),1.4220015323234214,43366.215663214236,ios,20.713026503695442,0.7983005819082578,-1.2401354218708391
188,37.839400121799024,-122.2696136583944,1568221788.0,2019-09-11T10:09:48-07:00,POINT (-122.2696136583944 37.839400121799024),1.4410743840595261,43386.84747123673,ios,21.5113270856037,-0.4418348399625813,1.2996549061737035
189,37.839591020909644,-122.26965335409075,1568221789.0,2019-09-11T10:09:49-07:00,POINT (-122.26965335409075 37.839591020909644),1.0344211173717253,43408.310845156346,ios,21.06949224564112,0.8578200662111222,-0.9668829410307609
190,37.83977799908243,-122.2696922340849,1568221790.0,2019-09-11T10:09:50-07:00,POINT (-122.2696922340849 37.83977799908243),0.6360705382014131,43429.33336872173,ios,21.92731231185224,-0.10906287481963872,0.15259745142692438
191,37.839972589869,-122.26973269703586,1568221791.0,2019-09-11T10:09:51-07:00,POINT (-122.26973269703586 37.839972589869),0.5488019806303356,43451.205338859036,ios,21.818249437032602,0.04353457660728566,-1.6645550809537717
192,37.840166215324594,-122.26977293930867,1568221792.0,2019-09-11T10:09:52-07:00,POINT (-122.26977293930867 37.840166215324594),0.49978294495662934,43472.97880198154,ios,21.861784013639888,-1.621020504346486,3.0789584870763314
193,37.84036027645225,-122.26981287958183,1568221793.0,2019-09-11T10:09:53-07:00,POINT (-122.26981287958183 37.84036027645225),0.41656724875266454,43494.79556198502,ios,20.2407635092934,1.4579379827298453,-3.4956836680996837
194,37.84053994823332,-122.26984985833396,1568221794.0,2019-09-11T10:09:54-07:00,POINT (-122.26984985833396 37.84053994823332),0.3395052676311535,43514.99464039394,ios,21.698701492023247,-2.0377456853698384,3.834565035509371
195,37.84073256174789,-122.2698895006605,1568221795.0,2019-09-11T10:09:55-07:00,POINT (-122.2698895006605 37.84073256174789),0.256875589906231,43536.64865469532,ios,19.66095580665341,1.7968193501395326,-2.5008274227899108
196,37.84090708675538,-122.26992542014075,1568221796.0,2019-09-11T10:09:56-07:00,POINT (-122.26992542014075 37.84090708675538),0.18199060805820835,43556.26912035231,ios,21.45777515679294,-0.7040080726503781,3.227233421728524
197,37.8410973791816,-122.26996601840779,1568221797.0,2019-09-11T10:09:57-07:00,POINT (-122.26996601840779 37.8410973791816),0.224746034201057,43577.682987006425,ios,20.753767084142563,2.523225349078146,-4.493707687287774
198,37.84128140867511,-122.27000543203005,1568221798.0,2019-09-11T10:09:58-07:00,POINT (-122.27000543203005 37.84128140867511),0.27922832706659334,43598.39427441904,ios,23.27699243322071,-1.970482338209628,2.1500499574621195
199,37.84148786861989,-122.27004921402914,1568221799.0,2019-09-11T10:09:59-07:00,POINT (-122.27004921402914 37.84148786861989),0.3025309311641706,43621.6236399518,ios,21.30651009501108,0.17956761925249154,-0.8304586715514262
200,37.84167697189043,-122.2700883645787,1568221800.0,2019-09-11T10:10:00-07:00,POINT (-122.2700883645787 37.84167697189043),0.24134119166227255,43642.886366683946,ios,21.486077714263573,-0.6508910522989346,1.1884078383071497
201,37.841867668904584,-122.27012784507846,1568221801.0,2019-09-11T10:10:01-07:00,POINT (-122.27012784507846 37.841867668904584),0.17961795431822714,43664.328292528284,ios,20.835186661964638,0.5375167860082151,-1.711485118004756
202,37.842052589028306,-122.27016612957354,1568221802.0,2019-09-11T10:10:02-07:00,POINT (-122.27016612957354 37.842052589028306),0.11974802777286658,43685.12066531634,ios,21.372703447972853,-1.1739683319965408,1.4688803467791622
203,37.84224227982836,-122.27020540175415,1568221803.0,2019-09-11T10:10:03-07:00,POINT (-122.27020540175415 37.84224227982836),0.0583166571161303,43706.44945084559,ios,20.198735115976312,0.2949120147826214,-1.054448172209728
204,37.84242155122859,-122.27024251677928,1568221804.0,2019-09-11T10:10:04-07:00,POINT (-122.27024251677928 37.84242155122859),0.00024389284852833015,43726.606680836136,ios,20.493647130758934,-0.7595361574271067,2.257063725039565
205,37.842603440095886,-122.27028017370544,1568221805.0,2019-09-11T10:10:05-07:00,POINT (-122.27028017370544 37.842603440095886),0.0586923779610588,43747.05821729695,ios,19.734110973331827,1.4975275676124582,-7.196520688667082
206,37.84277853795918,-122.27031681896482,1568221806.0,2019-09-11T10:10:06-07:00,POINT (-122.27031681896482 37.84277853795918),0.0812243766970387,43766.751893623616,ios,21.231638540944285,-5.698993121054624,12.083734168699984
207,37.84296692574791,-122.27035622535423,1568221807.0,2019-09-11T10:10:07-07:00,POINT (-122.27035622535423 37.84296692574791),0.10723993771408631,43787.94002516564,ios,15.532645419889661,6.38474104764536,-8.914013159865515
208,37.84310477278409,-122.27038485224979,1568221808.0,2019-09-11T10:10:08-07:00,POINT (-122.27038485224979 37.84310477278409),0.1442973968955988,43803.44078524182,ios,21.91738646753502,-2.5292721122201556,2.21834254071247
209,37.84329928227439,-122.27042524632004,1568221809.0,2019-09-11T10:10:09-07:00,POINT (-122.27042524632004 37.84329928227439),0.19660285172914704,43825.31318024642,ios,19.388114355314865,-0.3109295715076854,0.54139520500458
210,37.843471345329995,-122.2704609789064,1568221810.0,2019-09-11T10:10:10-07:00,POINT (-122.2704609789064 37.843471345329995),0.24288728119141723,43844.66149560476,ios,19.07718478380718,0.23046563349689464,0.530617406907151
211,37.843640648999504,-122.27049613844703,1568221811.0,2019-09-11T10:10:11-07:00,POINT (-122.27049613844703 37.843640648999504),0.2884432212896748,43863.69952005674,ios,19.307650417304075,0.7610830404040456,0.29426010104432976
212,37.84381199798522,-122.27053172274144,1568221812.0,2019-09-11T10:10:12-07:00,POINT (-122.27053172274144 37.84381199798522),0.3345634286200621,43882.967537464756,ios,20.06873345770812,1.0553431414483754,-2.2080902239928513
213,37.84399010134123,-122.27056870972582,1568221813.0,2019-09-11T10:10:13-07:00,POINT (-122.27056870972582 37.84399010134123),0.38251647665725974,43902.99507606329,ios,21.124076599156496,-1.1527470825444759,-12.669275532448193
214,37.84417757052991,-122.27060764172633,1568221814.0,2019-09-11T10:10:14-07:00,POINT (-122.27060764172633 37.84417757052991),0.4330075497870089,43924.07579199078,ios,19.97132951661202,-13.822022614992669,28.18345321759828
215,37.84435480948121,-122.27064444919854,1568221815.0,2019-09-11T10:10:15-07:00,POINT (-122.27064444919854 37.84435480948121),0.48075871823577543,43944.00612748932,ios,6.149306901619352,14.361430602605612,-6.601725867719434
216,37.844409382550595,-122.27065578246764,1568221816.0,2019-09-11T10:10:16-07:00,POINT (-122.27065578246764 37.844409382550595),0.49546464409667906,43950.14281214513,ios,20.510737504224963,7.759704734886178,-15.204062106888795
217,37.84459140858472,-122.27069358408032,1568221817.0,2019-09-11T10:10:17-07:00,POINT (-122.27069358408032 37.84459140858472),0.5445258643994005,43970.61144901451,ios,28.27044223911114,-7.444357372002617,5.670332692997164
218,37.84484229945972,-122.27074568695518,1568221818.0,2019-09-11T10:10:18-07:00,POINT (-122.27074568695518 37.84484229945972),0.6121740233732295,43998.82386369261,ios,20.826084867108523,-1.7740246790054535,4.768893567383039
219,37.84502712412625,-122.27078406976393,1568221819.0,2019-09-11T10:10:19-07:00,POINT (-122.27078406976393 37.84502712412625),0.6620278298956108,44019.607201755396,ios,19.05206018810307,2.994868888377585,3.0077858994669775
220,37.84519620491674,-122.27081918301893,1568221820.0,2019-09-11T10:10:20-07:00,POINT (-122.27081918301893 37.84519620491674),0.7076492196510288,44038.62015685056,ios,22.046929076480655,6.002654787844563,-11.555770265280316
221,37.84539186419982,-122.27085981586835,1568221821.0,2019-09-11T10:10:21-07:00,POINT (-122.27085981586835 37.84539186419982),0.7604590322781944,44060.62183424642,ios,28.049583864325218,-5.553115477435753,6.96895741917789
222,37.845640795100074,-122.27091151171238,1568221822.0,2019-09-11T10:10:22-07:00,POINT (-122.27091151171238 37.845640795100074),0.8276736156403924,44088.61384665319,ios,22.496468386889465,1.415841941742137,5.71199999396395
223,37.84584041812398,-122.27095317185793,1568221823.0,2019-09-11T10:10:23-07:00,POINT (-122.27095317185793 37.84584041812398),0.863880214134936,44111.06420128552,ios,23.9123103286316,7.127841935706087,-11.686170035950123
224,37.8460524946878,-122.27099829098894,1568221824.0,2019-09-11T10:10:24-07:00,POINT (-122.27099829098894 37.8460524946878),0.827734308121263,44134.927601333104,ios,31.04015226433769,-4.558328100244037,-2.052622080596141
225,37.84632778759506,-122.27105685934997,1568221825.0,2019-09-11T10:10:25-07:00,POINT (-122.27105685934997 37.84632778759506),0.7134734572888766,44165.92102337806,ios,26.481824164093652,-6.610950180840177,13.129927773259137
226,37.846563226301264,-122.27110229474518,1568221826.0,2019-09-11T10:10:26-07:00,POINT (-122.27110229474518 37.846563226301264),0.4845761092052832,44192.34719342503,ios,19.870873983253475,6.51897759241896,-12.137773167910975
227,37.84673989337589,-122.27113635832877,1568221827.0,2019-09-11T10:10:27-07:00,POINT (-122.27113635832877 37.84673989337589),0.31544208118532474,44212.17632667954,ios,26.389851575672434,-5.618795575492015,1.064766293623709
228,37.84697490905931,-122.27117822520536,1568221828.0,2019-09-11T10:10:28-07:00,POINT (-122.27117822520536 37.84697490905931),0.23000461821562873,44238.513131612446,ios,20.77105600018042,-4.554029281868306,15.949652393830924
229,37.847160411255224,-122.27120604672878,1568221829.0,2019-09-11T10:10:29-07:00,POINT (-122.27120604672878 37.847160411255224),0.18666467550411459,44259.24088276511,ios,16.217026718312113,11.395623111962617,-12.070027799715941
230,37.84730525554334,-122.271227626552,1568221830.0,2019-09-11T10:10:30-07:00,POINT (-122.271227626552 37.84730525554334),0.6669714293487965,44275.40547380193,ios,27.61264983027473,-0.6744046877533236,-3.5769624109223024
231,37.84755299825181,-122.27124917800093,1568221831.0,2019-09-11T10:10:31-07:00,POINT (-122.27124917800093 37.84755299825181),0.5064367783341452,44302.95787555621,ios,26.938245142521406,-4.251367098675626,-1.786894500784797
232,37.84779491110597,-122.2712656306452,1568221832.0,2019-09-11T10:10:32-07:00,POINT (-122.2712656306452 37.84779491110597),0.4954005322395362,44329.815816878116,ios,22.68687804384578,-6.038261599460423,12.448025551054783
233,37.847998832043324,-122.2712739998317,1568221833.0,2019-09-11T10:10:33-07:00,POINT (-122.2712739998317 37.847998832043324),1.2317427713709412,44352.44182828017,ios,16.648616444385357,6.4097639515943605,-7.776990560581549
234,37.84814854288753,-122.2712765704663,1568221834.0,2019-09-11T10:10:34-07:00,POINT (-122.2712765704663 37.84814854288753),1.7558048467471399,44369.013157344365,ios,23.058380395979718,-1.3672266089871883,1.3663211740424437
235,37.848355905725704,-122.27127859441681,1568221835.0,2019-09-11T10:10:35-07:00,POINT (-122.27127859441681 37.848355905725704),2.5037759894674227,44392.00959375248,ios,21.69115378699253,-0.0009054349447445986,-3.0454267183116954
236,37.84855027935132,-122.2712576906768,1568221836.0,2019-09-11T10:10:36-07:00,POINT (-122.2712576906768 37.84855027935132),2.09664654507633,44413.544997992154,ios,21.690248352047785,-3.04633215325644,3.0463321485050088
237,37.84874464486704,-122.27123678780897,1568221837.0,2019-09-11T10:10:37-07:00,POINT (-122.27123678780897 37.84874464486704),1.7138146794060976,44435.18567973714,ios,18.643916198791345,-4.751431248450899e-09,-7.242668687013065e-10
238,37.848912304315085,-122.2712390264453,1568221838.0,2019-09-11T10:10:38-07:00,POINT (-122.2712390264453 37.848912304315085),3.846882772150355,44453.46050326665,ios,18.643916194039914,-5.475698117152206e-09,1.5406058651024068e-09
239,37.84907996376313,-122.27124126508158,1568221839.0,2019-09-11T10:10:39-07:00,POINT (-122.27124126508158 37.84907996376313),6.730503668172089,44471.83933029231,ios,18.643916188564216,-3.935092252049799e-09,-7.768932164253783e-10
240,37.84924762321117,-122.2712435037179,1568221840.0,2019-09-11T10:10:40-07:00,POINT (-122.2712435037179 37.84924762321117),9.79470696890967,44489.50519004017,ios,18.643916184629123,-4.711985468475177e-09,-7.105427357601002e-15
241,37.849415282659216,-122.2712457423542,1568221841.0,2019-09-11T10:10:41-07:00,POINT (-122.2712457423542 37.849415282659216),14.01899891360247,44507.62291473956,ios,18.643916179917138,-4.711992573902535e-09,-18.643916170493153
242,37.84958294210726,-122.2712479809905,1568221842.0,2019-09-11T10:10:42-07:00,POINT (-122.2712479809905 37.84958294210726),18.243290633771004,44525.74064002124,ios,18.643916175205145,-18.643916175205145,18.643916175205145
243,37.84975060155531,-122.2712502196268,1568221843.0,2019-09-11T10:10:43-07:00,POINT (-122.2712502196268 37.84975060155531),22.46758213157825,44543.858365884764,ios,0.0,0.0,0.0
