,latitude,longitude,ts,fmt_time,geometry,gt_distance,gt_projection,source,speed,acceleration,jerk
0,37.8701824439488,-122.26790666443775,1564074852.0,2019-07-25T10:14:12-07:00,POINT (-122.26790666443775 37.8701824439488),20.63074671317824,0.0,ios,1.837464900376223,-1.4934273873583541,3.127730533192297
1,37.8701981547233,-122.26790017562222,1564074853.0,2019-07-25T10:14:13-07:00,POINT (-122.26790017562222 37.8701981547233),18.85639296440542,0.0,ios,0.3440375130178688,1.6343031458339428,-1.6343030522847264
2,37.87020109632825,-122.26789896068964,1564074854.0,2019-07-25T10:14:14-07:00,POINT (-122.26789896068964 37.87020109632825),18.52546880164493,0.0,ios,1.9783406588518115,9.354921637338975e-08,1.2210636946008435e-09
3,37.87019746046345,-122.26792102313865,1564074855.0,2019-07-25T10:14:15-07:00,POINT (-122.26792102313865 37.87019746046345),19.988084276875725,0.0,ios,1.978340752401028,9.47702800679906e-08,-2.6036108824456505e-09
4,37.87019382459865,-122.26794308558767,1564074856.0,2019-07-25T10:14:16-07:00,POINT (-122.26794308558767 37.87019382459865),21.533946380018616,0.0,ios,1.978340847171308,9.216666918554495e-08,-1.755704338615042
5,37.87019018873385,-122.26796514803671,1564074857.0,2019-07-25T10:14:17-07:00,POINT (-122.26796514803671 37.87019018873385),23.146381931327625,0.0,ios,1.9783409393379772,-1.7557042464483728,1.7757751440495444
6,37.87018655286906,-122.26798721048573,1564074858.0,2019-07-25T10:14:18-07:00,POINT (-122.26798721048573 37.87018655286906),24.812415508302415,0.0,ios,0.22263669288960442,0.020070897601171603,-0.0018357399161651503
7,37.87038987505983,-122.26804414775434,1564074962.0,2019-07-25T10:16:02-07:00,POINT (-122.26804414775434 37.87038987505983),23.59806627152898,3.843620694253539,ios,2.310010043411451,-0.17084605368000405,0.1058086062883472
8,37.870398298872516,-122.26802009169224,1564074963.0,2019-07-25T10:16:03-07:00,POINT (-122.26802009169224 37.870398298872516),21.562663344709026,4.942563375835613,ios,2.139163989731447,-0.06503744739165684,0.09507771659346087
9,37.87040575876634,-122.26799762819174,1564074964.0,2019-07-25T10:16:04-07:00,POINT (-122.26799762819174 37.87040575876634),19.65844692300823,5.923820152844846,ios,2.07412654233979,0.030040269201804026,-0.23530142080895255
10,37.87041112318437,-122.26797499705317,1564074965.0,2019-07-25T10:16:05-07:00,POINT (-122.26797499705317 37.87041112318437),17.72115939484306,6.674465466315047,ios,2.104166811541594,-0.20526115160714853,0.05642839678859035
11,37.8704146435837,-122.26795144390526,1564074966.0,2019-07-25T10:16:06-07:00,POINT (-122.26795144390526 37.8704146435837),15.68686128571989,7.2275558082771045,ios,1.8989056599344456,-0.14883275481855818,0.22336682651159978
12,37.870414182579026,-122.26792981859508,1564074967.0,2019-07-25T10:16:07-07:00,POINT (-122.26792981859508 37.870414182579026),13.786689572969056,7.3268708465105385,ios,1.7500729051158874,0.0745340716930416,-0.02290696020109384
13,37.87041284147452,-122.26790995348456,1564074968.0,2019-07-25T10:16:08-07:00,POINT (-122.26790995348456 37.87041284147452),12.033137329439722,7.316605698180635,ios,1.824606976808929,0.051627111491947764,-0.321502074654223
14,37.87040990780841,-122.26788950164082,1564074969.0,2019-07-25T10:16:09-07:00,POINT (-122.26788950164082 37.87040990780841),10.214176134866578,7.134268460334276,ios,1.8762340883008768,-0.2698749631622752,-0.9863492776573757
15,37.87041007544647,-122.26786812778774,1564074970.0,2019-07-25T10:16:10-07:00,POINT (-122.26786812778774 37.87041007544647),8.341564304564812,7.301370123064585,ios,1.6063591251386016,-1.256224240819651,1.2562242385216296
16,37.87040927916567,-122.26784985523882,1564074971.0,2019-07-25T10:16:11-07:00,POINT (-122.26784985523882 37.87040927916567),6.732426425088189,7.340298990688734,ios,0.3501348843189506,-2.2980213842949127e-09,-2.2622712890496555e-05
17,37.87041218495469,-122.26784831852348,1564074972.0,2019-07-25T10:16:12-07:00,POINT (-122.26784831852348 37.87041218495469),6.6231636397832885,7.672384442724806,ios,0.35013488202092924,-2.262501091188085e-05,1.0439770500563461
18,37.8704150907437,-122.26784678180812,1564074973.0,2019-07-25T10:16:13-07:00,POINT (-122.26784678180812 37.8704150907437),6.513900863253539,8.00446989833611,ios,0.35011225701001736,1.0439544250454342,-0.6290698083040074
19,37.87041799634497,-122.26784524519208,1564074974.0,2019-07-25T10:16:14-07:00,POINT (-122.26784524519208 37.87041799634497),6.404645161259252,8.33653389830151,ios,1.3940666820554517,0.41488461674142685,-0.3428381783296175
20,37.87043031774263,-122.26784817885819,1564074975.0,2019-07-25T10:16:15-07:00,POINT (-122.26784817885819 37.87043031774263),6.7699062816370645,9.678992351388116,ios,1.8089512987968785,0.07204643841180935,-0.16603376148478088
21,37.87044649481575,-122.26785035815301,1564074976.0,2019-07-25T10:16:16-07:00,POINT (-122.26785035815301 37.87044649481575),7.104628288584147,11.293319587762674,ios,1.880997737208688,-0.09398732307297153,0.11065384002538647
22,37.87046334244113,-122.26785228599074,1564074977.0,2019-07-25T10:16:17-07:00,POINT (-122.26785228599074 37.87046334244113),7.49785890061855,12.988070203756797,ios,1.7870104141357164,0.016666516952414945,0.17406509270583426
23,37.8704793937857,-122.26785329181912,1564074978.0,2019-07-25T10:16:18-07:00,POINT (-122.26785329181912 37.8704793937857),7.801279497214752,14.74524365271211,ios,1.8036769310881313,0.1907316096582492,-0.15140810131252147
24,37.87049557085882,-122.2678548005617,1564074979.0,2019-07-25T10:16:19-07:00,POINT (-122.2678548005617 37.87049557085882),8.150297844063063,16.510909832478745,ios,1.9944085407463805,0.03932350834572773,-0.3251213266565127
25,37.87051342431258,-122.26785697985652,1564074980.0,2019-07-25T10:16:20-07:00,POINT (-122.26785697985652 37.87051342431258),8.5803786865825,18.45407145349053,ios,2.0337320490921083,-0.285797818310785,0.21629745018904045
26,37.87053169686149,-122.2678579856849,1564074981.0,2019-07-25T10:16:21-07:00,POINT (-122.2678579856849 37.87053169686149),8.913634484171109,20.45588675782068,ios,1.7479342307813233,-0.06950036812174454,0.19747417862219296
27,37.87054741292994,-122.26785756658974,1564074982.0,2019-07-25T10:16:22-07:00,POINT (-122.26785756658974 37.87054741292994),9.088142746690712,22.191305470122813,ios,1.6784338626595787,0.12797381050044843,-0.07952018776841707
28,37.870562416536615,-122.26785547111395,1564074983.0,2019-07-25T10:16:23-07:00,POINT (-122.26785547111395 37.870562416536615),9.106718031600895,23.86610391490158,ios,1.8064076731600271,0.048453622732031354,-0.1961228434537614
29,37.87057863551925,-122.2678542976475,1564074984.0,2019-07-25T10:16:24-07:00,POINT (-122.2678542976475 37.87057863551925),9.221497225649609,26.01639885051182,ios,1.8548612958920585,-0.14766922072173005,0.14371277135780058
30,37.87059531550656,-122.26785404619041,1564074985.0,2019-07-25T10:16:25-07:00,POINT (-122.26785404619041 37.87059531550656),9.353351296978985,27.862561437218528,ios,1.7071920751703284,-0.003956449363929471,0.23557726372776777
31,37.87061065438937,-122.26785488438072,1564074986.0,2019-07-25T10:16:26-07:00,POINT (-122.26785488438072 37.87061065438937),9.568340896100922,29.552467226804094,ios,1.703235625806399,0.2316208143638383,-0.2616043355534552
32,37.870625951362655,-122.2678558902091,1564074987.0,2019-07-25T10:16:27-07:00,POINT (-122.2678558902091 37.870625951362655),9.7976374834338,31.236512969996216,ios,1.9348564401702373,-0.02998352118961689,-0.019634167724799534
33,37.870643259992704,-122.26785815332296,1564074988.0,2019-07-25T10:16:28-07:00,POINT (-122.26785815332296 37.870643259992704),10.155696777361998,33.13379413806272,ios,1.9048729189806204,-0.049617688914416425,0.04970603137144014
34,37.87066031716566,-122.26786016497972,1564074989.0,2019-07-25T10:16:29-07:00,POINT (-122.26786016497972 37.87066031716566),10.489395454691888,35.005110562040045,ios,1.855255230066204,8.834245702371568e-05,-0.27886334617575814
35,37.87067699715297,-122.26786066789391,1564074990.0,2019-07-25T10:16:30-07:00,POINT (-122.26786066789391 37.87067699715297),10.687370984050386,36.84575584856404,ios,1.8553435725232277,-0.2787750037187344,0.28287311773882573
36,37.870693635230765,-122.26785907533231,1564074991.0,2019-07-25T10:16:31-07:00,POINT (-122.26785907533231 37.870693635230765),10.701288971949756,38.69709307478084,ios,1.5765685688044933,0.0040981140200913035,-0.2951621598160685
37,37.87070771682809,-122.26785697985652,1564074992.0,2019-07-25T10:16:32-07:00,POINT (-122.26785697985652 37.87070771682809),10.647539175781226,40.269435823022896,ios,1.5806666828245846,-0.2910640457959772,0.4624494420916061
38,37.87072163078736,-122.26785329181912,1564074993.0,2019-07-25T10:16:33-07:00,POINT (-122.26785329181912 37.87072163078736),10.452652975682147,41.8348903577815,ios,1.2896026370286073,0.17138539629562888,-0.0062762524468069625
39,37.87073240153293,-122.26784784358206,1564074994.0,2019-07-25T10:16:34-07:00,POINT (-122.26784784358206 37.87073240153293),10.074483198574047,43.0656702792143,ios,1.4609880333242362,0.16510914384882192,-0.4230438627421693
40,37.870744010468826,-122.26784004841211,1564074995.0,2019-07-25T10:16:35-07:00,POINT (-122.26784004841211 37.870744010468826),9.49833576129753,44.40629484507265,ios,1.6260971771730581,-0.2579347188933474,0.4518268326175712
41,37.870756248047456,-122.26782990630927,1564074996.0,2019-07-25T10:16:36-07:00,POINT (-122.26782990630927 37.870756248047456),8.722277430266516,45.833594208701356,ios,1.3681624582797107,0.19389211372422377,-0.19334373715453945
42,37.870766264421746,-122.26782085385385,1564074997.0,2019-07-25T10:16:37-07:00,POINT (-122.26782085385385 37.870766264421746),8.017139557376705,47.23697304092336,ios,1.5620545720039345,0.0005483765696843168,-0.03560015694956853
43,37.87077954973827,-122.26781507034066,1564074998.0,2019-07-25T10:16:38-07:00,POINT (-122.26781507034066 37.87077954973827),7.58967088890363,48.73661962983535,ios,1.5626029485736188,-0.03505178037988421,-0.013283338247646714
44,37.87079325414996,-122.26781113084617,1564074999.0,2019-07-25T10:16:39-07:00,POINT (-122.26781113084617 37.87079325414996),7.326690779144448,50.27384413922216,ios,1.5275511681937346,-0.048335118627530926,-0.10909111411173189
45,37.87080666519503,-122.26780735898974,1564075000.0,2019-07-25T10:16:40-07:00,POINT (-122.26780735898974 37.87080666519503),7.07665668261471,51.777761738846365,ios,1.4792160495662037,-0.15742623273926282,0.31432464115799186
46,37.87081961523543,-122.26780350331428,1564075001.0,2019-07-25T10:16:41-07:00,POINT (-122.26780350331428 37.87081961523543),6.816469157244975,53.231007139101415,ios,1.3217898168269409,0.15689840841872904,-0.1982538181224962
47,37.870831140352294,-122.26779981527689,1564075002.0,2019-07-25T10:16:42-07:00,POINT (-122.26779981527689 37.870831140352294),6.5623740601943785,54.52558058070709,ios,1.47868822524567,-0.041355409703767165,-0.058014769002131095
48,37.87084425803076,-122.26779704924884,1564075003.0,2019-07-25T10:16:43-07:00,POINT (-122.26779704924884 37.87084425803076),6.39889978431214,55.99216691805875,ios,1.4373328155419027,-0.09937017870589826,0.12433078501048112
49,37.87085699852358,-122.2677942832208,1564075004.0,2019-07-25T10:16:44-07:00,POINT (-122.2677942832208 37.87085699852358),6.23314107430206,57.41696491178491,ios,1.3379626368360045,0.024960606304582855,-0.20434926035787782
50,37.8708689427356,-122.2677924392021,1564075005.0,2019-07-25T10:16:45-07:00,POINT (-122.2677924392021 37.8708689427356),6.1435344915088255,58.74911625030672,ios,1.3629232431405873,-0.17938865405329496,0.23519222187061595
51,37.8708810964952,-122.26779042754534,1564075006.0,2019-07-25T10:16:46-07:00,POINT (-122.26779042754534 37.8708810964952),6.040474432516744,60.10528821773085,ios,1.1835345890872924,0.05580356781732099,-0.08634112018485873
52,37.87089165769319,-122.2677887511647,1564075007.0,2019-07-25T10:16:47-07:00,POINT (-122.2677887511647 37.87089165769319),5.9572140728711265,61.28341074182822,ios,1.2393381569046134,-0.030537552367537746,0.06461722101297407
53,37.87090267989586,-122.26778665568891,1564075008.0,2019-07-25T10:16:48-07:00,POINT (-122.26778665568891 37.87090267989586),5.839939189433349,62.51462010863345,ios,1.2088006045370756,0.03407966864543632,-0.02590835003613634
54,37.870913492550955,-122.26778523076537,1564075009.0,2019-07-25T10:16:49-07:00,POINT (-122.26778523076537 37.870913492550955),5.780286001392698,63.719394223819606,ios,1.242880273182512,0.008171318609299982,-0.30685108137566
55,37.87092455666314,-122.26778321910861,1564075010.0,2019-07-25T10:16:50-07:00,POINT (-122.26778321910861 37.87092455666314),5.67062641227827,64.95484430797924,ios,1.251051591791812,-0.29867976276636,0.29863842157745424
56,37.87093536931823,-122.26777927961412,1564075011.0,2019-07-25T10:16:51-07:00,POINT (-122.26777927961412 37.87093536931823),5.390132803874296,66.17169157971489,ios,0.9523718290254519,-4.1341188905752446e-05,0.1406399511652996
57,37.870943269433376,-122.2677750885716,1564075012.0,2019-07-25T10:16:52-07:00,POINT (-122.2677750885716 37.870943269433376),5.069906628868325,67.06706668763586,ios,0.9523304878365462,0.14059860997639384,-0.05898998333457306
58,37.87095116920571,-122.26777089771093,1564075013.0,2019-07-25T10:16:53-07:00,POINT (-122.26777089771093 37.87095116920571),4.749694431236436,67.96240295683305,ios,1.09292909781294,0.08160862664182078,-0.2131565798287649
59,37.87096051502775,-122.26776704203549,1564075014.0,2019-07-25T10:16:54-07:00,POINT (-122.26776704203549 37.87096051502775),4.467678150488683,69.01633758172699,ios,1.1745377244547608,-0.13154795318694412,-0.1128375527160993
60,37.870970740949616,-122.26776368927422,1564075015.0,2019-07-25T10:16:55-07:00,POINT (-122.26776368927422 37.870970740949616),4.239144663773758,69.98161952958564,ios,1.0429897712678167,-0.24438550590304342,0.24435084624374148
61,37.87098004486214,-122.26776218053165,1564075016.0,2019-07-25T10:16:56-07:00,POINT (-122.26776218053165 37.87098004486214),4.334750985498198,69.98161952958564,ios,0.7986042653647732,-3.4659659301938817e-05,-0.25476476182722985
62,37.87098687626143,-122.26775937253316,1564075017.0,2019-07-25T10:16:57-07:00,POINT (-122.26775937253316 37.87098687626143),4.427278111971014,69.98161952958564,ios,0.7985696057054713,-0.2547994214865318,0.25479941421626484
63,37.870993707364306,-122.26775656465652,1564075018.0,2019-07-25T10:16:58-07:00,POINT (-122.26775656465652 37.870993707364306),4.656443242315246,69.98161952958564,ios,0.5437701842189395,-7.270266944026105e-09,-3.5521104640334755e-05
64,37.87099809398915,-122.26775382650851,1564075019.0,2019-07-25T10:16:59-07:00,POINT (-122.26775382650851 37.87099809398915),4.809503913909442,69.98161952958564,ios,0.5437701769486726,-3.552837490727878e-05,1.1707025180794832
65,37.871002480614,-122.26775108836054,1564075020.0,2019-07-25T10:17:00-07:00,POINT (-122.26775108836054 37.871002480614),5.016969871831583,69.98161952958564,ios,0.5437346485737653,1.1706669897045758,-0.8967796038128961
66,37.871006866952285,-122.26774835039141,1564075021.0,2019-07-25T10:17:01-07:00,POINT (-122.26774835039141 37.871006866952285),5.272404480147813,69.98161952958564,ios,1.7144016382783411,0.2738873858916797,-0.8923470340822448
67,37.871021032368645,-122.2677406390405,1564075022.0,2019-07-25T10:17:02-07:00,POINT (-122.2677406390405 37.871021032368645),6.382747595541341,69.98161952958564,ios,1.9882890241700208,-0.6184596481905651,0.25326490603754115
68,37.87103767044644,-122.26773234095636,1564075023.0,2019-07-25T10:17:03-07:00,POINT (-122.26773234095636 37.87103767044644),7.975899086133128,69.98161952958564,ios,1.3698293759794558,-0.36519474215302394,0.32165026887737413
69,37.871049656567976,-122.267728736738,1564075024.0,2019-07-25T10:17:04-07:00,POINT (-122.267728736738 37.871049656567976),9.241912447926543,69.98161952958564,ios,1.0046346338264318,-0.04354447327564981,0.04350299726142326
70,37.87105849947582,-122.2677263898051,1564075025.0,2019-07-25T10:17:05-07:00,POINT (-122.2677263898051 37.87105849947582),10.195186892969732,69.98161952958564,ios,0.961090160550782,-4.147601422654912e-05,0.05524018943364606
71,37.871067112067166,-122.26772731183435,1564075026.0,2019-07-25T10:17:06-07:00,POINT (-122.26772731183435 37.871067112067166),11.154210046483046,69.98161952958564,ios,0.9610486845365555,0.05519871341941951,-0.5772780653053483
72,37.87107572428684,-122.2677282338238,1564075027.0,2019-07-25T10:17:07-07:00,POINT (-122.2677282338238 37.87107572428684),12.113195703376974,69.98161952958564,ios,1.016247397955975,-0.5220793518859288,0.5220793513954578
73,37.871084776742265,-122.2677298263854,1564075028.0,2019-07-25T10:17:08-07:00,POINT (-122.2677298263854 37.871084776742265),13.12627381110828,69.98161952958564,ios,0.4941680460700461,-4.90471052660979e-10,-3.2047867159545884e-05
74,37.871089149396276,-122.2677288205353,1564075029.0,2019-07-25T10:17:09-07:00,POINT (-122.2677288205353 37.871089149396276),13.601571142679054,69.98161952958564,ios,0.49416804557957505,-3.2048357630598545e-05,-0.28256341582199435
75,37.87109352205029,-122.26772781468516,1564075030.0,2019-07-25T10:17:10-07:00,POINT (-122.26772781468516 37.87109352205029),14.078097991190154,69.98161952958564,ios,0.49413599722194446,-0.28259546417962494,0.2825954648969008
76,37.87109789442073,-122.26772680890026,1564075031.0,2019-07-25T10:17:11-07:00,POINT (-122.26772680890026 37.87109789442073),14.55570259574798,69.98161952958564,ios,0.2115405330423195,7.172758775819688e-10,-1.5607008740925465e-09
77,37.87109601543667,-122.2677271860941,1564075032.0,2019-07-25T10:17:12-07:00,POINT (-122.2677271860941 37.87109601543667),14.349986996436577,69.98161952958564,ios,0.2115405337595954,-8.434249965105778e-10,1.9511627591395353e-09
78,37.871094136452605,-122.26772756328793,1564075033.0,2019-07-25T10:17:13-07:00,POINT (-122.26772756328793 37.871094136452605),14.144430260371106,69.98161952958564,ios,0.2115405329161704,1.1077377626289575e-09,-1.7559317611048897e-09
79,37.87109225746855,-122.26772794048175,1564075034.0,2019-07-25T10:17:14-07:00,POINT (-122.26772794048175 37.87109225746855),13.939039416971331,69.98161952958564,ios,0.21154053402390816,-6.481939984759322e-10,-2.7536524356525094e-05
80,37.87109037848448,-122.26772831767558,1564075035.0,2019-07-25T10:17:15-07:00,POINT (-122.26772831767558 37.87109037848448),13.73382190757957,69.98161952958564,ios,0.21154053337571416,-2.753717255052357e-05,-0.2114854590306131
81,37.87108849950042,-122.2677286948694,1564075036.0,2019-07-25T10:17:16-07:00,POINT (-122.2677286948694 37.87108849950042),13.528785621128531,69.98161952958564,ios,0.21151299620316363,-0.21151299620316363,0.21151299620316363
82,37.87108662076096,-122.26772907201413,1564075037.0,2019-07-25T10:17:17-07:00,POINT (-122.26772907201413 37.87108662076096),13.32396557736002,69.98161952958564,ios,0.0,0.0,0.0
