,latitude,longitude,ts,fmt_time,geometry,gt_distance,gt_projection,source,speed,acceleration,jerk
0,37.87017881873797,-122.2679629271126,1564161267.0,2019-07-26T10:14:27-07:00,POINT (-122.2679629271126 37.87017881873797),23.937191673811846,0.0,ios,3.881955331756397,-2.8555888897243715,2.855547292029054
1,37.87016767080675,-122.26792101759675,1564161268.0,2019-07-26T10:14:28-07:00,POINT (-122.26792101759675 37.87016767080675),22.691204865881183,0.0,ios,1.0263664420320253,-4.1597695317641126e-05,-0.6171680532339883
2,37.87015851339196,-122.26791955073396,1564161269.0,2019-07-26T10:14:29-07:00,POINT (-122.26791955073396 37.87015851339196),23.486323694749395,0.0,ios,1.0263248443367077,-0.6172096509293059,0.6131590054500247
3,37.87014935634832,-122.26791808393064,1564161270.0,2019-07-26T10:14:30-07:00,POINT (-122.26791808393064 37.87014935634832),24.298569288078344,0.0,ios,0.4091151934074018,-0.004050645479281206,0.027174119560909933
4,37.87050780843745,-122.26804221991661,1564161371.0,2019-07-26T10:16:11-07:00,POINT (-122.26804221991661 37.87050780843745),24.678090351071287,15.86316074994277,ios,0.0,2.7405354301726224,-3.64645041431589
5,37.87050780843745,-122.26804221991661,1564161372.0,2019-07-26T10:16:12-07:00,POINT (-122.26804221991661 37.87050780843745),24.678090351071287,15.86316074994277,ios,2.7405354301726224,-0.9059149841432672,1.1217118233457857
6,37.87050399467151,-122.26801137451294,1564161373.0,2019-07-26T10:16:13-07:00,POINT (-122.26801137451294 37.87050399467151),21.93377941875854,15.771545950997282,ios,1.8346204460293551,0.21579683920251846,-0.3898665094107019
7,37.87050173155765,-122.2679906712121,1564161374.0,2019-07-26T10:16:14-07:00,POINT (-122.2679906712121 37.87050173155765),20.09579458281533,15.742729954263503,ios,2.0504172852318736,-0.17406967020818342,0.01299650671891639
8,37.87049691196333,-122.26796812389257,1564161375.0,2019-07-26T10:16:15-07:00,POINT (-122.26796812389257 37.87049691196333),18.062471581415984,15.4519799929979,ios,1.8763476150236902,-0.16107316348926703,0.6038092376904123
9,37.870497163420424,-122.26794675003948,1564161376.0,2019-07-26T10:16:16-07:00,POINT (-122.26794675003948 37.870497163420424),16.19971680317397,15.707257746711246,ios,1.7152744515344232,0.44273607420114525,-0.35689209810548617
10,37.870504749042794,-122.26792973477605,1564161377.0,2019-07-26T10:16:17-07:00,POINT (-122.26792973477605 37.870504749042794),14.816018966898495,16.723906491378774,ios,2.1580105257355684,0.08584397609565908,-0.028614236761358214
11,37.87052138712059,-122.26791707810226,1564161378.0,2019-07-26T10:16:18-07:00,POINT (-122.26791707810226 37.87052138712059),13.934458427258617,18.691177221117528,ios,2.2438545018312275,0.057229739334300866,-0.08128856730299949
12,37.87053999494563,-122.26790718745652,1564161379.0,2019-07-26T10:16:19-07:00,POINT (-122.26790718745652 37.87053999494563),13.32085537074188,20.84594261589374,ios,2.3010842411655283,-0.024058827968698626,-0.21876738622890546
13,37.87056023724179,-122.26790173921945,1564161380.0,2019-07-26T10:16:20-07:00,POINT (-122.26790173921945 37.87056023724179),13.117069435535564,23.13342586870777,ios,2.2770254131968297,-0.24282621419760408,0.05082462096380902
14,37.8705806052665,-122.26789905701044,1564161381.0,2019-07-26T10:16:21-07:00,POINT (-122.26789905701044 37.8705806052665),13.156471749069127,25.405304805832337,ios,2.0341991989992256,-0.19200159323379506,0.08745869761117442
15,37.87059875208686,-122.26789612334433,1564161382.0,2019-07-26T10:16:22-07:00,POINT (-122.26789612334433 37.87059875208686),13.073173803533331,27.93480363778374,ios,1.8421976057654306,-0.10454289562262065,0.17705309540261105
16,37.87061480343144,-122.26789092656436,1564161383.0,2019-07-26T10:16:23-07:00,POINT (-122.26789092656436 37.87061480343144),12.765763345066924,29.747625626912967,ios,1.73765471014281,0.0725101997799904,-0.22749195979470938
17,37.87063001658569,-122.26788640033665,1564161384.0,2019-07-26T10:16:24-07:00,POINT (-122.26788640033665 37.87063001658569),12.509394452566452,31.46286377760766,ios,1.8101649099228003,-0.15498176001471897,-0.02933751708801835
18,37.87064594220172,-122.26788212556603,1564161385.0,2019-07-26T10:16:25-07:00,POINT (-122.26788212556603 37.87064594220172),12.281639610053894,33.255040474247814,ios,1.6551831499080814,-0.18431927710273732,0.3332444962543877
19,37.870660359075174,-122.26787743170026,1564161386.0,2019-07-26T10:16:26-07:00,POINT (-122.26787743170026 37.870660359075174),12.003230672958468,34.88345912348434,ios,1.470863872805344,0.14892521915165036,0.06884864966232929
20,37.87067318338703,-122.2678733245677,1564161387.0,2019-07-26T10:16:27-07:00,POINT (-122.2678733245677 37.87067318338703),11.761556335084395,36.33149534504166,ios,1.6197890919569944,0.21777386881397964,-0.11998574027331044
21,37.87068768407951,-122.26787156436804,1564161388.0,2019-07-26T10:16:28-07:00,POINT (-122.26787156436804 37.87068768407951),11.741060271361047,37.9477257260264,ios,1.837562960770974,0.0977881285406692,-0.294475966674727
22,37.87070419642876,-122.26787072617772,1564161389.0,2019-07-26T10:16:29-07:00,POINT (-122.26787072617772 37.87070419642876),11.81993956134541,39.7796436952719,ios,1.9353510893116432,-0.19668783813405777,0.2814169418421819
23,37.87072158887784,-122.2678698879874,1564161390.0,2019-07-26T10:16:30-07:00,POINT (-122.2678698879874 37.87072158887784),11.906938940639764,41.70887522107662,ios,1.7386632511775855,0.08472910370812414,-0.5018665491819054
24,37.870737137308225,-122.26786779251161,1564161391.0,2019-07-26T10:16:31-07:00,POINT (-122.26786779251161 37.870737137308225),11.866722463933645,43.44340721872753,ios,1.8233923548857096,-0.4171374454737813,-0.23321181550401737
25,37.87075339820038,-122.2678651103026,1564161392.0,2019-07-26T10:16:32-07:00,POINT (-122.2678651103026 37.87075339820038),11.78165165319782,45.26100810834936,ios,1.4062549094119283,-0.6503492609777987,0.6503177043216973
26,37.87076551005046,-122.26786050025585,1564161393.0,2019-07-26T10:16:33-07:00,POINT (-122.26786050025585 37.87076551005046),11.489323637076383,46.633944928963,ios,0.7559056484341297,-3.155665610132807e-05,-0.04374190292766711
27,37.87077123081872,-122.26785584820253,1564161394.0,2019-07-26T10:16:34-07:00,POINT (-122.26785584820253 37.87077123081872),11.120581771516852,47.61918361619944,ios,0.7558740917780283,-0.04377345958376844,0.04374491673688041
28,37.87077695134829,-122.26785119634333,1564161395.0,2019-07-26T10:16:35-07:00,POINT (-122.26785119634333 37.87077695134829),10.74668193623218,48.275294935611214,ios,0.7121006321942599,-2.8542846888024442e-05,0.46157570700828654
29,37.870781812949495,-122.26784591563857,1564161396.0,2019-07-26T10:16:36-07:00,POINT (-122.26784591563857 37.870781812949495),10.312351839166405,48.83926493782566,ios,0.7120720893473719,0.4615471641613985,-0.15613519305749823
30,37.87078667435597,-122.26784063514533,1564161397.0,2019-07-26T10:16:37-07:00,POINT (-122.26784063514533 37.87078667435597),9.878039201860203,49.40321237318889,ios,1.1736192535087704,0.3054119711039003,-0.32363234032704136
31,37.87079543344478,-122.26783317525151,1564161398.0,2019-07-26T10:16:38-07:00,POINT (-122.26783317525151 37.87079543344478),9.27592901227757,50.40944736831222,ios,1.4790312246126707,-0.018220369223141075,-0.27008202515854873
32,37.87080729383777,-122.26782554771962,1564161399.0,2019-07-26T10:16:39-07:00,POINT (-122.26782554771962 37.87080729383777),8.677880000317382,51.76008037451177,ios,1.4608108553895296,-0.2883023943816898,0.01943278272795912
33,37.87081907041173,-122.26781817164483,1564161400.0,2019-07-26T10:16:40-07:00,POINT (-122.26781817164483 37.87081907041173),8.101407624751188,53.10021982253603,ios,1.1725084610078398,-0.2688696116537307,0.26883426720438097
34,37.87082837432425,-122.26781188521745,1564161401.0,2019-07-26T10:16:41-07:00,POINT (-122.26781188521745 37.87082837432425),7.605656876435475,54.16118179881349,ios,0.9036388493541091,-3.534444934971681e-05,0.17708417355464345
35,37.870836022960425,-122.26780840665963,1564161402.0,2019-07-26T10:16:42-07:00,POINT (-122.26780840665963 37.870836022960425),7.346480271453464,55.02527465573934,ios,0.9036035049047594,0.17704882910529374,-0.17709340807855078
36,37.870843671297536,-122.26780492823784,1564161403.0,2019-07-26T10:16:43-07:00,POINT (-122.26780492823784 37.870843671297536),7.087313866279666,55.88933373481812,ios,1.0806523340100531,-4.457897325704785e-05,0.6643479812509339
37,37.87085318495384,-122.26780241361502,1564161404.0,2019-07-26T10:16:44-07:00,POINT (-122.26780241361502 37.87085318495384),6.924090400460859,56.95542384851357,ios,1.080607755036796,0.6643034022776768,-0.9630751916828117
38,37.870862698217735,-122.26779989909592,1564161405.0,2019-07-26T10:16:45-07:00,POINT (-122.26779989909592 37.870862698217735),6.760873725290972,58.021469993992696,ios,1.7449111573144729,-0.29877178940513494,0.1598220246580142
39,37.870878288557634,-122.26779763598206,1564161406.0,2019-07-26T10:16:46-07:00,POINT (-122.26779763598206 37.870878288557634),6.656544013869391,59.75958755306707,ios,1.446139367909338,-0.13894976474712073,0.12333059200659524
40,37.87089119668852,-122.2677956243253,1564161407.0,2019-07-26T10:16:47-07:00,POINT (-122.2677956243253 37.87089119668852),6.55805295403613,61.19933621326977,ios,1.3071896031622172,-0.015619172740525489,0.07245185368460327
41,37.87090280562441,-122.26779327739241,1564161408.0,2019-07-26T10:16:48-07:00,POINT (-122.26779327739241 37.87090280562441),6.42224762348703,62.4967569806466,ios,1.2915704304216917,0.056832680944077785,-0.36436229786722985
42,37.87091437265079,-122.2677919362879,1564161409.0,2019-07-26T10:16:49-07:00,POINT (-122.2677919362879 37.87091437265079),6.374524754821639,63.78470535101863,ios,1.3484031113657695,-0.30752961692315206,-0.08956063509208456
43,37.87092648450087,-122.26779118191662,1564161410.0,2019-07-26T10:16:50-07:00,POINT (-122.26779118191662 37.87092648450087),6.381631253902912,65.13019761117334,ios,1.0408734944426175,-0.3970902520152366,0.3970644649413472
44,37.87093583032291,-122.26779185246887,1564161411.0,2019-07-26T10:16:51-07:00,POINT (-122.26779185246887 37.87093583032291),6.4971275359076275,66.16240054237576,ios,0.6437832424273808,-2.5787073889449452e-05,0.07827425099230367
45,37.87094161395193,-122.26779151718603,1564161412.0,2019-07-26T10:16:52-07:00,POINT (-122.26779151718603 37.87094161395193),6.502711645446395,66.80477784635258,ios,0.6437574553534914,0.07824846391841422,-0.07824847438043281
46,37.87094739734928,-122.2677911819166,1564161413.0,2019-07-26T10:16:53-07:00,POINT (-122.2677911819166 37.87094739734928),6.508295536881068,67.44712941950512,ios,0.7220059192719056,-1.0462018584789234e-08,-4.389397870663281e-05
47,37.870953306710774,-122.2677877732069,1564161414.0,2019-07-26T10:16:54-07:00,POINT (-122.2677877732069 37.870953306710774),6.244719605325761,68.11819295034459,ios,0.722005908809887,-4.39044407252176e-05,1.1172303185050856
48,37.870959216072265,-122.26778436449722,1564161415.0,2019-07-26T10:16:55-07:00,POINT (-122.26778436449722 37.870959216072265),5.981143720408319,68.78925649158786,ios,0.7219620043691618,1.1171864140643604,-0.7733822045199552
49,37.87096512507449,-122.26778095599475,1564161416.0,2019-07-26T10:16:56-07:00,POINT (-122.26778095599475 37.87096512507449),5.717583909815759,69.46027924433167,ios,1.839148418433522,0.34380420954440516,-0.4972251542071209
50,37.87098134405713,-122.2677768488622,1564161417.0,2019-07-26T10:16:57-07:00,POINT (-122.2677768488622 37.87098134405713),5.606781733897786,69.98161952958564,ios,2.182952627977927,-0.15342094466271572,-0.06346497153235275
51,37.871000706253454,-122.26777274172964,1564161418.0,2019-07-26T10:16:58-07:00,POINT (-122.26777274172964 37.871000706253454),6.25572737993189,69.98161952958564,ios,2.0295316833152115,-0.21688591619506847,-0.04594206465206141
52,37.87101847588818,-122.26776746113065,1564161419.0,2019-07-26T10:16:59-07:00,POINT (-122.26776746113065 37.87101847588818),7.302355262399845,69.98161952958564,ios,1.812645767120143,-0.2628279808471299,-0.5866258271389118
53,37.871033982409045,-122.26776109088424,1564161420.0,2019-07-26T10:17:00-07:00,POINT (-122.26776109088424 37.871033982409045),8.435132727959676,69.98161952958564,ios,1.5498177862730131,-0.8494538079860416,0.849425231196501
54,37.871046848630414,-122.26775430154267,1564161421.0,2019-07-26T10:17:01-07:00,POINT (-122.26775430154267 37.871046848630414),9.486770788512764,69.98161952958564,ios,0.7003639782869715,-2.8576789540601943e-05,-0.04141551803802879
55,37.87105085107077,-122.26774814071824,1564161422.0,2019-07-26T10:17:02-07:00,POINT (-122.26774814071824 37.87105085107077),9.730414933658212,69.98161952958564,ios,0.7003354014974309,-0.04144409482756939,0.04141709243551728
56,37.87105485334794,-122.26774198014499,1564161423.0,2019-07-26T10:17:03-07:00,POINT (-122.26774198014499 37.87105485334794),10.017214045701976,69.98161952958564,ios,0.6588913066698615,-2.700239205211119e-05,-0.13879916276517523
57,37.871052548277305,-122.26773506493309,1564161424.0,2019-07-26T10:17:04-07:00,POINT (-122.26773506493309 37.871052548277305),9.642857082275698,69.98161952958564,ios,0.6588643042778094,-0.13882616515722734,0.13880547105263796
58,37.8710502433012,-122.26772815000477,1564161425.0,2019-07-26T10:17:05-07:00,POINT (-122.26772815000477 37.8710502433012),9.300310220114808,69.98161952958564,ios,0.520038139120582,-2.069410458938048e-05,-0.17153095874887825
59,37.87104793823194,-122.26772299503169,1564161426.0,2019-07-26T10:17:06-07:00,POINT (-122.26772299503169 37.87104793823194),9.00285172942463,69.98161952958564,ios,0.5200174450159927,-0.17155165285346763,0.17155164980469823
60,37.871045633254454,-122.26771784026387,1564161427.0,2019-07-26T10:17:07-07:00,POINT (-122.26771784026387 37.871045633254454),8.72634377797999,69.98161952958564,ios,0.34846579216252505,-3.048769403601881e-09,-2.7146929704180423e-09
61,37.87104825265259,-122.26772001960312,1564161428.0,2019-07-26T10:17:08-07:00,POINT (-122.26772001960312 37.87104825265259),9.022908519999369,69.98161952958564,ios,0.34846578911375564,-5.763462374019923e-09,4.744618364860287e-09
62,37.87105087205073,-122.26772219894238,1564161429.0,2019-07-26T10:17:09-07:00,POINT (-122.26772219894238 37.87105087205073),9.323041635136947,69.98161952958564,ios,0.34846578335029327,-1.0188440091596362e-09,-4.7689938664774445e-09
63,37.87105349144886,-122.26772437828161,1564161430.0,2019-07-26T10:17:10-07:00,POINT (-122.26772437828161 37.87105349144886),9.626409359068942,69.98161952958564,ios,0.34846578233144926,-5.787837875637081e-09,-4.261714591419219e-05
64,37.871056110847,-122.26772655762089,1564161431.0,2019-07-26T10:17:11-07:00,POINT (-122.26772655762089 37.871056110847),9.932715323977513,69.98161952958564,ios,0.3484657765436114,-4.2622933752067826e-05,1.1042810502579143
65,37.87105873024514,-122.26772873696012,1564161432.0,2019-07-26T10:17:12-07:00,POINT (-122.26772873696012 37.87105873024514),10.241695901684523,69.98161952958564,ios,0.3484231536098593,1.1042384273241623,-0.953153073151904
66,37.8710613493229,-122.26773091603283,1564161433.0,2019-07-26T10:17:13-07:00,POINT (-122.26773091603283 37.8710613493229),10.553077936813736,69.98161952958564,ios,1.4526615809340218,0.15108535417225832,-0.2754185330556158
67,37.87107346117298,-122.26773711864116,1564161434.0,2019-07-26T10:17:14-07:00,POINT (-122.26773711864116 37.87107346117298),11.960968586634374,69.98161952958564,ios,1.60374693510628,-0.12433317888335749,0.06921365356399489
68,37.87108762658934,-122.26774055522147,1564161435.0,2019-07-26T10:17:15-07:00,POINT (-122.26774055522147 37.87108762658934),13.560774622964852,69.98161952958564,ios,1.4794137562229226,-0.055119525319362594,-0.1514586266812823
69,37.87110032517265,-122.26774558436337,1564161436.0,2019-07-26T10:17:16-07:00,POINT (-122.26774558436337 37.87110032517265),15.024060331881381,69.98161952958564,ios,1.42429423090356,-0.2065781520006449,-0.1975429743401086
70,37.871112898027405,-122.26774868566754,1564161437.0,2019-07-26T10:17:17-07:00,POINT (-122.26774868566754 37.871112898027405),16.4453076090423,69.98161952958564,ios,1.2177160789029151,-0.4041211263407535,0.4040863945657166
71,37.871123836411044,-122.2677493562198,1564161438.0,2019-07-26T10:17:18-07:00,POINT (-122.2677493562198 37.871123836411044),17.65105682763282,69.98161952958564,ios,0.8135949525621616,-3.4731775036878076e-05,-0.8135254890120879
72,37.87113060494229,-122.26775287669423,1564161439.0,2019-07-26T10:17:19-07:00,POINT (-122.26775287669423 37.87113060494229),18.44420555944408,69.98161952958564,ios,0.8135602207871248,-0.8135602207871248,0.8135602207871248
73,37.871137373184666,-122.26775639701846,1564161440.0,2019-07-26T10:17:20-07:00,POINT (-122.26775639701846 37.871137373184666),19.23892145058119,69.98161952958564,ios,0.0,0.0,0.0
