,latitude,longitude,ts,fmt_time,geometry,gt_distance,gt_projection,source,speed,acceleration,jerk
0,37.87035609599005,-122.26806074392262,1575397096.0,2019-12-03T10:18:16-08:00,POINT (-122.26806074392262 37.87035609599005),24.596826820166967,0.0,ios,1.4640080009788454,-0.24341534165305334,0.12978002190292592
1,37.87036435216467,-122.2680477519727,1575397097.0,2019-12-03T10:18:17-08:00,POINT (-122.2680477519727 37.87036435216467),23.54535690950813,0.0,ios,1.220592659325792,-0.11363531975012742,0.22353248347834387
2,37.87037063859205,-122.26803635258439,1575397098.0,2019-12-03T10:18:18-08:00,POINT (-122.26803635258439 37.87037063859205),22.64432295545049,0.0,ios,1.1069573395756647,0.10989716372821645,-0.31649617919202133
3,37.87037428471993,-122.26802461791995,1575397099.0,2019-12-03T10:18:19-08:00,POINT (-122.26802461791995 37.87037428471993),21.69209657324621,0.0,ios,1.2168545033038811,-0.20659901546380488,-0.10288884538645526
4,37.870378894766674,-122.26801204506519,1575397100.0,2019-12-03T10:18:20-08:00,POINT (-122.26801204506519 37.870378894766674),20.68699473595048,2.8522348981381933,ios,1.0102554878400762,-0.30948786085026014,0.30948784678330854
5,37.87038375627051,-122.26800232205751,1575397101.0,2019-12-03T10:18:21-08:00,POINT (-122.26800232205751 37.87038375627051),19.87709573841296,3.4575365678056658,ios,0.7007676269898161,-1.406695160355298e-08,-0.0334953748755511
6,37.87038905775665,-122.26799800543245,1575397102.0,2019-12-03T10:18:22-08:00,POINT (-122.26799800543245 37.87038905775665),19.54509198164016,4.073927410957917,ios,0.7007676129228645,-0.0334953889425027,0.033405283090239046
7,37.87039435924278,-122.26799368880737,1575397103.0,2019-12-03T10:18:23-08:00,POINT (-122.26799368880737 37.87039435924278),19.213088281101605,4.690318270170457,ios,0.6672722239803618,-9.010585226365553e-05,0.2352951478805413
8,37.87040035277816,-122.26799406590423,1575397104.0,2019-12-03T10:18:24-08:00,POINT (-122.26799406590423 37.87040035277816),19.298702931918662,5.350632216114657,ios,0.6671821181280981,0.23520504202827763,-0.23524508631471908
9,37.87040634549956,-122.26799444306853,1575397105.0,2019-12-03T10:18:25-08:00,POINT (-122.26799444306853 37.87040634549956),19.38431635343941,6.010855661584184,ios,0.9023871601563758,-4.004428644144298e-05,-0.0964398806215161
10,37.87041300926034,-122.26798857560621,1575397106.0,2019-12-03T10:18:26-08:00,POINT (-122.26798857560621 37.87041300926034),18.928277959768916,6.788704420241213,ios,0.9023471158699343,-0.09647992490795754,0.09644358584328783
11,37.8704196727256,-122.26798270840409,1575397107.0,2019-12-03T10:18:27-08:00,POINT (-122.26798270840409 37.8704196727256),18.47225988506555,7.566518711737757,ios,0.8058671909619768,-3.6339064669710375e-05,0.09132896746620489
12,37.8704252468168,-122.26797684093967,1575397108.0,2019-12-03T10:18:28-08:00,POINT (-122.26797684093967 37.8704252468168),18.00666741991641,8.22384100941846,ios,0.8058308518973071,0.09129262840153518,-0.09133091418746797
13,37.87043082065682,-122.26797097373965,1575397109.0,2019-12-03T10:18:29-08:00,POINT (-122.26797097373965 37.87043082065682),17.541096017285245,8.881133715357397,ios,0.8971234802988423,-3.8285785932790084e-05,-0.11922665328657533
14,37.870438888410774,-122.26797105756049,1575397110.0,2019-12-03T10:18:30-08:00,POINT (-122.26797105756049 37.870438888410774),17.61918256370024,9.772911891253463,ios,0.8970851945129095,-0.11926493907250812,0.1192300734418158
15,37.87044695582043,-122.26797114137773,1575397111.0,2019-12-03T10:18:31-08:00,POINT (-122.26797114137773 37.87044695582043),17.6972657785992,10.664652008636812,ios,0.7778202554404013,-3.486563069232673e-05,0.4643228821758406
16,37.87045391295598,-122.26797206340775,1575397112.0,2019-12-03T10:18:32-08:00,POINT (-122.26797206340775 37.87045391295598),17.839616165900992,11.293319587762674,ios,0.777785389809709,0.4642880165451483,-0.4610319027445061
17,37.87046086977969,-122.26797298539643,1575397113.0,2019-12-03T10:18:33-08:00,POINT (-122.26797298539643 37.87046086977969),18.00280964913502,11.430555980573107,ios,1.2420734063548573,0.0032561138006421686,-0.1401043360261942
18,37.870471850072846,-122.26797038700643,1575397114.0,2019-12-03T10:18:34-08:00,POINT (-122.26797038700643 37.870471850072846),17.923432788522867,12.667584440200972,ios,1.2453295201554995,-0.13684822222555204,0.13679878179773008
19,37.87048287227552,-122.26796787243548,1575397115.0,2019-12-03T10:18:35-08:00,POINT (-122.26796787243548 37.87048287227552),17.851937094494943,13.908336305092332,ios,1.1084812979299474,-4.9440427821956234e-05,0.21027612903738424
20,37.87049211352977,-122.26796313655461,1575397116.0,2019-12-03T10:18:36-08:00,POINT (-122.26796313655461 37.87049211352977),17.56257926913251,14.976587628736143,ios,1.1084318575021255,0.21022668860956228,-0.27429570104879963
21,37.87050135437201,-122.2679584008849,1575397117.0,2019-12-03T10:18:37-08:00,POINT (-122.2679584008849 37.87050135437201),17.2732344537105,16.044791337307124,ios,1.3186585461116878,-0.06406901243923735,0.1713552578417743
22,37.870512125117585,-122.26795211445751,1575397118.0,2019-12-03T10:18:38-08:00,POINT (-122.26795211445751 37.870512125117585),16.869044054731976,17.298009519347293,ios,1.2545895336724504,0.10728624540253695,-0.15189413336419832
23,37.87052222531091,-122.2679457442111,1575397119.0,2019-12-03T10:18:39-08:00,POINT (-122.2679457442111 37.87052222531091),16.448528834574358,18.478266061578058,ios,1.3618757790749874,-0.044607887961661374,0.4676115716055662
24,37.87053320560406,-122.2679388710505,1575397120.0,2019-12-03T10:18:40-08:00,POINT (-122.2679388710505 37.87053320560406),15.995926261880033,19.76081107598352,ios,1.317267891113326,0.42300368364390484,-0.1606573204259365
25,37.87054447926383,-122.26793426100376,1575397121.0,2019-12-03T10:18:41-08:00,POINT (-122.26793426100376 37.87054447926383),15.744854715731504,21.051570299563927,ios,1.7402715747572308,0.26234636321796834,-0.5058055834145609
26,37.870559776237116,-122.26793007005217,1575397122.0,2019-12-03T10:18:42-08:00,POINT (-122.26793007005217 37.870559776237116),15.584415115481857,22.78099196863444,ios,2.002617937975199,-0.2434592201965926,-0.1384703115219168
27,37.87057750396232,-122.26792604673865,1575397123.0,2019-12-03T10:18:43-08:00,POINT (-122.26792604673865 37.87057750396232),15.471261783782014,24.776349938403435,ios,1.7591587177786066,-0.3819295317185094,0.1844513978792024
28,37.87059280093561,-122.26792093377772,1575397124.0,2019-12-03T10:18:44-08:00,POINT (-122.26792093377772 37.87059280093561),15.192932968063491,27.095320786113167,ios,1.3772291860600971,-0.197478133839307,-0.2629064145412269
29,37.87060461941908,-122.26791623991194,1575397125.0,2019-12-03T10:18:45-08:00,POINT (-122.26791623991194 37.87060461941908),14.890549702325771,28.43643263284754,ios,1.1797510522207901,-0.4603845483805339,0.4603845381859317
30,37.87061425860773,-122.26791062403682,1575397126.0,2019-12-03T10:18:46-08:00,POINT (-122.26791062403682 37.87061425860773),14.487244620688339,29.543320957318684,ios,0.7193665038402562,-1.019460216244994e-08,-4.767731929922192e-05
31,37.870620237830764,-122.26790749472381,1575397127.0,2019-12-03T10:18:47-08:00,POINT (-122.26790749472381 37.870620237830764),14.268122187183774,30.227336948837277,ios,0.7193664936456541,-4.768751390138437e-05,-0.42166339202518394
32,37.87062621705379,-122.26790436541084,1575397128.0,2019-12-03T10:18:48-08:00,POINT (-122.26790436541084 37.87062621705379),14.04899979928128,30.911352944382532,ios,0.7193188061317527,-0.4217110795390853,0.4217110767089726
33,37.87063219588052,-122.26790123630528,1575397129.0,2019-12-03T10:18:49-08:00,POINT (-122.26790123630528 37.87063219588052),13.82989198408166,31.59532361192962,ios,0.2976077265926674,-2.8301126997476445e-09,8.761599779028018e-10
34,37.87063461830402,-122.26789979458609,1575397130.0,2019-12-03T10:18:50-08:00,POINT (-122.26789979458609 37.87063461830402),13.725873415995887,31.87371791160192,ios,0.2976077237625547,-1.9539527218448427e-09,8.997778078168039e-10
35,37.870637040727516,-122.26789835286692,1575397131.0,2019-12-03T10:18:51-08:00,POINT (-122.26789835286692 37.870637040727516),13.621854860749568,32.1521122112382,ios,0.29760772180860195,-1.0541749140280388e-09,-3.2852909795821894e-05
36,37.87063946315101,-122.26789691114774,1575397132.0,2019-12-03T10:18:52-08:00,POINT (-122.26789691114774 37.87063946315101),13.517836311982292,32.43050651318693,ios,0.29760772075442704,-3.285396397073592e-05,0.4198571973963819
37,37.87064188557451,-122.26789546942857,1575397133.0,2019-12-03T10:18:53-08:00,POINT (-122.26789546942857 37.87064188557451),13.413817771597333,32.708900816370345,ios,0.2975748667904563,0.41982434343241115,-0.4198559889351495
38,37.8706443077306,-122.26789402786854,1575397134.0,2019-12-03T10:18:54-08:00,POINT (-122.26789402786854 37.8706443077306),13.309810722804183,32.98726438982095,ios,0.7173992102228675,-3.164550273837552e-05,0.27331895372023773
39,37.87065061525184,-122.26789230954049,1575397135.0,2019-12-03T10:18:55-08:00,POINT (-122.26789230954049 37.87065061525184),13.217392013950718,33.69726105155163,ios,0.7173675647201291,0.27328730821749936,-0.2733314891089016
40,37.870656922494874,-122.26789059128825,1575397136.0,2019-12-03T10:18:56-08:00,POINT (-122.26789059128825 37.870656922494874),13.124977408900445,34.407226398962166,ios,0.9906548729376284,-4.418089140223458e-05,0.7728191097478524
41,37.870665220763996,-122.26789469851235,1575397137.0,2019-12-03T10:18:57-08:00,POINT (-122.26789469851235 37.870665220763996),13.561542452174066,35.294735308449944,ios,0.9906106920462262,0.7727749288564502,-0.8687642034289808
42,37.87067351866315,-122.26789880555336,1575397138.0,2019-12-03T10:18:58-08:00,POINT (-122.26789880555336 37.87067351866315),13.998087957114002,36.18220466956731,ios,1.7633856209026764,-0.09598927457253059,0.38291581758863824
43,37.87068936046015,-122.26789972756269,1575397139.0,2019-12-03T10:18:59-08:00,POINT (-122.26789972756269 37.87068936046015),14.225063537615043,37.927105289838686,ios,1.6673963463301458,0.28692654301610765,-0.1967521470511404
44,37.870704154519245,-122.26789662625852,1575397140.0,2019-12-03T10:19:00-08:00,POINT (-122.26789662625852 37.870704154519245),14.08972439625745,39.58558204750205,ios,1.9543228893462534,0.09017439596496724,-0.29449243186112795
45,37.87072012204479,-122.267887322346,1575397141.0,2019-12-03T10:19:01-08:00,POINT (-122.267887322346 37.87072012204479),13.421546519701725,41.41917472422744,ios,2.0444972853112207,-0.2043180358961607,0.24223142555208432
46,37.87073315590422,-122.26787089381578,1575397142.0,2019-12-03T10:19:02-08:00,POINT (-122.26787089381578 37.87073315590422),12.10182160505811,42.98049692767308,ios,1.84017924941506,0.03791338965592361,-0.502460187464359
47,37.870743004640445,-122.26785404619041,1575397143.0,2019-12-03T10:19:03-08:00,POINT (-122.26785404619041 37.870743004640445),10.715976155225405,44.192702154743856,ios,1.8780926390709836,-0.46454679780843544,0.16718403923342895
48,37.87075297910522,-122.26783677946987,1575397144.0,2019-12-03T10:19:04-08:00,POINT (-122.26783677946987 37.87075297910522),9.294556989415732,45.421874746845916,ios,1.4135458412625481,-0.2973627585750065,0.2973126904902257
49,37.870761319098875,-122.26782462571028,1575397145.0,2019-12-03T10:19:05-08:00,POINT (-122.26782462571028 37.870761319098875),8.306214522872773,46.43292705044583,ios,1.1161830826875416,-5.006808478080771e-05,0.22788450626551038
50,37.870769743100354,-122.26781771048518,1575397146.0,2019-12-03T10:19:06-08:00,POINT (-122.26781771048518 37.870769743100354),7.762144106516803,47.63746748738969,ios,1.1161330146027608,0.22783443818072957,-0.8718858233072133
51,37.87077816672425,-122.26781079557004,1575397147.0,2019-12-03T10:19:07-08:00,POINT (-122.26781079557004 37.87077816672425),7.205864673622513,48.60391994101311,ios,1.3439674527834904,-0.6440513851264837,0.6440206775165023
52,37.87078638098936,-122.26779956381979,1575397148.0,2019-12-03T10:19:08-08:00,POINT (-122.26779956381979 37.87078638098936),6.269193433989918,49.56790386508015,ios,0.6999160676570066,-3.070760998147293e-05,0.7086787007288193
53,37.87079254182333,-122.26779792931282,1575397149.0,2019-12-03T10:19:09-08:00,POINT (-122.26779792931282 37.87079254182333),6.162958343797057,50.258309563439305,ios,0.6998853600470252,0.7086479931188379,-0.5911695817297371
54,37.87079870238702,-122.26779629487754,1575397150.0,2019-12-03T10:19:10-08:00,POINT (-122.26779629487754 37.87079870238702),6.05672793636829,50.94868497692839,ios,1.408533353165863,0.11747841138910076,-0.4732203330734639
55,37.870811191422746,-122.26779897708657,1575397151.0,2019-12-03T10:19:11-08:00,POINT (-122.26779897708657 37.870811191422746),6.367934633282069,52.319465626291546,ios,1.5260117645549638,-0.35574192168436314,0.372432059509209
56,37.870824644377336,-122.26780241366687,1575397152.0,2019-12-03T10:19:12-08:00,POINT (-122.26780241366687 37.870824644377336),6.751231723031815,53.79341680298092,ios,1.1702698428706007,0.016690137824845852,0.2225546552538762
57,37.87083516366582,-122.26780283276203,1575397153.0,2019-12-03T10:19:13-08:00,POINT (-122.26780283276203 37.87083516366582),6.851751257159237,54.95683523343642,ios,1.1869599806954465,0.23924479307872204,-0.502579429062783
58,37.870845808682844,-122.26780182693365,1575397154.0,2019-12-03T10:19:14-08:00,POINT (-122.26780182693365 37.870845808682844),6.827889183897632,56.14102454358549,ios,1.4262047737741685,-0.2633346359840609,0.1696295383835129
59,37.87085859108518,-122.26780048582914,1575397155.0,2019-12-03T10:19:15-08:00,POINT (-122.26780048582914 37.87085859108518),6.787527328661491,57.56362424718164,ios,1.1628701377901076,-0.09370509760054802,-0.21699956609298965
60,37.870868858916566,-122.26779797125819,1575397156.0,2019-12-03T10:19:16-08:00,POINT (-122.26779797125819 37.870868858916566),6.628876372151886,58.713269081421586,ios,1.0691650401895596,-0.31070466369353766,0.31067120017206296
61,37.870877785643444,-122.26779344503048,1575397157.0,2019-12-03T10:19:17-08:00,POINT (-122.26779344503048 37.870877785643444),6.285430186033504,59.72399162313522,ios,0.7584603764960219,-3.34635214747081e-05,-0.4119063342852756
62,37.87088407220946,-122.26779009219526,1575397158.0,2019-12-03T10:19:18-08:00,POINT (-122.26779009219526 37.87088407220946),6.02904572876503,60.436577324868146,ios,0.7584269129745472,-0.41193979780675033,0.411939796841001
63,37.8708903584982,-122.26778673950793,1575397159.0,2019-12-03T10:19:19-08:00,POINT (-122.26778673950793 37.8708903584982),5.77267263116346,61.149131607370016,ios,0.3464871151677969,-9.657493138526263e-10,-2.2715912695481233e-05
64,37.87089055408022,-122.26778279992735,1575397160.0,2019-12-03T10:19:20-08:00,POINT (-122.26778279992735 37.87089055408022),5.427865997057778,61.189715120360916,ios,0.3464871142020476,-2.2716878444795086e-05,-0.12513074321334341
65,37.87089074966223,-122.26777886034677,1575397161.0,2019-12-03T10:19:21-08:00,POINT (-122.26777886034677 37.87089074966223),5.083059365465825,61.23029864721929,ios,0.3464643973236028,-0.1251534600917882,0.1817065120611397
66,37.87089094523142,-122.26777492102447,1575397162.0,2019-12-03T10:19:22-08:00,POINT (-122.26777492102447 37.87089094523142),4.738275340190256,61.270879528247654,ios,0.22131093723181458,0.056553051969351495,-0.011310611660053812
67,37.870895241044146,-122.26778629241149,1575397167.0,2019-12-03T10:19:27-08:00,POINT (-122.26778629241149 37.870895241044146),5.762979139077216,61.69221487595362,ios,0.5040761970785721,-6.330917567964889e-09,5.235244460166655e-10
68,37.870899201580734,-122.26778349838214,1575397168.0,2019-12-03T10:19:28-08:00,POINT (-122.26778349838214 37.870899201580734),5.541583339676988,62.14441711428185,ios,0.5040761907476545,-5.807393121948223e-09,-6.902687310628153e-10
69,37.87090316211733,-122.26778070435282,1575397169.0,2019-12-03T10:19:29-08:00,POINT (-122.26778070435282 37.87090316211733),5.320187569595146,62.596619361493644,ios,0.5040761849402614,-6.497661853011039e-09,-6.670089612081931e-05
70,37.870907122653925,-122.26777791032347,1575397170.0,2019-12-03T10:19:30-08:00,POINT (-122.26777791032347 37.870907122653925),5.098791824006002,63.0488216140855,ios,0.5040761784425996,-6.670739378267232e-05,0.25822242115538785
71,37.870911083190514,-122.26777511629412,1575397171.0,2019-12-03T10:19:31-08:00,POINT (-122.26777511629412 37.870911083190514),4.877396105438689,63.50102387380372,ios,0.5040094710488169,0.2581557137616052,-0.25818954322575316
72,37.87091504320304,-122.2677723226345,1575397172.0,2019-12-03T10:19:32-08:00,POINT (-122.2677723226345 37.87091504320304),4.656029711294926,63.953166303658705,ios,0.7621651848104221,-3.3829464147983046e-05,-0.5253993512491819
73,37.87091860559088,-122.26776490448569,1575397173.0,2019-12-03T10:19:33-08:00,POINT (-122.26776490448569 37.87091860559088),4.026112264919468,64.38345946159507,ios,0.7621313553462741,-0.5254331807133299,0.5104048735546927
74,37.87092216782074,-122.26775748666589,1575397174.0,2019-12-03T10:19:34-08:00,POINT (-122.26775748666589 37.87092216782074),3.396222820869499,64.81373358836902,ios,0.23669817463294418,-0.015028307158637233,0.003005661236903645
75,37.87092220380717,-122.26774400378548,1575397179.0,2019-12-03T10:19:39-08:00,POINT (-122.26774400378548 37.87092220380717),2.2123156655087657,64.88245593697553,ios,0.16155663883975802,-9.741190076795192e-10,1.8614561836383103e-09
76,37.870923646723924,-122.26774421932491,1575397180.0,2019-12-03T10:19:40-08:00,POINT (-122.26774421932491 37.870923646723924),2.23998476675285,65.04128162396349,ios,0.161556637865639,8.873371759587911e-10,-7.846512051212784e-10
77,37.87092508964067,-122.26774443486433,1575397181.0,2019-12-03T10:19:41-08:00,POINT (-122.26774443486433 37.87092508964067),2.267653867480806,65.2001073123741,ios,0.16155663875297618,1.0268597083751274e-10,-2.507557683911754e-05
78,37.87092653255743,-122.26774465040376,1575397182.0,2019-12-03T10:19:42-08:00,POINT (-122.26774465040376 37.87092653255743),2.295322967329434,65.35893299942737,ios,0.16155663885566215,-2.5075474153146704e-05,0.49448692814012546
79,37.87092797547418,-122.2677448659432,1575397183.0,2019-12-03T10:19:43-08:00,POINT (-122.2677448659432 37.87092797547418),2.3229920687551178,65.51775868780533,ios,0.161531563381509,0.4944618526659723,-0.4944904784327361
80,37.87092941816698,-122.26774508144918,1575397184.0,2019-12-03T10:19:44-08:00,POINT (-122.26774508144918 37.87092941816698),2.3506568744390113,65.6765597251943,ios,0.6559934160474813,-2.8625766763767935e-05,0.5225236409424229
81,37.87093511798548,-122.26774315356938,1575397185.0,2019-12-03T10:19:45-08:00,POINT (-122.26774315356938 37.87093511798548),2.2158649199768488,66.31729822524795,ios,0.6559647902807175,0.5224950151756591,-0.5225461708779162
82,37.870940817555294,-122.26774122577373,1575397186.0,2019-12-03T10:19:46-08:00,POINT (-122.26774122577373 37.870940817555294),2.081078878333496,66.95800877245361,ios,1.1784598054563766,-5.115570225711075e-05,0.128224348169371
83,37.870950771281265,-122.26773661562694,1575397187.0,2019-12-03T10:19:47-08:00,POINT (-122.26773661562694 37.870950771281265),1.736483931034895,68.08291554435523,ios,1.1784086497541195,0.1281731924671139,-0.13037198010369933
84,37.870960724575326,-122.26773200568024,1575397188.0,2019-12-03T10:19:48-08:00,POINT (-122.26773200568024 37.870960724575326),1.3919040528762578,69.20777352216494,ios,1.3065818422212334,-0.002198787636585431,-0.1255936408491305
85,37.87097183059703,-122.26772714417639,1575397189.0,2019-12-03T10:19:49-08:00,POINT (-122.26772714417639 37.87097183059703),1.1383310297026088,69.98161952958564,ios,1.304383054584648,-0.12779242848571593,0.2793579600210354
86,37.870983104256794,-122.26772303704384,1575397190.0,2019-12-03T10:19:50-08:00,POINT (-122.26772303704384 37.870983104256794),1.8987079924812287,69.98161952958564,ios,1.176590626098932,0.1515655315353195,-0.14638487129287103
87,37.870993413997695,-122.2677200195587,1575397191.0,2019-12-03T10:19:51-08:00,POINT (-122.2677200195587 37.870993413997695),2.954611583425821,69.98161952958564,ios,1.3281561576342515,0.005180660242448454,-0.5467979437328871
88,37.871005358209715,-122.26771993573966,1575397192.0,2019-12-03T10:19:52-08:00,POINT (-122.26771993573966 37.871005358209715),4.271721762978018,69.98161952958564,ios,1.3333368178767,-0.5416172834904387,0.5415816063661579
89,37.87101726051222,-122.26772177975836,1575397193.0,2019-12-03T10:19:53-08:00,POINT (-122.26772177975836 37.87101726051222),5.601633249707969,69.98161952958564,ios,0.7917195343862613,-3.567712428076408e-05,-0.7916481801376998
90,37.87102430146952,-122.26772312089308,1575397194.0,2019-12-03T10:19:54-08:00,POINT (-122.26772312089308 37.87102430146952),6.390687163212212,69.98161952958564,ios,0.7916838572619805,-0.7916838572619805,0.7916838572619805
91,37.871031342109546,-122.26772446196738,1575397195.0,2019-12-03T10:19:55-08:00,POINT (-122.26772446196738 37.871031342109546),7.179932713148186,69.98161952958564,ios,0.0,0.0,0.0
