,latitude,longitude,ts,fmt_time,geometry,gt_distance,gt_projection,source,speed,acceleration,jerk
0,37.87010153759073,-122.26813458848956,1581012940.0,2020-02-06T10:15:40-08:00,POINT (-122.26813458848956 37.87010153759073),23.89791968834617,0.0,ios,2.1240993023751966,-0.12253581895736376,-1.251787716680406
1,37.870119432954,-122.26814305421176,1581012941.0,2020-02-06T10:15:41-08:00,POINT (-122.26814305421176 37.870119432954),22.079469188044403,0.0,ios,2.001563483417833,-1.3743235356377697,1.374296299741339
2,37.870136657765016,-122.26814967591527,1581012942.0,2020-02-06T10:15:42-08:00,POINT (-122.26814967591527 37.870136657765016),20.350345213157794,0.0,ios,0.6272399477800631,-2.723589643061075e-05,0.10153799987833068
3,37.87013978009169,-122.26815562719564,1581012943.0,2020-02-06T10:15:43-08:00,POINT (-122.26815562719564 37.87013978009169),20.154730512454744,0.0,ios,0.6272127118836325,0.10151076398190007,-0.10154152873853395
4,37.87014290228288,-122.26816157821777,1581012944.0,2020-02-06T10:15:44-08:00,POINT (-122.26816157821777 37.87014290228288),19.97693946898097,0.0,ios,0.7287234758655325,-3.076475663388312e-05,-0.02274627963830045
5,37.87014405481889,-122.26816975074581,1581012945.0,2020-02-06T10:15:45-08:00,POINT (-122.26816975074581 37.87014405481889),20.089276097287502,0.0,ios,0.7286927111088987,-0.02277704439493433,0.022746562191354736
6,37.87014520730625,-122.26817792292896,1581012946.0,2020-02-06T10:15:46-08:00,POINT (-122.26817792292896 37.87014520730625),20.227352430302794,0.0,ios,0.7059156667139643,-3.0482203579595968e-05,0.03860588789326613
7,37.87014765906583,-122.26818534107332,1581012947.0,2020-02-06T10:15:47-08:00,POINT (-122.26818534107332 37.87014765906583),20.231975764461623,0.0,ios,0.7058851845103847,0.03857540568968654,-0.03860755748604905
8,37.87015011071961,-122.26819275889757,1581012948.0,2020-02-06T10:15:48-08:00,POINT (-122.26819275889757 37.87015011071961),20.261275244806473,0.0,ios,0.7444605902000713,-3.215179636251175e-05,3.8456511921929004
9,37.87015317018028,-122.26820030277321,1581012949.0,2020-02-06T10:15:49-08:00,POINT (-122.26820030277321 37.87015317018028),20.260844221723172,0.0,ios,0.7444284384037088,3.845619040396538,-3.8456180906623487
10,37.87015622950892,-122.26820784632329,1581012950.0,2020-02-06T10:15:50-08:00,POINT (-122.26820784632329 37.87015622950892),20.28781133885607,0.0,ios,4.590047478800247,9.497341890707389e-07,-1.7030605423358978
11,37.87012860006938,-122.26816899537074,1581012951.0,2020-02-06T10:15:51-08:00,POINT (-122.26816899537074 37.87012860006938),21.687964828488866,0.0,ios,4.590048428534436,-1.7030595926017087,1.3215385745663055
12,37.87010097062983,-122.26813014441821,1581012952.0,2020-02-06T10:15:52-08:00,POINT (-122.26813014441821 37.87010097062983),23.901691300723364,0.0,ios,2.886988835932727,-0.38152101803540317,0.07757236855415434
13,37.87010896830018,-122.2679660080585,1581012957.0,2020-02-06T10:15:57-08:00,POINT (-122.2679660080585 37.87010896830018),24.831683407815643,2.86521270134079,ios,0.9793837457557112,0.0063408247353685335,-0.0009064702603953892
14,37.8701606719176,-122.26829426374498,1581012987.0,2020-02-06T10:16:27-08:00,POINT (-122.26829426374498 37.8701606719176),24.64877774311952,0.0,ios,1.1696084878167672,-0.020853283076493145,0.08057512530406874
15,37.870167335530624,-122.26828395400408,1581012988.0,2020-02-06T10:16:28-08:00,POINT (-122.26828395400408 37.870167335530624),23.482598316073894,0.0,ios,1.148755204740274,0.059721842227575594,-0.014858751645700163
16,37.87017425060074,-122.2682742309964,1581012989.0,2020-02-06T10:16:29-08:00,POINT (-122.2682742309964 37.87017425060074),22.334436035055067,0.0,ios,1.2084770469678496,0.04486309058187543,-0.15470847944440935
17,37.870182716322944,-122.26826559763613,1581012990.0,2020-02-06T10:16:30-08:00,POINT (-122.26826559763613 37.870182716322944),21.136055513242948,0.0,ios,1.253340137549725,-0.10984538886253392,0.17469161563607516
18,37.870190301945314,-122.26825503643813,1581012991.0,2020-02-06T10:16:31-08:00,POINT (-122.26825503643813 37.870190301945314),19.882985566238297,0.0,ios,1.1434947486871911,0.06484622677354124,-0.1367646848147901
19,37.870196756010756,-122.2682448943353,1581012992.0,2020-02-06T10:16:32-08:00,POINT (-122.2682448943353 37.870196756010756),18.743661165849435,0.0,ios,1.2083409754607324,-0.07191845804124886,-0.2275606258202102
20,37.870202749071524,-122.26823341112795,1581012993.0,2020-02-06T10:16:33-08:00,POINT (-122.26823341112795 37.870202749071524),17.556852968701136,0.0,ios,1.1364225174194835,-0.29947908386145905,0.2994423373101126
21,37.87020794585149,-122.26822226319673,1581012994.0,2020-02-06T10:16:34-08:00,POINT (-122.26822226319673 37.87020794585149),16.45715978467387,0.0,ios,0.8369434335580245,-3.674655134644489e-05,-0.22152897680088235
22,37.87021127773109,-122.26821371346796,1581012995.0,2020-02-06T10:16:35-08:00,POINT (-122.26821371346796 37.87021127773109),15.670231577345568,0.0,ios,0.836906687006678,-0.2215657233522288,0.22153856847208653
23,37.87021460946451,-122.26820516411425,1581012996.0,2020-02-06T10:16:36-08:00,POINT (-122.26820516411425 37.87021460946451),14.88890798253615,0.0,ios,0.6153409636544492,-2.715488014226608e-05,-0.1823976033098471
24,37.87021724982224,-122.26819900327958,1581012997.0,2020-02-06T10:16:37-08:00,POINT (-122.26819900327958 37.87021724982224),14.309848326188812,0.0,ios,0.615313808774307,-0.18242475818998938,0.18242475168362915
25,37.87021989006351,-122.2681928427166,1581012998.0,2020-02-06T10:16:38-08:00,POINT (-122.2681928427166 37.87021989006351),13.734029380465847,0.0,ios,0.4328890505843176,-6.506360228364372e-09,-2.7659644462774136e-05
26,37.87022301937401,-122.268189908988,1581012999.0,2020-02-06T10:16:39-08:00,POINT (-122.268189908988 37.87022301937401),13.302375737764407,0.0,ios,0.43288904407795736,-2.76661508230025e-05,-0.05114033661208489
27,37.87022614868451,-122.26818697525941,1581013000.0,2020-02-06T10:16:40-08:00,POINT (-122.26818697525941 37.87022614868451),12.87078557681363,0.0,ios,0.43286137792713436,-0.051168002762907894,0.05116799756853585
28,37.87022927779506,-122.26818404171827,1581013001.0,2020-02-06T10:16:41-08:00,POINT (-122.26818404171827 37.87022927779506),12.439293077621233,0.0,ios,0.38169337516422647,-5.1943720436042895e-09,-3.47097695030385e-09
29,37.87023162477831,-122.26818086850113,1581013002.0,2020-02-06T10:16:42-08:00,POINT (-122.26818086850113 37.87023162477831),12.059909097250227,0.0,ios,0.3816933699698544,-8.66534899390814e-09,4.0111774457507465e-09
30,37.87023397176156,-122.26817769528397,1581013003.0,2020-02-06T10:16:43-08:00,POINT (-122.26817769528397 37.87023397176156),11.680677557797281,0.0,ios,0.38169336130450543,-4.654171548157393e-09,-2.3607529264779714e-09
31,37.87023631874481,-122.26817452206684,1581013004.0,2020-02-06T10:16:44-08:00,POINT (-122.26817452206684 37.87023631874481),11.301613804926491,0.0,ios,0.3816933566503339,-7.0149244746353645e-09,1.0804021566279687e-09
32,37.87023866572806,-122.26817134884969,1581013005.0,2020-02-06T10:16:45-08:00,POINT (-122.26817134884969 37.87023866572806),10.922735306454857,0.0,ios,0.3816933496354094,-5.934522318007396e-09,-5.733272648483778e-05
33,37.870241012711304,-122.26816817563254,1581013006.0,2020-02-06T10:16:46-08:00,POINT (-122.26816817563254 37.870241012711304),10.544062033303746,0.0,ios,0.3816933437008871,-5.733866100715579e-05,0.563688990574434
34,37.870243359694555,-122.26816500241539,1581013007.0,2020-02-06T10:16:47-08:00,POINT (-122.26816500241539 37.870243359694555),10.165616917862465,0.0,ios,0.38163600503987993,0.5636316519134268,-0.5636722572062197
35,37.87024570632528,-122.26816182967487,1581013008.0,2020-02-06T10:16:48-08:00,POINT (-122.26816182967487 37.87024570632528),9.78748321093547,0.0,ios,0.9452676569533067,-4.0605292792927905e-05,0.03608268314755525
36,37.87024956208347,-122.26815223218979,1581013009.0,2020-02-06T10:16:49-08:00,POINT (-122.26815223218979 37.87024956208347),8.931894998472309,0.0,ios,0.9452270516605138,0.03604207785476232,-0.03608422307463377
37,37.870253417676196,-122.26814263511659,1581013010.0,2020-02-06T10:16:50-08:00,POINT (-122.26814263511659 37.870253417676196),8.096573606216817,0.0,ios,0.9812691295152761,-4.2145219871447814e-05,0.12275278660151734
38,37.87025658191254,-122.26813219942323,1581013011.0,2020-02-06T10:16:51-08:00,POINT (-122.26813219942323 37.87025658191254),7.318912223088699,0.0,ios,0.9812269842954047,0.12271064138164589,-0.09145874254464093
39,37.87025974601309,-122.26812176417769,1581013012.0,2020-02-06T10:16:52-08:00,POINT (-122.26812176417769 37.87025974601309),6.596240500621753,0.0,ios,1.1039376256770506,0.031251898837004966,-0.08957338168347628
40,37.870263140683875,-122.26810994569423,1581013013.0,2020-02-06T10:16:53-08:00,POINT (-122.26810994569423 37.870263140683875),5.889889360643442,0.0,ios,1.1351895245140555,-0.05832148284647132,0.020396228737389777
41,37.87026624198805,-122.26809762429657,1581013014.0,2020-02-06T10:16:54-08:00,POINT (-122.26809762429657 37.87026624198805),5.349205344846653,0.0,ios,1.0768680416675842,-0.03792525410908154,0.10665053604789487
42,37.87026946902077,-122.2680860572702,1581013015.0,2020-02-06T10:16:55-08:00,POINT (-122.2680860572702 37.87026946902077),4.991333012940471,0.0,ios,1.0389427875585027,0.06872528193881333,0.0489856371178603
43,37.87027198359172,-122.26807465788188,1581013016.0,2020-02-06T10:16:56-08:00,POINT (-122.26807465788188 37.87027198359172),4.904618779195585,0.41756042636238583,ios,1.107668069497316,0.11771091905667364,-0.0780405306569536
44,37.87027441434364,-122.26806242030325,1581013017.0,2020-02-06T10:16:57-08:00,POINT (-122.26806242030325 37.87027441434364),4.8823684185722875,1.5269843287405067,ios,1.2253789885539896,0.039670388399720036,-0.2003084965873727
45,37.8702766774575,-122.26804875780108,1581013018.0,2020-02-06T10:16:58-08:00,POINT (-122.26804875780108 37.8702766774575),4.906265850829919,2.7544089667757325,ios,1.2650493769537097,-0.16063810818765267,0.08608895151335427
46,37.87027877293329,-122.26803459238472,1581013019.0,2020-02-06T10:16:59-08:00,POINT (-122.26803459238472 37.87027877293329),5.091063093375815,2.86521270134079,ios,1.104411268766057,-0.0745491566742984,0.20808523986073757
47,37.87027915011893,-122.26802201952997,1581013020.0,2020-02-06T10:17:00-08:00,POINT (-122.26802201952997 37.87027915011893),5.630575882792308,2.86521270134079,ios,1.0298621120917586,0.13353608318643917,-0.12044635385276647
48,37.87028070077102,-122.26801045250359,1581013021.0,2020-02-06T10:17:01-08:00,POINT (-122.26801045250359 37.87028070077102),6.1648881509179505,2.86521270134079,ios,1.1633981952781978,0.013089729333672695,0.11448599152168049
49,37.87028543654631,-122.26799863402012,1581013022.0,2020-02-06T10:17:02-08:00,POINT (-122.26799863402012 37.87028543654631),6.621210541221297,2.86521270134079,ios,1.1764879246118705,0.12757572085535318,-0.3783482030245038
50,37.870293692720935,-122.26799025211695,1581013023.0,2020-02-06T10:17:03-08:00,POINT (-122.26799025211695 37.870293692720935),6.793779625586527,2.86521270134079,ios,1.3040636454672236,-0.2507724821691506,0.06400224409132582
51,37.870304924471185,-122.26798597734633,1581013024.0,2020-02-06T10:17:04-08:00,POINT (-122.26798597734633 37.870304924471185),6.722190830069122,2.86521270134079,ios,1.053291163298073,-0.18677023807782478,0.20463774960070455
52,37.87031439602177,-122.26798614498439,1581013025.0,2020-02-06T10:17:05-08:00,POINT (-122.26798614498439 37.87031439602177),6.525697535817723,2.86521270134079,ios,0.8665209252202483,0.017867511522879766,0.014406281963576014
53,37.87036864808327,-122.26799335343385,1581013032.0,2020-02-06T10:17:12-08:00,POINT (-122.26799335343385 37.87036864808327),7.968340426135826,2.9297175580013124,ios,0.9915935058804066,0.11871148526791186,-0.40019527342860106
54,37.870377553662166,-122.26799394015435,1581013033.0,2020-02-06T10:17:13-08:00,POINT (-122.26799394015435 37.870377553662166),8.593521836320436,3.696656086850822,ios,1.1103049911483185,-0.2814837881606892,0.2814476257944333
55,37.87038752812694,-122.26799452688756,1581013034.0,2020-02-06T10:17:14-08:00,POINT (-122.26799452688756 37.87038752812694),9.298329675063187,4.551488001096629,ios,0.8288212029876293,-3.616236625592073e-05,-0.010303898982192528
56,37.87039494627307,-122.26799544891703,1581013035.0,2020-02-06T10:17:15-08:00,POINT (-122.26799544891703 37.87039494627307),9.79084728432505,5.21591877720747,ios,0.8287850406213734,-0.010340061348448448,0.010340060381475391
57,37.870402364095554,-122.26799637090625,1581013036.0,2020-02-06T10:17:16-08:00,POINT (-122.26799637090625 37.870402364095554),10.283343418174601,5.880320553079661,ios,0.8184449792729249,-9.669730571815194e-10,1.64634861299362e-09
58,37.87040971342121,-122.26799585840864,1581013037.0,2020-02-06T10:17:17-08:00,POINT (-122.26799585840864 37.87040971342121),10.864242031776323,6.454377963217002,ios,0.8184449783059519,6.793755558121006e-10,-9.94581195179478e-10
59,37.87041706274686,-122.26799534591102,1581013038.0,2020-02-06T10:17:18-08:00,POINT (-122.26799534591102 37.87041706274686),11.445140638607205,7.028435377687263,ios,0.8184449789853274,-3.1520563936737744e-10,-2.220446049250313e-16
60,37.870424412072516,-122.26799483341337,1581013039.0,2020-02-06T10:17:19-08:00,POINT (-122.26799483341337 37.870424412072516),12.026039239733786,7.602492800571735,ios,0.8184449786701218,-3.1520586141198237e-10,-7.203301288782882e-10
61,37.87043176139817,-122.26799432091573,1581013040.0,2020-02-06T10:17:20-08:00,POINT (-122.26799432091573 37.87043176139817),12.606937834439721,8.176550231263983,ios,0.8184449783549159,-1.0355359902902705e-09,1.6463489460605274e-09
62,37.87043911072383,-122.26799380841811,1581013041.0,2020-02-06T10:17:21-08:00,POINT (-122.26799380841811 37.87043911072383),13.187836422954694,8.750607670185477,ios,0.8184449773193799,6.108129557702568e-10,-9.260185951376343e-10
63,37.87044646004948,-122.26799329592049,1581013042.0,2020-02-06T10:17:22-08:00,POINT (-122.26799329592049 37.87044646004948),13.768735003507162,9.324665118333792,ios,0.8184449779301929,-3.1520563936737744e-10,2.0568780012553134e-10
64,37.870453809375135,-122.26799278342286,1581013043.0,2020-02-06T10:17:23-08:00,POINT (-122.26799278342286 37.870453809375135),14.349633577919473,9.898722571500297,ios,0.8184449776149872,-1.095178392418461e-10,-1.063143573176717e-09
65,37.87046115870079,-122.26799227092523,1581013044.0,2020-02-06T10:17:24-08:00,POINT (-122.26799227092523 37.87046115870079),14.93053214554499,10.472780035343,ios,0.8184449775054694,-1.172661412418563e-09,1.7834740351219125e-09
66,37.87046850802645,-122.26799175842758,1581013045.0,2020-02-06T10:17:25-08:00,POINT (-122.26799175842758 37.87046850802645),15.511430709144536,11.046837502890979,ios,0.818444976332808,6.108126227033495e-10,-0.03415731986168269
67,37.8704758573521,-122.26799124592996,1581013046.0,2020-02-06T10:17:26-08:00,POINT (-122.26799124592996 37.8704758573521),15.907190471262798,16.32856086150491,ios,0.8184449769436206,-0.034157319250870066,-0.062373746508197825
68,37.870483206677754,-122.26799073343233,1581013047.0,2020-02-06T10:17:27-08:00,POINT (-122.26799073343233 37.870483206677754),16.298147847004106,17.045594647614354,ios,0.7842876576927506,-0.09653106575906789,0.09653106486457297
69,37.870490249283634,-122.26799024232349,1581013048.0,2020-02-06T10:17:28-08:00,POINT (-122.26799024232349 37.870490249283634),16.672788838714947,17.732703457638564,ios,0.6877565919336827,-8.944949225764276e-10,1.509223523932235e-09
70,37.870496425077135,-122.26798981166093,1581013049.0,2020-02-06T10:17:29-08:00,POINT (-122.26798981166093 37.870496425077135),17.001318561169185,18.33524209458789,ios,0.6877565910391877,6.147286013558073e-10,-1.5777861239740787e-09
71,37.87050260087063,-122.26798938099834,1581013050.0,2020-02-06T10:17:30-08:00,POINT (-122.26798938099834 37.87050260087063),17.329848277234632,18.93778073463758,ios,0.6877565916539163,-9.630575226182714e-10,7.203304619451956e-10
72,37.87050877666413,-122.26798895033576,1581013051.0,2020-02-06T10:17:31-08:00,POINT (-122.26798895033576 37.87050877666413),17.658377959944154,19.54032958537345,ios,0.6877565906908588,-2.427270606730758e-10,9.260181510484244e-10
73,37.870514952457626,-122.26798851967318,1581013052.0,2020-02-06T10:17:32-08:00,POINT (-122.26798851967318 37.870514952457626),17.986907316481094,20.142868424401872,ios,0.6877565904481318,6.832910903753486e-10,-1.64634861299362e-09
74,37.87052112825112,-122.26798808901061,1581013053.0,2020-02-06T10:17:33-08:00,POINT (-122.26798808901061 37.87052112825112),18.315436666425935,20.745407266111716,ios,0.6877565911314228,-9.630575226182714e-10,7.20330572967498e-10
75,37.87052730404462,-122.26798765834803,1581013054.0,2020-02-06T10:17:34-08:00,POINT (-122.26798765834803 37.87052730404462),18.643966010795193,21.34794611259767,ios,0.6877565901683653,-2.4272694965077335e-10,9.260179290038195e-10
76,37.870533479838116,-122.26798722768545,1581013055.0,2020-02-06T10:17:35-08:00,POINT (-122.26798722768545 37.870533479838116),18.97249534877565,21.95048496218398,ios,0.6877565899256384,6.832909793530462e-10,-1.64634861299362e-09
77,37.87053965563161,-122.26798679702289,1581013056.0,2020-02-06T10:17:36-08:00,POINT (-122.26798679702289 37.87053965563161),19.301024680977218,22.553023816127464,ios,0.6877565906089294,-9.630576336405738e-10,0.03740779369944469
78,37.87054583142511,-122.2679863663603,1581013057.0,2020-02-06T10:17:37-08:00,POINT (-122.2679863663603 37.87054583142511),19.528579242969503,28.808202979711865,ios,0.6877565896458717,0.03740779273638706,-0.3011232301447762
79,37.870552007218606,-122.26798593569772,1581013058.0,2020-02-06T10:17:38-08:00,POINT (-122.26798593569772 37.870552007218606),19.673289133759102,29.479055900830957,ios,0.7251643823822588,-0.26371543740838915,0.40077227594307696
80,37.87055851891968,-122.26798548160583,1581013059.0,2020-02-06T10:17:39-08:00,POINT (-122.26798548160583 37.87055851891968),19.82587037979466,30.18639711415351,ios,0.4614489449738696,0.1370568385346878,-0.13705683866657775
81,37.87056266255614,-122.26798519264982,1581013060.0,2020-02-06T10:17:40-08:00,POINT (-122.26798519264982 37.87056266255614),19.922963520060417,30.636504508278737,ios,0.5985057835085574,-1.3188994341106763e-10,20.32462563738111
82,37.870568036911514,-122.26798481788133,1581013061.0,2020-02-06T10:17:41-08:00,POINT (-122.26798481788133 37.870568036911514),20.048893688831907,31.22030035466864,ios,0.5985057833766675,20.32462563724922,-29.1381686013245
83,37.87057341126689,-122.26798444311284,1581013062.0,2020-02-06T10:17:42-08:00,POINT (-122.26798444311284 37.87057341126689),20.18245366648834,31.24919222957196,ios,20.923131420625886,-8.813542964075284,4.406771236036205
84,37.870588107069835,-122.268460812161,1581013064.0,2020-02-06T10:17:44-08:00,POINT (-122.268460812161 37.870588107069835),20.254394475453775,38.46410317901986,ios,3.29604549247532,-4.920028739974214e-07,-1.2069470309846206
85,37.87060767729732,-122.26843260924217,1581013065.0,2020-02-06T10:17:45-08:00,POINT (-122.26843260924217 37.87060767729732),17.609942138777544,40.43270023004227,ios,3.296045000472446,-1.2069475229874946,1.2065071900847615
86,37.87062724752481,-122.26840440632331,1581013066.0,2020-02-06T10:17:46-08:00,POINT (-122.26840440632331 37.87062724752481),14.965491042597893,42.40129815577444,ios,2.0890974774849513,-0.00044033290273315373,0.00044028422202835316
87,37.87064509286403,-122.26839696329291,1581013067.0,2020-02-06T10:17:47-08:00,POINT (-122.26839696329291 37.87064509286403),14.15640778180793,44.32340614166317,ios,2.088657144582218,-4.8680704800574404e-08,-1.1110357078791822e-09
88,37.87066293517041,-122.26838952463318,1581013068.0,2020-02-06T10:17:48-08:00,POINT (-122.26838952463318 37.87066293517041),13.34773465247188,46.245209136487055,ios,2.0886570959015134,-4.9791740508453586e-08,-0.7129497991939615
89,37.87068077747679,-122.26838208597344,1581013069.0,2020-02-06T10:17:49-08:00,POINT (-122.26838208597344 37.87068077747679),12.539061838440864,48.16701221815814,ios,2.088657046109773,-0.712949848985702,-0.6627573481383688
90,37.87069861978317,-122.26837464731369,1581013070.0,2020-02-06T10:17:50-08:00,POINT (-122.26837464731369 37.87069861978317),11.776027773677702,49.77959802340278,ios,1.3757071971240709,-1.3757071971240709,1.3757071971240709
91,37.87071098547263,-122.26837514909846,1581013071.0,2020-02-06T10:17:51-08:00,POINT (-122.26837514909846 37.87071098547263),11.758904522628352,50.63865137864482,ios,0.0,0.0,0.0
