,latitude,longitude,ts,fmt_time,geometry,gt_distance,gt_projection,source,speed,acceleration,jerk
0,37.87037851758103,-122.26805496040943,1563988649.0,2019-07-24T10:17:29-07:00,POINT (-122.26805496040943 37.87037851758103),24.401905686549366,0.0,ios,2.0167953676907575,-0.06460674311519843,-0.5503602748909044
1,37.870383630541966,-122.26803291600409,1563988650.0,2019-07-24T10:17:30-07:00,POINT (-122.26803291600409 37.870383630541966),22.558503659830077,3.2309898867078957,ios,1.952188624575559,-0.6149670180061029,0.8522975493456677
2,37.87038744430791,-122.26801120687487,1563988651.0,2019-07-24T10:17:31-07:00,POINT (-122.26801120687487 37.87038744430791),20.68846218499693,3.8037111280833154,ios,1.3372216065694562,0.23733053133956483,0.2411758102218673
3,37.87038987505983,-122.26799628708723,1563988652.0,2019-07-24T10:17:32-07:00,POINT (-122.26799628708723 37.87038987505983),19.40159161762735,4.176271163121436,ios,1.574552137909021,0.4785063415614321,-0.6562430260747154
4,37.87039394028287,-122.26797910418573,1563988653.0,2019-07-24T10:17:33-07:00,POINT (-122.26797910418573 37.87039394028287),17.93061973020678,4.745347133265181,ios,2.053058479470453,-0.17773668451328328,0.24014489889551927
5,37.87039360500674,-122.26795571867588,1563988654.0,2019-07-24T10:17:34-07:00,POINT (-122.26795571867588 37.87039360500674),15.877213654774488,4.87080245073717,ios,1.8753217949571699,0.06240821438223598,-0.023012713417797315
6,37.870390000788376,-122.26793484773698,1563988655.0,2019-07-24T10:17:35-07:00,POINT (-122.26793484773698 37.870390000788376),14.015626039701658,4.617208603340314,ios,1.9377300093394059,0.03939550096443867,-0.18579712176952712
7,37.87038564219873,-122.2679134738839,1563988656.0,2019-07-24T10:17:36-07:00,POINT (-122.2679134738839 37.87038564219873),12.103327935554844,4.283670938368873,ios,1.9771255103038445,-0.14640162080508845,-0.24104526390948733
8,37.870383630541966,-122.26789109420243,1563988657.0,2019-07-24T10:17:37-07:00,POINT (-122.26789109420243 37.870383630541966),10.123415357064776,4.21671504636742,ios,1.830723889498756,-0.3874468847145758,0.5358076856022429
9,37.87038228943746,-122.26787030708256,1563988658.0,2019-07-24T10:17:38-07:00,POINT (-122.26787030708256 37.87038228943746),8.289019612334355,4.212859132514913,ios,1.4432770047841803,0.14836080088766712,-0.2472384871352813
10,37.870377972757325,-122.2678548005617,1563988659.0,2019-07-24T10:17:39-07:00,POINT (-122.2678548005617 37.870377972757325),6.891542535597901,3.8431771397947436,ios,1.5916378056718474,-0.09887768624761417,-0.1828565917224143
11,37.87037512291025,-122.26783703092697,1563988660.0,2019-07-24T10:17:40-07:00,POINT (-122.26783703092697 37.87037512291025),5.308494286499734,3.651469236825709,ios,1.4927601194242333,-0.2817342779700285,0.5807879934892575
12,37.87037386562477,-122.26782009948256,1563988661.0,2019-07-24T10:17:41-07:00,POINT (-122.26782009948256 37.87037386562477),3.8129030322921857,3.6300862836566767,ios,1.2110258414542048,0.299053715519229,-0.14843082102779825
13,37.8703757934625,-122.26780652079943,1563988662.0,2019-07-24T10:17:42-07:00,POINT (-122.26780652079943 37.8703757934625),2.6392128514518585,3.937701012977764,ios,1.5100795569734338,0.15062289449143074,-0.5641780869515933
14,37.87038153506617,-122.26779093045953,1563988663.0,2019-07-24T10:17:43-07:00,POINT (-122.26779093045953 37.87038153506617),1.3225779522817733,4.6811323633421456,ios,1.6607024514648645,-0.4135551924601626,0.6386125232193787
15,37.87039104852627,-122.26777634594801,1563988664.0,2019-07-24T10:17:44-07:00,POINT (-122.26777634594801 37.87039104852627),0.12720740909251435,5.834771462589549,ios,1.247147259004702,0.22505733075921608,-0.0429009929396873
16,37.87040110681008,-122.26777005952063,1563988665.0,2019-07-24T10:17:45-07:00,POINT (-122.26777005952063 37.87040110681008),0.3358010268374558,6.990995843516519,ios,1.472204589763918,0.18215633781952878,-0.696570099530833
17,37.87041426639806,-122.26776821550193,1563988666.0,2019-07-24T10:17:46-07:00,POINT (-122.26776821550193 37.87041426639806),0.38210174269146874,8.459372724774509,ios,1.6543609275834468,-0.5144137617113043,0.4705063117319874
18,37.87042914427619,-122.2677681316829,1563988667.0,2019-07-24T10:17:47-07:00,POINT (-122.2677681316829 37.87042914427619),0.25900013961232243,10.105572286758894,ios,1.1399471658721425,-0.04390744997931684,0.33045752341139245
19,37.870439370198056,-122.26776905369225,1563988668.0,2019-07-24T10:17:48-07:00,POINT (-122.26776905369225 37.870439370198056),0.088495382065803,11.230235688817084,ios,1.0960397158928257,0.2865500734320756,-0.49310654619604244
20,37.87044917702477,-122.26777031097772,1563988669.0,2019-07-24T10:17:49-07:00,POINT (-122.26777031097772 37.87044917702477),0.15041842264968996,12.300759003960225,ios,1.3825897893249013,-0.20655647276396683,0.07654480294012833
21,37.870461540331945,-122.26777198735836,1563988670.0,2019-07-24T10:17:50-07:00,POINT (-122.26777198735836 37.870461540331945),0.4628476360397484,13.64459454664821,ios,1.1760333165609345,-0.1300116698238385,0.7788585044718559
22,37.870471975801394,-122.26777416665318,1563988671.0,2019-07-24T10:17:51-07:00,POINT (-122.26777416665318 37.870471975801394),0.7932907980118825,14.77074451718786,ios,1.046021646737096,0.6488468346480174,-0.17805389215250056
23,37.870481279713914,-122.26777592685285,1563988672.0,2019-07-24T10:17:52-07:00,POINT (-122.26777592685285 37.870481279713914),1.0719438391974827,15.776728133628218,ios,1.6948684813851134,0.47079294249551684,-0.3215826757369611
24,37.870496241411075,-122.26777961489024,1563988673.0,2019-07-24T10:17:53-07:00,POINT (-122.26777961489024 37.870496241411075),1.5949108227947273,17.385328587392824,ios,2.16566142388063,0.14921026675855575,-0.059852187242517285
25,37.87051514260273,-122.2677855660415,1563988674.0,2019-07-24T10:17:54-07:00,POINT (-122.2677855660415 37.87051514260273),2.368383920601414,19.403724744034776,ios,2.314871690639186,0.08935807951603847,0.42734205851283713
26,37.87053546871792,-122.26779126573565,1563988675.0,2019-07-24T10:17:55-07:00,POINT (-122.26779126573565 37.87053546871792),3.139042039592865,21.581738471378138,ios,2.4042297701552244,0.5167001380288756,-0.551427086076814
27,37.87055688448052,-122.26779503759208,1563988676.0,2019-07-24T10:17:56-07:00,POINT (-122.26779503759208 37.87055688448052),3.756018529617807,23.900292545846387,ios,2.9209299081841,-0.03472694804793841,-0.20594265451197113
28,37.87058307792793,-122.26779755216303,1563988677.0,2019-07-24T10:17:57-07:00,POINT (-122.26779755216303 37.87058307792793),4.288670120891344,26.922628610959386,ios,2.8862029601361616,-0.24066960255990955,0.38507657467901035
29,37.87060901991825,-122.26779646251562,1563988678.0,2019-07-24T10:17:58-07:00,POINT (-122.26779646251562 37.87060901991825),4.432511559198923,29.79903077923783,ios,2.645533357576252,0.1444069721191008,-0.5875226219500411
30,37.87063269879471,-122.26779352884951,1563988679.0,2019-07-24T10:17:59-07:00,POINT (-122.26779352884951 37.87063269879471),4.393842268255219,32.4386850463585,ios,2.789940329695353,-0.4431156498309403,0.1388216223301284
31,37.87065763495664,-122.26779000845018,1563988680.0,2019-07-24T10:18:00-07:00,POINT (-122.26779000845018 37.87065763495664),4.315345485971801,35.22164996644846,ios,2.3468246798644126,-0.3042940275008119,0.16342006710691215
32,37.870678547805056,-122.26778640423181,1563988681.0,2019-07-24T10:18:01-07:00,POINT (-122.26778640423181 37.870678547805056),4.192381450303395,37.56036601126875,ios,2.0425306523636007,-0.14087396039389977,0.0904842584091059
33,37.870696778444454,-122.26778355438474,1563988682.0,2019-07-24T10:18:02-07:00,POINT (-122.26778355438474 37.870696778444454),4.110792003245179,39.59699006127148,ios,1.9016566919697009,-0.050389701984793867,0.1757033096513001
34,37.87071379370789,-122.26778137508991,1563988683.0,2019-07-24T10:18:03-07:00,POINT (-122.26778137508991 37.87071379370789),4.076763805886054,41.49432440129719,ios,1.851266989984907,0.12531360766650623,0.09015263378471938
35,37.87073038987617,-122.26777969870928,1563988684.0,2019-07-24T10:18:04-07:00,POINT (-122.26777969870928 37.87073038987617),4.082949947022081,43.3416407058852,ios,1.9765805976514133,0.21546624145122562,-0.11857013877089506
36,37.870748075691864,-122.26777743559542,1563988685.0,2019-07-24T10:18:05-07:00,POINT (-122.26777743559542 37.870748075691864),4.047761878695122,45.31373174924213,ios,2.192046839102639,0.09689610268033055,-0.23746995227938594
37,37.87076743788819,-122.26777274172964,1563988686.0,2019-07-24T10:18:06-07:00,POINT (-122.26777274172964 37.87076743788819),3.798822279769707,47.59798048638553,ios,2.2889429417829694,-0.1405738495990554,-0.03046168898520163
38,37.87078759636532,-122.26776746113065,1563988687.0,2019-07-24T10:18:07-07:00,POINT (-122.26776746113065 37.87078759636532),3.4571518994462243,49.85668922530845,ios,2.148369092183914,-0.17103553858425702,0.24367184373741857
39,37.87080666519503,-122.26776352163616,1563988688.0,2019-07-24T10:18:08-07:00,POINT (-122.26776352163616 37.87080666519503),3.226663815162748,51.988237048459645,ios,1.977333553599657,0.07263630515316155,-0.05821302738060963
40,37.870824351010725,-122.26776117470327,1563988689.0,2019-07-24T10:18:09-07:00,POINT (-122.26776117470327 37.870824351010725),3.127665131971248,53.958914576751845,ios,2.0499698587528186,0.014423277772551923,0.02731527321160998
41,37.87084262355964,-122.2677580733991,1563988690.0,2019-07-24T10:18:10-07:00,POINT (-122.2677580733991 37.87084262355964),2.965968050633495,55.99821817312049,ios,2.0643931365253705,0.041738550984161904,-0.12189891034904976
42,37.870860979927585,-122.26775455299976,1563988691.0,2019-07-24T10:18:11-07:00,POINT (-122.26775455299976 37.870860979927585),2.7679719978056156,58.04882027992858,ios,2.1061316875095324,-0.08016035936488786,-0.006561210137671081
43,37.87087962966214,-122.26775036204818,1563988692.0,2019-07-24T10:18:12-07:00,POINT (-122.26775036204818 37.87087962966214),2.5128621286667676,60.135143975260064,ios,2.0259713281446445,-0.08672156950255894,-0.270867936356896
44,37.87089693829219,-122.26774315361145,1563988693.0,2019-07-24T10:18:13-07:00,POINT (-122.26774315361145 37.87089693829219),1.9846208834298942,62.087374777191926,ios,1.9392497586420856,-0.3575895058594549,-0.21013867825083143
45,37.87091353446047,-122.26773636426988,1563988694.0,2019-07-24T10:18:14-07:00,POINT (-122.26773636426988 37.87091353446047),1.4888714385121,63.95865986707224,ios,1.5816602527826307,-0.5677281841102864,0.6390326107216433
46,37.87092635877232,-122.26772856909993,1563988695.0,2019-07-24T10:18:15-07:00,POINT (-122.26772856909993 37.87092635877232),0.8819405222583491,65.4168908213455,ios,1.0139320686723443,0.07130442661135694,-0.07134970923899098
47,37.870935243589685,-122.26772597070995,1563988696.0,2019-07-24T10:18:16-07:00,POINT (-122.26772597070995 37.870935243589685),0.707552615300801,66.41371429424734,ios,1.0852364952837013,-4.528262763403568e-05,0.5478699320860492
48,37.87094490393462,-122.26772421047356,1563988697.0,2019-07-24T10:18:17-07:00,POINT (-122.26772421047356 37.87094490393462),0.6114722833789066,67.49243411715628,ios,1.0851912126560672,0.5478246494584151,-0.7123723781207674
49,37.870954563876495,-122.26772245031061,1563988698.0,2019-07-24T10:18:18-07:00,POINT (-122.26772245031061 37.870954563876495),0.5153960018835986,68.57110893700373,ios,1.6330158621144824,-0.16454772866235223,0.11357437865260045
50,37.87096818446915,-122.26771549333098,1563988699.0,2019-07-24T10:18:19-07:00,POINT (-122.26771549333098 37.87096818446915),0.1325645090275658,69.98161952958564,ios,1.4684681334521301,-0.05097335000975178,-0.3589668044922285
51,37.87098105069052,-122.26771172147456,1563988700.0,2019-07-24T10:18:20-07:00,POINT (-122.26771172147456 37.87098105069052),1.597842055835435,69.98161952958564,ios,1.4174947834423783,-0.4099401545019803,-0.1548975743214951
52,37.870993707364306,-122.26770979363683,1563988701.0,2019-07-24T10:18:21-07:00,POINT (-122.26770979363683 37.870993707364306),3.0084664529169456,69.98161952958564,ios,1.007554628940398,-0.5648377288234754,0.5648377272404508
53,37.87100275981973,-122.26771029655102,1563988702.0,2019-07-24T10:18:22-07:00,POINT (-122.26771029655102 37.87100275981973),3.9959389109162844,69.98161952958564,ios,0.4427169001169227,-1.5830246558046213e-09,-2.744322605713334e-05
54,37.87100661557486,-122.26770903923956,1563988703.0,2019-07-24T10:18:23-07:00,POINT (-122.26770903923956 37.87100661557486),4.434291110819437,69.98161952958564,ios,0.44271689853389806,-2.7444809081789145e-05,0.5739465100412222
55,37.87101047132999,-122.26770778192808,1563988704.0,2019-07-24T10:18:24-07:00,POINT (-122.26770778192808 37.87101047132999),4.873280268076748,69.98161952958564,ios,0.4426894537248163,0.5739190652321404,-0.6071951161284291
56,37.87101432684611,-122.26770652469457,1563988705.0,2019-07-24T10:18:25-07:00,POINT (-122.26770652469457 37.87101432684611),5.312721235615826,69.98161952958564,ios,1.0166085189569567,-0.03327605089628871,0.0332352512929579
57,37.87101478785078,-122.26769495766821,1563988706.0,2019-07-24T10:18:26-07:00,POINT (-122.26769495766821 37.87101478785078),5.607692882935548,69.98161952958564,ios,0.983332468060668,-4.079960333081001e-05,-0.6051807828179442
58,37.87101520695463,-122.26768376759537,1563988707.0,2019-07-24T10:18:27-07:00,POINT (-122.26768376759537 37.87101520695463),6.041983741184362,69.98161952958564,ios,0.9832916684573372,-0.605221582421275,0.6052215865964722
59,37.8710156260411,-122.26767257798676,1563988708.0,2019-07-24T10:18:28-07:00,POINT (-122.26767257798676 37.8710156260411),6.595931840531824,69.98161952958564,ios,0.37807008603606224,4.175197187983315e-09,4.4083266481642625e-09
60,37.871014033446464,-122.26767638344974,1563988709.0,2019-07-24T10:18:29-07:00,POINT (-122.26767638344974 37.871014033446464),6.261193376146467,69.98161952958564,ios,0.3780700902112594,8.583523836147577e-09,-4.03824929051666e-09
61,37.87101244085183,-122.26768018891269,1563988710.0,2019-07-24T10:18:30-07:00,POINT (-122.26768018891269 37.87101244085183),5.931718268336902,69.98161952958564,ios,0.37807009879478326,4.545274545630917e-09,-3.92061771569141e-05
62,37.87101084825719,-122.26768399437567,1563988711.0,2019-07-24T10:18:31-07:00,POINT (-122.26768399437567 37.87101084825719),5.60843420517604,69.98161952958564,ios,0.3780701033400578,-3.920163188236847e-05,-0.37799170007629307
63,37.87100925566255,-122.26768779983863,1563988712.0,2019-07-24T10:18:32-07:00,POINT (-122.26768779983863 37.87100925566255),5.2924758250519455,69.98161952958564,ios,0.37803090170817544,-0.37803090170817544,0.37803090170817544
64,37.87100766323309,-122.26769160490694,1563988713.0,2019-07-24T10:18:33-07:00,POINT (-122.26769160490694 37.87100766323309),4.98526755871415,69.98161952958564,ios,0.0,0.0,0.0
