,latitude,longitude,ts,fmt_time,geometry,gt_distance,gt_projection,source,speed,acceleration,jerk
0,37.8710788,-122.2677677,1568741652.0,2019-09-17T10:34:12-07:00,POINT (-122.2677677 37.8710788),17.01161470305692,0.0,android,3.402384588652712,-0.49853935814308725,0.9659286065953703
1,37.8711091,-122.2677623,1568741653.0,2019-09-17T10:34:13-07:00,POINT (-122.2677623 37.8711091),13.672117973418427,0.0,android,2.9038452305096247,0.467389248452283,-1.2708660530292257
2,37.8711351,-122.2677592,1568741654.0,2019-09-17T10:34:14-07:00,POINT (-122.2677592 37.8711351),10.887157362002402,0.0,android,3.3712344789619078,-0.8034768045769427,1.5522898517185357
3,37.8711652,-122.2677546,1568741655.0,2019-09-17T10:34:15-07:00,POINT (-122.2677546 37.8711652),7.721179790931647,0.0,android,2.567757674384965,0.748813047141593,0.21017969127301583
4,37.8711865,-122.2677433,1568741656.0,2019-09-17T10:34:16-07:00,POINT (-122.2677433 37.8711865),5.192069658057441,0.0,android,3.316570721526558,0.9589927384146089,1.3152302989840488
5,37.8712067,-122.2677155,1568741657.0,2019-09-17T10:34:17-07:00,POINT (-122.2677155 37.8712067),2.1022042228791595,0.0,android,4.275563459941167,2.2742230373986576,-2.158569433661919
6,37.8712318,-122.2676786,1568741658.0,2019-09-17T10:34:18-07:00,POINT (-122.2676786 37.8712318),2.320902556206247,5.272304300795565,android,6.5497864973398245,0.11565360373673883,1.674756225008232
7,37.87127,-122.2676218,1568741659.0,2019-09-17T10:34:19-07:00,POINT (-122.2676218 37.87127),1.3207884740972757,10.718534445723316,android,6.665440101076563,1.7904098287449708,-1.4385526791899386
8,37.8713037,-122.267559,1568741660.0,2019-09-17T10:34:20-07:00,POINT (-122.267559 37.8713037),4.153638614393286,16.885903661977363,android,8.455849929821534,0.3518571495550322,-2.37242011237391
9,37.871348,-122.2674807,1568741661.0,2019-09-17T10:34:21-07:00,POINT (-122.2674807 37.871348),7.806666167632916,24.517734766060947,android,8.807707079376566,-2.020562962818878,3.8067305155009006
10,37.8713986,-122.2674035,1568741662.0,2019-09-17T10:34:22-07:00,POINT (-122.2674035 37.8713986),12.164928286652774,32.17489615552233,android,6.7871441165576885,1.7861675526820227,-0.9803789739136048
11,37.8714411,-122.267348,1568741663.0,2019-09-17T10:34:23-07:00,POINT (-122.267348 37.8714411),15.967331461898425,37.79696320017143,android,8.573311669239711,0.8057885787684178,1.4869066901223658
12,37.8714811,-122.2672645,1568741664.0,2019-09-17T10:34:24-07:00,POINT (-122.2672645 37.8714811),19.106351202348485,44.66535424945726,android,9.379100248008129,2.2926952688907836,-2.0729768116474676
13,37.871524,-122.2671725,1568741665.0,2019-09-17T10:34:25-07:00,POINT (-122.2671725 37.871524),22.91339110298764,53.246834138311264,android,11.671795516898912,0.21971845724331587,-0.31680978685033245
14,37.8716113,-122.2665169,1568741670.0,2019-09-17T10:34:30-07:00,POINT (-122.2665169 37.8716113),22.518784971498647,112.58882487702034,android,12.770387803115492,-1.3643304770083464,-1.1391779099887565
15,37.8715795,-122.2663771,1568741671.0,2019-09-17T10:34:31-07:00,POINT (-122.2663771 37.8715795),17.24318388278064,124.24261283627719,android,11.406057326107145,-2.503508386997103,-4.604496747446869
16,37.8715069,-122.2662853,1568741672.0,2019-09-17T10:34:32-07:00,POINT (-122.2662853 37.8715069),8.101275381421427,131.06227355586233,android,8.902548939110043,-7.108005134443972,8.37357467717328
17,37.8714631,-122.2662004,1568741673.0,2019-09-17T10:34:33-07:00,POINT (-122.2662004 37.8714631),2.2091319492926216,137.74525785931874,android,1.7945438046660704,1.2655695427293094,-0.3099305033152213
18,37.8714594,-122.2661805,1568741674.0,2019-09-17T10:34:34-07:00,POINT (-122.2661805 37.8714594),1.548919851174747,139.4174466295812,android,3.06011334739538,0.9556390394140881,-1.3206621444798627
19,37.871439,-122.2661571,1568741675.0,2019-09-17T10:34:35-07:00,POINT (-122.2661571 37.871439),0.9893053131853948,141.12529702222014,android,4.015752386809468,-0.3650231050657746,-0.38190264449906985
20,37.8714182,-122.2661197,1568741676.0,2019-09-17T10:34:36-07:00,POINT (-122.2661197 37.8714182),3.724104337778697,144.1203722565266,android,3.6507292817436934,-0.7469257495648445,0.473069411094587
21,37.871404,-122.2660822,1568741677.0,2019-09-17T10:34:37-07:00,POINT (-122.2660822 37.871404),5.700092597095928,147.1955511790461,android,2.903803532178849,-0.2738563384702575,0.20805050495882105
22,37.8713937,-122.2660518,1568741678.0,2019-09-17T10:34:38-07:00,POINT (-122.2660518 37.8713937),7.168597830984041,149.7053208487808,android,2.6299471937085914,-0.06580583351143643,0.40911085675317826
23,37.8713884,-122.2660226,1568741679.0,2019-09-17T10:34:39-07:00,POINT (-122.2660226 37.8713884),8.090469990909625,151.6557317782103,android,2.564141360197155,0.34330502324174184,-1.3520309416098235
24,37.8713938,-122.2659942,1568741680.0,2019-09-17T10:34:40-07:00,POINT (-122.2659942 37.8713938),7.978189262243167,154.2108411613908,android,2.907446383438897,-1.0087259183680817,1.1555384081590483
25,37.87141,-122.2659682,1568741681.0,2019-09-17T10:34:41-07:00,POINT (-122.2659682 37.87141),6.6493297993476945,156.7982411636096,android,1.8987204650708152,0.14681248979096662,-0.49785160443487775
26,37.8714251,-122.2659581,1568741682.0,2019-09-17T10:34:42-07:00,POINT (-122.2659581 37.8714251),5.173842644270223,157.98952000048536,android,2.0455329548617818,-0.35103911464391113,-0.24748270122273253
27,37.8714411,-122.2659466,1568741683.0,2019-09-17T10:34:43-07:00,POINT (-122.2659466 37.8714411),3.6237849519456957,159.32070534551633,android,1.6944938402178706,-0.5985218158666437,1.687248176733499
28,37.8714559,-122.265942,1568741684.0,2019-09-17T10:34:44-07:00,POINT (-122.265942 37.8714559),2.08880890355531,160.03075075338685,android,1.095972024351227,1.0887263608668554,0.6147262942235763
29,37.8714645,-122.2659359,1568741685.0,2019-09-17T10:34:45-07:00,POINT (-122.2659359 37.8714645),1.2542912086300118,160.73924712472362,android,2.1846983852180824,1.7034526550904316,-2.207593998983852
30,37.8714561,-122.2659134,1568741686.0,2019-09-17T10:34:46-07:00,POINT (-122.2659134 37.8714561),2.546284172746803,162.50441130662063,android,3.888151040308514,-0.5041413438934201,1.4298282442647574
31,37.871438,-122.2658755,1568741687.0,2019-09-17T10:34:47-07:00,POINT (-122.2658755 37.871438),5.560989647462722,163.30321219609206,android,3.384009696415094,0.9256869003713372,0.3639934803046616
32,37.8715591,-122.2658598,1568741691.0,2019-09-17T10:34:51-07:00,POINT (-122.2658598 37.8715591),5.594198617910187,171.5971739555062,android,7.0867572979004425,2.3816608215899837,-0.7966758637148015
33,37.8716213,-122.2658774,1568741692.0,2019-09-17T10:34:52-07:00,POINT (-122.2658774 37.8716213),4.7519097382848905,178.61974461936933,android,9.468418119490426,1.5849849578751822,-1.3542778946210277
34,37.8717054,-122.2658943,1568741693.0,2019-09-17T10:34:53-07:00,POINT (-122.2658943 37.8717054),4.216558664079682,188.05356052003327,android,11.053403077365608,0.23070706325415458,2.5335763931675075
35,37.871804,-122.2659103,1568741694.0,2019-09-17T10:34:54-07:00,POINT (-122.2659103 37.871804),3.9226310009573324,199.0799809852087,android,11.284110140619763,2.764283456421662,-6.8952593418816015
36,37.8719039,-122.2659329,1568741695.0,2019-09-17T10:34:55-07:00,POINT (-122.2659329 37.8719039),3.065766960741598,210.30859702542455,android,14.048393597041425,-4.130975885459939,7.439046615608248
37,37.8720295,-122.2659502,1568741696.0,2019-09-17T10:34:56-07:00,POINT (-122.2659502 37.8720295),2.8244823617031782,224.3601268476573,android,9.917417711581486,3.3080707301483088,-3.782390428886096
38,37.8721179,-122.2659652,1568741697.0,2019-09-17T10:34:57-07:00,POINT (-122.2659652 37.8721179),2.3904622443820274,234.24739000602273,android,13.225488441729794,-0.4743196987377871,-0.4679347855259586
39,37.8722367,-122.2659725,1568741698.0,2019-09-17T10:34:58-07:00,POINT (-122.2659725 37.8722367),2.9335749291002977,247.43333439516945,android,12.751168742992007,-0.9422544842637457,-3.710961033959724
40,37.8723512,-122.2659805,1568741699.0,2019-09-17T10:34:59-07:00,POINT (-122.2659805 37.8723512),3.3725658812192045,260.1496184317542,android,11.808914258728262,-4.65321551822347,3.259827836600837
41,37.8724574,-122.2659803,1568741700.0,2019-09-17T10:35:00-07:00,POINT (-122.2659803 37.8724574),4.259505392209734,271.9619020048073,android,7.155698740504792,-1.3933876816226327,-0.416995803394534
42,37.8725217,-122.265977,1568741701.0,2019-09-17T10:35:01-07:00,POINT (-122.265977 37.8725217),4.661541201281931,279.40691107232385,android,5.762311058882159,-1.8103834850171667,0.2285337563351244
43,37.8725735,-122.2659751,1568741702.0,2019-09-17T10:35:02-07:00,POINT (-122.2659751 37.8725735),5.200144673871627,284.61394573022585,android,3.9519275738649924,-1.5818497286820423,1.3807124340615786
44,37.8726089,-122.2659711,1568741703.0,2019-09-17T10:35:03-07:00,POINT (-122.2659711 37.8726089),5.9720346921788785,288.48120946621844,android,2.37007784518295,-0.2011372946204637,-1.0827265590994155
45,37.8726302,-122.2659701,1568741704.0,2019-09-17T10:35:04-07:00,POINT (-122.2659701 37.8726302),6.3134622325604814,290.82141951673395,android,2.1689405505624864,-1.2838638537198792,0.7498462631844405
46,37.8726497,-122.2659695,1568741705.0,2019-09-17T10:35:05-07:00,POINT (-122.2659695 37.8726497),6.598448697068379,292.96684743631516,android,0.8850766968426071,-0.5340175905354387,0.5356385806503057
47,37.8726567,-122.2659647,1568741706.0,2019-09-17T10:35:06-07:00,POINT (-122.2659647 37.8726567),7.101648965949516,293.69366662572884,android,0.3510591063071684,0.0016209901148668826,0.29061096691972194
48,37.8726574,-122.2659608,1568741707.0,2019-09-17T10:35:07-07:00,POINT (-122.2659608 37.8726574),7.45102771746738,293.73402224272337,android,0.3526800964220353,0.2922319570345888,-0.24802833120510226
49,37.8726568,-122.2659688,1568741709.0,2019-09-17T10:35:09-07:00,POINT (-122.2659688 37.8726568),6.744320676763793,293.74345167642673,android,0.9371440104912129,-0.2038247053756157,0.06381873995103526
50,37.8726619,-122.2659773,1568741710.0,2019-09-17T10:35:10-07:00,POINT (-122.2659773 37.8726619),6.061859028214617,294.38639008756513,android,0.7333193051155972,-0.14000596542458044,-0.1581053791839535
51,37.8726655,-122.2659843,1568741711.0,2019-09-17T10:35:11-07:00,POINT (-122.2659843 37.8726655),5.492677402523637,294.84968115233687,android,0.5933133396910167,-0.29811134460853395,0.5976897305975113
52,37.8726702,-122.2659875,1568741712.0,2019-09-17T10:35:12-07:00,POINT (-122.2659875 37.8726702),5.268899788127697,295.3983981100151,android,0.2952019950824828,0.29957838598897735,-0.36631665880279374
53,37.8726714,-122.2659845,1568741713.0,2019-09-17T10:35:13-07:00,POINT (-122.2659845 37.8726714),5.545540896330368,295.50241697727364,android,0.5947803810714601,-0.0667382728138164,-0.023840884137500035
54,37.8726746,-122.2659577,1568741717.0,2019-09-17T10:35:17-07:00,POINT (-122.2659577 37.8726746),7.927198665165209,295.6021004851348,android,0.3278272898161945,-0.16210180936381655,0.9140011670098498
55,37.8726773,-122.2659562,1568741718.0,2019-09-17T10:35:18-07:00,POINT (-122.2659562 37.8726773),8.090559777749453,295.88576680623237,android,0.16572548045237798,0.7518993576460332,0.1548959193309909
56,37.8726783,-122.2659548,1568741719.0,2019-09-17T10:35:19-07:00,POINT (-122.2659548 37.8726783),8.22490553240918,295.98284661241905,android,0.9176248380984112,0.9067952769770241,-0.3271695126334915
57,37.8727522,-122.2659454,1568741728.0,2019-09-17T10:35:28-07:00,POINT (-122.2659454 37.8727522),9.928068591796999,304.0461114812851,android,9.07878233089163,-2.0377303367243993,4.608162181025955
58,37.8728332,-122.2659324,1568741729.0,2019-09-17T10:35:29-07:00,POINT (-122.2659324 37.8728332),11.928505359089364,313.034530003275,android,7.04105199416723,2.570431844301556,-1.369031800591241
59,37.8728965,-122.2659303,1568741730.0,2019-09-17T10:35:30-07:00,POINT (-122.2659303 37.8728965),12.764560370008674,320.0105122989632,android,9.611483838468786,1.201400043710315,-0.9398801087464097
60,37.8729824,-122.2659425,1568741731.0,2019-09-17T10:35:31-07:00,POINT (-122.2659425 37.8729824),12.58115728338263,329.6000369580834,android,10.8128838821791,0.26151993496390524,1.7958214231853606
61,37.8730783,-122.2659629,1568741732.0,2019-09-17T10:35:32-07:00,POINT (-122.2659629 37.8730783),11.782683903781493,340.36128904523423,android,11.074403817143006,2.057341358149266,-6.483519742752101
62,37.8731755,-122.2659904,1568741733.0,2019-09-17T10:35:33-07:00,POINT (-122.2659904 37.8731755),10.242904890950788,351.50598411216134,android,13.131745175292272,-4.426178384602835,7.463628080444925
63,37.8732911,-122.266021,1568741734.0,2019-09-17T10:35:34-07:00,POINT (-122.266021 37.8732911),8.524743394678561,364.49863271188246,android,8.705566790689437,3.0374496958420902,-2.2265902557690964
64,37.8733672,-122.2660443,1568741735.0,2019-09-17T10:35:35-07:00,POINT (-122.2660443 37.8733672),7.4319154657202,372.6651570954048,android,11.743016486531527,0.8108594400729938,-0.6320530529961381
65,37.8734723,-122.2660574,1568741736.0,2019-09-17T10:35:36-07:00,POINT (-122.2660574 37.8734723),7.551293774333181,384.70955563827454,android,12.55387592660452,0.1788063870768557,-2.7359262953098487
66,37.8735832,-122.2660842,1568741737.0,2019-09-17T10:35:37-07:00,POINT (-122.2660842 37.8735832),6.179476197045114,397.29243942714334,android,12.732682313681376,-2.557119908232993,1.040219996170297
67,37.8736969,-122.2661014,1568741738.0,2019-09-17T10:35:38-07:00,POINT (-122.2661014 37.8736969),5.537790741575273,409.9822302396216,android,10.175562405448384,-1.516899912062696,1.37605823606326
68,37.8737884,-122.2660996,1568741739.0,2019-09-17T10:35:39-07:00,POINT (-122.2660996 37.8737884),6.791368929071682,418.8466578552625,android,8.658662493385687,-0.14084167599943598,0.7572783872508921
69,37.8738661,-122.2661061,1568741740.0,2019-09-17T10:35:40-07:00,POINT (-122.2661061 37.8738661),6.936184620390301,428.9136822127321,android,8.517820817386252,0.6164367112514562,-4.750215018926693
70,37.8739427,-122.2661053,1568741741.0,2019-09-17T10:35:41-07:00,POINT (-122.2661053 37.8739427),7.45495664284142,437.3973096797188,android,9.134257528637708,-4.133778307675237,5.574627652378784
71,37.874024,-122.2661202,1568741742.0,2019-09-17T10:35:42-07:00,POINT (-122.2661202 37.874024),7.306871680340657,445.92717691707657,android,5.000479220962471,1.4408493447035475,-0.16970571103193066
72,37.8740682,-122.2661307,1568741743.0,2019-09-17T10:35:43-07:00,POINT (-122.2661307 37.8740682),7.033659729726592,450.9101129419704,android,6.441328565666018,1.2711436336716169,-1.8408562065312664
73,37.8741254,-122.2661423,1568741744.0,2019-09-17T10:35:44-07:00,POINT (-122.2661423 37.8741254),3.896408501698871,475.623037261938,android,7.712472199337635,-0.5697125728596495,1.9962689765891684
74,37.8741945,-122.2661499,1568741745.0,2019-09-17T10:35:45-07:00,POINT (-122.2661499 37.8741945),3.7875286680679228,476.05555546412285,android,7.142759626477986,1.4265564037295189,-5.339157410474788
75,37.8742586,-122.2661446,1568741746.0,2019-09-17T10:35:46-07:00,POINT (-122.2661446 37.8742586),10.760458933922745,477.53186924285916,android,8.569316030207505,-3.912601006745269,8.951836340379302
76,37.8743353,-122.2661351,1568741747.0,2019-09-17T10:35:47-07:00,POINT (-122.2661351 37.8743353),19.06440518777758,479.57330234274303,android,4.656715023462236,5.039235333634033,-4.743678049716563
77,37.8743767,-122.2661271,1568741748.0,2019-09-17T10:35:48-07:00,POINT (-122.2661271 37.8743767),23.51053838897243,480.92522759096056,android,9.695950357096269,0.2955572839174696,-0.14535375935423359
78,37.8745383,-122.2647057,1568741761.0,2019-09-17T10:36:01-07:00,POINT (-122.2647057 37.8745383),21.274545933241164,608.0712675087208,android,13.538195048023374,-1.5940415876875669,1.9662563159121547
79,37.8744995,-122.2645595,1568741762.0,2019-09-17T10:36:02-07:00,POINT (-122.2645595 37.8744995),13.228209338620312,623.0497926776784,android,11.944153460335807,0.3722147282245878,-2.55556475362558
80,37.8744958,-122.2644235,1568741763.0,2019-09-17T10:36:03-07:00,POINT (-122.2644235 37.8744958),7.5059647412132415,634.5922410689004,android,12.316368188560395,-2.1833500254009923,2.3906337584026236
81,37.8745179,-122.264286,1568741764.0,2019-09-17T10:36:04-07:00,POINT (-122.264286 37.8745179),4.223810625695013,645.2975255157668,android,10.133018163159402,0.20728373300163128,0.10419325397534962
82,37.8745373,-122.2641732,1568741765.0,2019-09-17T10:36:05-07:00,POINT (-122.2641732 37.8745373),2.983862342450468,656.3062467449986,android,10.340301896161034,0.3114769869769809,0.2381495623115768
83,37.874571,-122.2640634,1568741766.0,2019-09-17T10:36:06-07:00,POINT (-122.2640634 37.874571),2.7407663146651835,666.3893974676621,android,10.651778883138014,0.5496265492885577,-0.7938881751236213
84,37.874609,-122.263952,1568741767.0,2019-09-17T10:36:07-07:00,POINT (-122.263952 37.874609),3.03430471886609,677.203712493692,android,11.201405432426572,-0.2442616258350636,-1.1904363477012225
85,37.8746688,-122.2638493,1568741768.0,2019-09-17T10:36:08-07:00,POINT (-122.2638493 37.8746688),9.521812125655437,683.9251307230547,android,10.957143806591509,-1.4346979735362861,-1.5871007945375215
86,37.8747128,-122.2637376,1568741769.0,2019-09-17T10:36:09-07:00,POINT (-122.2637376 37.8747128),15.61814050167044,697.6435208886828,android,9.522445833055222,-3.0217987680738077,-3.117666259518944
87,37.8747648,-122.2636514,1568741770.0,2019-09-17T10:36:10-07:00,POINT (-122.2636514 37.8747648),20.136421487275708,706.0311095550219,android,6.500647064981415,-6.139465027592752,6.60417056895409
88,37.8748036,-122.263596,1568741771.0,2019-09-17T10:36:11-07:00,POINT (-122.263596 37.8748036),23.629945103438544,711.5147229892204,android,0.3611820373886629,0.4647055413613386,-0.22711071822935922
89,37.8747243,-122.2635592,1568741797.0,2019-09-17T10:36:37-07:00,POINT (-122.2635592 37.8747243),14.43441464322859,713.3412136660776,android,12.443526112783466,-5.440173132602001,8.068933033614607
90,37.8747592,-122.2634245,1568741798.0,2019-09-17T10:36:38-07:00,POINT (-122.2634245 37.8747592),16.414077849815644,725.6467972576769,android,7.003352980181465,2.6287599010126064,-2.4415863986914834
91,37.8747745,-122.2633471,1568741799.0,2019-09-17T10:36:39-07:00,POINT (-122.2633471 37.8747745),17.0305888313087,732.6355443787212,android,9.632112881194072,0.18717350232112295,-0.2938964246829894
92,37.8748007,-122.2632425,1568741800.0,2019-09-17T10:36:40-07:00,POINT (-122.2632425 37.8748007),18.469119320688268,742.1757424680542,android,9.819286383515195,-0.10672292236186642,0.20769539447122476
93,37.8748316,-122.2631377,1568741801.0,2019-09-17T10:36:41-07:00,POINT (-122.2631377 37.8748316),20.420046368593628,751.8145422349994,android,9.712563461153328,0.10097247210935834,0.16060511931489252
94,37.874861,-122.2630335,1568741802.0,2019-09-17T10:36:42-07:00,POINT (-122.2630335 37.874861),22.108897832897902,761.6211273252842,android,9.813535933262687,0.26157759142425085,1.2022768562538868
95,37.8748866,-122.2629265,1568741803.0,2019-09-17T10:36:43-07:00,POINT (-122.2629265 37.8748866),23.340715913387427,771.3737103975426,android,10.075113524686937,1.4638544476781377,-1.0286479945220819
96,37.8748965,-122.2628124,1568741804.0,2019-09-17T10:36:44-07:00,POINT (-122.2628124 37.8748965),22.75082015639725,781.4515903168294,android,11.538967972365075,0.4352064531560558,2.2326882232513476
97,37.8749017,-122.2626811,1568741805.0,2019-09-17T10:36:45-07:00,POINT (-122.2626811 37.8749017),21.394553231235005,792.9341168158088,android,11.97417442552113,2.6678946764074034,-8.118506531565064
98,37.8748997,-122.2625447,1568741806.0,2019-09-17T10:36:46-07:00,POINT (-122.2625447 37.8748997),19.175825718257727,804.7257371935731,android,14.642069101928534,-5.450611855157661,8.00095081162056
99,37.8748977,-122.2623779,1568741807.0,2019-09-17T10:36:47-07:00,POINT (-122.2623779 37.8748977),16.511391105267595,819.1536521346891,android,9.191457246770874,2.5503389564629,-2.20191041936954
100,37.8748961,-122.2622732,1568741808.0,2019-09-17T10:36:48-07:00,POINT (-122.2622732 37.8748961),14.801243664346718,828.2036519117081,android,11.741796203233774,0.3484285370933602,2.0673594572939535
101,37.8748872,-122.2621399,1568741809.0,2019-09-17T10:36:49-07:00,POINT (-122.2621399 37.8748872),11.881726747507484,839.5041126942258,android,12.090224740327134,2.4157879943873137,-8.015888390417688
102,37.8748844,-122.2620022,1568741810.0,2019-09-17T10:36:50-07:00,POINT (-122.2620022 37.8748844),9.651364980464152,851.4118514201298,android,14.506012734714448,-5.600100396030374,8.863839688213222
103,37.8748903,-122.2618371,1568741811.0,2019-09-17T10:36:51-07:00,POINT (-122.2618371 37.8748903),7.991314333033337,865.8521789954126,android,8.905912338684074,3.263739292182848,-3.2992996438314215
104,37.8748971,-122.261736,1568741812.0,2019-09-17T10:36:52-07:00,POINT (-122.261736 37.8748971),7.323921801280035,874.7509705444461,android,12.169651630866921,-0.03556035164857363,1.5120295611011638
105,37.874892,-122.2615975,1568741813.0,2019-09-17T10:36:53-07:00,POINT (-122.2615975 37.874892),4.830478218986842,886.6876523395729,android,12.134091279218348,1.4764692094525902,-4.475239165700517
106,37.8748855,-122.2614595,1568741814.0,2019-09-17T10:36:54-07:00,POINT (-122.2614595 37.8748855),2.1906709049699837,898.5562495496284,android,13.610560488670938,-2.9987699562479264,4.078749829821305
107,37.8748819,-122.2613045,1568741815.0,2019-09-17T10:36:55-07:00,POINT (-122.2613045 37.8748819),0.3689059336953743,911.9521435480009,android,10.611790532423012,1.0799798735733788,-1.464731932773871
108,37.8748814,-122.2611836,1568741816.0,2019-09-17T10:36:56-07:00,POINT (-122.2611836 37.8748814),2.112525881349259,922.4416175130243,android,11.69177040599639,-0.38475205920049227,3.0823513839733625
109,37.8748804,-122.2610504,1568741817.0,2019-09-17T10:36:57-07:00,POINT (-122.2610504 37.8748804),4.082721817249387,933.9903468955148,android,11.307018346795898,2.6975993247728702,-0.11764651822858063
110,37.8748823,-122.2609216,1568741818.0,2019-09-17T10:36:58-07:00,POINT (-122.2609216 37.8748823),5.673752581100205,945.2081123752552,android,14.004617671568768,2.5799528065442896,-17.42483498159576
111,37.8748294,-122.2607768,1568741819.0,2019-09-17T10:36:59-07:00,POINT (-122.2607768 37.8748294),13.491448659606476,956.8495381712078,android,16.584570478113058,-14.844882175051472,14.870297154300467
112,37.8747772,-122.2605998,1568741820.0,2019-09-17T10:37:00-07:00,POINT (-122.2605998 37.8747772),21.68242794729059,971.2061640989928,android,1.7396883030615862,0.02541497924899359,0.02095962519344488
113,37.8748414,-122.2603345,1568741834.0,2019-09-17T10:37:14-07:00,POINT (-122.2603345 37.8748414),22.686072636880965,995.7339251062987,android,2.0954980125474965,0.31884973195722194,-0.010022036651191214
114,37.8751045,-122.2601479,1568741850.0,2019-09-17T10:37:30-07:00,POINT (-122.2601479 37.8751045),2.4947233486933995,1017.2524052437266,android,7.1970937238630475,0.15849714553816252,1.0332248947697904
115,37.8751164,-122.2600673,1568741851.0,2019-09-17T10:37:31-07:00,POINT (-122.2600673 37.8751164),1.5834883907246575,1024.1333987917076,android,7.35559086940121,1.191722040307953,1.4670675706160488
116,37.8751271,-122.2599846,1568741852.0,2019-09-17T10:37:32-07:00,POINT (-122.2599846 37.8751271),1.4142262977761955,1031.5012243586448,android,8.547312909709163,2.6587896109240017,-5.138683850238081
117,37.87514,-122.2598886,1568741853.0,2019-09-17T10:37:33-07:00,POINT (-122.2598886 37.87514),1.2700166407726687,1040.063727450016,android,11.206102520633165,-2.4798942393140795,4.228847511182391
118,37.8751572,-122.2597628,1568741854.0,2019-09-17T10:37:34-07:00,POINT (-122.2597628 37.8751572),1.2782996876055728,1051.2454456935202,android,8.726208281319085,1.7489532718683112,-1.383992867481508
119,37.87515,-122.2596638,1568741855.0,2019-09-17T10:37:35-07:00,POINT (-122.2596638 37.87515),0.7902252062309171,1059.7409204510936,android,10.475161553187396,0.3649604043868031,-0.542489400114782
120,37.8751526,-122.2595445,1568741856.0,2019-09-17T10:37:36-07:00,POINT (-122.2595445 37.8751526),2.069052877428588,1070.1561081339644,android,10.8401219575742,-0.17752899572797887,2.8035304158167236
121,37.8751784,-122.2594254,1568741857.0,2019-09-17T10:37:37-07:00,POINT (-122.2594254 37.8751784),0.8065586955908801,1080.9414974599292,android,10.66259296184622,2.6260014200887447,-7.3205709177814295
122,37.8752002,-122.2593071,1568741858.0,2019-09-17T10:37:38-07:00,POINT (-122.2593071 37.8752002),0.06713327776944425,1091.5906289745062,android,13.288594381934965,-4.694569497692685,7.130795362890273
123,37.8752099,-122.2591562,1568741859.0,2019-09-17T10:37:39-07:00,POINT (-122.2591562 37.8752099),1.1600714621307249,1104.8609971478393,android,8.59402488424228,2.4362258651975885,-0.5177854146103744
124,37.875215,-122.2590585,1568741860.0,2019-09-17T10:37:40-07:00,POINT (-122.2590585 37.875215),1.99689893302688,1113.431616237251,android,11.030250749439869,1.9184404505872141,-1.1755226335797033
125,37.8752273,-122.2589338,1568741861.0,2019-09-17T10:37:41-07:00,POINT (-122.2589338 37.8752273),2.4310040466064367,1124.4750995305074,android,12.948691200027083,0.7429178170075108,-3.550763697988332
126,37.875288,-122.2588079,1568741862.0,2019-09-17T10:37:42-07:00,POINT (-122.2588079 37.875288),2.393965395134421,1136.4995213638415,android,13.691609017034594,-2.807845880980821,1.8600462345155417
127,37.8753292,-122.2586609,1568741863.0,2019-09-17T10:37:43-07:00,POINT (-122.2586609 37.8753292),4.778240990322128,1150.0037459962998,android,10.883763136053773,-0.9477996464652794,0.021504834449912025
128,37.8753288,-122.2585369,1568741864.0,2019-09-17T10:37:44-07:00,POINT (-122.2585369 37.8753288),3.1023679870881016,1159.7695190041352,android,9.935963489588493,-0.9262948120153673,-8.083373865557759
129,37.8753294,-122.2584237,1568741865.0,2019-09-17T10:37:45-07:00,POINT (-122.2584237 37.8753294),10.902598186967957,1159.7695190041352,android,9.009668677573126,-9.009668677573126,9.009668677573126
130,37.875319,-122.2583219,1568741866.0,2019-09-17T10:37:46-07:00,POINT (-122.2583219 37.875319),19.497314653289887,1159.7695190041352,android,0.0,0.0,0.0
