,latitude,longitude,ts,fmt_time,geometry,gt_distance,gt_projection,source,speed,acceleration,jerk
0,37.8709294,-122.2682561,1581013470.0,2020-02-06T10:24:30-08:00,POINT (-122.2682561 37.8709294),0.49265944714641324,0.6005823155750091,android,2.0832137500283046,-0.3390670787266352,3.174116008140249
1,37.8709131,-122.2682444,1581013471.0,2020-02-06T10:24:31-08:00,POINT (-122.2682444 37.8709131),1.8771423865492347,0.0,android,1.7441466713016693,2.835048929413614,-5.114209334126979
2,37.8708995,-122.2682345,1581013472.0,2020-02-06T10:24:32-08:00,POINT (-122.2682345 37.8708995),3.555819456274478,0.0,android,4.579195600715283,-2.2791604047133656,2.9189201213955926
3,37.8709393,-122.26824789999999,1581013473.0,2020-02-06T10:24:33-08:00,POINT (-122.26824789999999 37.8709393),1.3042676520283407,1.6340621775398243,android,2.3000351960019176,0.6397597166822271,-0.03619877048284348
4,37.8709206,-122.2682367,1581013474.0,2020-02-06T10:24:34-08:00,POINT (-122.2682367 37.8709206),2.1725859943671004,0.0,android,2.9397949126841447,0.6035609461993836,1.6313601112749416
5,37.870947,-122.2682385,1581013475.0,2020-02-06T10:24:35-08:00,POINT (-122.2682385 37.870947),2.2003856615541024,2.4153839283039673,android,3.5433558588835283,2.2349210574743252,-3.9448751229406933
6,37.8709788,-122.2682411,1581013476.0,2020-02-06T10:24:36-08:00,POINT (-122.2682411 37.8709788),2.271122635869624,5.950457915011291,android,5.778276916357854,-1.709954065466368,2.568348460518256
7,37.8710301,-122.2682306,1581013477.0,2020-02-06T10:24:37-08:00,POINT (-122.2682306 37.8710301),3.6730457362491613,11.543888498532944,android,4.0683228508914855,0.8583943950518877,0.9040280630014479
8,37.8710666,-122.2682274,1581013478.0,2020-02-06T10:24:38-08:00,POINT (-122.2682274 37.8710666),4.296226102240032,15.55540936159142,android,4.926717245943373,1.7624224580533356,0.640809471260229
9,37.8711109,-122.2682284,1581013479.0,2020-02-06T10:24:39-08:00,POINT (-122.2682284 37.8711109),4.6457560182876,20.33059098298748,android,6.689139703996709,2.4032319293135647,-0.7420541341089439
10,37.8711709,-122.2682339,1581013480.0,2020-02-06T10:24:40-08:00,POINT (-122.2682339 37.8711709),4.914184669475189,27.000062504229827,android,9.092371633310274,1.6611777952046207,-0.1942898650874696
11,37.8712516,-122.2682506,1581013481.0,2020-02-06T10:24:41-08:00,POINT (-122.2682506 37.8712516),4.3413119691458455,36.12418508344561,android,10.753549428514894,1.4668879301171511,-4.4735405912174375
12,37.8713472,-122.2682691,1581013482.0,2020-02-06T10:24:42-08:00,POINT (-122.2682691 37.8713472),3.89916920100708,46.792105807273515,android,12.220437358632045,-3.0066526611002864,7.70337821080957
13,37.8714564,-122.2682848,1581013483.0,2020-02-06T10:24:43-08:00,POINT (-122.2682848 37.8714564),3.8729320025767597,58.98683328142802,android,9.213784697531759,4.696725549709283,-8.254954635306772
14,37.8715387,-122.268297,1581013484.0,2020-02-06T10:24:44-08:00,POINT (-122.268297 37.8715387),3.821038083571182,68.18113919810426,android,13.910510247241042,-3.558229085597489,2.824738659707272
15,37.8716638,-122.2682973,1581013485.0,2020-02-06T10:24:45-08:00,POINT (-122.2682973 37.8716638),5.336922913914157,81.97865111191817,android,10.352281161643553,-0.7334904258902171,1.2760658201118602
16,37.8717569,-122.2682976,1581013486.0,2020-02-06T10:24:46-08:00,POINT (-122.2682976 37.8717569),6.4583435930859325,92.24757351414974,android,9.618790735753336,0.5425753942216431,-5.4146912463419286
17,37.8718425,-122.2683134,1581013487.0,2020-02-06T10:24:47-08:00,POINT (-122.2683134 37.8718425),6.132458363479579,101.84094311015166,android,10.16136612997498,-4.872115852120285,4.816888714498856
18,37.8719303,-122.2683455,1581013488.0,2020-02-06T10:24:48-08:00,POINT (-122.2683455 37.8719303),4.408916196690108,111.83618109169655,android,5.289250277854694,-0.05522713762142928,0.30022293253548593
19,37.871974,-122.2683693,1581013489.0,2020-02-06T10:24:49-08:00,POINT (-122.2683693 37.871974),2.867256773483589,116.8874769284496,android,5.234023140233265,0.24499579491405665,-1.3997975711484116
20,37.8720184,-122.2683891,1581013490.0,2020-02-06T10:24:50-08:00,POINT (-122.2683891 37.8720184),1.683867517380409,121.97687418388686,android,5.479018935147321,-1.154801776234355,0.767389133917209
21,37.8720671,-122.2683796,1581013491.0,2020-02-06T10:24:51-08:00,POINT (-122.2683796 37.8720671),2.6738052131783316,127.57665900318513,android,4.324217158912966,-0.387412642317146,0.044068292606605386
22,37.8721045,-122.2683661,1581013492.0,2020-02-06T10:24:52-08:00,POINT (-122.2683661 37.8721045),0.24549733145258965,135.11267375462083,android,3.9368045165958203,-0.3433443497105406,-0.3690962660867765
23,37.8721348,-122.2683429,1581013493.0,2020-02-06T10:24:53-08:00,POINT (-122.2683429 37.8721348),2.666095335779764,137.75636247277012,android,3.5934601668852797,-0.7124406157973171,3.0349505289003402
24,37.872158,-122.2683144,1581013494.0,2020-02-06T10:24:54-08:00,POINT (-122.2683144 37.872158),4.715522367776946,140.7075757366025,android,2.8810195510879626,2.322509913103023,-2.7981607180408914
25,37.8721658,-122.2682831,1581013495.0,2020-02-06T10:24:55-08:00,POINT (-122.2682831 37.8721658),5.074308417743389,143.2617116794688,android,5.203529464190986,-0.47565080493786827,2.522293108024603
26,37.8721792,-122.2682263,1581013496.0,2020-02-06T10:24:56-08:00,POINT (-122.2682263 37.8721792),5.902125913825692,148.40789310536067,android,4.7278786592531175,2.0466423030867347,-1.266425728904573
27,37.8721834,-122.2681727,1581013497.0,2020-02-06T10:24:57-08:00,POINT (-122.2681727 37.8721834),5.754161903477593,153.14289210322755,android,6.774520962339852,0.7802165741821616,1.5236198135103534
28,37.8721981,-122.2680978,1581013498.0,2020-02-06T10:24:58-08:00,POINT (-122.2680978 37.8721981),6.5190080086269555,159.88631840562158,android,7.554737536522014,2.303836387692515,-1.4032956316132381
29,37.8722059,-122.2680123,1581013499.0,2020-02-06T10:24:59-08:00,POINT (-122.2680123 37.8722059),6.404061029634231,167.455146108699,android,9.858573924214529,0.9005407560792769,0.8561693210073518
30,37.8722074,-122.2679,1581013500.0,2020-02-06T10:25:00-08:00,POINT (-122.2679 37.8722074),4.603843143442846,177.65432545506638,android,10.759114680293806,1.7567100770866286,-4.946242913116805
31,37.8722108,-122.2677775,1581013501.0,2020-02-06T10:25:01-08:00,POINT (-122.2677775 37.8722108),3.1253534756892005,187.95050409114506,android,12.515824757380434,-3.1895328360301765,5.676868087360182
32,37.8722166,-122.2676351,1581013502.0,2020-02-06T10:25:02-08:00,POINT (-122.2676351 37.8722166),2.2255627577119275,200.662259774699,android,9.326291921350258,2.4873352513300055,-1.9563580985535172
33,37.8722272,-122.2675297,1581013503.0,2020-02-06T10:25:03-08:00,POINT (-122.2675297 37.8722272),1.7841240020131623,209.99648259828948,android,11.813627172680263,0.5309771527764884,0.6932253309830365
34,37.8722454,-122.2673971,1581013504.0,2020-02-06T10:25:04-08:00,POINT (-122.2673971 37.8722454),1.7604261031788255,221.8326865138486,android,12.344604325456752,1.224202483759525,-5.70561166589928
35,37.8722698,-122.2672599,1581013505.0,2020-02-06T10:25:05-08:00,POINT (-122.2672599 37.8722698),2.344522409795521,234.18612753993895,android,13.568806809216277,-4.481409182139755,6.459271246994627
36,37.8722952,-122.2671087,1581013506.0,2020-02-06T10:25:06-08:00,POINT (-122.2671087 37.8722952),2.8254217185431956,247.77159099678119,android,9.087397627076522,1.9778620648548717,-1.7492520906920248
37,37.8723092,-122.2670067,1581013507.0,2020-02-06T10:25:07-08:00,POINT (-122.2670067 37.8723092),2.807233646942859,256.876355965115,android,11.065259691931393,0.2286099741628469,-1.6379208478270986
38,37.8723221,-122.2668817,1581013508.0,2020-02-06T10:25:08-08:00,POINT (-122.2668817 37.8723221),2.4521129113254374,267.6651050508134,android,11.29386966609424,-1.4093108736642517,-2.7317998345886796
39,37.8723374,-122.2667545,1581013509.0,2020-02-06T10:25:09-08:00,POINT (-122.2667545 37.8723374),2.490600437419081,279.38134082533344,android,9.884558792429988,-4.141110708252931,3.0951834614858083
40,37.872345,-122.2666423,1581013510.0,2020-02-06T10:25:10-08:00,POINT (-122.2666423 37.872345),1.76228195216596,289.2589069213515,android,5.743448084177057,-1.045927246767123,0.33432367108742156
41,37.8723483,-122.266577,1581013511.0,2020-02-06T10:25:11-08:00,POINT (-122.266577 37.8723483),1.2153555690146163,294.98790292740904,android,4.697520837409934,-0.7116035756797014,0.6062504688197032
42,37.8723547,-122.2665241,1581013512.0,2020-02-06T10:25:12-08:00,POINT (-122.2665241 37.8723547),1.1805754345253618,299.6944082851291,android,3.9859172617302328,-0.10535310685999821,0.41202974561553596
43,37.8723572,-122.2664788,1581013513.0,2020-02-06T10:25:13-08:00,POINT (-122.2664788 37.8723572),0.8242517985444006,303.67243299129115,android,3.8805641548702345,0.30667663875553774,-2.247362889732806
44,37.8723606,-122.2664348,1581013514.0,2020-02-06T10:25:14-08:00,POINT (-122.2664348 37.8723606),0.5846185101893536,307.55335255347165,android,4.187240793625772,-1.9406862509772682,1.3963822149508271
45,37.8723601,-122.2663871,1581013515.0,2020-02-06T10:25:15-08:00,POINT (-122.2663871 37.8723601),0.1337658367477999,311.6871582044828,android,2.246554542648504,-0.5443040360264411,-0.890934335696312
46,37.872354,-122.2663627,1581013516.0,2020-02-06T10:25:16-08:00,POINT (-122.2663627 37.872354),1.1415264389980093,313.69915776747524,android,1.702250506622063,-1.435238371722753,1.438072666708248
47,37.8723525,-122.2663434,1581013517.0,2020-02-06T10:25:17-08:00,POINT (-122.2663434 37.8723525),1.5743659614875705,315.34897130033545,android,0.26701213489931,0.002834294985494856,0.08640005686964712
48,37.8723645,-122.2663439,1581013522.0,2020-02-06T10:25:22-08:00,POINT (-122.2663439 37.8723645),0.2527071235059787,315.51615089172145,android,0.2811836098267843,0.4348345793337305,-0.2630089027245497
49,37.8723681,-122.2663394,1581013524.0,2020-02-06T10:25:24-08:00,POINT (-122.2663394 37.8723681),0.07909977372817255,315.9701412738642,android,1.1508527684942453,-0.09118322611536889,-0.4361214839932668
50,37.8723599,-122.2663314,1581013525.0,2020-02-06T10:25:25-08:00,POINT (-122.2663314 37.8723599),0.9305763959814025,316.52100191616915,android,1.0596695423788765,-0.5273047101086357,0.370715092019118
51,37.872357,-122.2663199,1581013526.0,2020-02-06T10:25:26-08:00,POINT (-122.2663199 37.872357),1.4082839964995555,317.4688418796383,android,0.5323648322702408,-0.15658961808951766,-0.08565798761645699
52,37.8723556,-122.2663141,1581013527.0,2020-02-06T10:25:27-08:00,POINT (-122.2663141 37.8723556),1.6423554256033315,317.94798173868537,android,0.3757752141807231,-0.24224760570597464,0.13095898282002486
53,37.8723573,-122.2663104,1581013528.0,2020-02-06T10:25:28-08:00,POINT (-122.2663104 37.8723573),1.507580115280521,318.29914942385153,android,0.13352760847474848,-0.11128862288594979,0.30131189338053593
54,37.8723575,-122.2663089,1581013529.0,2020-02-06T10:25:29-08:00,POINT (-122.2663089 37.8723575),1.5065363436486348,318.4329293319865,android,0.022238985588798697,0.19002327049458614,-0.25124798692572314
55,37.8723577,-122.2663089,1581013530.0,2020-02-06T10:25:30-08:00,POINT (-122.2663089 37.8723577),1.4846246293567342,318.43643937160317,android,0.21226225608338484,-0.061224716431137,0.20715503312930358
56,37.872356,-122.2663078,1581013531.0,2020-02-06T10:25:31-08:00,POINT (-122.2663078 37.872356),1.6861773675414562,318.5021352686023,android,0.15103753965224784,0.14593031669816658,0.011424290857550671
57,37.8723554,-122.2662493,1581013565.0,2020-02-06T10:26:05-08:00,POINT (-122.2662493 37.8723554),2.5657606525585326,323.57213037533324,android,5.112668307389912,0.5343562058548894,-0.8970324230570199
58,37.8723696,-122.2661939,1581013566.0,2020-02-06T10:26:06-08:00,POINT (-122.2661939 37.8723696),2.205584332795009,328.4042107870765,android,5.647024513244801,-0.3626762172021305,0.071852198696714
59,37.8723946,-122.2661379,1581013567.0,2020-02-06T10:26:07-08:00,POINT (-122.2661379 37.8723946),1.1133522803327938,333.53458403278046,android,5.284348296042671,-0.2908240185054165,2.0780986948734004
60,37.8724241,-122.2660907,1581013568.0,2020-02-06T10:26:08-08:00,POINT (-122.2660907 37.8724241),0.9376013710166138,338.8182474043535,android,4.993524277537254,1.7872746763679839,-3.987156671004316
61,37.8724616,-122.2660594,1581013569.0,2020-02-06T10:26:09-08:00,POINT (-122.2660594 37.8724616),0.781950752347008,343.5016598837463,android,6.780798953905238,-2.199881994636332,2.513816743292911
62,37.8725167,-122.2660263,1581013570.0,2020-02-06T10:26:10-08:00,POINT (-122.2660263 37.8725167),0.32542837857230544,351.31838105749483,android,4.580916959268906,0.3139347486565791,-1.1492173033116142
63,37.8725577,-122.2660212,1581013571.0,2020-02-06T10:26:11-08:00,POINT (-122.2660212 37.8725577),0.9805667263801823,355.7729976288587,android,4.894851707925485,-0.8352825546550351,0.39850214626140934
64,37.8726017,-122.2660195,1581013572.0,2020-02-06T10:26:12-08:00,POINT (-122.2660195 37.8726017),1.6538850016482216,360.61069082720365,android,4.05956915327045,-0.43678040839362575,-0.6144686956780792
65,37.8726378,-122.2660264,1581013573.0,2020-02-06T10:26:13-08:00,POINT (-122.2660264 37.8726378),1.4809830375408424,364.6582020525883,android,3.6227887448768246,-1.051249104071705,-0.8640056388081099
66,37.8726703,-122.2660293,1581013574.0,2020-02-06T10:26:14-08:00,POINT (-122.2660293 37.8726703),1.6149308062457803,368.27077850891254,android,2.5715396408051197,-1.9152547428798148,1.4706665267159615
67,37.872693,-122.2660349,1581013575.0,2020-02-06T10:26:15-08:00,POINT (-122.2660349 37.872693),1.3959229943594937,370.82781073191825,android,0.6562848979253049,-0.44458821616385324,0.45172335691945276
68,37.8726989,-122.2660351,1581013576.0,2020-02-06T10:26:16-08:00,POINT (-122.2660351 37.8726989),1.448786847650975,371.48054652591617,android,0.21169668176145165,0.007135140755599498,-0.016845944450853696
69,37.8727011,-122.2660209,1581013582.0,2020-02-06T10:26:22-08:00,POINT (-122.2660209 37.8727011),2.7167250392967985,371.5890135164793,android,0.25450752629504864,-0.09394052594952268,0.07898898697299017
70,37.8727033,-122.2660201,1581013583.0,2020-02-06T10:26:23-08:00,POINT (-122.2660201 37.8727033),2.8129134046231266,371.8241398727434,android,0.16056700034552596,-0.014951538976532508,0.027815426482836164
71,37.872704,-122.2660217,1581013584.0,2020-02-06T10:26:24-08:00,POINT (-122.2660217 37.872704),2.6813499002431405,371.91648230750917,android,0.14561546136899345,0.012863887506303656,-0.13451463184802243
72,37.8727053,-122.2660215,1581013585.0,2020-02-06T10:26:25-08:00,POINT (-122.2660215 37.8727053),2.714340116252294,372.0579984775124,android,0.1584793488752971,-0.12165074434171877,2.369698786027619
73,37.8727062,-122.2660201,1581013586.0,2020-02-06T10:26:26-08:00,POINT (-122.2660201 37.8727062),2.8474934725658705,372.14404691797216,android,0.03682860453357834,2.2480480416859003,-1.3470085981929745
74,37.8727063,-122.2660197,1581013587.0,2020-02-06T10:26:27-08:00,POINT (-122.2660197 37.8727063),2.883663493566207,372.151297321381,android,2.2848766462194785,0.9010394434929259,0.16172669850974497
75,37.8727254,-122.2660293,1581013588.0,2020-02-06T10:26:28-08:00,POINT (-122.2660293 37.8727254),2.2719527003608624,374.34901227528206,android,3.1859160897124044,1.0627661420026708,1.0278987518445462
76,37.8727519,-122.2660431,1581013589.0,2020-02-06T10:26:29-08:00,POINT (-122.2660431 37.8727519),1.3812166950698974,377.40274100509333,android,4.248682231715075,2.090664893847217,-1.2842498705092922
77,37.8727885,-122.266057,1581013590.0,2020-02-06T10:26:30-08:00,POINT (-122.266057 37.8727885),0.5563468865625006,381.5800823599151,android,6.339347125562292,0.8064150233379248,0.7592847606815285
78,37.8728442,-122.2660724,1581013591.0,2020-02-06T10:26:31-08:00,POINT (-122.2660724 37.8728442),0.21842077715271446,387.85936557510684,android,7.145762148900217,1.5656997840194533,0.2150506723356047
79,37.8729076,-122.2660857,1581013592.0,2020-02-06T10:26:32-08:00,POINT (-122.2660857 37.8729076),0.7299517739925065,394.9721636934348,android,8.71146193291967,1.780750456355058,-0.16184724897616398
80,37.8729853,-122.266073,1581013593.0,2020-02-06T10:26:33-08:00,POINT (-122.266073 37.8729853),1.1827481914439515,403.4524305266788,android,10.492212389274728,1.618903207378894,-4.802501189856985
81,37.873079,-122.2660589,1581013594.0,2020-02-06T10:26:34-08:00,POINT (-122.2660589 37.873079),3.382891011977736,413.6888805525452,android,12.111115596653622,-3.1835979824780907,6.491626274240849
82,37.8731879,-122.2660614,1581013595.0,2020-02-06T10:26:35-08:00,POINT (-122.2660614 37.8731879),4.1195456463186915,425.81426484730525,android,8.927517614175532,3.308028291762758,-3.655080198171552
83,37.8732672,-122.2660773,1581013596.0,2020-02-06T10:26:36-08:00,POINT (-122.2660773 37.8732672),3.387429063763691,434.69333390527567,android,12.23554590593829,-0.3470519064087938,1.743438747359182
84,37.8733769,-122.2660882,1581013597.0,2020-02-06T10:26:37-08:00,POINT (-122.2660882 37.8733769),3.739215987864523,446.77369298289386,android,11.888493999529496,1.3963868409503881,-5.935399404105249
85,37.873483,-122.2661049,1581013598.0,2020-02-06T10:26:38-08:00,POINT (-122.2661049 37.873483),3.4938233362943243,458.7249848398733,android,13.284880840479884,-4.539012563154861,6.5385775846215175
86,37.873601,-122.2661286,1581013599.0,2020-02-06T10:26:39-08:00,POINT (-122.2661286 37.873601),2.4194478461561744,471.99755173557895,android,8.745868277325023,1.9995650214666565,-4.080952603118758
87,37.8736791,-122.2661404,1581013600.0,2020-02-06T10:26:40-08:00,POINT (-122.2661404 37.8736791),1.9799620443574681,480.7140217385174,android,10.74543329879168,-2.081387581652102,1.052378924017349
88,37.8737754,-122.2661506,1581013601.0,2020-02-06T10:26:41-08:00,POINT (-122.2661506 37.8737754),2.086163548870789,491.064221842091,android,8.664045717139578,-1.029008657634753,-1.8022070976857014
89,37.8738533,-122.2661527,1581013602.0,2020-02-06T10:26:42-08:00,POINT (-122.2661527 37.8738533),2.7683845456614873,500.17796575562386,android,7.635037059504825,-2.8312157553204544,1.907158144266023
90,37.8739218,-122.2661587,1581013603.0,2020-02-06T10:26:43-08:00,POINT (-122.2661587 37.8739218),2.642493397658526,507.79566761955306,android,4.80382130418437,-0.9240576110544314,1.795494072237144
91,37.873965,-122.2661592,1581013604.0,2020-02-06T10:26:44-08:00,POINT (-122.2661592 37.873965),3.0488917229027805,512.3527065247937,android,3.879763693129939,0.8714364611827126,-3.700138212285407
92,37.8739998,-122.266156,1581013605.0,2020-02-06T10:26:45-08:00,POINT (-122.266156 37.8739998),3.83363790682637,516.1438301144921,android,4.751200154312651,-2.8287017511026944,5.751190432930955
93,37.8740422,-122.2661493,1581013606.0,2020-02-06T10:26:46-08:00,POINT (-122.2661493 37.8740422),5.034008931949307,520.7306326961562,android,1.922498403209957,2.922488681828261,-3.262187739261491
94,37.8740582,-122.266141,1581013607.0,2020-02-06T10:26:47-08:00,POINT (-122.266141 37.8740582),5.990237211711339,522.3950150333649,android,4.844987085038218,-0.33969905743323014,1.634680544792273
95,37.8740977,-122.2661177,1581013608.0,2020-02-06T10:26:48-08:00,POINT (-122.2661177 37.8740977),7.252995544712647,549.7688818973025,android,4.505288027604988,1.2949814873590428,-0.17071452772987517
96,37.8741257,-122.2660806,1581013609.0,2020-02-06T10:26:49-08:00,POINT (-122.2660806 37.8741257),4.655487992065076,553.450197130794,android,5.800269514964031,1.1242669596291677,3.3109963245929173
97,37.8741552,-122.2660261,1581013610.0,2020-02-06T10:26:50-08:00,POINT (-122.2660261 37.8741552),2.1165740733916523,558.6697770541671,android,6.924536474593198,4.435263284222085,-10.337516888626084
98,37.8741701,-122.2659495,1581013611.0,2020-02-06T10:26:51-08:00,POINT (-122.2659495 37.8741701),1.4638251020569917,565.575975758626,android,11.359799758815283,-5.902253604403999,8.521525418164638
99,37.8741816,-122.2658209,1581013612.0,2020-02-06T10:26:52-08:00,POINT (-122.2658209 37.8741816),1.85145152419251,576.951701457339,android,5.457546154411284,2.619271813760639,-2.472299681819292
100,37.8741915,-122.26576,1581013613.0,2020-02-06T10:26:53-08:00,POINT (-122.26576 37.8741915),1.5460972553307164,582.4108982702318,android,8.076817968171923,0.14697213194134662,3.1243755821694528
101,37.874207,-122.2656701,1581013614.0,2020-02-06T10:26:54-08:00,POINT (-122.2656701 37.874207),0.9981059327450044,590.484046932487,android,8.22379010011327,3.2713477141107994,-5.798766565621662
102,37.874221,-122.2655781,1581013615.0,2020-02-06T10:26:55-08:00,POINT (-122.2655781 37.874221),0.641702145555619,598.7156377981565,android,11.49513781422407,-2.5274188515108627,3.3984746441742644
103,37.8742297,-122.2654476,1581013616.0,2020-02-06T10:26:56-08:00,POINT (-122.2654476 37.8742297),1.3610105851476786,610.2113592405652,android,8.967718962713207,0.8710557926634017,0.07082558998633637
104,37.8742402,-122.2653463,1581013617.0,2020-02-06T10:26:57-08:00,POINT (-122.2653463 37.8742402),1.7794367106251927,619.0297373303886,android,9.838774755376608,0.9418813826497381,-1.2210199605724217
105,37.8742466,-122.2652345,1581013618.0,2020-02-06T10:26:58-08:00,POINT (-122.2652345 37.8742466),2.356835559628273,629.1551348653004,android,10.780656138026346,-0.2791385779226836,2.0652594698385034
106,37.8742608,-122.265113,1581013619.0,2020-02-06T10:26:59-08:00,POINT (-122.265113 37.8742608),2.39246017184965,639.821940483033,android,10.501517560103663,1.7861208919158198,-4.420403474947976
107,37.874272,-122.2649942,1581013620.0,2020-02-06T10:27:00-08:00,POINT (-122.2649942 37.874272),2.8627705664610184,650.3337083642086,android,12.287638452019483,-2.6342825830321566,5.592087523554282
108,37.8742864,-122.2648554,1581013621.0,2020-02-06T10:27:01-08:00,POINT (-122.2648554 37.8742864),3.268327337727442,662.6388138971118,android,9.653355868987326,2.9578049405221254,-3.122087403215632
109,37.8743006,-122.2647469,1581013622.0,2020-02-06T10:27:02-08:00,POINT (-122.2647469 37.8743006),3.263072803713994,672.3107454223033,android,12.611160809509451,-0.16428246269350666,-0.48941284851129474
110,37.8743302,-122.2646082,1581013623.0,2020-02-06T10:27:03-08:00,POINT (-122.2646082 37.8743302),2.9701393509885263,685.0008796960831,android,12.446878346815945,-0.6536953112048014,-3.0040397437630997
111,37.8743751,-122.2644783,1581013624.0,2020-02-06T10:27:04-08:00,POINT (-122.2644783 37.8743751),2.263798301950739,696.8681634999261,android,11.793183035611143,-3.657735054967901,5.144888330840006
112,37.8744104,-122.2643516,1581013625.0,2020-02-06T10:27:05-08:00,POINT (-122.2643516 37.8744104),3.8237807369791703,708.3665354557315,android,8.135447980643242,1.4871532758721049,-1.506017940253022
113,37.8744451,-122.26427,1581013626.0,2020-02-06T10:27:06-08:00,POINT (-122.26427 37.8744451),3.8246465629832187,716.4662796200539,android,9.622601256515347,-0.018864664380917162,-0.08402236471854074
114,37.8744887,-122.2641753,1581013627.0,2020-02-06T10:27:07-08:00,POINT (-122.2641753 37.8744887),1.8116322421756894,726.4188827137062,android,9.60373659213443,-0.1028870290994579,0.48935395949801475
115,37.8745248,-122.2640759,1581013628.0,2020-02-06T10:27:08-08:00,POINT (-122.2640759 37.8745248),1.6944383064569148,736.1138374175131,android,9.500849563034972,0.38646693039855684,-0.33925074918031584
116,37.8745547,-122.2639745,1581013629.0,2020-02-06T10:27:09-08:00,POINT (-122.2639745 37.8745547),1.7523977923318579,745.6296875126804,android,9.887316493433529,0.047216181218241005,0.9790007806630516
117,37.8745839,-122.2638681,1581013630.0,2020-02-06T10:27:10-08:00,POINT (-122.2638681 37.8745839),0.03663028466848639,756.1809448203775,android,9.93453267465177,1.0262169618812926,-0.8488679113522437
118,37.8746059,-122.2637584,1581013631.0,2020-02-06T10:27:11-08:00,POINT (-122.2637584 37.8746059),3.7200869307366404,765.3969228446982,android,10.960749636533063,0.17734905052904892,1.7974005360242717
119,37.874622,-122.2636352,1581013632.0,2020-02-06T10:27:12-08:00,POINT (-122.2636352 37.874622),4.2634518535770916,777.5560302254748,android,11.138098687062111,1.9747495865533207,-5.60234307576207
120,37.8746388,-122.2635101,1581013633.0,2020-02-06T10:27:13-08:00,POINT (-122.2635101 37.8746388),4.390845341847353,788.7147741539651,android,13.112848273615432,-3.627593489208749,6.732804104382376
121,37.8746543,-122.263362,1581013634.0,2020-02-06T10:27:14-08:00,POINT (-122.263362 37.8746543),4.060671006266235,801.8492302386278,android,9.485254784406683,3.105210615173627,-3.3813166237758985
122,37.8746668,-122.2632551,1581013635.0,2020-02-06T10:27:15-08:00,POINT (-122.2632551 37.8746668),3.966152543230023,811.3524802608556,android,12.59046539958031,-0.2761060086022713,2.3181721017191794
123,37.8746849,-122.2631135,1581013636.0,2020-02-06T10:27:16-08:00,POINT (-122.2631135 37.8746849),4.010026725497999,823.967165045765,android,12.314359390978039,2.042066093116908,-5.3900263287809445
124,37.8747005,-122.2629746,1581013637.0,2020-02-06T10:27:17-08:00,POINT (-122.2629746 37.8747005),3.6861416814123134,836.3456860014827,android,14.356425484094947,-3.3479602356640363,5.812401472211805
125,37.8747145,-122.262812,1581013638.0,2020-02-06T10:27:18-08:00,POINT (-122.262812 37.8747145),2.833659352031291,850.7053615819708,android,11.00846524843091,2.464441236547769,-2.42789253702769
126,37.8747322,-122.2626886,1581013639.0,2020-02-06T10:27:19-08:00,POINT (-122.2626886 37.8747322),2.960753804464901,861.7340430110347,android,13.47290648497868,0.036548699520079,-0.5255007448130726
127,37.8747544,-122.2625377,1581013640.0,2020-02-06T10:27:20-08:00,POINT (-122.2625377 37.8747544),3.176966440605686,875.230765733168,android,13.509455184498758,-0.48895204529299363,-0.35043377482490534
128,37.8747767,-122.2623864,1581013641.0,2020-02-06T10:27:21-08:00,POINT (-122.2623864 37.8747767),3.398277115652809,888.7640222582619,android,13.020503139205765,-0.839385820117899,0.3545707973062111
129,37.874793,-122.2622395,1581013642.0,2020-02-06T10:27:22-08:00,POINT (-122.2622395 37.874793),3.0277055627429927,901.8047247598772,android,12.181117319087866,-0.48481502281168787,0.434162227027203
130,37.8748119,-122.2621028,1581013643.0,2020-02-06T10:27:23-08:00,POINT (-122.2621028 37.8748119),3.1352931778984834,913.961994229222,android,11.696302296276178,-0.050652795784484894,-0.04156628100538384
131,37.8748231,-122.2619703,1581013644.0,2020-02-06T10:27:24-08:00,POINT (-122.2619703 37.8748231),2.5945130710572353,925.669080703057,android,11.645649500491693,-0.09221907678986874,2.3050123478920064
132,37.8748402,-122.2618394,1581013645.0,2020-02-06T10:27:25-08:00,POINT (-122.2618394 37.8748402),2.7221624224656673,937.3364527913124,android,11.553430423701824,2.2127932711021376,-6.283749291934191
133,37.8748565,-122.2617094,1581013646.0,2020-02-06T10:27:26-08:00,POINT (-122.2617094 37.8748565),2.774109021613747,948.9121091316451,android,13.766223694803962,-4.070956020832053,7.22358955409954
134,37.8748693,-122.2615534,1581013647.0,2020-02-06T10:27:27-08:00,POINT (-122.2615534 37.8748693),2.0951001903987656,962.6890335174241,android,9.695267673971909,3.152633533267487,-3.8740341655853854
135,37.8748839,-122.2614445,1581013648.0,2020-02-06T10:27:28-08:00,POINT (-122.2614445 37.8748839),2.2423499782120455,972.4017955634645,android,12.847901207239396,-0.7214006323178985,1.2267361416078035
136,37.8749033,-122.2613002,1581013649.0,2020-02-06T10:27:29-08:00,POINT (-122.2613002 37.8749033),2.443405597588999,985.2727807089536,android,12.126500574921497,0.505335509289905,-3.671285420209122
137,37.8749216,-122.261164,1581013650.0,2020-02-06T10:27:30-08:00,POINT (-122.261164 37.8749216),2.6319857058486487,997.4210894739163,android,12.631836084211402,-3.165949910919217,3.9158582406280544
138,37.8749419,-122.2610224,1581013651.0,2020-02-06T10:27:31-08:00,POINT (-122.2610224 37.8749419),2.9678303881721417,1010.0725111218933,android,9.465886173292185,0.7499083297088376,-0.6860666020739181
139,37.874958,-122.2609165,1581013652.0,2020-02-06T10:27:32-08:00,POINT (-122.2609165 37.874958),1.3254015792519442,1020.2606151738557,android,10.215794503001023,0.06384172763491947,0.049223163035481576
140,37.8749736,-122.2608018,1581013653.0,2020-02-06T10:27:33-08:00,POINT (-122.2608018 37.8749736),1.5639252182918641,1030.0797095978232,android,10.279636230635942,0.11306489067040104,-4.7782623779093765
141,37.8749919,-122.260687,1581013654.0,2020-02-06T10:27:34-08:00,POINT (-122.260687 37.8749919),1.339888997972333,1040.8732735304125,android,10.392701121306343,-4.665197487238975,5.746266585985774
142,37.8750114,-122.2605712,1581013655.0,2020-02-06T10:27:35-08:00,POINT (-122.2605712 37.8750114),0.7891470785484072,1051.2706760225979,android,5.727503634067368,1.0810690987467986,-3.121995547046149
143,37.8750181,-122.2605065,1581013656.0,2020-02-06T10:27:36-08:00,POINT (-122.2605065 37.8750181),0.9412148378083457,1057.0074258639459,android,6.8085727328141665,-2.0409264482993503,1.2620333625176952
144,37.8750287,-122.2604301,1581013657.0,2020-02-06T10:27:37-08:00,POINT (-122.2604301 37.8750287),0.826123932176756,1063.8280430910795,android,4.767646284514816,-0.7788930857816552,-0.5551269199190974
145,37.8750394,-122.2603775,1581013658.0,2020-02-06T10:27:38-08:00,POINT (-122.2603775 37.8750394),0.39390742345948637,1068.5787787453119,android,3.988753198733161,-1.3340200057007525,-1.2167962428797283
146,37.8750474,-122.2603332,1581013659.0,2020-02-06T10:27:39-08:00,POINT (-122.2603332 37.8750474),0.16485970977898634,1072.5682575206315,android,2.6547331930324085,-2.550816248580481,2.691845782354864
147,37.875051,-122.2603033,1581013660.0,2020-02-06T10:27:40-08:00,POINT (-122.2603033 37.875051),0.20716795173874256,1075.2278094192495,android,0.10391694445192773,0.141029533774383,0.07187387482666345
148,37.8750448,-122.260253,1581013703.0,2020-02-06T10:28:23-08:00,POINT (-122.260253 37.8750448),1.6193919940320625,1079.4763293343917,android,6.168186896750396,3.2316061513209116,-5.725400355062943
149,37.8750591,-122.2601851,1581013704.0,2020-02-06T10:28:24-08:00,POINT (-122.2601851 37.8750591),1.4932649540267837,1085.5263979227263,android,9.399793048071308,-2.4937942037420315,0.2596246635572399
150,37.8750814,-122.2600818,1581013705.0,2020-02-06T10:28:25-08:00,POINT (-122.2600818 37.8750814),1.8878187750314008,1094.7825146057942,android,6.905998844329276,-2.2341695401847916,3.4978978634725104
151,37.8750949,-122.260005,1581013706.0,2020-02-06T10:28:26-08:00,POINT (-122.260005 37.8750949),1.7681033703153495,1102.0113130687398,android,4.6718293041444845,1.2637283232877188,-1.3888998363021203
152,37.8751035,-122.2599529,1581013707.0,2020-02-06T10:28:27-08:00,POINT (-122.2599529 37.8751035),1.6719648397475468,1106.690852986273,android,5.935557627432203,-0.12517151301440155,0.08408205823482184
153,37.8751144,-122.2598867,1581013708.0,2020-02-06T10:28:28-08:00,POINT (-122.2598867 37.8751144),1.5527976736157474,1112.636272411363,android,5.810386114417802,-0.041089454779579704,-0.29206675238756397
154,37.8751247,-122.2598218,1581013709.0,2020-02-06T10:28:29-08:00,POINT (-122.2598218 37.8751247),1.4780609645890148,1118.45707067533,android,5.769296659638222,-0.33315620716714367,1.6868007723816998
155,37.8751334,-122.259757,1581013710.0,2020-02-06T10:28:30-08:00,POINT (-122.259757 37.8751334),1.4087182327725125,1124.292463540007,android,5.436140452471078,1.3536445652145561,3.2380841691362816
156,37.8751423,-122.2596961,1581013711.0,2020-02-06T10:28:31-08:00,POINT (-122.2596961 37.8751423),1.2182642914464212,1129.7355933935548,android,6.7897850176856345,4.591728734350838,-10.377729106875536
157,37.8751556,-122.2596206,1581013712.0,2020-02-06T10:28:32-08:00,POINT (-122.2596206 37.8751556),0.7381006682652891,1136.5184229862425,android,11.381513752036472,-5.786000372524699,6.631652983717435
158,37.8751699,-122.2594922,1581013713.0,2020-02-06T10:28:33-08:00,POINT (-122.2594922 37.8751699),0.8596597318757987,1147.9215449950034,android,5.5955133795117735,0.8456526111927367,-2.046625546920933
159,37.8751776,-122.2594292,1581013714.0,2020-02-06T10:28:34-08:00,POINT (-122.2594292 37.8751776),0.8442977141029023,1153.5278880889928,android,6.44116599070451,-1.2009729357281964,2.9501660063110577
160,37.8751903,-122.2593576,1581013715.0,2020-02-06T10:28:35-08:00,POINT (-122.2593576 37.8751903),0.42984704522333117,1159.9598339186703,android,5.240193054976314,1.7491930705828613,-1.641822198511698
161,37.8751989,-122.2592989,1581013716.0,2020-02-06T10:28:36-08:00,POINT (-122.2592989 37.8751989),0.32656184666892324,1165.2089560565864,android,6.989386125559175,0.10737087207116325,1.3535357098351675
162,37.8752068,-122.2592199,1581013717.0,2020-02-06T10:28:37-08:00,POINT (-122.2592199 37.8752068),0.5898051780417033,1172.2071694877202,android,7.096756997630338,1.4609065819063307,-3.4741041443692877
163,37.8752155,-122.2591398,1581013718.0,2020-02-06T10:28:38-08:00,POINT (-122.2591398 37.8752155),0.7811643597409688,1179.3152567824532,android,8.55766357953667,-2.013197562462957,4.752241901080106
164,37.8752247,-122.259043,1581013719.0,2020-02-06T10:28:39-08:00,POINT (-122.259043 37.8752247),1.1562568876124462,1187.8816341807071,android,6.544466017073712,2.7390443386171492,-2.549187419497229
165,37.8752346,-122.2589695,1581013720.0,2020-02-06T10:28:40-08:00,POINT (-122.2589695 37.8752346),1.1219729432343721,1194.438568414333,android,9.283510355690861,0.18985691911992042,0.08347207011984281
166,37.8752518,-122.258866,1581013721.0,2020-02-06T10:28:41-08:00,POINT (-122.258866 37.8752518),0.7574967812607896,1203.7251516024423,android,9.473367274810782,0.27332898923976323,-2.4451052552990333
167,37.8752743,-122.2587619,1581013722.0,2020-02-06T10:28:42-08:00,POINT (-122.2587619 37.8752743),0.15059942561304687,1213.1715066077388,android,9.746696264050545,-2.17177626605927,3.0423557646518677
168,37.8752884,-122.2586523,1581013723.0,2020-02-06T10:28:43-08:00,POINT (-122.2586523 37.8752884),0.1619199019820458,1222.9343533137687,android,7.574919997991275,0.8705794985925976,-0.8313539981158833
169,37.8752941,-122.2585663,1581013724.0,2020-02-06T10:28:44-08:00,POINT (-122.2585663 37.8752941),0.3449216129077258,1230.5075419342757,android,8.445499496583873,0.03922550047671436,-0.32276022662255066
170,37.8753012,-122.2584705,1581013725.0,2020-02-06T10:28:45-08:00,POINT (-122.2584705 37.8753012),6.322998040455651,1232.6875273062183,android,8.484724997060587,-0.2835347261458363,-7.917655544768914
171,37.8753057,-122.258374,1581013726.0,2020-02-06T10:28:46-08:00,POINT (-122.258374 37.8753057),14.822025767882536,1232.6875273062183,android,8.20119027091475,-8.20119027091475,8.20119027091475
172,37.8753078,-122.2582806,1581013727.0,2020-02-06T10:28:47-08:00,POINT (-122.2582806 37.8753078),23.03941693318895,1232.6875273062183,android,0.0,0.0,0.0
