,latitude,longitude,ts,fmt_time,geometry,gt_distance,gt_projection,source,speed,acceleration,jerk
0,37.8710725,-122.2677031,1564075128.0,2019-07-25T10:18:48-07:00,POINT (-122.2677031 37.8710725),16.946860495697443,0.0,android,0.011119492794399348,0.003047034153178729,-0.017213561100756808
1,37.8710726,-122.2677031,1564075129.0,2019-07-25T10:18:49-07:00,POINT (-122.2677031 37.8710726),16.935772085437513,0.0,android,0.014166526947578077,-0.014166526947578077,0.014166526947578077
2,37.8710727,-122.267703,1564075130.0,2019-07-25T10:18:50-07:00,POINT (-122.267703 37.8710727),16.925001361933106,0.0,android,0.0,0.0,0.0
3,37.8710727,-122.267703,1564075131.0,2019-07-25T10:18:51-07:00,POINT (-122.267703 37.8710727),16.925001361933106,0.0,android,0.0,0.0,1.97703731918579
4,37.8710727,-122.267703,1564075132.0,2019-07-25T10:18:52-07:00,POINT (-122.267703 37.8710727),16.925001361933106,0.0,android,0.0,1.97703731918579,-0.34516138782342676
5,37.8710727,-122.267703,1564075133.0,2019-07-25T10:18:53-07:00,POINT (-122.267703 37.8710727),16.925001361933106,0.0,android,1.97703731918579,1.6318759313623632,-2.6556396683691084
6,37.8710891,-122.2676943,1564075134.0,2019-07-25T10:18:54-07:00,POINT (-122.2676943 37.8710891),15.15716654859842,0.0,android,3.608913250548153,-1.0237637370067452,0.2788333377303993
7,37.8711195,-122.2676799,1564075135.0,2019-07-25T10:18:55-07:00,POINT (-122.2676799 37.8711195),12.0163622616095,0.0,android,2.585149513541408,-0.7449303992763459,0.8677558567522323
8,37.8711404,-122.267667,1564075136.0,2019-07-25T10:18:56-07:00,POINT (-122.267667 37.8711404),10.134299161664588,0.0,android,1.8402191142650621,0.12282545747588647,1.6601838891428464
9,37.8711503,-122.2676502,1564075137.0,2019-07-25T10:18:57-07:00,POINT (-122.2676502 37.8711503),9.829320029090574,0.0,android,1.9630445717409486,1.783009346618733,3.7435524416599906
10,37.8711582,-122.2676302,1564075138.0,2019-07-25T10:18:58-07:00,POINT (-122.2676302 37.8711582),10.218903049232908,0.0,android,3.7460539183596815,5.526561788278723,-9.234922044547218
11,37.8711646,-122.2675883,1564075139.0,2019-07-25T10:18:59-07:00,POINT (-122.2675883 37.8711646),10.633456698937934,12.313416405158426,android,9.272615706638405,-3.7083602562684943,4.4286261370561215
12,37.8711898,-122.2674876,1564075140.0,2019-07-25T10:19:00-07:00,POINT (-122.2674876 37.8711898),9.378351767730262,20.890629034174033,android,5.56425545036991,0.7202658807876272,-1.1810153480567607
13,37.8712083,-122.2674287,1564075141.0,2019-07-25T10:19:01-07:00,POINT (-122.2674287 37.8712083),8.250537893719205,26.347706630680115,android,6.284521331157538,-0.46074946726913346,0.3550488788569188
14,37.871225,-122.2673603,1564075142.0,2019-07-25T10:19:02-07:00,POINT (-122.2673603 37.871225),7.4636456256250945,32.59335144583976,android,5.823771863888404,-0.10570058841221464,0.15309015069841525
15,37.8712366,-122.2672956,1564075143.0,2019-07-25T10:19:03-07:00,POINT (-122.2672956 37.8712366),7.17796743148955,38.420786186597454,android,5.7180712754761895,0.047389562286200615,-0.7987336714318305
16,37.8712466,-122.2672317,1564075144.0,2019-07-25T10:19:04-07:00,POINT (-122.2672317 37.8712466),7.055006640891194,44.14827414018803,android,5.76546083776239,-0.7513441091456299,-2.3844208712528046
17,37.8712568,-122.2671673,1564075145.0,2019-07-25T10:19:05-07:00,POINT (-122.2671673 37.8712568),6.592925268127931,50.32336309880763,android,5.01411672861676,-3.1357649803984344,6.663062167425846
18,37.8712555,-122.2671102,1564075146.0,2019-07-25T10:19:06-07:00,POINT (-122.2671102 37.8712555),7.361815877099481,54.613435537202875,android,1.878351748218326,3.527297187027411,-3.7252302968098743
19,37.8712852,-122.2670898,1564075148.0,2019-07-25T10:19:08-07:00,POINT (-122.2670898 37.8712852),4.506127476241126,57.04735865874984,android,8.932946122273147,-3.9231634065923373,9.089922658012107
20,37.871323,-122.267,1564075149.0,2019-07-25T10:19:09-07:00,POINT (-122.267 37.871323),1.8862407053130907,66.0465888531803,android,5.00978271568081,5.166759251419769,-11.723802877354744
21,37.8713207,-122.266943,1564075150.0,2019-07-25T10:19:10-07:00,POINT (-122.266943 37.8713207),2.4852046434953925,70.69748140062578,android,10.17654196710058,-6.557043625934975,6.382873550390615
22,37.8713119,-122.2668276,1564075151.0,2019-07-25T10:19:11-07:00,POINT (-122.2668276 37.8713119),5.782133982663139,80.45175810983496,android,3.6194983411656043,-0.17417007554436026,3.9927758180104274
23,37.8713207,-122.2667879,1564075152.0,2019-07-25T10:19:12-07:00,POINT (-122.2667879 37.8713207),5.488880910158477,84.06564010894336,android,3.445328265621244,3.818605742466067,-9.026595206352873
24,37.8713172,-122.2667489,1564075153.0,2019-07-25T10:19:13-07:00,POINT (-122.2667489 37.8713172),6.523648469173421,87.35906615899394,android,7.263934008087311,-5.207989463886806,8.977278089057211
25,37.871298,-122.2666698,1564075154.0,2019-07-25T10:19:14-07:00,POINT (-122.2666698 37.871298),9.812037595431491,94.13159404149603,android,2.0559445442005053,3.7692886251704056,-3.772691606781021
26,37.8713102,-122.2666522,1564075155.0,2019-07-25T10:19:15-07:00,POINT (-122.2666522 37.8713102),8.716027504767606,95.87155818088313,android,5.825233169370911,-0.003402981610615363,-1.53063408776858
27,37.8713222,-122.2665876,1564075156.0,2019-07-25T10:19:16-07:00,POINT (-122.2665876 37.8713222),8.285842431014494,101.69149542397331,android,5.821830187760296,-1.5340370693791954,-0.057279476086046
28,37.8713344,-122.2665231,1564075157.0,2019-07-25T10:19:17-07:00,POINT (-122.2665231 37.8713344),7.800297963798227,107.59021922542462,android,4.2877931183811,-1.5913165454652414,1.3240312133630696
29,37.8713613,-122.2664881,1564075158.0,2019-07-25T10:19:18-07:00,POINT (-122.2664881 37.8713613),5.293988534218331,111.06923317796972,android,2.696476572915859,-0.26728533210217176,1.814248239508176
30,37.8713737,-122.2664617,1564075159.0,2019-07-25T10:19:19-07:00,POINT (-122.2664617 37.8713737),4.269713933015169,113.56634165565241,android,2.429191240813687,1.5469629074060043,-3.48450869448065
31,37.8713805,-122.2664354,1564075160.0,2019-07-25T10:19:20-07:00,POINT (-122.2664354 37.8713805),3.858933059495808,115.96456803380651,android,3.9761541482196914,-1.9375457870746455,1.3992003087500635
32,37.8713846,-122.2663904,1564075161.0,2019-07-25T10:19:21-07:00,POINT (-122.2663904 37.8713846),3.9832687558600597,119.94665802537975,android,2.038608361145046,-0.538345478324582,0.2349943146774638
33,37.8713865,-122.2663673,1564075162.0,2019-07-25T10:19:22-07:00,POINT (-122.2663673 37.8713865),4.069562073226456,121.98750169077991,android,1.5002628828204638,-0.3033511636471182,0.2563083897221541
34,37.8713827,-122.2663509,1564075163.0,2019-07-25T10:19:23-07:00,POINT (-122.2663509 37.8713827),4.696077341293456,123.35349774097622,android,1.1969117191733456,-0.04704277392496414,0.0821532777553382
35,37.87138,-122.2663377,1564075164.0,2019-07-25T10:19:24-07:00,POINT (-122.2663377 37.87138),5.160985214415879,124.45873172957575,android,1.1498689452483815,0.03511050383037406,-0.9937157674196744
36,37.87138,-122.2663246,1564075165.0,2019-07-25T10:19:25-07:00,POINT (-122.2663246 37.87138),5.32820890606343,125.59874229496022,android,1.1849794490787555,-0.9586052635893003,1.7265014273052808
37,37.87138,-122.2663111,1564075166.0,2019-07-25T10:19:26-07:00,POINT (-122.2663111 37.87138),5.500538498407102,126.77356237142322,android,0.22637418548945515,0.7678961637159805,-1.18160632904427
38,37.8713795,-122.2663086,1564075167.0,2019-07-25T10:19:27-07:00,POINT (-122.2663086 37.8713795),5.587341649772303,126.98307002002039,android,0.9942703492054356,-0.41371016532828964,0.35635306789754184
39,37.8713837,-122.2662986,1564075168.0,2019-07-25T10:19:28-07:00,POINT (-122.2662986 37.8713837),5.253914686038684,127.92094075910603,android,0.5805601838771459,-0.057357097430747794,-0.11193499023664422
40,37.8713866,-122.2662931,1564075169.0,2019-07-25T10:19:29-07:00,POINT (-122.2662931 37.8713866),5.0057592754304165,128.44627054047893,android,0.5232030864463981,-0.169292087667392,-0.13928309134748773
41,37.8713889,-122.2662879,1564075170.0,2019-07-25T10:19:30-07:00,POINT (-122.2662879 37.8713889),4.8196426344483125,128.9358312382384,android,0.3539109987790061,-0.30857517901487974,0.4761444684184214
42,37.8713893,-122.2662839,1564075171.0,2019-07-25T10:19:31-07:00,POINT (-122.2662839 37.8713893),4.826790900610795,129.290367341891,android,0.04533581976412639,0.16756928940354165,-0.3471159205830554
43,37.8713889,-122.2662838,1564075172.0,2019-07-25T10:19:32-07:00,POINT (-122.2662838 37.8713889),4.871979641195653,129.29262842401536,android,0.21290510916766803,-0.17954663117951372,0.24862034925547136
44,37.8713908,-122.2662841,1564075173.0,2019-07-25T10:19:33-07:00,POINT (-122.2662841 37.8713908),4.659567022523154,129.29711744230764,android,0.033358477988154306,0.06907371807595764,-0.07070705575599759
45,37.8713914,-122.2662841,1564075175.0,2019-07-25T10:19:35-07:00,POINT (-122.2662841 37.8713914),4.593698679963834,129.30677937787152,android,0.17150591414006958,-0.07234039343603756,0.010870692022684342
46,37.8713908,-122.2662823,1564075176.0,2019-07-25T10:19:36-07:00,POINT (-122.2662823 37.8713908),4.682544239009441,129.45376010447745,android,0.09916552070403202,-0.061469701413353214,0.044554398669093886
47,37.8713901,-122.2662816,1564075177.0,2019-07-25T10:19:37-07:00,POINT (-122.2662816 37.8713901),4.768326222125461,129.5034044407639,android,0.037695819290678806,-0.01691530274425933,0.032963987805729275
48,37.8713898,-122.2662814,1564075178.0,2019-07-25T10:19:38-07:00,POINT (-122.2662814 37.8713898),4.803813416459849,129.51597821420881,android,0.020780516546419475,0.016048685061469944,-0.028969327912704335
49,37.8713899,-122.2662812,1564075179.0,2019-07-25T10:19:39-07:00,POINT (-122.2662812 37.8713899),4.795388384396816,129.53499327658525,android,0.03682920160788942,-0.012920642851234392,0.003178586824421169
50,37.87139,-122.2662808,1564075180.0,2019-07-25T10:19:40-07:00,POINT (-122.2662808 37.87139),4.789516374299033,129.57141307923803,android,0.023908558756655027,-0.009742056026813222,-3.563418187531135e-05
51,37.8713902,-122.2662807,1564075181.0,2019-07-25T10:19:41-07:00,POINT (-122.2662807 37.8713902),4.768836772642352,129.58333609593473,android,0.014166502729841804,-0.009777690208688534,0.02883303844038695
52,37.8713903,-122.2662806,1564075182.0,2019-07-25T10:19:42-07:00,POINT (-122.2662806 37.8713903),4.759135225753688,129.593648786176,android,0.00438881252115327,0.019055348231698417,-0.027007846677946704
53,37.8713903,-122.2662805,1564075184.0,2019-07-25T10:19:44-07:00,POINT (-122.2662805 37.8713903),4.760411738242791,129.60235115843707,android,0.042499508984550106,-0.03496034512419499,0.040818352691874504
54,37.87139,-122.2662802,1564075185.0,2019-07-25T10:19:45-07:00,POINT (-122.2662802 37.87139),4.797175445241655,129.6236273022311,android,0.007539163860355118,0.005858007567679511,-0.004767859850971644
55,37.8713897,-122.26628,1564075190.0,2019-07-25T10:19:50-07:00,POINT (-122.26628 37.8713897),4.832662639665045,129.63620107625127,android,0.03682920169875267,-0.01798129168717871,0.03612069696339813
56,37.8713898,-122.2662796,1564075191.0,2019-07-25T10:19:51-07:00,POINT (-122.2662796 37.8713898),4.826790629585063,129.6726208790191,android,0.018847910011573963,0.018139405276219427,0.05648617449630389
57,37.8713895,-122.2662794,1564075193.0,2019-07-25T10:19:53-07:00,POINT (-122.2662794 37.8713895),4.862277824044055,129.68519465326932,android,0.05512672056401281,0.1311117542688272,-0.15007289356598214
58,37.8713898,-122.2662789,1564075194.0,2019-07-25T10:19:54-07:00,POINT (-122.2662789 37.8713898),4.835726211776004,129.73353747234484,android,0.18623847483284003,-0.018961139297154928,-0.0010512631607280665
59,37.8713909,-122.2662773,1564075195.0,2019-07-25T10:19:55-07:00,POINT (-122.2662773 37.8713909),4.735391769058806,129.89048893703142,android,0.1672773355356851,-0.020012402457882994,-0.022421712815300893
60,37.871392,-122.266276,1564075196.0,2019-07-25T10:19:56-07:00,POINT (-122.266276 37.871392),4.631227789372719,130.02133328815606,android,0.1472649330778021,-0.04243411527318389,0.0065378352899729125
61,37.871393,-122.2662749,1564075197.0,2019-07-25T10:19:57-07:00,POINT (-122.2662749 37.871393),4.5354888437479834,130.13316257459243,android,0.10483081780461823,-0.035896279983210974,0.015392464379253692
62,37.8713937,-122.2662741,1564075198.0,2019-07-25T10:19:58-07:00,POINT (-122.2662741 37.8713937),4.468854532412582,130.21405378563716,android,0.06893453782140725,-0.02050381560395728,0.00040609899160861176
63,37.8713941,-122.2662735,1564075199.0,2019-07-25T10:19:59-07:00,POINT (-122.2662735 37.8713941),4.432601371341292,130.27270929171618,android,0.04843072221744997,-0.02009771661234867,0.020097715962670005
64,37.8713944,-122.2662731,1564075200.0,2019-07-25T10:20:00-07:00,POINT (-122.2662731 37.8713944),4.40477324454496,130.31234973448753,android,0.0283330056051013,-6.496786650322939e-10,-0.007552488343033001
65,37.8713946,-122.2662729,1564075201.0,2019-07-25T10:20:01-07:00,POINT (-122.2662729 37.8713946),4.385370151477027,130.33297511650954,android,0.028333004955422635,-0.007552488992711666,-0.006144775778552981
66,37.8713948,-122.2662727,1564075202.0,2019-07-25T10:20:02-07:00,POINT (-122.2662727 37.8713948),4.36596705886928,130.35360049846037,android,0.02078051596271097,-0.013697264771264647,0.011618576589267071
67,37.8713949,-122.2662725,1564075203.0,2019-07-25T10:20:03-07:00,POINT (-122.2662725 37.8713949),4.357542023689121,130.3726155589631,android,0.007083251191446322,-0.0020786881819975763,0.000664473956550798
68,37.871395,-122.2662724,1564075205.0,2019-07-25T10:20:05-07:00,POINT (-122.2662724 37.871395),4.347840477827633,130.38292824975224,android,0.00292587482745117,-0.0007497402688959801,0.021078532682723198
69,37.871395,-122.2662723,1564075208.0,2019-07-25T10:20:08-07:00,POINT (-122.2662723 37.871395),4.349116988847174,130.3916306216517,android,0.00067665402076323,0.062485857779273624,0.019937130732822033
70,37.8713946,-122.2662722,1564075275.0,2019-07-25T10:21:15-07:00,POINT (-122.2662722 37.8713946),4.39430572812268,130.39389170444986,android,4.187229125232096,1.3982736168783498,-0.465974293128518
71,37.8714305,-122.2662578,1564075276.0,2019-07-25T10:21:16-07:00,POINT (-122.2662578 37.8714305),0.6370005652418456,132.22513766606218,android,5.585502742110446,0.9322993237498318,-2.3975080716883426
72,37.8714804,-122.2662651,1564075277.0,2019-07-25T10:21:17-07:00,POINT (-122.2662651 37.8714804),4.934235286168618,132.39341475899874,android,6.517802065860278,-1.4652087479385107,-0.3316862778996912
73,37.8715387,-122.2662574,1564075278.0,2019-07-25T10:21:18-07:00,POINT (-122.2662574 37.8715387),11.23615179655535,134.00231259311582,android,5.052593317921767,-1.796895025838202,1.7191549260675734
74,37.871584,-122.2662529,1564075279.0,2019-07-25T10:21:19-07:00,POINT (-122.2662529 37.871584),16.151769232725698,135.12339282583056,android,3.255698292083565,-0.07774009977062857,-1.1322189387329424
75,37.8716125,-122.2662444,1564075280.0,2019-07-25T10:21:20-07:00,POINT (-122.2662444 37.8716125),19.172012864702353,136.32203291222152,android,3.1779581923129365,-1.209959038503571,0.4067124980157051
76,37.8716401,-122.266235,1564075281.0,2019-07-25T10:21:21-07:00,POINT (-122.266235 37.8716401),22.081965618828818,137.5845006533781,android,1.9679991538093655,-0.8032465404878659,2.3379606179217403
77,37.8716551,-122.2662231,1564075282.0,2019-07-25T10:21:22-07:00,POINT (-122.2662231 37.8716551),23.576770640187398,138.86162656450435,android,1.1647526133214996,1.5347140774338743,0.6620864144085978
78,37.8716508,-122.266211,1564075283.0,2019-07-25T10:21:23-07:00,POINT (-122.266211 37.8716508),22.950257491914513,139.84536623660375,android,2.699466690755374,2.196800491842472,16.841181435740943
79,37.8716568,-122.2661812,1564075284.0,2019-07-25T10:21:24-07:00,POINT (-122.2661812 37.8716568),21.433524024853746,185.24015929310974,android,4.896267182597846,19.037981927583417,-34.82071659565546
80,37.8716771,-122.2661317,1564075285.0,2019-07-25T10:21:25-07:00,POINT (-122.2661317 37.8716771),16.874342697411382,187.04080201877593,android,23.934249110181263,-15.782734668072047,11.278711101065266
81,37.8718654,-122.2659996,1564075286.0,2019-07-25T10:21:26-07:00,POINT (-122.2659996 37.8718654),3.2026366321081285,206.65186193528115,android,8.151514442109216,-4.504023567006781,3.238668341788876
82,37.8719387,-122.266001,1564075287.0,2019-07-25T10:21:27-07:00,POINT (-122.266001 37.8719387),2.529439890830183,214.72686521215178,android,3.6474908751024344,-1.2653552252179052,2.2179617079134486
83,37.8719445,-122.2659601,1564075288.0,2019-07-25T10:21:28-07:00,POINT (-122.2659601 37.8719445),1.1111201385925653,215.04507330445168,android,2.382135649884529,0.9526064826955434,-0.5772247834236344
84,37.8720922,-122.2661171,1564075297.0,2019-07-25T10:21:37-07:00,POINT (-122.2661171 37.8720922),11.17172006641406,232.60597001734303,android,10.955593994144419,-4.242416568117166,8.05061195078334
85,37.8721716,-122.266191,1564075298.0,2019-07-25T10:21:38-07:00,POINT (-122.266191 37.8721716),16.85491332819556,241.96344496525515,android,6.7131774260272525,3.808195382666174,-6.216566508554617
86,37.8722312,-122.2661788,1564075299.0,2019-07-25T10:21:39-07:00,POINT (-122.2661788 37.8722312),15.192902037939142,248.45344462793412,android,10.521372808693426,-2.4083711258884435,5.8942195521117675
87,37.8723045,-122.2662546,1564075300.0,2019-07-25T10:21:40-07:00,POINT (-122.2662546 37.8723045),21.103239643891275,257.15181720859954,android,8.113001682804983,3.485848426223324,-9.661325902008464
88,37.872313,-122.2661628,1564075301.0,2019-07-25T10:21:41-07:00,POINT (-122.2661628 37.872313),12.977021946042205,257.3667341595553,android,11.598850109028307,-6.175477475785139,5.517037866425029
89,37.8724171,-122.2661544,1564075302.0,2019-07-25T10:21:42-07:00,POINT (-122.2661544 37.8724171),11.335027468574696,268.60260367598494,android,5.423372633243168,-0.6584396093601104,-0.25978877105415865
90,37.8724624,-122.2661315,1564075303.0,2019-07-25T10:21:43-07:00,POINT (-122.2661315 37.8724624),8.9648184515877,273.47110832875364,android,4.764933023883057,-0.918228380414269,-0.19872207775255957
91,37.8725028,-122.2661134,1564075304.0,2019-07-25T10:21:44-07:00,POINT (-122.2661134 37.8725028),7.3353326472762195,277.3098566280976,android,3.8467046434687884,-1.1169504581668286,1.0432300755453325
92,37.8725365,-122.2661035,1564075305.0,2019-07-25T10:21:45-07:00,POINT (-122.2661035 37.8725365),6.464588789904251,281.04905164230865,android,2.72975418530196,-0.07372038262149605,2.624419568446012
93,37.8725585,-122.2660897,1564075306.0,2019-07-25T10:21:46-07:00,POINT (-122.2660897 37.8725585),4.999820212691389,284.0424779182643,android,2.6560338026804637,2.550699185824516,-6.646336162707563
94,37.8725816,-122.2660974,1564075307.0,2019-07-25T10:21:47-07:00,POINT (-122.2660974 37.8725816),5.397690071133822,286.66348517356164,android,5.20673298850498,-4.095636976883046,4.427363176444798
95,37.8726277,-122.266087,1564075308.0,2019-07-25T10:21:48-07:00,POINT (-122.266087 37.8726277),3.9385633763530348,291.65059993335194,android,1.111096011621934,0.33172619956175153,-0.9245637953314421
96,37.8726317,-122.2660754,1564075309.0,2019-07-25T10:21:49-07:00,POINT (-122.2660754 37.8726317),2.876514967596202,291.9822048817663,android,1.4428222111836855,-0.5928375957696905,0.8220535407214393
97,37.8726429,-122.2660671,1564075310.0,2019-07-25T10:21:50-07:00,POINT (-122.2660671 37.8726429),2.017177771450826,293.1392542592493,android,0.849984615413995,0.2292159449517488,-0.15480907003991828
98,37.8726489,-122.2660611,1564075311.0,2019-07-25T10:21:51-07:00,POINT (-122.2660611 37.8726489),1.4209680360943218,293.74441746366483,android,1.0792005603657437,0.07440687491183051,-0.0013842187136541284
99,37.8726542,-122.2660508,1564075312.0,2019-07-25T10:21:52-07:00,POINT (-122.2660508 37.8726542),0.4570958401293052,294.2317172284546,android,1.1536074352775743,0.07302265619817638,-0.2711270777519177
100,37.8726642,-122.2660473,1564075313.0,2019-07-25T10:21:53-07:00,POINT (-122.2660473 37.8726642),0.03179966127954789,295.3017621609045,android,1.2266300914757506,-0.1981044215537413,-0.45436546971462843
101,37.8726742,-122.2660414,1564075314.0,2019-07-25T10:21:54-07:00,POINT (-122.2660414 37.8726742),0.6033621357226593,296.3491218173712,android,1.0285256699220093,-0.6524698912683697,0.9276525961218085
102,37.8726833,-122.2660435,1564075315.0,2019-07-25T10:21:55-07:00,POINT (-122.2660435 37.8726833),0.528239768332865,297.3728176604285,android,0.37605577865363965,0.2751827048534388,-0.5789798636206875
103,37.8726847,-122.2660396,1564075316.0,2019-07-25T10:21:56-07:00,POINT (-122.2660396 37.8726847),0.8859653565776918,297.49039193792896,android,0.6512384835070785,-0.3037971587672487,0.44876301744078456
104,37.8726864,-122.2660325,1564075317.0,2019-07-25T10:21:57-07:00,POINT (-122.2660325 37.8726864),1.5270890861493502,297.6108130269035,android,0.34744132473982975,0.14496585867353584,-0.2154893375701209
105,37.872688,-122.2660291,1564075318.0,2019-07-25T10:21:58-07:00,POINT (-122.2660291 37.872688),1.8434774673112229,297.75517599858375,android,0.4924071834133656,-0.07052347889658506,0.22788571522022866
106,37.8726892,-122.2660237,1564075319.0,2019-07-25T10:21:59-07:00,POINT (-122.2660237 37.8726892),2.3299842247662523,297.83650949530505,android,0.42188370451678053,0.1573622363236436,-0.49439169384398934
107,37.8726903,-122.2660191,1564075320.0,2019-07-25T10:22:00-07:00,POINT (-122.2660191 37.8726903),2.745343335920273,297.9143734907692,android,0.5792459408404241,-0.33702945752034574,0.3568900589345851
108,37.8726912,-122.2660126,1564075321.0,2019-07-25T10:22:01-07:00,POINT (-122.2660126 37.8726912),3.3244612544457515,297.95221581212314,android,0.24221648332007836,0.019860601414239357,0.09768904349146401
109,37.8726921,-122.2660072,1564075323.0,2019-07-25T10:22:03-07:00,POINT (-122.2660072 37.8726921),3.8073907343738855,298.0004555662641,android,0.2819376861485571,0.21523868839716737,-0.12583795978456203
110,37.8726942,-122.2660054,1564075324.0,2019-07-25T10:22:04-07:00,POINT (-122.2660054 37.8726942),3.9898306866295505,298.2150984848604,android,0.49717637454572444,0.08940072861260534,-0.19276490501909088
111,37.8726972,-122.2660012,1564075325.0,2019-07-25T10:22:05-07:00,POINT (-122.2660012 37.8726972),4.3928680076090085,298.5063377078841,android,0.5865771031583298,-0.10336417640648554,7.059345580301297
112,37.8727007,-122.2659962,1564075326.0,2019-07-25T10:22:06-07:00,POINT (-122.2659962 37.8727007),4.87182258262131,298.8451716107291,android,0.48321292675184424,6.955981403894811,-8.52279773796645
113,37.8727036,-122.2659921,1564075327.0,2019-07-25T10:22:07-07:00,POINT (-122.2659921 37.8727036),5.26492303068843,299.1263248144613,android,7.4391943306466555,-1.5668163340716381,2.4522315916465818
114,37.8727705,-122.2659914,1564075328.0,2019-07-25T10:22:08-07:00,POINT (-122.2659914 37.8727705),6.115708723869407,306.5895224439048,android,5.872377996575017,0.8854152575749437,-0.11130116174980387
115,37.8728233,-122.26599,1564075329.0,2019-07-25T10:22:09-07:00,POINT (-122.26599 37.8728233),6.782289603341295,312.41122262087913,android,6.757793254149961,0.7741140958251398,1.9781741645238906
116,37.8728757,-122.266029,1564075330.0,2019-07-25T10:22:10-07:00,POINT (-122.266029 37.8728757),3.906791682523632,318.5186710265791,android,7.531907349975101,2.7522882603490304,-4.827301707392631
117,37.8729434,-122.2660318,1564075331.0,2019-07-25T10:22:11-07:00,POINT (-122.2660318 37.8729434),4.359077140964394,326.0207642481814,android,10.284195610324131,-2.0750134470436006,6.011580524229368
118,37.8730336,-122.2660059,1564075332.0,2019-07-25T10:22:12-07:00,POINT (-122.2660059 37.8730336),7.556518588044764,335.7741810961224,android,8.20918216328053,3.9365670771857673,-2.5896211873266797
119,37.8730941,-122.2660595,1564075333.0,2019-07-25T10:22:13-07:00,POINT (-122.2660595 37.8730941),3.485917925056058,342.8957203167851,android,12.145749240466298,1.3469458898590876,-0.2610322308400974
120,37.8731984,-122.2661006,1564075334.0,2019-07-25T10:22:14-07:00,POINT (-122.2661006 37.8731984),0.7692814909527518,354.7692869086855,android,13.492695130325385,1.0859136590189902,-9.101001004675966
121,37.8733165,-122.2660653,1564075335.0,2019-07-25T10:22:15-07:00,POINT (-122.2660653 37.8733165),4.864027690796706,367.33009096339646,android,14.578608789344376,-8.015087345656976,5.06244283920396
122,37.8734476,-122.2660672,1564075336.0,2019-07-25T10:22:16-07:00,POINT (-122.2660672 37.8734476),6.452235731303153,382.0551481049337,android,6.5635214436873985,-2.952644506453016,8.403579412638098
123,37.8735501,-122.2661414,1564075338.0,2019-07-25T10:22:18-07:00,POINT (-122.2661414 37.8735501),0.9079611823770558,393.97445875998767,android,0.658232430781367,13.854514318823181,-24.928819870707443
124,37.8735559,-122.2661429,1564075339.0,2019-07-25T10:22:19-07:00,POINT (-122.2661429 37.8735559),0.8205983275734209,394.6255487506414,android,14.512746749604547,-11.074305551884263,15.234780658468694
125,37.8736789,-122.2660876,1564075340.0,2019-07-25T10:22:20-07:00,POINT (-122.2660876 37.8736789),6.611321175848254,407.9062980794167,android,3.4384411977202833,4.16047510658443,-7.006954232015246
126,37.8736808,-122.2661267,1564075341.0,2019-07-25T10:22:21-07:00,POINT (-122.2661267 37.8736808),3.195026110118441,408.3530927373839,android,7.598916304304713,-2.8464791254308155,0.4916453319361014
127,37.8737482,-122.266141,1564075342.0,2019-07-25T10:22:22-07:00,POINT (-122.266141 37.8737482),2.454541409576883,415.9002706273503,android,4.7524371788738975,-2.354833793494714,0.8493023276073921
128,37.8737672,-122.2661895,1564075343.0,2019-07-25T10:22:23-07:00,POINT (-122.2661895 37.8737672),1.4540788753404859,418.59234123829276,android,2.3976033853791834,-1.505531465887322,4.4100578725764965
129,37.8737849,-122.2662051,1564075344.0,2019-07-25T10:22:24-07:00,POINT (-122.2662051 37.8737849),2.2789689132012625,420.824737068938,android,0.8920719194918614,2.904526406689174,-3.342611268858524
130,37.8738007,-122.2661821,1564075347.0,2019-07-25T10:22:27-07:00,POINT (-122.2661821 37.8738007),0.12179038811254633,422.02005231672626,android,9.605651139559384,-7.123307399886398,7.335961812763111
131,37.8738781,-122.2661335,1564075348.0,2019-07-25T10:22:28-07:00,POINT (-122.2661335 37.8738781),4.59992027510926,430.3704635437641,android,2.482343739672986,0.2126544128767125,-0.10192559949883462
132,37.873896,-122.2661166,1564075349.0,2019-07-25T10:22:29-07:00,POINT (-122.2661166 37.873896),6.189046242472689,432.27535945863036,android,2.6949981525496987,0.11072881337787788,-0.028630865355911528
133,37.8739095,-122.2660911,1564075350.0,2019-07-25T10:22:30-07:00,POINT (-122.2660911 37.8739095),8.507741564568382,433.65281718007805,android,2.8057269659275765,0.08209794802196635,-0.2875735307289169
134,37.8739173,-122.2660607,1564075351.0,2019-07-25T10:22:31-07:00,POINT (-122.2660607 37.8739173),11.223425792691682,434.37596891174996,android,2.887824913949543,-0.20547558270695054,0.7944653130275681
135,37.873926,-122.2660297,1564075352.0,2019-07-25T10:22:32-07:00,POINT (-122.2660297 37.873926),13.99707675268876,435.19605753556675,android,2.6823493312425923,0.5889897303206175,6.499266315874776
136,37.8739345,-122.2660011,1564075353.0,2019-07-25T10:22:33-07:00,POINT (-122.2660011 37.8739345),16.558765593512177,436.00512580588986,android,3.27133906156321,7.088256046195393,-8.091746130546062
137,37.8739415,-122.2659649,1564075354.0,2019-07-25T10:22:34-07:00,POINT (-122.2659649 37.8739415),19.779174617910257,436.6127208562031,android,10.359595107758603,-1.0034900843506689,2.9303792517018556
138,37.8739971,-122.2657396,1564075356.0,2019-07-25T10:22:36-07:00,POINT (-122.2657396 37.8739971),23.09812509956127,507.83703567269765,android,8.352614939057265,4.857268419053042,-5.771400754951175
139,37.8740088,-122.2656456,1564075357.0,2019-07-25T10:22:37-07:00,POINT (-122.2656456 37.8740088),23.286879693674337,516.2036815327609,android,13.209883358110307,-0.9141323358981328,-3.965708830849435
140,37.8740551,-122.265507,1564075358.0,2019-07-25T10:22:38-07:00,POINT (-122.265507 37.8740551),19.934158595294463,529.9980915252711,android,12.295751022212174,-4.879841166747568,5.196188903343213
141,37.8740633,-122.2653673,1564075359.0,2019-07-25T10:22:39-07:00,POINT (-122.2653673 37.8740633),20.67831520847817,542.2961023272074,android,7.415909855464607,0.3163477365956453,-2.829654480433647
142,37.8740904,-122.2652901,1564075360.0,2019-07-25T10:22:40-07:00,POINT (-122.2652901 37.8740904),19.153959388878196,550.2034689125189,android,7.732257592060252,-2.513306743838002,3.573445855875014
143,37.8741116,-122.2652062,1564075361.0,2019-07-25T10:22:41-07:00,POINT (-122.2652062 37.8741116),17.52544362330589,557.7753184945459,android,5.21895084822225,1.060139112037012,-1.1273020371307343
144,37.8741309,-122.265152,1564075362.0,2019-07-25T10:22:42-07:00,POINT (-122.265152 37.8741309),16.102162053526136,561.3645848066149,android,6.279089960259262,-0.06716292509372224,0.7969327255138108
145,37.8741604,-122.265091,1564075363.0,2019-07-25T10:22:43-07:00,POINT (-122.265091 37.8741604),13.853764768472082,567.2333359352508,android,6.21192703516554,0.7297698004200885,1.6804766502595703
146,37.8741923,-122.2650329,1564075364.0,2019-07-25T10:22:44-07:00,POINT (-122.2650329 37.8741923),11.297315019750824,572.8994169399397,android,6.9416968355856286,2.410246450679659,-5.537691826930696
147,37.8742218,-122.2649632,1564075365.0,2019-07-25T10:22:45-07:00,POINT (-122.2649632 37.8742218),9.187360534248887,579.5207099149399,android,9.351943286265287,-3.1274453762510372,1.9047012797701601
148,37.8742193,-122.2648567,1564075366.0,2019-07-25T10:22:46-07:00,POINT (-122.2648567 37.8742193),11.154998952043588,588.6827587055624,android,6.22449791001425,-1.2227440964808771,4.8672124994343235
149,37.8742225,-122.2647859,1564075367.0,2019-07-25T10:22:47-07:00,POINT (-122.2647859 37.8742225),11.932499026889907,594.8711960676559,android,5.001753813533373,3.6444684029534464,-4.941667503592509
150,37.8742079,-122.264732,1564075368.0,2019-07-25T10:22:48-07:00,POINT (-122.264732 37.8742079),14.383460942081713,599.2404329210507,android,8.64622221648682,-1.2971991006390624,0.38594003141128397
151,37.8742618,-122.264661,1564075369.0,2019-07-25T10:22:49-07:00,POINT (-122.264661 37.8742618),9.615511907553874,606.498959354697,android,7.349023115847757,-0.9112590692277784,3.0520074377476583
152,37.874246,-122.2645797,1564075370.0,2019-07-25T10:22:50-07:00,POINT (-122.2645797 37.874246),12.609047934667542,613.2251169719859,android,6.437764046619979,2.14074836851988,-6.077274553707668
153,37.8742669,-122.2645113,1564075371.0,2019-07-25T10:22:51-07:00,POINT (-122.2645113 37.8742669),12.205415473637249,616.9533312606028,android,8.578512415139858,-3.9365261851877884,6.397870055951087
154,37.8742557,-122.2644146,1564075372.0,2019-07-25T10:22:52-07:00,POINT (-122.2644146 37.8742557),16.64777673432878,624.3115458436164,android,4.64198622995207,2.461343870763298,-5.35252689049812
155,37.8742865,-122.2643789,1564075373.0,2019-07-25T10:22:53-07:00,POINT (-122.2643789 37.8742865),14.875258665374183,627.2591488309429,android,7.103330100715368,-2.8911830197348216,0.2589555612361343
156,37.8742829,-122.2642981,1564075374.0,2019-07-25T10:22:54-07:00,POINT (-122.2642981 37.8742829),18.535350575209854,633.363687353907,android,4.212147080980547,-2.6322274584986873,3.5114068277513253
157,37.8743112,-122.2642662,1564075375.0,2019-07-25T10:22:55-07:00,POINT (-122.2642662 37.8743112),17.061326457210104,637.3081500485791,android,1.5799196224818595,0.8791793692526377,-1.563424073004324
158,37.8743194,-122.2642515,1564075376.0,2019-07-25T10:22:56-07:00,POINT (-122.2642515 37.8743194),16.867209313541984,638.6786776900096,android,2.459098991734497,-0.6842447037516863,0.8771490962323645
159,37.8743289,-122.2642262,1564075377.0,2019-07-25T10:22:57-07:00,POINT (-122.2642262 37.8743289),16.99827638855451,641.1373952179339,android,1.7748542879828109,0.19290439248067814,-0.15809888616160173
160,37.8743325,-122.2642065,1564075378.0,2019-07-25T10:22:58-07:00,POINT (-122.2642065 37.8743325),17.34585636377084,647.9073240967124,android,1.967758680463489,0.03480550631907642,0.11796507350382646
161,37.8743408,-122.2641867,1564075379.0,2019-07-25T10:22:59-07:00,POINT (-122.2641867 37.8743408),16.802949797623327,649.8009911437646,android,2.0025641867825654,0.15277057982290287,-0.15271713482111138
162,37.8743556,-122.2641737,1564075380.0,2019-07-25T10:23:00-07:00,POINT (-122.2641737 37.8743556),15.458407202416286,650.3411382690214,android,2.1553347666054683,5.3445001791496693e-05,-0.6572075598525401
163,37.8743767,-122.2641325,1564075382.0,2019-07-25T10:23:02-07:00,POINT (-122.2641325 37.8743767),14.654783183880541,651.9216860613105,android,2.1554416566090513,-1.3143616747032887,1.2330747356075236
164,37.8743837,-122.2641096,1564075383.0,2019-07-25T10:23:03-07:00,POINT (-122.2641096 37.8743837),14.814006291764553,654.0744612145442,android,0.8410799819057625,-0.08128693909576523,0.045217806557980134
165,37.8743886,-122.2641023,1564075384.0,2019-07-25T10:23:04-07:00,POINT (-122.2641023 37.8743886),14.597111856250876,654.8873380099215,android,0.7597930428099973,-0.0360691325377851,1.4651026789119157
166,37.8743936,-122.2640964,1564075385.0,2019-07-25T10:23:05-07:00,POINT (-122.2640964 37.8743936),14.31753115080235,655.593654747257,android,0.7237239102722122,1.4290335463741306,-1.2017998329206503
167,37.8744,-122.2640979,1564075386.0,2019-07-25T10:23:06-07:00,POINT (-122.2640979 37.8744),13.619206626878267,655.7780743238927,android,2.1527574566463428,0.2272337134534803,-0.6519638472866451
168,37.8744009,-122.2640734,1564075387.0,2019-07-25T10:23:07-07:00,POINT (-122.2640734 37.8744009),14.450424997819646,657.7686146628806,android,2.379991170099823,-0.4247301338331648,0.22089861879899475
169,37.8744086,-122.2640481,1564075388.0,2019-07-25T10:23:08-07:00,POINT (-122.2640481 37.8744086),14.527167525121035,660.7842510565436,android,1.9552610362666583,-0.20383151503417007,-0.3556985237151056
170,37.874414,-122.2640269,1564075389.0,2019-07-25T10:23:09-07:00,POINT (-122.2640269 37.874414),14.697633841963002,662.7352897622163,android,1.7514295212324882,-0.5595300387492756,0.7524237606839952
171,37.874418,-122.2640076,1564075390.0,2019-07-25T10:23:10-07:00,POINT (-122.2640076 37.874418),14.893789128179703,665.2498703067646,android,1.1918994824832125,0.19289372193471954,-1.4059395893621287
172,37.8744246,-122.2639969,1564075391.0,2019-07-25T10:23:11-07:00,POINT (-122.2639969 37.8744246),14.523979509518801,666.3835120907604,android,1.384793204417932,-1.2130458674274092,1.3348139439540319
173,37.8744323,-122.2639845,1564075392.0,2019-07-25T10:23:12-07:00,POINT (-122.2639845 37.8744323),14.090049468208882,667.699198969455,android,0.17174733699052291,0.12176807652662272,0.0024416571006335656
174,37.8745129,-122.2640185,1564075447.0,2019-07-25T10:24:07-07:00,POINT (-122.2640185 37.8745129),4.662883491656736,667.9184988652312,android,6.868991545954773,0.25605921706146884,-0.6933084307524267
175,37.8745209,-122.2639409,1564075448.0,2019-07-25T10:24:08-07:00,POINT (-122.2639409 37.8745209),6.354996672454234,674.3144005459079,android,7.125050763016242,-0.4372492136909578,1.6022886296219347
176,37.8745313,-122.2638608,1564075449.0,2019-07-25T10:24:09-07:00,POINT (-122.2638608 37.8745313),5.72725548125362,685.0413075891978,android,6.687801549325284,1.165039415930977,-0.8735567216229363
177,37.8745388,-122.2637852,1564075450.0,2019-07-25T10:24:10-07:00,POINT (-122.2637852 37.8745388),3.980143571884868,691.5105280845423,android,7.852840965256261,0.29148269430804064,-0.516560555395678
178,37.8745452,-122.2636961,1564075451.0,2019-07-25T10:24:11-07:00,POINT (-122.2636961 37.8745452),3.319553038128014,698.3521635602073,android,8.144323659564302,-0.2250778610876374,1.0692555059620172
179,37.8745519,-122.2636037,1564075452.0,2019-07-25T10:24:12-07:00,POINT (-122.2636037 37.8745519),3.851139343181322,706.4954556530172,android,7.919245798476664,0.8441776448743799,-0.6368984617057123
180,37.8745683,-122.2635159,1564075453.0,2019-07-25T10:24:13-07:00,POINT (-122.2635159 37.8745683),3.2565663845924844,714.4067617093267,android,8.763423443351044,0.20727918316866756,0.8953064698528799
181,37.8745821,-122.2634176,1564075454.0,2019-07-25T10:24:14-07:00,POINT (-122.2634176 37.8745821),3.090799887176931,723.1853433062109,android,8.970702626519712,1.1025856530215474,-2.18732141922394
182,37.8745922,-122.2633162,1564075455.0,2019-07-25T10:24:15-07:00,POINT (-122.2633162 37.8745922),3.3730179597433234,732.1692953060926,android,10.07328827954126,-1.0847357662023924,1.6556369702845206
183,37.8746105,-122.2632038,1564075456.0,2019-07-25T10:24:16-07:00,POINT (-122.2632038 37.8746105),2.9071963819236974,742.2506229439658,android,8.988552513338867,0.5709012040821282,-0.5827684685413086
184,37.8746252,-122.2631031,1564075457.0,2019-07-25T10:24:17-07:00,POINT (-122.2631031 37.8746252),2.675638270291647,751.2532605662769,android,9.559453717420995,-0.011867264459180404,-0.7467091860578385
185,37.8746343,-122.2629948,1564075458.0,2019-07-25T10:24:18-07:00,POINT (-122.2629948 37.8746343),3.260131940556141,760.7837610649105,android,9.547586452961815,-0.7585764505170189,2.9466448614770098
186,37.8746484,-122.2628875,1564075459.0,2019-07-25T10:24:19-07:00,POINT (-122.2628875 37.8746484),3.2908449723837325,770.3496659684253,android,8.789010002444796,2.188068410959991,-3.3184260814207
187,37.8746771,-122.2627942,1564075460.0,2019-07-25T10:24:20-07:00,POINT (-122.2627942 37.8746771),1.518993328175341,778.9715482765321,android,10.977078413404787,-1.1303576704607092,0.9767640687962267
188,37.8746835,-122.2626694,1564075461.0,2019-07-25T10:24:21-07:00,POINT (-122.2626694 37.8746835),2.6486760679681702,789.9126236560342,android,9.846720742944077,-0.15359360166448255,-1.0854673840613565
189,37.8746946,-122.2625581,1564075462.0,2019-07-25T10:24:22-07:00,POINT (-122.2625581 37.8746946),3.066211647324515,799.7699124976172,android,9.693127141279595,-1.239060985725839,2.16473540562297
190,37.8747076,-122.2624489,1564075463.0,2019-07-25T10:24:23-07:00,POINT (-122.2624489 37.8747076),3.2450795343073775,809.4802323460747,android,8.454066155553756,0.9256744198971312,-1.9905312744441712
191,37.8747162,-122.2623532,1564075464.0,2019-07-25T10:24:24-07:00,POINT (-122.2623532 37.8747162),3.7073714902444372,817.9384401148513,android,9.379740575450887,-1.06485685454704,2.633151392140137
192,37.8747323,-122.2622483,1564075465.0,2019-07-25T10:24:25-07:00,POINT (-122.2622483 37.8747323),3.4840226490741752,827.3332007255646,android,8.314883720903847,1.568294537593097,-1.5547313409117471
193,37.8747577,-122.2621592,1564075466.0,2019-07-25T10:24:26-07:00,POINT (-122.2621592 37.8747577),2.011559985861849,835.52979802601,android,9.883178258496944,0.013563196681349865,0.265286575639168
194,37.8747575,-122.2620466,1564075467.0,2019-07-25T10:24:27-07:00,POINT (-122.2620466 37.8747575),3.6298830285931576,845.319966971491,android,9.896741455178294,0.2788497723205179,-1.9650503262626948
195,37.8747767,-122.2619365,1564075468.0,2019-07-25T10:24:28-07:00,POINT (-122.2619365 37.8747767),3.0646430666527955,855.2188144034445,android,10.175591227498812,-1.686200553942177,3.139227887609234
196,37.874792,-122.2618222,1564075469.0,2019-07-25T10:24:29-07:00,POINT (-122.2618222 37.874792),2.985296006665545,865.4136323772086,android,8.489390673556635,1.4530273336670572,-3.0595358609481362
197,37.8748079,-122.2617276,1564075470.0,2019-07-25T10:24:30-07:00,POINT (-122.2617276 37.8748079),2.565010577201651,873.9083834070682,android,9.942418007223692,-1.606508527281079,0.8988932537805301
198,37.8747989,-122.2616149,1564075471.0,2019-07-25T10:24:31-07:00,POINT (-122.2616149 37.8747989),5.125280878764049,883.5360198980849,android,8.335909479942613,-0.707615273500549,1.5112966962938916
199,37.8748152,-122.2615222,1564075472.0,2019-07-25T10:24:32-07:00,POINT (-122.2615222 37.8748152),4.634616101183423,891.8728331635416,android,7.628294206442064,0.8036814227933426,-1.3828305734148385
200,37.8748345,-122.2614388,1564075473.0,2019-07-25T10:24:33-07:00,POINT (-122.2614388 37.8748345),3.6853886468762136,899.4549524062165,android,8.431975629235406,-0.5791491506214959,0.7918927371126507
201,37.8748477,-122.2613442,1564075474.0,2019-07-25T10:24:34-07:00,POINT (-122.2613442 37.8748477),3.5608444779045265,907.9021158287468,android,7.852826478613911,0.21274358649115488,-1.537918279398406
202,37.8748645,-122.2612573,1564075475.0,2019-07-25T10:24:35-07:00,POINT (-122.2612573 37.8748645),2.934361019953367,915.7440941004909,android,8.065570065105065,-1.3251746929072512,1.3335138120150338
203,37.8748806,-122.2611677,1564075476.0,2019-07-25T10:24:36-07:00,POINT (-122.2611677 37.8748806),2.422268891385831,923.8081873970115,android,6.740395372197814,0.008339119107782622,-0.5180582832062619
204,37.8748925,-122.2610924,1564075477.0,2019-07-25T10:24:37-07:00,POINT (-122.2610924 37.8748925),2.17051264319648,930.5565312151134,android,6.748734491305597,-0.5097191640984793,-0.6705521882593395
205,37.8749,-122.2610161,1564075478.0,2019-07-25T10:24:38-07:00,POINT (-122.2610161 37.8749),2.4147267944848063,937.3141695913403,android,6.239015327207118,-1.1802713523578188,1.1630957106826365
206,37.8749083,-122.2609458,1564075479.0,2019-07-25T10:24:39-07:00,POINT (-122.2609458 37.8749083),2.4874855966238916,943.564898624967,android,5.058743974849299,-0.017175641675182263,-2.1017573726129037
207,37.8748935,-122.2608913,1564075480.0,2019-07-25T10:24:40-07:00,POINT (-122.2608913 37.8748935),4.870074410437113,948.0365675692707,android,5.041568333174117,-2.118933014288086,0.6479903918199197
208,37.8748766,-122.260838,1564075481.0,2019-07-25T10:24:41-07:00,POINT (-122.260838 37.8748766),7.465947510444532,952.3670307761745,android,2.9226353188860306,-1.4709426224681663,2.187220038056077
209,37.8748944,-122.2608135,1564075482.0,2019-07-25T10:24:42-07:00,POINT (-122.2608135 37.8748944),5.858238030938806,954.8081518122242,android,1.4516926964178642,0.7162774155879106,-0.5430283101133444
210,37.8748935,-122.260797,1564075483.0,2019-07-25T10:24:43-07:00,POINT (-122.260797 37.8748935),6.1873114310682675,956.2250612437892,android,2.167970112005775,0.17324910547456618,-0.9753395053226848
211,37.8748935,-122.2607723,1564075484.0,2019-07-25T10:24:44-07:00,POINT (-122.2607723 37.8748935),6.532333973308749,958.369873716921,android,2.341219217480341,-0.8020903998481186,0.2724676278119593
212,37.8748959,-122.2607458,1564075485.0,2019-07-25T10:24:45-07:00,POINT (-122.2607458 37.8748959),6.639586024660937,960.713281509395,android,1.5391288176322224,-0.5296227720361593,-0.09207037097612503
213,37.8749008,-122.2607294,1564075486.0,2019-07-25T10:24:46-07:00,POINT (-122.2607294 37.8749008),6.33188795495533,962.2237158943868,android,1.0095060455960632,-0.6216931430122843,0.3329576601304167
214,37.8748958,-122.2607198,1564075487.0,2019-07-25T10:24:47-07:00,POINT (-122.2607198 37.8748958),7.013721101226639,962.9692167854316,android,0.3878129025837789,-0.28873548288186757,0.2835554755945906
215,37.8748945,-122.2607157,1564075488.0,2019-07-25T10:24:48-07:00,POINT (-122.2607157 37.8748945),7.213403118109407,963.3023296118952,android,0.0990774197019113,-0.00518000728727698,-0.01762477321019923
216,37.8748943,-122.2607146,1564075489.0,2019-07-25T10:24:49-07:00,POINT (-122.2607146 37.8748943),7.25067785887473,963.394323170753,android,0.09389741241463433,-0.02280478049747621,0.05011045101503936
217,37.874894,-122.2607136,1564075490.0,2019-07-25T10:24:50-07:00,POINT (-122.2607136 37.874894),7.297510470030543,963.4758710700398,android,0.07109263191715812,0.02730567051756315,-0.026540262614706225
218,37.8748939,-122.2607128,1564075491.0,2019-07-25T10:24:51-07:00,POINT (-122.2607128 37.8748939),7.31963995352042,963.5435764818724,android,0.09839830243472127,0.0007654079028569238,0.06734451703077794
219,37.8748935,-122.2607118,1564075492.0,2019-07-25T10:24:52-07:00,POINT (-122.2607118 37.8748935),7.377427280585104,963.6233621745033,android,0.09916371033757819,0.06810992493363487,-0.15560993343842772
220,37.8748942,-122.2607111,1564075493.0,2019-07-25T10:24:53-07:00,POINT (-122.2607111 37.8748942),7.31052217626936,963.6964817984156,android,0.16727363527121306,-0.08750000850479286,0.038652849100281154
221,37.8748931,-122.2607098,1564075494.0,2019-07-25T10:24:54-07:00,POINT (-122.2607098 37.8748931),7.449183060169229,963.7899823944904,android,0.07977362676642019,-0.04884715940451171,0.0759930623823539
222,37.874893,-122.2607089,1564075495.0,2019-07-25T10:24:55-07:00,POINT (-122.2607089 37.874893),7.472709387108094,963.8663712581707,android,0.03092646736190848,0.027145902977842182,0.033876129570734936
223,37.8749078,-122.260704,1564075550.0,2019-07-25T10:25:50-07:00,POINT (-122.260704 37.8749078),5.919856587673662,964.552667080841,android,1.5239511311432286,1.8903330293682639,0.49551739678685847
224,37.8749123,-122.2606876,1564075551.0,2019-07-25T10:25:51-07:00,POINT (-122.2606876 37.8749123),5.655976668943549,966.0560522870303,android,3.4142841605114924,2.3858504261551223,11.491680670400633
225,37.8749252,-122.2606523,1564075552.0,2019-07-25T10:25:52-07:00,POINT (-122.2606523 37.8749252),4.7359029526668355,969.3486344016014,android,5.800134586666615,13.877531096555757,-24.812840586589182
226,37.8749332,-122.260587,1564075553.0,2019-07-25T10:25:53-07:00,POINT (-122.260587 37.8749332),5.570847900722711,973.9202825145054,android,19.677665683222372,-10.935309490033426,17.89172185814388
227,37.8749862,-122.2603731,1564075554.0,2019-07-25T10:25:54-07:00,POINT (-122.2603731 37.8749862),6.279155258194841,995.0511214253861,android,8.742356193188947,6.956412368110454,-15.432626020598184
228,37.8750299,-122.2602903,1564075555.0,2019-07-25T10:25:55-07:00,POINT (-122.2602903 37.8750299),2.7055533702298193,1003.0368573563579,android,15.698768561299401,-8.47621365248773,9.623908728388962
229,37.8750642,-122.2601168,1564075556.0,2019-07-25T10:25:56-07:00,POINT (-122.2601168 37.8750642),2.6393676911397046,1018.3093609820748,android,7.222554908811672,1.1476950759012325,0.09361493507677565
230,37.8750672,-122.2600346,1564075557.0,2019-07-25T10:25:57-07:00,POINT (-122.2600346 37.8750672),4.310976127584638,1025.9575095918071,android,8.370249984712904,1.2413100109780082,-3.874012071102589
231,37.8750842,-122.2599417,1564075558.0,2019-07-25T10:25:58-07:00,POINT (-122.2599417 37.8750842),3.957927248260596,1034.3355892984714,android,9.611559995690913,-2.632702060124581,3.895509048922932
232,37.8750622,-122.2598358,1564075559.0,2019-07-25T10:25:59-07:00,POINT (-122.2598358 37.8750622),8.068535070625819,1043.0425746964872,android,6.978857935566332,1.262806988798351,-1.136775570324847
233,37.8750972,-122.2597698,1564075560.0,2019-07-25T10:26:00-07:00,POINT (-122.2597698 37.8750972),5.216509687590627,1049.6590873736375,android,8.241664924364683,0.12603141847350408,-0.40841048783754985
234,37.8751135,-122.2596782,1564075561.0,2019-07-25T10:26:01-07:00,POINT (-122.2596782 37.8751135),4.61028506965219,1057.8935891844076,android,8.367696342838187,-0.2823790693640458,-2.642023917985078
235,37.8751198,-122.2595832,1564075562.0,2019-07-25T10:26:02-07:00,POINT (-122.2595832 37.8751198),5.157918629958602,1066.2460188592233,android,8.085317273474141,-2.924402987349124,6.31491224252804
236,37.8751418,-122.2594954,1564075563.0,2019-07-25T10:26:03-07:00,POINT (-122.2594954 37.8751418),3.9002576041551373,1074.2464629446495,android,5.160914286125017,3.390509255178916,-4.128214500407606
237,37.8751538,-122.2594386,1564075564.0,2019-07-25T10:26:04-07:00,POINT (-122.2594386 37.8751538),3.331541936376755,1079.385072237501,android,8.551423541303933,-0.7377052452286899,2.8121976374064115
238,37.8751678,-122.2593428,1564075565.0,2019-07-25T10:26:05-07:00,POINT (-122.2593428 37.8751678),3.104570041755863,1087.9087459496138,android,7.813718296075243,2.0744923921777216,-3.7218740882467207
239,37.8751761,-122.2592544,1564075566.0,2019-07-25T10:26:06-07:00,POINT (-122.2592544 37.8751761),3.458260750199145,1095.7299326571247,android,9.888210688252965,-1.647381696068999,1.6779625360036423
240,37.8751942,-122.2591441,1564075567.0,2019-07-25T10:26:07-07:00,POINT (-122.2591441 37.8751942),3.0517500016550767,1105.6282299862837,android,8.240828992183966,0.030580839934643222,0.06956568668500829
241,37.8752086,-122.259052,1564075568.0,2019-07-25T10:26:08-07:00,POINT (-122.259052 37.8752086),2.7904133452197915,1113.8804086998484,android,8.271409832118609,0.10014652661965151,-0.9554262950120904
242,37.8752264,-122.2589605,1564075569.0,2019-07-25T10:26:09-07:00,POINT (-122.2589605 37.8752264),2.1482572399450826,1122.141768278167,android,8.37155635873826,-0.8552797683924389,-0.9300532069707232
243,37.8752146,-122.2588663,1564075570.0,2019-07-25T10:26:10-07:00,POINT (-122.2588663 37.8752146),4.795221424483658,1130.0945090694995,android,7.5162765903458215,-1.7853329753631622,4.392963913798587
244,37.8752214,-122.2587811,1564075571.0,2019-07-25T10:26:11-07:00,POINT (-122.2587811 37.8752214),5.282582748402554,1137.6099941409466,android,5.730943614982659,2.607630938435425,-2.59874804132462
245,37.8752378,-122.2587192,1564075572.0,2019-07-25T10:26:12-07:00,POINT (-122.2587192 37.8752378),4.3824416186379045,1143.2791694137381,android,8.338574553418084,0.008882897110805033,-4.100286177728245
246,37.8752372,-122.2586242,1564075573.0,2019-07-25T10:26:13-07:00,POINT (-122.2586242 37.8752372),5.821356830644392,1151.5098985426805,android,8.34745745052889,-4.09140328061744,4.832839475629189
247,37.8752432,-122.2585294,1564075574.0,2019-07-25T10:26:14-07:00,POINT (-122.2585294 37.8752432),6.535444905705561,1159.7695190041352,android,4.256054169911449,0.7414361950117492,-0.6354421510006629
248,37.8752505,-122.2584818,1564075575.0,2019-07-25T10:26:15-07:00,POINT (-122.2584818 37.8752505),7.750923357351802,1159.7695190041352,android,4.997490364923198,0.10599404401108625,1.5446120720556653
249,37.8752546,-122.2584251,1564075576.0,2019-07-25T10:26:16-07:00,POINT (-122.2584251 37.8752546),11.5425357647581,1159.7695190041352,android,5.103484408934285,1.6506061160667516,-8.404696641067787
250,37.8752733,-122.258372,1564075577.0,2019-07-25T10:26:17-07:00,POINT (-122.258372 37.8752733),15.306577513448444,1159.7695190041352,android,6.754090525001036,-6.754090525001036,6.754090525001036
251,37.8752695,-122.2582952,1564075578.0,2019-07-25T10:26:18-07:00,POINT (-122.2582952 37.8752695),22.02755556670788,1159.7695190041352,android,0.0,0.0,0.0
