,latitude,longitude,ts,fmt_time,geometry,gt_distance,gt_projection,source,speed,acceleration,jerk
0,37.8711065,-122.2677371,1576089935.0,2019-12-11T10:45:35-08:00,POINT (-122.2677371 37.8711065),13.377573216543322,0.0,android,0.5657179667663749,-0.04747740877058437,-0.057007654471415925
1,37.8711071,-122.2677307,1576089936.0,2019-12-11T10:45:36-08:00,POINT (-122.2677307 37.8711071),13.222881338128024,0.0,android,0.5182405579957905,-0.1044850632420003,-0.23843781292624372
2,37.8711045,-122.2677258,1576089937.0,2019-12-11T10:45:37-08:00,POINT (-122.2677258 37.8711045),13.457366672584827,0.0,android,0.4137554947537902,-0.342922876168244,0.5383218870021169
3,37.8711082,-122.2677253,1576089938.0,2019-12-11T10:45:38-08:00,POINT (-122.2677253 37.8711082),13.044485503693444,0.0,android,0.07083261858554621,0.19539901083387293,0.004795225109816309
4,37.8711087,-122.2677248,1576089939.0,2019-12-11T10:45:39-08:00,POINT (-122.2677248 37.8711087),12.984822633391456,0.0,android,0.26623162941941914,0.20019423594368924,-0.14370917642662495
5,37.8711105,-122.2677268,1576089940.0,2019-12-11T10:45:40-08:00,POINT (-122.2677268 37.8711105),12.805229878268618,0.0,android,0.46642586536310837,0.056485059517064284,0.7648798878454917
6,37.8711145,-122.2677284,1576089941.0,2019-12-11T10:45:41-08:00,POINT (-122.2677284 37.8711145),12.382085913119939,0.0,android,0.5229109248801727,0.8213649473625559,-1.1993198253262576
7,37.8711192,-122.2677282,1576089942.0,2019-12-11T10:45:42-08:00,POINT (-122.2677282 37.8711192),11.862878730131223,0.0,android,1.3442758722427286,-0.37795487796370175,0.9141145417100778
8,37.8711311,-122.2677255,1576089943.0,2019-12-11T10:45:43-08:00,POINT (-122.2677255 37.8711311),10.522696554324579,0.0,android,0.9663209942790268,0.536159663746376,1.6279193202870172
9,37.8711391,-122.2677212,1576089944.0,2019-12-11T10:45:44-08:00,POINT (-122.2677212 37.8711391),9.597058364180127,0.0,android,1.5024806580254029,2.1640789840333934,0.5297656892316636
10,37.8711516,-122.2677147,1576089945.0,2019-12-11T10:45:45-08:00,POINT (-122.2677147 37.8711516),8.169890254087871,0.0,android,3.6665596420587963,2.693844673265057,-3.179981929527916
11,37.8711845,-122.2677119,1576089946.0,2019-12-11T10:45:46-08:00,POINT (-122.2677119 37.8711845),4.512090967300352,0.0,android,6.360404315323853,-0.4861372562628592,0.8859210190993538
12,37.8712417,-122.2677116,1576089947.0,2019-12-11T10:45:47-08:00,POINT (-122.2677116 37.8712417),0.14072810713460665,1.837648780439106,android,5.874267059060994,0.39978376283649464,-0.508872718756594
13,37.8712945,-122.2677138,1576089948.0,2019-12-11T10:45:48-08:00,POINT (-122.2677138 37.8712945),0.33422911032978914,7.69608941880199,android,6.274050821897489,-0.10908895592009937,0.5744632684373032
14,37.8713503,-122.2677244,1576089949.0,2019-12-11T10:45:49-08:00,POINT (-122.2677244 37.8713503),1.2562647641165605,14.018608849521229,android,6.164961865977389,0.46537431251720385,-1.0631953864096557
15,37.8714049,-122.2677366,1576089950.0,2019-12-11T10:45:50-08:00,POINT (-122.2677366 37.8714049),1.6950494391218114,20.155400457429124,android,6.630336178494593,-0.5978210738924519,0.3970937959965273
16,37.8714643,-122.26773,1576089951.0,2019-12-11T10:45:51-08:00,POINT (-122.26773 37.8714643),0.43395269137909187,26.65036381584482,android,6.032515104602141,-0.2007272778959246,-0.5787614131888867
17,37.8715185,-122.267727,1576089952.0,2019-12-11T10:45:52-08:00,POINT (-122.267727 37.8715185),0.4523595173255385,32.60432085364006,android,5.831787826706217,-0.7794886910848113,-0.7797013102817543
18,37.8715703,-122.2677166,1576089953.0,2019-12-11T10:45:53-08:00,POINT (-122.2677166 37.8715703),1.9583991201898052,38.225901151107536,android,5.052299135621405,-1.5591900013665656,2.6711120817869167
19,37.8716151,-122.267707,1576089954.0,2019-12-11T10:45:54-08:00,POINT (-122.267707 37.8716151),3.313879727883882,43.08228470521087,android,3.4931091342548397,1.1119220804203511,-3.7621739597798136
20,37.8716465,-122.2677082,1576089955.0,2019-12-11T10:45:55-08:00,POINT (-122.2677082 37.8716465),3.5703338563342504,46.55843300304125,android,4.605031214675191,-2.6502518793594625,1.1780131138861099
21,37.8716875,-122.2677156,1576089956.0,2019-12-11T10:45:56-08:00,POINT (-122.2677156 37.8716875),3.3949129437354477,51.15057662649388,android,1.9547793353157281,-1.4722387654733526,1.0800858381631306
22,37.8717034,-122.2677251,1576089957.0,2019-12-11T10:45:57-08:00,POINT (-122.2677251 37.8717034),2.7468703499471214,52.99192950251266,android,0.4825405698423754,-0.39215292731022194,0.523624409749151
23,37.8717062,-122.2677293,1576089958.0,2019-12-11T10:45:58-08:00,POINT (-122.2677293 37.8717062),2.4116838948319623,53.33925075053849,android,0.09038764253215348,0.13147148243892912,0.0050949266928005665
24,37.8717047,-122.2677756,1576090003.0,2019-12-11T10:46:43-08:00,POINT (-122.2677756 37.8717047),1.6559054003124847,53.59617807827735,android,6.006604352283964,0.3607431836149546,0.6479454775308717
25,37.8717587,-122.2677774,1576090004.0,2019-12-11T10:46:44-08:00,POINT (-122.2677774 37.8717587),1.1872246221743468,59.573496043236354,android,6.367347535898919,1.0086886611458263,-4.176015752616979
26,37.8718159,-122.2677808,1576090005.0,2019-12-11T10:46:45-08:00,POINT (-122.2677808 37.8718159),0.8175317382243689,65.91641743560697,android,7.376036197044745,-3.1673270914711527,4.531762467976644
27,37.8718818,-122.2677904,1576090006.0,2019-12-11T10:46:46-08:00,POINT (-122.2677904 37.8718818),0.8886730460245448,73.27662024450817,android,4.208709105573592,1.364435376505491,-1.6064558542602994
28,37.8719194,-122.2677959,1576090007.0,2019-12-11T10:46:47-08:00,POINT (-122.2677959 37.8719194),0.9312405254005742,77.47627730486138,android,5.573144482079083,-0.24202047775480828,0.04206023357506794
29,37.8719694,-122.2678003,1576090008.0,2019-12-11T10:46:48-08:00,POINT (-122.2678003 37.8719694),0.732981407895386,83.03399018879927,android,5.331124004324275,-0.19996024417974034,-0.20432690975424883
30,37.8720173,-122.2678029,1576090009.0,2019-12-11T10:46:49-08:00,POINT (-122.2678029 37.8720173),0.4017720429081565,88.34334712286258,android,5.131163760144535,-0.4042871539339892,-0.5117722584570732
31,37.8720634,-122.2678003,1576090010.0,2019-12-11T10:46:50-08:00,POINT (-122.2678003 37.8720634),0.36327352306701927,93.40601843476202,android,4.726876606210546,-0.9160594123910624,0.35012825406559367
32,37.8721052,-122.2677905,1576090011.0,2019-12-11T10:46:51-08:00,POINT (-122.2677905 37.8721052),1.7079325467277453,97.9276631059368,android,3.8108171938194833,-0.5659311583254687,1.4567225069740504
33,37.8721369,-122.267774,1576090012.0,2019-12-11T10:46:52-08:00,POINT (-122.267774 37.8721369),3.520829656281685,101.27292751013934,android,3.2448860354940146,0.8907913486485817,0.023528558175966108
34,37.8721578,-122.2677482,1576090013.0,2019-12-11T10:46:53-08:00,POINT (-122.2677482 37.8721578),3.4640940014701034,112.28035043584357,android,4.135677384142596,0.9143199068245478,0.8521053599053499
35,37.8721745,-122.2677061,1576090014.0,2019-12-11T10:46:54-08:00,POINT (-122.2677061 37.8721745),2.2425181304519977,116.23666073865486,android,5.049997290967144,1.7664252667298976,-0.33018316946387305
36,37.8721908,-122.2676524,1576090015.0,2019-12-11T10:46:55-08:00,POINT (-122.2676524 37.8721908),1.2317969735623522,121.19219553573834,android,6.816422557697042,1.4362420972660246,-0.27444369409126423
37,37.8722061,-122.2675772,1576090016.0,2019-12-11T10:46:56-08:00,POINT (-122.2675772 37.8722061),0.6401912140537112,127.99504312667142,android,8.252664654963066,1.1617984031747604,-0.17654155650981274
38,37.8722235,-122.2674858,1576090017.0,2019-12-11T10:46:57-08:00,POINT (-122.2674858 37.8722235),0.052043187776543695,136.24166475999283,android,9.414463058137827,0.9852568466649476,-1.632260682232518
39,37.87224,-122.2673806,1576090018.0,2019-12-11T10:46:58-08:00,POINT (-122.2673806 37.87224),0.23884500273260498,145.66931200248632,android,10.399719904802774,-0.6470038355675705,-0.045649645763532476
40,37.8722557,-122.2672638,1576090019.0,2019-12-11T10:46:59-08:00,POINT (-122.2672638 37.8722557),0.27510878886132917,156.08891530362723,android,9.752716069235204,-0.6926534813311029,1.3682262286454439
41,37.8722675,-122.2671537,1576090020.0,2019-12-11T10:47:00-08:00,POINT (-122.2671537 37.8722675),0.01900270674206889,165.85632111248205,android,9.0600625879041,0.6755727473143409,-4.565216292652842
42,37.8722771,-122.2670512,1576090021.0,2019-12-11T10:47:01-08:00,POINT (-122.2670512 37.8722771),0.44445171582918624,174.92432773616702,android,9.735635335218442,-3.889643545338501,6.4689555709061715
43,37.8722837,-122.2669406,1576090022.0,2019-12-11T10:47:02-08:00,POINT (-122.2669406 37.8722837),1.314921642186275,184.64063814250244,android,5.845991789879941,2.5793120255676705,-4.21027200978447
44,37.8722887,-122.2668743,1576090023.0,2019-12-11T10:47:03-08:00,POINT (-122.2668743 37.8722887),1.7224978450098496,190.48411385022348,android,8.425303815447611,-1.6309599842167994,0.432754136612612
45,37.8722955,-122.2667787,1576090024.0,2019-12-11T10:47:04-08:00,POINT (-122.2667787 37.8722955),2.3550267279851154,198.90255754937147,android,6.794343831230812,-1.1982058476041875,1.1901463439331774
46,37.8722987,-122.2667014,1576090025.0,2019-12-11T10:47:05-08:00,POINT (-122.2667014 37.8722987),3.1180385351038953,205.66776408563885,android,5.596137983626624,-0.008059503671010049,-3.7087887046953036
47,37.8723032,-122.2666379,1576090026.0,2019-12-11T10:47:06-08:00,POINT (-122.2666379 37.8723032),3.5400030501841244,211.25920887286424,android,5.588078479955614,-3.7168482083663137,3.6290709088117787
48,37.8723068,-122.2665744,1576090027.0,2019-12-11T10:47:07-08:00,POINT (-122.2665744 37.8723068),4.060475706208827,216.83430227110813,android,1.8712302715893006,-0.08777729955453495,-1.4561022153295693
49,37.8723075,-122.2665531,1576090028.0,2019-12-11T10:47:08-08:00,POINT (-122.2665531 37.8723075),4.290614878656297,218.69515157082475,android,1.7834529720347656,-1.5438795148841042,1.3747162035857918
50,37.8723111,-122.2665333,1576090029.0,2019-12-11T10:47:09-08:00,POINT (-122.2665333 37.8723111),4.181723284039563,220.47853848010706,android,0.23957345715066147,-0.16916331129831233,0.30792032126499913
51,37.8723129,-122.2665318,1576090030.0,2019-12-11T10:47:10-08:00,POINT (-122.2665318 37.8723129),4.006302005311184,220.6413912874064,android,0.07041014585234914,0.1387570099666868,-0.011758286237437713
52,37.8723245,-122.266517,1576090056.0,2019-12-11T10:47:36-08:00,POINT (-122.266517 37.8723245),2.9497385596262116,222.13628954867357,android,3.678092404986206,-0.1669584322066937,0.6299803610300785
53,37.8723341,-122.2664769,1576090057.0,2019-12-11T10:47:37-08:00,POINT (-122.2664769 37.8723341),2.4764556093311443,225.79004921285718,android,3.511133972779512,0.4630219288233848,0.10996321115600693
54,37.8723442,-122.266439,1576090058.0,2019-12-11T10:47:38-08:00,POINT (-122.266439 37.8723442),1.9167582800089438,229.26200548780486,android,3.974155901602897,0.5729851399793917,0.18246933545773913
55,37.8723488,-122.2663941,1576090059.0,2019-12-11T10:47:39-08:00,POINT (-122.2663941 37.8723488),2.0598893449619227,233.24140407634877,android,4.547141041582289,0.7554544754371308,-0.6749821402192335
56,37.8723539,-122.2663427,1576090060.0,2019-12-11T10:47:40-08:00,POINT (-122.2663427 37.8723539),2.2419002494892766,237.79387017766257,android,5.3025955170194194,0.08047233521789732,-0.28479594332466807
57,37.8723658,-122.2662842,1576090061.0,2019-12-11T10:47:41-08:00,POINT (-122.2662842 37.8723658),1.7970603833544188,243.0611845525674,android,5.383067852237317,-0.20432360810677075,-1.7519375982129337
58,37.8723708,-122.2662232,1576090062.0,2019-12-11T10:47:42-08:00,POINT (-122.2662232 37.8723708),2.2026524046014244,248.43970102564862,android,5.178744244130546,-1.9562612063197045,2.6076086695137612
59,37.8723819,-122.2661659,1576090063.0,2019-12-11T10:47:43-08:00,POINT (-122.2661659 37.8723819),1.8844254741675386,253.61798994373333,android,3.2224830378108416,0.6513474631940568,-1.6164775224477057
60,37.8723946,-122.2661329,1576090064.0,2019-12-11T10:47:44-08:00,POINT (-122.2661329 37.8723946),1.012414914030199,256.72437211723144,android,3.8738305010048983,-0.9651300592536489,-0.1962854389216795
61,37.8724143,-122.2660965,1576090065.0,2019-12-11T10:47:45-08:00,POINT (-122.2660965 37.8724143),0.5709329198682739,260.26280796230435,android,2.9087004417512494,-1.1614154981753284,0.4240505409231343
62,37.872432,-122.2660721,1576090066.0,2019-12-11T10:47:46-08:00,POINT (-122.2660721 37.872432),2.123082199554289,262.72317274037323,android,1.747284943575921,-0.7373649572521941,0.10915827144676193
63,37.8724452,-122.2660613,1576090067.0,2019-12-11T10:47:47-08:00,POINT (-122.2660613 37.8724452),3.396000158196942,263.9177750456195,android,1.009919986323727,-0.6282066858054322,0.6333430222674035
64,37.8724538,-122.2660576,1576090068.0,2019-12-11T10:47:48-08:00,POINT (-122.2660576 37.8724538),3.052669542607067,270.95688495582414,android,0.3817133005182948,0.005136336461971314,-0.22509096642900148
65,37.8724572,-122.2660582,1576090069.0,2019-12-11T10:47:49-08:00,POINT (-122.2660582 37.8724572),3.080460846965208,271.33679123415703,android,0.3868496369802661,-0.21995462996703016,0.6184648440962925
66,37.872457,-122.2660626,1576090070.0,2019-12-11T10:47:50-08:00,POINT (-122.2660626 37.872457),3.46807815542163,271.3401571071029,android,0.16689500701323592,0.3985102141292624,0.2508402815679936
67,37.8724615,-122.2660628,1576090073.0,2019-12-11T10:47:53-08:00,POINT (-122.2660628 37.8724615),3.452719541690123,271.83952988503535,android,1.3624256494010232,1.1510310588332433,0.5863881249641767
68,37.8724717,-122.2660542,1576090074.0,2019-12-11T10:47:54-08:00,POINT (-122.2660542 37.8724717),2.62336449314123,272.9189554882152,android,2.5134567082342665,1.73741918379742,-1.2777694522301077
69,37.8724918,-122.2660411,1576090075.0,2019-12-11T10:47:55-08:00,POINT (-122.2660411 37.8724918),1.3266747869857343,275.06836210128125,android,4.2508758920316865,0.45964973156731226,-0.210873859681862
70,37.8725283,-122.2660267,1576090076.0,2019-12-11T10:47:56-08:00,POINT (-122.2660267 37.8725283),0.20404729452559012,279.0259430596234,android,4.710525623598999,0.24877587188545025,0.38141823488239446
71,37.8725705,-122.266022,1576090077.0,2019-12-11T10:47:57-08:00,POINT (-122.266022 37.8725705),1.063240703779492,283.62935087662873,android,4.959301495484449,0.6301941067678447,-0.16078920753675785
72,37.8726151,-122.2660221,1576090078.0,2019-12-11T10:47:58-08:00,POINT (-122.2660221 37.8726151),1.5863140745132278,288.55024569907926,android,5.589495602252294,0.46940489923108686,-2.5595125163713224
73,37.8726653,-122.2660188,1576090079.0,2019-12-11T10:47:59-08:00,POINT (-122.2660188 37.8726653),2.473472536954009,294.05675464984864,android,6.0589005014833806,-2.0901076171402355,4.4856692279208925
74,37.8727195,-122.2660259,1576090080.0,2019-12-11T10:48:00-08:00,POINT (-122.2660259 37.8727195),2.4989096578622574,300.1028174927062,android,3.968792884343145,2.395561610780657,-1.7748403070268424
75,37.8727541,-122.266037,1576090081.0,2019-12-11T10:48:01-08:00,POINT (-122.266037 37.8727541),1.9408580025261157,304.0245587346456,android,6.364354495123802,0.6207213037538146,0.841631327740636
76,37.8728108,-122.2660469,1576090082.0,2019-12-11T10:48:02-08:00,POINT (-122.2660469 37.8728108),1.6705871422405996,310.39800023419247,android,6.985075798877617,1.4623526314944506,-0.9875109681874576
77,37.8728729,-122.2660589,1576090083.0,2019-12-11T10:48:03-08:00,POINT (-122.2660589 37.8728729),1.259505368827444,317.3565625415357,android,8.447428430372067,0.47484166330699296,-1.3576993942598765
78,37.8729486,-122.266067,1576090084.0,2019-12-11T10:48:04-08:00,POINT (-122.266067 37.8729486),1.330077314151205,325.7857479162567,android,8.92227009367906,-0.8828577309528836,-0.7829031239665261
79,37.8730287,-122.266073,1576090085.0,2019-12-11T10:48:05-08:00,POINT (-122.266073 37.8730287),1.6298858969094505,334.68387740366074,android,8.039412362726177,-1.6657608549194096,1.0528157234116131
80,37.873101,-122.2660728,1576090086.0,2019-12-11T10:48:06-08:00,POINT (-122.2660728 37.873101),2.39228649457918,342.6696596948836,android,6.373651507806767,-0.6129451315077965,-1.988069262435988
81,37.8731583,-122.2660709,1576090087.0,2019-12-11T10:48:07-08:00,POINT (-122.2660709 37.8731583),3.039126580082187,349.03899260922014,android,5.7607063762989705,-2.6010143939437844,2.4797977699965665
82,37.8732101,-122.2660698,1576090088.0,2019-12-11T10:48:08-08:00,POINT (-122.2660698 37.8732101),3.5682669837859655,354.7628894158691,android,3.159691982355186,-0.12121662394721788,-1.1414113096173657
83,37.8732385,-122.2660686,1576090089.0,2019-12-11T10:48:09-08:00,POINT (-122.2660686 37.8732385),3.910725785317123,357.8971355333038,android,3.0384753584079682,-1.2626279335645836,-0.3464271009429858
84,37.8732658,-122.2660701,1576090090.0,2019-12-11T10:48:10-08:00,POINT (-122.2660701 37.8732658),4.007198070877543,360.92755382172356,android,1.7758474248433846,-1.6090550345075694,1.5252487077234738
85,37.8732817,-122.2660682,1576090091.0,2019-12-11T10:48:11-08:00,POINT (-122.2660682 37.8732817),4.306640998750091,362.6741585001032,android,0.16679239033581528,-0.08380632678409553,0.21191281397330192
86,37.8732832,-122.2660682,1576090092.0,2019-12-11T10:48:12-08:00,POINT (-122.2660682 37.8732832),4.319169954306437,362.8401193126066,android,0.08298606355171975,0.1281064871892064,-0.0010341534391004926
87,37.873297,-122.2660985,1576090129.0,2019-12-11T10:48:49-08:00,POINT (-122.2660985 37.873297),1.7770318957669622,364.5675758649465,android,4.822926089552356,0.08984280994248817,1.6746302329693288
88,37.8733403,-122.2661017,1576090130.0,2019-12-11T10:48:50-08:00,POINT (-122.2661017 37.8733403),2.0360023654190007,369.2704319968148,android,4.912768899494844,1.764473042911817,0.5856246612911855
89,37.8733844,-122.2660983,1576090131.0,2019-12-11T10:48:51-08:00,POINT (-122.2660983 37.8733844),2.95017235443784,374.13731631413896,android,6.677241942406661,2.3500977042030025,-2.1359016846394345
90,37.8734444,-122.2661014,1576090132.0,2019-12-11T10:48:52-08:00,POINT (-122.2661014 37.8734444),3.424708182483916,380.86840283229014,android,9.027339646609663,0.21419601956356793,0.547562978464855
91,37.8735255,-122.2661061,1576090133.0,2019-12-11T10:48:53-08:00,POINT (-122.2661061 37.8735255),3.802414844336975,389.8684520590082,android,9.241535666173231,0.761758998028423,-2.3783101680389134
92,37.8736084,-122.2661136,1576090134.0,2019-12-11T10:48:54-08:00,POINT (-122.2661136 37.8736084),3.792070768539189,399.16274507088247,android,10.003294664201654,-1.6165511700104904,2.5593262757206627
93,37.8736976,-122.2661284,1576090135.0,2019-12-11T10:48:55-08:00,POINT (-122.2661284 37.8736976),3.1740432579420523,409.12604860273734,android,8.386743494191164,0.9427751057101723,-5.468640798216096
94,37.873773,-122.2661308,1576090136.0,2019-12-11T10:48:56-08:00,POINT (-122.2661308 37.873773),3.7018068179562547,416.7986826597153,android,9.329518599901336,-4.525865692505923,7.903750074706581
95,37.8738569,-122.2661316,1576090137.0,2019-12-11T10:48:57-08:00,POINT (-122.2661316 37.8738569),4.642665263463837,426.91570450392265,android,4.803652907395413,3.3778843822006577,-5.333194287582259
96,37.8739001,-122.2661314,1576090138.0,2019-12-11T10:48:58-08:00,POINT (-122.2661314 37.8739001),4.913177232237008,431.70137025177485,android,8.18153728959607,-1.9553099053816014,-0.11098570901318983
97,37.8739736,-122.2661271,1576090139.0,2019-12-11T10:48:59-08:00,POINT (-122.2661271 37.8739736),5.972804824030573,439.365717239231,android,6.226227384214469,-2.0662956143947913,1.6795232044463315
98,37.8740291,-122.2661177,1576090140.0,2019-12-11T10:49:00-08:00,POINT (-122.2661177 37.8740291),7.59897172019696,445.362412530551,android,4.159931769819678,-0.38677240994845974,-1.1176232049241355
99,37.8740662,-122.2661116,1576090141.0,2019-12-11T10:49:01-08:00,POINT (-122.2661116 37.8740662),8.670003149274923,449.3731294297788,android,3.773159359871218,-1.5043956148725952,2.62941291340484
100,37.8741,-122.2661078,1576090142.0,2019-12-11T10:49:02-08:00,POINT (-122.2661078 37.8741),7.1188412321557335,477.12717697810933,android,2.2687637449986227,1.1250172985322449,-1.284586094847937
101,37.8741203,-122.2661052,1576090143.0,2019-12-11T10:49:03-08:00,POINT (-122.2661052 37.8741203),4.922131300753157,477.6749345800933,android,3.3937810435308675,-0.1595687963156922,0.8066768071743926
102,37.8741504,-122.2660988,1576090144.0,2019-12-11T10:49:04-08:00,POINT (-122.2660988 37.8741504),1.6968806840999386,478.70865778855756,android,3.2342122472151753,0.6471080108587004,0.6886396355956719
103,37.8741756,-122.2660804,1576090145.0,2019-12-11T10:49:05-08:00,POINT (-122.2660804 37.8741756),0.839641557091462,480.7094137161781,android,3.8813202580738757,1.3357476464543723,0.7114065403611054
104,37.8741982,-122.2660467,1576090146.0,2019-12-11T10:49:06-08:00,POINT (-122.2660467 37.8741982),2.8986037913217295,484.0008889067537,android,5.217067904528248,2.0471541868154777,-1.3151433483957726
105,37.8742081,-122.2659886,1576090147.0,2019-12-11T10:49:07-08:00,POINT (-122.2659886 37.8742081),3.2566143768075047,489.21533240640343,android,7.264222091343726,0.732010838419705,1.0561268331865836
106,37.8742142,-122.2659062,1576090148.0,2019-12-11T10:49:08-08:00,POINT (-122.2659062 37.8742142),2.8923288672698977,496.48495899695206,android,7.996232929763431,1.7881376716062887,-3.572990683304446
107,37.8742146,-122.2658151,1576090149.0,2019-12-11T10:49:09-08:00,POINT (-122.2658151 37.8742146),1.7928855540400321,504.4216834345753,android,9.78437060136972,-1.7848530116981571,2.8504445096804183
108,37.8742178,-122.2657037,1576090150.0,2019-12-11T10:49:10-08:00,POINT (-122.2657037 37.8742178),0.4414627206935103,514.1907444690422,android,7.999517589671562,1.0655914979822612,-0.9895870685125061
109,37.8742199,-122.2656126,1576090151.0,2019-12-11T10:49:11-08:00,POINT (-122.2656126 37.8742199),0.5694177402329151,522.1464367485673,android,9.065109087653823,0.07600442946975505,0.3588185239719035
110,37.8742247,-122.2655095,1576090152.0,2019-12-11T10:49:12-08:00,POINT (-122.2655095 37.8742247),1.2562512080358021,531.203868386457,android,9.141113517123578,0.43482295344165856,-1.0809307687171685
111,37.8742331,-122.2654059,1576090153.0,2019-12-11T10:49:13-08:00,POINT (-122.2654059 37.8742331),1.5531250961742127,540.358383514091,android,9.575936470565237,-0.64610781527551,0.6515344794435496
112,37.8742383,-122.265297,1576090154.0,2019-12-11T10:49:14-08:00,POINT (-122.265297 37.8742383),2.761766819582951,550.087529548215,android,8.929828655289727,0.005426664168039608,0.42849139352165544
113,37.8742539,-122.2651972,1576090155.0,2019-12-11T10:49:15-08:00,POINT (-122.2651972 37.8742539),1.960596646670169,558.8272331902848,android,8.935255319457767,0.43391805768969505,2.024743249806029
114,37.8742667,-122.2650967,1576090156.0,2019-12-11T10:49:16-08:00,POINT (-122.2650967 37.8742667),2.1631760974402474,567.777442511131,android,9.369173377147462,2.458661307495724,-6.052910402043143
115,37.874279,-122.2649911,1576090157.0,2019-12-11T10:49:17-08:00,POINT (-122.2649911 37.874279),2.5014687315206037,577.1587615952832,android,11.827834684643186,-3.5942490945474184,6.746458781183829
116,37.8742988,-122.2648587,1576090158.0,2019-12-11T10:49:18-08:00,POINT (-122.2648587 37.8742988),2.447810867293452,589.0088457619854,android,8.233585590095768,3.152209686636411,-2.8683840518796373
117,37.8743158,-122.2647674,1576090159.0,2019-12-11T10:49:19-08:00,POINT (-122.2647674 37.8743158),2.045629521746205,597.2475718419804,android,11.385795276732178,0.2838256347567736,0.17684751852292102
118,37.8743374,-122.2646406,1576090160.0,2019-12-11T10:49:20-08:00,POINT (-122.2646406 37.8743374),1.6785046277932867,608.6555328803206,android,11.669620911488952,0.4606731532796946,-5.340463551266927
119,37.8743628,-122.2645116,1576090161.0,2019-12-11T10:49:21-08:00,POINT (-122.2645116 37.8743628),2.3865353289927644,619.9567562081479,android,12.130294064768647,-4.879790397987232,5.119224236670485
120,37.874393,-122.2643788,1576090162.0,2019-12-11T10:49:22-08:00,POINT (-122.2643788 37.874393),4.419610446021985,631.6681037871725,android,7.250503666781414,0.23943383868325263,-3.1252032380743806
121,37.8744162,-122.2643016,1576090163.0,2019-12-11T10:49:23-08:00,POINT (-122.2643016 37.8744162),5.323551469598634,638.8138080957556,android,7.489937505464667,-2.885769399391128,1.1518287345083342
122,37.8744449,-122.2642244,1576090164.0,2019-12-11T10:49:24-08:00,POINT (-122.2642244 37.8744449),4.817388700735598,647.8358280920669,android,4.604168106073539,-1.7339406648827937,1.2663174322453332
123,37.8744616,-122.2641764,1576090165.0,2019-12-11T10:49:25-08:00,POINT (-122.2641764 37.8744616),4.48833306871767,651.3629618956426,android,2.870227441190745,-0.46762323263746053,-1.8598480827544623
124,37.8744715,-122.2641462,1576090166.0,2019-12-11T10:49:26-08:00,POINT (-122.2641462 37.8744715),4.631257649107009,654.233712612441,android,2.4026042085532846,-2.327471315391923,2.5740769219649953
125,37.8744803,-122.2641212,1576090167.0,2019-12-11T10:49:27-08:00,POINT (-122.2641212 37.8744803),4.688928147545013,656.6388511789922,android,0.07513289316136175,0.24660560657307248,-0.07570828637375432
126,37.8744872,-122.2641177,1576090178.0,2019-12-11T10:49:38-08:00,POINT (-122.2641177 37.8744872),4.115064506274607,657.4251328298791,android,2.787794565465159,-0.586185543538225,-0.31735574019679813
127,37.8744976,-122.2640888,1576090179.0,2019-12-11T10:49:39-08:00,POINT (-122.2640888 37.8744976),4.036650186900553,660.2154962952558,android,2.201609021926934,-0.9035412837350232,0.8326679006570328
128,37.8745055,-122.2640658,1576090180.0,2019-12-11T10:49:40-08:00,POINT (-122.2640658 37.8745055),4.01278440417144,662.4199934307205,android,1.2980677381919108,-0.0708733830779904,-0.832177492231635
129,37.87451028340274,-122.26405230954292,1576090181.0,2019-12-11T10:49:41-08:00,POINT (-122.26405230954292 37.87451028340274),3.9276940397416165,663.925669796567,android,1.2271943551139204,-0.9030508753096254,0.5998187165717148
130,37.8745158,-122.2640402,1576090182.0,2019-12-11T10:49:42-08:00,POINT (-122.2640402 37.8745158),3.7130093578165733,665.1351751478958,android,0.324143479804295,-0.30323215873791054,0.30700020428463254
131,37.8745175,-122.2640372,1576090183.0,2019-12-11T10:49:43-08:00,POINT (-122.2640372 37.8745175),3.625030459702603,665.4473571974153,android,0.02091132106638444,0.0037680455467219843,-0.0036275387040893706
132,37.8745129,-122.2640351,1576090209.0,2019-12-11T10:50:09-08:00,POINT (-122.2640351 37.8745129),4.1678156838090565,665.4480425582553,android,0.11888050528115603,-0.09054796075960166,0.5579099238259951
133,37.8745132,-122.2640338,1576090210.0,2019-12-11T10:50:10-08:00,POINT (-122.2640338 37.8745132),4.175271532364624,665.5668923705674,android,0.02833254452155437,0.4673619630663935,0.11264267362114838
134,37.8745134,-122.2640336,1576090211.0,2019-12-11T10:50:11-08:00,POINT (-122.2640336 37.8745134),4.1603598504422665,665.5909652408151,android,0.49569450758794786,0.5800046366875419,0.0513232786440377
135,37.8745255,-122.2639911,1576090219.0,2019-12-11T10:50:19-08:00,POINT (-122.2639911 37.8745255),4.173022820611051,669.3453483525827,android,5.135731601088283,0.9905908658398435,0.16497981117221627
136,37.8745449,-122.263938,1576090220.0,2019-12-11T10:50:20-08:00,POINT (-122.263938 37.8745449),3.9991478800970865,674.4848079380072,android,6.126322466928126,1.1555706770120597,-0.9002038646039248
137,37.8745635,-122.2638723,1576090221.0,2019-12-11T10:50:21-08:00,POINT (-122.2638723 37.8745635),2.32948441258405,682.4467420365094,android,7.281893143940186,0.25536681240813497,0.5817426859537207
138,37.874583,-122.2637931,1576090222.0,2019-12-11T10:50:22-08:00,POINT (-122.2637931 37.874583),0.7801531466893692,689.044689627868,android,7.537259956348321,0.8371094983618557,-0.3150655625583978
139,37.8745955,-122.2637087,1576090223.0,2019-12-11T10:50:23-08:00,POINT (-122.2637087 37.8745955),2.366002165158517,697.0299192688282,android,8.374369454710177,0.5220439358034579,1.557616554534551
140,37.8746084,-122.2636147,1576090224.0,2019-12-11T10:50:24-08:00,POINT (-122.2636147 37.8746084),2.492021489008346,705.4193690425502,android,8.896413390513635,2.079660490338009,-5.40030864075069
141,37.8746175,-122.263514,1576090225.0,2019-12-11T10:50:25-08:00,POINT (-122.263514 37.8746175),2.1097741042447913,714.3252191721433,android,10.976073880851644,-3.320648150412681,6.360742848022856
142,37.874629,-122.2633898,1576090226.0,2019-12-11T10:50:26-08:00,POINT (-122.2633898 37.874629),1.6686264399176944,725.3141716108721,android,7.655425730438963,3.040094697610175,-2.264740404628843
143,37.8746365,-122.2633031,1576090227.0,2019-12-11T10:50:27-08:00,POINT (-122.2633031 37.8746365),1.30283935697252,732.9760813176399,android,10.695520428049138,0.7753542929813317,0.2516617836625521
144,37.8746523,-122.2631829,1576090228.0,2019-12-11T10:50:28-08:00,POINT (-122.2631829 37.8746523),1.3878013421194437,743.6918399253382,android,11.47087472103047,1.0270160766438838,-5.143180389366108
145,37.8746673,-122.2630536,1576090229.0,2019-12-11T10:50:29-08:00,POINT (-122.2630536 37.8746673),1.2123183771477308,755.1980708427875,android,12.497890797674353,-4.1161643127222245,7.283467812587212
146,37.8746818,-122.2629124,1576090230.0,2019-12-11T10:50:30-08:00,POINT (-122.2629124 37.8746818),0.7283015729044781,767.7111871421804,android,8.381726484952129,3.167303499864987,-2.8229880812471766
147,37.8746915,-122.2628177,1576090231.0,2019-12-11T10:50:31-08:00,POINT (-122.2628177 37.8746915),0.40097251464353695,776.1030219522332,android,11.549029984817116,0.34431541861781056,0.95442699658647
148,37.8747065,-122.2626875,1576090232.0,2019-12-11T10:50:32-08:00,POINT (-122.2626875 37.8747065),0.13297463037422932,787.6714616306874,android,11.893345403434926,1.2987424152042806,-4.363993440470297
149,37.8747229,-122.2625536,1576090233.0,2019-12-11T10:50:33-08:00,POINT (-122.2625536 37.8747229),0.036092831699065415,799.586660680832,android,13.192087818639207,-3.065251025266017,6.105001257116633
150,37.8747417,-122.2624052,1576090234.0,2019-12-11T10:50:34-08:00,POINT (-122.2624052 37.8747417),0.15517546395096515,812.8036944420132,android,10.12683679337319,3.0397502318506167,-3.0111128774873563
151,37.8747589,-122.2622919,1576090235.0,2019-12-11T10:50:35-08:00,POINT (-122.2622919 37.8747589),0.06535169937511971,822.9472488334321,android,13.166587025223807,0.028637354363260314,0.1557293768969945
152,37.8747813,-122.2621446,1576090236.0,2019-12-11T10:50:36-08:00,POINT (-122.2621446 37.8747813),0.3562855582608393,836.1354730349602,android,13.195224379587067,0.18436673126025482,2.874730802371335
153,37.874803,-122.2619968,1576090237.0,2019-12-11T10:50:37-08:00,POINT (-122.2619968 37.874803),0.6588102826451626,849.3492330441195,android,13.379591110847322,3.05909753363159,-9.488744130354815
154,37.8748265,-122.2618473,1576090238.0,2019-12-11T10:50:38-08:00,POINT (-122.2618473 37.8748265),1.1447084022939644,862.74513123068,android,16.438688644478912,-6.4296465967232255,9.806384069292632
155,37.8748451,-122.2616615,1576090239.0,2019-12-11T10:50:39-08:00,POINT (-122.2616615 37.8748451),0.5867606111915755,879.2067605616877,android,10.009042047755687,3.376737472569406,-4.100996393301248
156,37.8748636,-122.2615499,1576090240.0,2019-12-11T10:50:40-08:00,POINT (-122.2615499 37.8748636),1.0544066954404234,889.2235103613077,android,13.385779520325093,-0.7242589207318417,0.9095308205530088
157,37.8748889,-122.2614008,1576090241.0,2019-12-11T10:50:41-08:00,POINT (-122.2614008 37.8748889),1.743143182645006,902.6163838535178,android,12.661520599593251,0.1852718998211671,-1.0486067116728748
158,37.8749071,-122.2612584,1576090242.0,2019-12-11T10:50:42-08:00,POINT (-122.2612584 37.8749071),1.747709724897484,915.302340220202,android,12.846792499414418,-0.8633348118517077,-0.22767274732500198
159,37.8749269,-122.2611142,1576090243.0,2019-12-11T10:50:43-08:00,POINT (-122.2611142 37.8749269),1.9024276272917193,928.1727918347697,android,11.98345768756271,-1.0910075591767097,0.5853311464078477
160,37.8749435,-122.2609793,1576090244.0,2019-12-11T10:50:44-08:00,POINT (-122.2609793 37.8749435),1.836524040987046,940.1792883594304,android,10.892450128386,-0.505676412768862,1.3694542574112862
161,37.8749503,-122.2608555,1576090245.0,2019-12-11T10:50:45-08:00,POINT (-122.2608555 37.8749503),0.8521273738544168,951.0492224447088,android,10.386773715617139,0.8637778446424242,-6.451948230696145
162,37.8749667,-122.260739,1576090246.0,2019-12-11T10:50:46-08:00,POINT (-122.260739 37.8749667),1.0213679171009513,961.454437842323,android,11.250551560259563,-5.58817038605372,6.65273432784245
163,37.8749835,-122.2606126,1576090247.0,2019-12-11T10:50:47-08:00,POINT (-122.2606126 37.8749835),0.4466218473394657,972.9112729105236,android,5.6623811742058425,1.0645639417887294,-2.6762046958061783
164,37.8749905,-122.2605487,1576090248.0,2019-12-11T10:50:48-08:00,POINT (-122.2605487 37.8749905),0.8812820002622375,978.442425355731,android,6.726945115994572,-1.6116407540174489,-0.7453827224974989
165,37.8750047,-122.2604742,1576090249.0,2019-12-11T10:50:49-08:00,POINT (-122.2604742 37.8750047),1.6209017723368693,985.1408131431881,android,5.115304361977123,-2.357023476514948,1.1662778533594016
166,37.8750092,-122.2604162,1576090250.0,2019-12-11T10:50:50-08:00,POINT (-122.2604162 37.8750092),2.8306139472577443,990.2245234390774,android,2.758280885462175,-1.1907456231555462,-0.3233117329567985
167,37.8750082,-122.2603848,1576090251.0,2019-12-11T10:50:51-08:00,POINT (-122.2603848 37.8750082),3.7012585420545188,993.3443039330606,android,1.567535262306629,-1.5140573561123447,1.718237704705042
168,37.8750047,-122.2603675,1576090252.0,2019-12-11T10:50:52-08:00,POINT (-122.2603675 37.8750047),4.336615355735637,994.7803539910692,android,0.05347790619428423,0.20418034859269726,0.036452438273681484
169,37.8750137,-122.2603632,1576090272.0,2019-12-11T10:51:12-08:00,POINT (-122.2603632 37.8750137),3.4145836948432957,995.3189491998195,android,4.137084878048229,0.9332291140663269,-0.32393583555853844
170,37.8750326,-122.2603226,1576090273.0,2019-12-11T10:51:13-08:00,POINT (-122.2603226 37.8750326),1.9388958967409933,999.1881356814096,android,5.070313992114556,0.6092932785077885,0.2339489896000897
171,37.8750553,-122.2602725,1576090274.0,2019-12-11T10:51:14-08:00,POINT (-122.2602725 37.8750553),0.18601262282763084,1003.9512160164904,android,5.679607270622345,0.8432422681078782,0.7567139358174835
172,37.8750659,-122.2602092,1576090275.0,2019-12-11T10:51:15-08:00,POINT (-122.2602092 37.8750659),0.2431407217689004,1009.6286937158393,android,6.522849538730223,1.5999562039253616,-2.8500848225537787
173,37.8750856,-122.2601392,1576090276.0,2019-12-11T10:51:16-08:00,POINT (-122.2601392 37.8750856),0.2624451500943845,1016.1641812181866,android,8.122805742655585,-1.250128618628417,2.7634866141902226
174,37.8751067,-122.2600506,1576090277.0,2019-12-11T10:51:17-08:00,POINT (-122.2600506 37.8751067),0.25569781467071917,1024.2824790897528,android,6.872677124027168,1.5133579955618055,-1.5334014444563637
175,37.8751225,-122.2599749,1576090278.0,2019-12-11T10:51:18-08:00,POINT (-122.2599749 37.8751225),0.7557848592219636,1031.149091489468,android,8.386035119588973,-0.020043448894558225,1.3455146180012392
176,37.8751325,-122.2598802,1576090279.0,2019-12-11T10:51:19-08:00,POINT (-122.2598802 37.8751325),0.3162872092001936,1039.5400907119792,android,8.365991670694415,1.325471169106681,-4.24113076359761
177,37.8751417,-122.2597856,1576090280.0,2019-12-11T10:51:20-08:00,POINT (-122.2597856 37.8751417),0.12847758637310447,1047.912448650351,android,9.691462839801096,-2.915659594490929,5.11331117059394
178,37.8751535,-122.2596762,1576090281.0,2019-12-11T10:51:21-08:00,POINT (-122.2596762 37.8751535),0.24597879335078637,1057.622199796958,android,6.775803245310167,2.197651576103011,-1.8739305776407829
179,37.8751816,-122.2596077,1576090282.0,2019-12-11T10:51:22-08:00,POINT (-122.2596077 37.8751816),1.944416579061995,1064.044928922803,android,8.973454821413178,0.32372099846222824,-0.7789037225788498
180,37.8752176,-122.2595162,1576090283.0,2019-12-11T10:51:23-08:00,POINT (-122.2595162 37.8752176),4.689244392100254,1072.5996311367082,android,9.297175819875406,-0.45518272411662153,0.5348369097418786
181,37.8752194,-122.2594103,1576090284.0,2019-12-11T10:51:24-08:00,POINT (-122.2594103 37.8752194),3.4925827771727405,1081.8385523714705,android,8.841993095758784,0.07965418562525706,-0.1903214317470603
182,37.8752172,-122.2593096,1576090285.0,2019-12-11T10:51:25-08:00,POINT (-122.2593096 37.8752172),1.829781270717192,1090.582976731609,android,8.921647281384042,-0.11066724612180323,1.9719601405749962
183,37.8752215,-122.2592081,1576090286.0,2019-12-11T10:51:26-08:00,POINT (-122.2592081 37.8752215),0.8510876208261327,1099.4689576635146,android,8.810980035262238,1.861292894453193,-3.03835669865979
184,37.875232,-122.2591086,1576090287.0,2019-12-11T10:51:27-08:00,POINT (-122.2591086 37.875232),0.5797600898856444,1108.293069523976,android,10.672272929715431,-1.1770638042065968,2.618073457303881
185,37.8752436,-122.2589879,1576090288.0,2019-12-11T10:51:28-08:00,POINT (-122.2589879 37.8752436),0.12613224150660285,1118.9768055865115,android,9.495209125508834,1.441009653097284,-4.820779115286966
186,37.8752572,-122.2588811,1576090289.0,2019-12-11T10:51:29-08:00,POINT (-122.2588811 37.8752572),0.08114411536235966,1128.49045512945,android,10.936218778606118,-3.3797694621896817,4.975481233493344
187,37.8752676,-122.2587572,1576090290.0,2019-12-11T10:51:30-08:00,POINT (-122.2587572 37.8752676),0.5716308661078833,1139.4289813508706,android,7.556449316416437,1.5957117713036624,-2.2994560550181067
188,37.8752762,-122.2586718,1576090291.0,2019-12-11T10:51:31-08:00,POINT (-122.2586718 37.8752762),0.8648695315952163,1146.9946379724709,android,9.1521610877201,-0.7037442837144443,1.3865210742878276
189,37.8752862,-122.2585683,1576090292.0,2019-12-11T10:51:32-08:00,POINT (-122.2585683 37.8752862),1.2665137555585526,1156.156079169949,android,8.448416804005655,0.6827767905733833,-3.414031203683397
190,37.8752998,-122.2584736,1576090293.0,2019-12-11T10:51:33-08:00,POINT (-122.2584736 37.8752998),6.056761357903185,1158.6725551593172,android,9.131193594579038,-2.7312544131100136,-3.668684768359011
191,37.8753053,-122.2583698,1576090294.0,2019-12-11T10:51:34-08:00,POINT (-122.2583698 37.8753053),15.190913209449871,1158.6725551593172,android,6.3999391814690245,-6.3999391814690245,6.3999391814690245
192,37.8753065,-122.2582969,1576090295.0,2019-12-11T10:51:35-08:00,POINT (-122.2582969 37.8753065),21.603684891170726,1158.6725551593172,android,0.0,0.0,0.0
