,latitude,longitude,ts,fmt_time,geometry,gt_distance,gt_projection,source,speed,acceleration,jerk
0,37.6007585,-122.3874122,1581009565.0,2020-02-06T09:19:25-08:00,POINT (-122.3874122 37.6007585),23.912770265221237,0.0,android,2.2240510825604662,1.9167401047179817,-1.0558321855988737
1,37.6007753,-122.3874259,1581009566.0,2020-02-06T09:19:26-08:00,POINT (-122.3874259 37.6007753),21.704632230842815,0.0,android,4.140791187278448,0.860907919119108,3.410419822650856
2,37.6008055,-122.3874534,1581009567.0,2020-02-06T09:19:27-08:00,POINT (-122.3874534 37.6008055),17.577962770835743,0.0,android,5.001699106397556,4.271327741769964,-7.168463367582049
3,37.6008417,-122.3874871,1581009568.0,2020-02-06T09:19:28-08:00,POINT (-122.3874871 37.6008417),12.597135091990172,0.0,android,9.27302684816752,-2.8971356258120853,6.259780162193579
4,37.6009162,-122.3875344,1581009569.0,2020-02-06T09:19:29-08:00,POINT (-122.3875344 37.6009162),4.411110671918877,0.0,android,6.375891222355435,3.3626445363814934,-1.497179451267888
5,37.600965,-122.3875724,1581009570.0,2020-02-06T09:19:30-08:00,POINT (-122.3875724 37.600965),2.961599093616102,70.23160760833277,android,9.738535758736928,1.8654650851136054,-0.6136868974971978
6,37.6010368,-122.3876357,1581009571.0,2020-02-06T09:19:31-08:00,POINT (-122.3876357 37.6010368),3.7042915626434203,79.93367779816977,android,11.604000843850534,1.2517781876164076,1.1338706368904994
7,37.6011194,-122.3877162,1581009572.0,2020-02-06T09:19:32-08:00,POINT (-122.3877162 37.6011194),4.035127247738233,91.52556531762318,android,12.855779031466941,2.385648824506907,-4.294451457394457
8,37.6012094,-122.3878078,1581009573.0,2020-02-06T09:19:33-08:00,POINT (-122.3878078 37.6012094),4.130496931848396,104.37391321131696,android,15.241427855973848,-1.90880263288755,1.9087962974394799
9,37.6013187,-122.3879122,1581009574.0,2020-02-06T09:19:34-08:00,POINT (-122.3879122 37.6013187),4.712960140111946,119.59388625537835,android,13.332625223086298,-6.33544807016051e-06,-6.346372316556881e-10
10,37.60141371349577,-122.38800451424873,1581009575.0,2020-02-06T09:19:35-08:00,POINT (-122.38800451424873 37.60141371349577),5.1129208477712815,132.9119317171597,android,13.332618887638228,-6.3360827073921655e-06,1.2435936724841667e-09
11,37.60150872699155,-122.38809682849747,1581009576.0,2020-02-06T09:19:36-08:00,POINT (-122.38809682849747 37.60150872699155),5.512902571166578,146.22997019563564,android,13.33261255155552,-6.334839113719681e-06,-1.3982823787728194e-09
12,37.60160374048731,-122.3881891427462,1581009577.0,2020-02-06T09:19:37-08:00,POINT (-122.3881891427462 37.60160374048731),5.9129053100892,159.54800169037392,android,13.332606216716407,-6.336237396098454e-06,1.5187282542683533e-09
13,37.60169875398309,-122.38828145699493,1581009578.0,2020-02-06T09:19:38-08:00,POINT (-122.38828145699493 37.60169875398309),6.312929065433348,172.8660262024478,android,13.33259988047901,-6.334718667844186e-06,-1.3982859314864982e-09
14,37.60179376747886,-122.38837377124365,1581009579.0,2020-02-06T09:19:39-08:00,POINT (-122.38837377124365 37.60179376747886),6.712973838481163,186.18404372957696,android,13.332593545760343,-6.336116953775672e-06,-4.645717336283644
15,37.60188878097463,-122.38846608549238,1581009580.0,2020-02-06T09:19:40-08:00,POINT (-122.38846608549238 37.60188878097463),7.113039624939671,199.5020542735197,android,13.332587209643389,-4.645723672400598,4.125874323084041
16,37.6019837944704,-122.38855839974111,1581009581.0,2020-02-06T09:19:41-08:00,POINT (-122.38855839974111 37.6019837944704),6.936378420694189,290.84474650691834,android,8.686863537242791,-0.5198493493165568,0.5198470707213669
17,37.60204669639755,-122.3886168781895,1581009582.0,2020-02-06T09:19:42-08:00,POINT (-122.3886168781895 37.60204669639755),6.956541094989883,299.52525218467173,android,8.167014187926235,-2.2785951898640633e-06,6.349072378952769e-10
18,37.60210589279511,-122.38867175637901,1581009583.0,2020-02-06T09:19:43-08:00,POINT (-122.38867175637901 37.60210589279511),6.986527573922698,307.6862114892913,android,8.167011909331045,-2.277960282626168e-06,2.8581688127360394e-09
19,37.60216508919266,-122.38872663456851,1581009584.0,2020-02-06T09:19:44-08:00,POINT (-122.38872663456851 37.60216508919266),7.01652187409912,315.84716848684485,android,8.167009631370762,-2.275102113813432e-06,-3.4987088781690545e-09
20,37.60222428559021,-122.388781512758,1581009585.0,2020-02-06T09:19:45-08:00,POINT (-122.388781512758 37.60222428559021),7.046523994398293,324.0081231758449,android,8.167007356268648,-2.278600822691601e-06,1.2716974140403181e-09
21,37.60228348198777,-122.38883639094752,1581009586.0,2020-02-06T09:19:46-08:00,POINT (-122.38883639094752 37.60228348198777),7.076533929334457,332.16907556042446,android,8.167005077667826,-2.2773291252775607e-06,2.0671642175784655e-10
22,37.60234267838532,-122.38889126913702,1581009587.0,2020-02-06T09:19:47-08:00,POINT (-122.38889126913702 37.60234267838532),7.106551684673591,340.3300256368224,android,8.1670028003387,-2.277122408855803e-06,-2.768612040684274
23,37.60240187478288,-122.38894614732651,1581009588.0,2020-02-06T09:19:48-08:00,POINT (-122.38894614732651 37.60240187478288),7.136577260976111,348.49097340578254,android,8.167000523216291,-2.7686143178066827,1.6425425173646397
24,37.60246107118043,-122.38900102551601,1581009589.0,2020-02-06T09:19:49-08:00,POINT (-122.38900102551601 37.60246107118043),7.166610651719473,356.65191886580567,android,5.398386205409609,-1.126071800442043,1.1260712335179113
25,37.6025002,-122.38903730000001,1581009590.0,2020-02-06T09:19:50-08:00,POINT (-122.38903730000001 37.6025002),7.186467015035755,362.0463026610672,android,4.272314404967566,-5.669241316397233e-07,-2.009881150399906e-09
26,37.60253211416283,-122.38906430429162,1581009591.0,2020-02-06T09:19:51-08:00,POINT (-122.38906430429162 37.60253211416283),7.385576070362405,366.3101038124323,android,4.272313838043434,-5.689340127901232e-07,1.312289832355873e-09
27,37.60256402832566,-122.38909130858325,1581009592.0,2020-02-06T09:19:52-08:00,POINT (-122.38909130858325 37.60256402832566),7.584687156115576,370.5739043039087,android,4.272313269109421,-5.676217229577674e-07,-6.15672846038251e-10
28,37.602595942488485,-122.38911831287487,1581009593.0,2020-02-06T09:19:53-08:00,POINT (-122.38911831287487 37.602595942488485),7.783800278435701,374.83770413261914,android,4.2723127014876985,-5.682373958038056e-07,-0.7476542800380757
29,37.60262785665132,-122.3891453171665,1581009594.0,2020-02-06T09:19:54-08:00,POINT (-122.3891453171665 37.60262785665132),7.982915435463208,379.10150329996463,android,4.272312133250303,-0.7476548482754715,-1.360739902151153
30,37.60265977081414,-122.38917232145813,1581009595.0,2020-02-06T09:19:55-08:00,POINT (-122.38917232145813 37.60265977081414),8.182032624123407,383.3653018053466,android,3.524657284974831,-2.1083947504266245,2.108394704503703
31,37.6026861,-122.3891946,1581009596.0,2020-02-06T09:19:56-08:00,POINT (-122.3891946 37.6026861),8.458599874050048,386.0527088831946,android,1.4162625345482067,-4.5922921687591156e-08,-3.158783457024583e-09
32,37.60269734505941,-122.3892021494072,1581009597.0,2020-02-06T09:19:57-08:00,POINT (-122.3892021494072 37.60269734505941),8.804878919432205,387.4241115142268,android,1.416262488625285,-4.908170514461574e-08,3.1587705784374975e-09
33,37.60270859011883,-122.38920969881441,1581009598.0,2020-02-06T09:19:58-08:00,POINT (-122.38920969881441 37.60270859011883),9.151158144315202,388.7955140533426,android,1.4162624395435799,-4.592293456617824e-08,-1.3951160227065884e-09
34,37.60271983517824,-122.3892172482216,1581009599.0,2020-02-06T09:19:59-08:00,POINT (-122.3892172482216 37.60271983517824),9.497437557184924,390.1669164965232,android,1.4162623936206453,-4.731805058888483e-08,4.8127033000049595
35,37.60273108023766,-122.3892247976288,1581009600.0,2020-02-06T09:20:00-08:00,POINT (-122.3892247976288 37.60273108023766),9.843717152579211,391.53831884436863,android,1.4162623463025947,4.812703252686909,4.028970552166115
36,37.60274232529707,-122.38923234703601,1581009601.0,2020-02-06T09:20:01-08:00,POINT (-122.38923234703601 37.60274232529707),10.189996930678674,392.9097211005113,android,6.228965598989504,8.841673804853023,-0.24571083174786482
37,37.60429198690468,-122.39086129193386,1581009637.0,2020-02-06T09:20:37-08:00,POINT (-122.39086129193386 37.60429198690468),8.004508788680997,617.6123730813608,android,324.52922257369835,-0.003916138070110264,-1.2973526963833137e-07
38,37.606560973809344,-122.39317838386772,1581009638.0,2020-02-06T09:20:38-08:00,POINT (-122.39317838386772 37.606560973809344),5.554579977593525,942.0645003738562,android,324.52530643562824,-0.003916267805379903,-286.33210823461746
39,37.60882996071402,-122.39549547580158,1581009639.0,2020-02-06T09:20:39-08:00,POINT (-122.39549547580158 37.60882996071402),2.237611290271363,1266.3558297440975,android,324.52139016782286,-286.33602450242284,268.5198938330619
40,37.61109894761869,-122.39781256773544,1581009640.0,2020-02-06T09:20:40-08:00,POINT (-122.39781256773544 37.61109894761869),0.9687030045938047,1590.6925913654975,android,38.18536566540001,-17.81613066936098,25.76755322578334
41,37.6113653,-122.3980862,1581009641.0,2020-02-06T09:20:41-08:00,POINT (-122.3980862 37.6113653),0.6285411777959053,1628.8611290938316,android,20.369234996039033,7.9514225564223615,-1.1517049052620791
42,37.6114971,-122.3982468,1581009642.0,2020-02-06T09:20:42-08:00,POINT (-122.3982468 37.6114971),1.5530054196177863,1649.0931727538452,android,28.320657552461395,6.799717651160282,-9.30939681490094
43,37.6116864,-122.3984619,1581009643.0,2020-02-06T09:20:43-08:00,POINT (-122.3984619 37.6116864),4.266328945379021,1677.176883660037,android,35.12037520362168,-2.509679163740657,3.0860051781474027
44,37.6119339,-122.3987096,1581009644.0,2020-02-06T09:20:44-08:00,POINT (-122.3987096 37.6119339),5.771109841825814,1712.3584029924327,android,32.61069603988102,0.5763260144067459,-6.240569576887765
45,37.6121722,-122.3989254,1581009645.0,2020-02-06T09:20:45-08:00,POINT (-122.3989254 37.6121722),6.909459283251832,1744.5697684698582,android,33.187022054287766,-5.664243562481019,12.668557244975617
46,37.6124269,-122.3991218,1581009646.0,2020-02-06T09:20:46-08:00,POINT (-122.3991218 37.6124269),5.73089031842485,1777.77943252833,android,27.522778491806747,7.0043136824945975,-13.13405641125728
47,37.6126361,-122.3992888,1581009647.0,2020-02-06T09:20:47-08:00,POINT (-122.3992888 37.6126361),4.99777852917559,1805.264692257648,android,34.527092174301345,-6.1297427287626824,7.174373835719077
48,37.6129011,-122.3994931,1581009648.0,2020-02-06T09:20:48-08:00,POINT (-122.3994931 37.6129011),3.5386150163758407,1839.7240584876438,android,28.397349445538662,1.0446311069563947,1.1466437999944112
49,37.6131175,-122.3996643,1581009649.0,2020-02-06T09:20:49-08:00,POINT (-122.3996643 37.6131175),2.666766031364837,1868.07894396331,android,29.441980552495057,2.191274906950806,-8.200230588595264
50,37.6133426,-122.3998403,1581009650.0,2020-02-06T09:20:50-08:00,POINT (-122.3998403 37.6133426),1.6072749048978576,1897.4711133429118,android,31.633255459445863,-6.0089556816444585,12.212090647543615
51,37.6135817,-122.4000349,1581009651.0,2020-02-06T09:20:51-08:00,POINT (-122.4000349 37.6135817),1.0421722734346748,1929.0684941014867,android,25.624299777801404,6.203134965899157,-7.892545936930368
52,37.613771,-122.4002008,1581009652.0,2020-02-06T09:20:52-08:00,POINT (-122.4002008 37.613771),1.4634469325604365,1954.664555292321,android,31.82743474370056,-1.6894109710312115,4.069330655486187
53,37.6140087,-122.4004021,1581009653.0,2020-02-06T09:20:53-08:00,POINT (-122.4004021 37.6140087),1.5464483633191117,1986.4631213195808,android,30.13802377266935,2.3799196844549755,-9.593070170676445
54,37.6142365,-122.4005875,1581009654.0,2020-02-06T09:20:54-08:00,POINT (-122.4005875 37.6142365),1.5780580819003664,2016.5135626400286,android,32.517943457124325,-7.213150486221469,14.400628751503596
55,37.614487,-122.400778,1581009655.0,2020-02-06T09:20:55-08:00,POINT (-122.400778 37.614487),1.4130017964966624,2048.9956478610197,android,25.304792970902856,7.187478265282127,-8.029313940033692
56,37.6146829,-122.4009242,1581009656.0,2020-02-06T09:20:56-08:00,POINT (-122.4009242 37.6146829),1.1426070247533235,2074.2659092322924,android,32.49227123618498,-0.8418356747515645,2.828417155377956
57,37.6149352,-122.4011103,1581009657.0,2020-02-06T09:20:57-08:00,POINT (-122.4011103 37.6149352),0.643210660592942,2106.721112039037,android,31.65043556143342,1.9865814806263913,-11.920355283465746
58,37.6151761,-122.4013017,1581009658.0,2020-02-06T09:20:58-08:00,POINT (-122.4013017 37.6151761),1.0379838504534216,2138.336923705982,android,33.63701704205981,-9.933773802839355,15.277382953468113
59,37.6154339,-122.4015015,1581009659.0,2020-02-06T09:20:59-08:00,POINT (-122.4015015 37.6154339),1.2396622596497306,2171.9205469417216,android,23.703243239220456,5.343609150628758,-4.424412054350011
60,37.6156123,-122.4016488,1581009660.0,2020-02-06T09:21:00-08:00,POINT (-122.4016488 37.6156123),2.3118514889719894,2195.5770113911467,android,29.046852389849214,0.9191970962787472,0.5083040813023381
61,37.6158376,-122.4018157,1581009661.0,2020-02-06T09:21:01-08:00,POINT (-122.4018157 37.6158376),2.214575935931749,2224.5908039166393,android,29.96604948612796,1.4275011775810853,6.411425414232358
62,37.6160777,-122.4019702,1581009662.0,2020-02-06T09:21:02-08:00,POINT (-122.4019702 37.6160777),0.3606543864349275,2254.4510041516646,android,31.393550663709046,7.838926591813443,-21.597206784652954
63,37.6163371,-122.4021109,1581009663.0,2020-02-06T09:21:03-08:00,POINT (-122.4021109 37.6163371),3.0605976773607697,2285.6084255708142,android,39.23247725552249,-13.75828019283951,21.687576920599206
64,37.6166574,-122.4022977,1581009664.0,2020-02-06T09:21:04-08:00,POINT (-122.4022977 37.6166574),6.282328725692884,2324.6504811867794,android,25.47419706268298,7.929296727759695,-9.296764739244953
65,37.6168467,-122.4024606,1581009665.0,2020-02-06T09:21:05-08:00,POINT (-122.4024606 37.6168467),3.779695299352303,2350.0728848805584,android,33.403493790442674,-1.3674680114852578,-0.6721099707445646
66,37.6170981,-122.4026682,1581009666.0,2020-02-06T09:21:06-08:00,POINT (-122.4026682 37.6170981),2.033399308277146,2383.2742863486997,android,32.036025778957416,-2.0395779822298223,-3.9456557529118044
67,37.617352,-122.4028401,1581009667.0,2020-02-06T09:21:07-08:00,POINT (-122.4028401 37.617352),2.804190424019006,2415.3872535897303,android,29.996447796727594,-5.985233735141627,11.042257492030284
68,37.6175788,-122.4030245,1581009668.0,2020-02-06T09:21:08-08:00,POINT (-122.4030245 37.6175788),0.6935938671215112,2445.237415516626,android,24.011214061585967,5.057023756888658,-4.894131451260108
69,37.6177555,-122.4031812,1581009669.0,2020-02-06T09:21:09-08:00,POINT (-122.4031812 37.6177555),1.25213242550936,2469.149939013772,android,29.068237818474625,0.1628923056285494,0.35678306556178896
70,37.6179799,-122.4033505,1581009670.0,2020-02-06T09:21:10-08:00,POINT (-122.4033505 37.6179799),0.9683105304367329,2498.2153079553214,android,29.231130124103174,0.5196753711903384,0.11100242005185734
71,37.6182079,-122.4035157,1581009671.0,2020-02-06T09:21:11-08:00,POINT (-122.4035157 37.6182079),0.05177960033884581,2527.394478818752,android,29.750805495293513,0.6306777912421957,-1.0211826761071592
72,37.6184377,-122.4036887,1581009672.0,2020-02-06T09:21:12-08:00,POINT (-122.4036887 37.6184377),0.21581262406987353,2557.119750248631,android,30.38148328653571,-0.3905048848649635,-0.13628296042183408
73,37.6186715,-122.4038672,1581009673.0,2020-02-06T09:21:13-08:00,POINT (-122.4038672 37.6186715),0.342840050937771,2587.463182163759,android,29.990978401670745,-0.5267878452867976,1.8030925707338525
74,37.6189005,-122.4040471,1581009674.0,2020-02-06T09:21:14-08:00,POINT (-122.4040471 37.6189005),1.2641542941828852,2617.427257845207,android,29.464190556383947,1.276304725447055,0.009007173683748704
75,37.6191289,-122.4042167,1581009675.0,2020-02-06T09:21:15-08:00,POINT (-122.4042167 37.6191289),1.0123881749726524,2646.857118501416,android,30.740495281831002,1.2853118991308037,-7.591217650048019
76,37.6193646,-122.4043991,1581009676.0,2020-02-06T09:21:16-08:00,POINT (-122.4043991 37.6193646),1.310357958423728,2677.5635632582107,android,32.025807180961806,-6.305905750917216,12.2746567117734
77,37.6196107,-122.404588,1581009677.0,2020-02-06T09:21:17-08:00,POINT (-122.404588 37.6196107),1.5139085207110066,2709.548056794926,android,25.71990143004459,5.968750960856184,-7.446247813125062
78,37.6198093,-122.4047377,1581009678.0,2020-02-06T09:21:18-08:00,POINT (-122.4047377 37.6198093),1.570805537208059,2735.239495160798,android,31.688652390900774,-1.477496852268878,3.2717104101243244
79,37.6200549,-122.4049202,1581009679.0,2020-02-06T09:21:19-08:00,POINT (-122.4049202 37.6200549),1.4419339089502692,2766.8921584632585,android,30.211155538631896,1.7942135578554463,-5.9179517656153635
80,37.6202907,-122.4050906,1581009680.0,2020-02-06T09:21:20-08:00,POINT (-122.4050906 37.6202907),0.9112006131145715,2797.0661805414034,android,32.00536909648734,-4.123738207759917,9.372338489533114
81,37.620543,-122.4052655,1581009681.0,2020-02-06T09:21:21-08:00,POINT (-122.4052655 37.620543),0.251155491488861,2829.010860901581,android,27.881630888727425,5.2486002817731965,-7.712840258300972
82,37.6207615,-122.4054208,1581009682.0,2020-02-06T09:21:22-08:00,POINT (-122.4054208 37.6207615),0.9679540342708367,2856.8498735429093,android,33.13023117050062,-2.464239976527775,2.4642164348684084
83,37.6210207,-122.4056063,1581009683.0,2020-02-06T09:21:23-08:00,POINT (-122.4056063 37.6210207),1.6819616210974146,2889.9343611635386,android,30.665991193972847,-2.3541659366799195e-05,-1.2885550404462265e-09
84,37.62126161505567,-122.40577576898794,1581009684.0,2020-02-06T09:21:24-08:00,POINT (-122.40577576898794 37.62126161505567),2.566764164740478,2920.5503567278097,android,30.66596765231348,-2.354294792183964e-05,1.757292977799807e-09
85,37.62150253011134,-122.40594523797587,1581009685.0,2020-02-06T09:21:25-08:00,POINT (-122.40594523797587 37.62150253011134),3.451662898109696,2951.1663262927177,android,30.665944109365558,-2.354119062886184e-05,-7.02264912888495e-11
86,37.62174344516701,-122.40611470696378,1581009686.0,2020-02-06T09:21:26-08:00,POINT (-122.40611470696378 37.62174344516701),4.336657824133891,2981.782269857031,android,30.66592056817493,-2.354126085535313e-05,-5.983515904972592e-10
87,37.62198436022268,-122.4062841759517,1581009687.0,2020-02-06T09:21:27-08:00,POINT (-122.4062841759517 37.62198436022268),5.221748935064367,3012.3981874243614,android,30.665897026914074,-2.3541859206943627e-05,-2.3228352574733435e-10
88,37.62222527527835,-122.40645364493963,1581009688.0,2020-02-06T09:21:28-08:00,POINT (-122.40645364493963 37.62222527527835),6.156585665676371,3042.996884407334,android,30.665873485054867,-2.3542091490469375e-05,-1.207482114295999e-09
89,37.62246619033403,-122.40662311392755,1581009689.0,2020-02-06T09:21:29-08:00,POINT (-122.40662311392755 37.62246619033403),7.127718025074287,3073.610147109442,android,30.665849942963376,-2.354329897258367e-05,2.3663986326027953e-09
90,37.6227071053897,-122.40679258291549,1581009690.0,2020-02-06T09:21:30-08:00,POINT (-122.40679258291549 37.6227071053897),8.098946498861197,3104.2233835405364,android,30.665826399664404,-2.3540932573951068e-05,-1.8976678006765724e-09
91,37.62294802044537,-122.40696205190339,1581009691.0,2020-02-06T09:21:31-08:00,POINT (-122.40696205190339 37.62294802044537),9.133533359528569,3134.7945259004637,android,30.66580285873183,-2.3542830241751744e-05,1.1480878470138123e-09
92,37.62318893550104,-122.40713152089133,1581009692.0,2020-02-06T09:21:32-08:00,POINT (-122.40713152089133 37.62318893550104),10.020770340675606,3165.5056691609793,android,30.665779315901588,-2.354168215390473e-05,-11.220592734692875
93,37.62342985055671,-122.40730098987925,1581009693.0,2020-02-06T09:21:33-08:00,POINT (-122.40730098987925 37.62342985055671),10.823283665038781,3196.1237232625326,android,30.665755774219434,-11.22061627637503,11.217066975916433
94,37.62367076561238,-122.40747045886718,1581009694.0,2020-02-06T09:21:34-08:00,POINT (-122.40747045886718 37.62367076561238),11.625893253515443,3226.7417516241226,android,19.445139497844405,-0.0035493004585969708,-0.00019413752995131497
95,37.6837304,-122.464987,1581010125.0,2020-02-06T09:28:45-08:00,POINT (-122.464987 37.6837304),17.175868331171813,11747.647892974514,android,17.91539100018911,-0.08722257586761373,-0.6970929889215256
96,37.6838729,-122.465082,1581010126.0,2020-02-06T09:28:46-08:00,POINT (-122.465082 37.6838729),11.560009368252787,11764.635967971528,android,17.828168424321497,-0.7843155647891393,0.13494595096674544
97,37.6840081,-122.4651909,1581010127.0,2020-02-06T09:28:47-08:00,POINT (-122.4651909 37.6840081),6.446008602157188,11782.40679422608,android,17.043852859532358,-0.6493696138223939,0.2521527692346268
98,37.6841319,-122.4653051,1581010128.0,2020-02-06T09:28:48-08:00,POINT (-122.4653051 37.6841319),2.47649233413987,11798.929088237182,android,16.394483245709964,-0.39721684458776707,0.0763268941515527
99,37.6842499,-122.4654168,1581010129.0,2020-02-06T09:28:49-08:00,POINT (-122.4654168 37.6842499),1.0935614481344504,11814.918481399578,android,15.997266401122197,-0.3208899504362144,-15.205645471219826
100,37.6843619,-122.4655309,1581010130.0,2020-02-06T09:28:50-08:00,POINT (-122.4655309 37.6843619),4.019817700198095,11830.6368977411,android,15.676376450685982,-15.52653542165604,15.526535421610015
101,37.6844703,-122.4656448,1581010131.0,2020-02-06T09:28:51-08:00,POINT (-122.4656448 37.6844703),6.653642843638805,11846.082696653395,android,0.14984102902994131,-4.6025183664255565e-11,-1.5520850993322455e-09
102,37.684471356685755,-122.46564374331426,1581010132.0,2020-02-06T09:28:52-08:00,POINT (-122.46564374331426 37.684471356685755),6.803306246400692,11846.087881310077,android,0.14984102898391613,-1.598110282996501e-09,1.5520850715766699e-09
103,37.68447241337151,-122.4656426866285,1581010133.0,2020-02-06T09:28:53-08:00,POINT (-122.4656426866285 37.68447241337151),6.95296964850641,11846.093065966816,android,0.14984102738580585,-4.602521141983118e-11,-1.5520850715766699e-09
104,37.68447347005726,-122.46564162994275,1581010134.0,2020-02-06T09:28:54-08:00,POINT (-122.46564162994275 37.68447347005726),7.102633050385419,11846.098250626714,android,0.14984102733978064,-1.598110282996501e-09,2.9476759366708905e-09
105,37.68447452674302,-122.46564057325699,1581010135.0,2020-02-06T09:28:55-08:00,POINT (-122.46564057325699 37.68447452674302),7.252296451531618,11846.103435289646,android,0.14984102574167035,1.3495656536743894e-09,-4.343266829520687e-09
106,37.68447558342877,-122.46563951657124,1581010136.0,2020-02-06T09:28:56-08:00,POINT (-122.46563951657124 37.68447558342877),7.401959851383041,11846.108619954839,android,0.149841027091236,-2.9937011758462972e-09,2.17163337312698e-09
107,37.68447664011453,-122.46563845988547,1581010137.0,2020-02-06T09:28:57-08:00,POINT (-122.46563845988547 37.68447664011453),7.551623251288744,11846.113804623577,android,0.14984102409753483,-8.220678027193173e-10,0.0
108,37.684477696800286,-122.46563740319972,1581010138.0,2020-02-06T09:28:58-08:00,POINT (-122.46563740319972 37.684477696800286),7.701286649468606,11846.118989294364,android,0.14984102327546703,-8.220678027193173e-10,1.5520848217764893e-09
109,37.68447875348604,-122.46563634651397,1581010139.0,2020-02-06T09:28:59-08:00,POINT (-122.46563634651397 37.68447875348604),7.850950045565005,11846.12417396979,android,0.14984102245339923,7.30017019057172e-10,-3.1041696713085543e-09
110,37.684479810171794,-122.46563528982823,1581010140.0,2020-02-06T09:29:00-08:00,POINT (-122.46563528982823 37.684479810171794),8.000613442148346,11846.129358646083,android,0.14984102318341624,-2.3741526522513823e-09,1.5520848217764893e-09
111,37.68448086685755,-122.46563423314245,1581010141.0,2020-02-06T09:29:01-08:00,POINT (-122.46563423314245 37.68448086685755),8.15027683807551,11846.134543322432,android,0.1498410208092636,-8.22067830474893e-10,-2.7755575615628914e-17
112,37.6844819235433,-122.4656331764567,1581010142.0,2020-02-06T09:29:02-08:00,POINT (-122.4656331764567 37.6844819235433),8.299940232629664,11846.13972800691,android,0.14984101998719576,-8.220678582304686e-10,1.5520846552430356e-09
113,37.684482980229056,-122.46563211977096,1581010143.0,2020-02-06T09:29:03-08:00,POINT (-122.46563211977096 37.684482980229056),8.449603625815596,11846.144912690846,android,0.1498410191651279,7.300167970125671e-10,-3.104169338241647e-09
114,37.68448403691481,-122.46563106308521,1581010144.0,2020-02-06T09:29:04-08:00,POINT (-122.46563106308521 37.68448403691481),8.599267017274098,11846.15009737972,android,0.1498410198951447,-2.37415254122908e-09,1.5520846552430356e-09
115,37.684485093600564,-122.46563000639944,1581010145.0,2020-02-06T09:29:05-08:00,POINT (-122.46563000639944 37.684485093600564),8.748930411357275,11846.15528206837,android,0.14984101752099216,-8.220678859860442e-10,7.760422582325788e-10
116,37.68448615028632,-122.46562894971369,1581010146.0,2020-02-06T09:29:06-08:00,POINT (-122.46562894971369 37.68448615028632),8.89859380193289,11846.160466760459,android,0.14984101669892427,-4.6025627753465415e-11,-1.5649379014881504e-10
117,37.68448720697207,-122.46562789302794,1581010147.0,2020-02-06T09:29:07-08:00,POINT (-122.46562789302794 37.68448720697207),9.048257191418083,11846.165651458175,android,0.14984101665289865,-2.0251941790228045e-10,-1.2390970194342543e-09
118,37.684488263657826,-122.46562683634218,1581010148.0,2020-02-06T09:29:08-08:00,POINT (-122.46562683634218 37.684488263657826),9.19792058032214,11846.17083615586,android,0.14984101645037923,-1.4416164373365348e-09,-1.564937346376638e-10
119,37.68448932034359,-122.46562577965642,1581010149.0,2020-02-06T09:29:09-08:00,POINT (-122.46562577965642 37.68448932034359),9.347583970781207,11846.17602085531,android,0.1498410150087628,-1.5981101719741986e-09,35.6743437349302
120,37.68449037702934,-122.46562472297066,1581010150.0,2020-02-06T09:29:10-08:00,POINT (-122.46562472297066 37.68449037702934),9.49724735872575,11846.181205559189,android,0.14984101341065262,35.67434373333209,-35.657707720365565
121,37.684491433715095,-122.46562366628491,1581010151.0,2020-02-06T09:29:11-08:00,POINT (-122.46562366628491 37.684491433715095),9.646910743949821,11846.186390267016,android,35.82418474674274,0.016636012966522173,-27.646591025475423
122,37.68455946947875,-122.46602158570897,1581010152.0,2020-02-06T09:29:12-08:00,POINT (-122.46602158570897 37.68455946947875),7.377398956272402,11877.78077247615,android,35.84082075970926,-27.6299550125089,27.83412510334585
123,37.68462723895749,-122.46641977141795,1581010153.0,2020-02-06T09:29:13-08:00,POINT (-122.46641977141795 37.68462723895749),24.43926840267861,11909.373894942011,android,8.21086574720036,0.20417009083694912,-0.024933573180470212
124,37.6889101,-122.4697319,1581010221.0,2020-02-06T09:30:21-08:00,POINT (-122.4697319 37.6889101),18.341437132943703,12465.221542061696,android,22.0944319241129,-1.4913128854350255,1.3903266253167779
125,37.6891088,-122.4697319,1581010222.0,2020-02-06T09:30:22-08:00,POINT (-122.4697319 37.6891088),12.696365633383907,12486.53214604463,android,20.603119038677875,-0.10098626011824763,0.8658752752917742
126,37.6892932,-122.4697548,1581010223.0,2020-02-06T09:30:23-08:00,POINT (-122.4697548 37.6892932),10.072840680292225,12505.9011822973,android,20.502132778559627,0.7648890151735266,-0.6598383414184354
127,37.6894755,-122.4697897,1581010224.0,2020-02-06T09:30:24-08:00,POINT (-122.4697897 37.6894755),9.804974121979832,12526.358195035227,android,21.267021793733154,0.10505067375509114,0.026486298790164398
128,37.6896664,-122.4698045,1581010225.0,2020-02-06T09:30:25-08:00,POINT (-122.4698045 37.6896664),8.779158644669952,12547.016508337256,android,21.372072467488245,0.13153697254525554,-0.6845734978621998
129,37.6898586,-122.469803,1581010226.0,2020-02-06T09:30:26-08:00,POINT (-122.469803 37.6898586),6.699372532984546,12567.937880546831,android,21.5036094400335,-0.5530365253169442,0.8232010933966336
130,37.6900517,-122.4698163,1581010227.0,2020-02-06T09:30:27-08:00,POINT (-122.4698163 37.6900517),6.570421278098183,12589.1593812005,android,20.950572914716556,0.27016456807968936,0.8890690874288971
131,37.6902401,-122.4698191,1581010228.0,2020-02-06T09:30:28-08:00,POINT (-122.4698191 37.6902401),6.125401311975891,12610.058933115428,android,21.220737482796245,1.1592336555085865,-0.9459332431134477
132,37.6904309,-122.469814,1581010229.0,2020-02-06T09:30:29-08:00,POINT (-122.469814 37.6904309),5.236159122177164,12631.135708215856,android,22.379971138304832,0.21330041239513875,-0.10505849992223304
133,37.6906298,-122.4697751,1581010230.0,2020-02-06T09:30:30-08:00,POINT (-122.4697751 37.6906298),1.361390257869421,12653.129727167177,android,22.59327155069997,0.10824191247290571,-0.3860466983264814
134,37.6908309,-122.4697384,1581010231.0,2020-02-06T09:30:31-08:00,POINT (-122.4697384 37.6908309),2.324362227905866,12675.371705254958,android,22.701513463172876,-0.2778047858535757,-0.4353470015595349
135,37.6910349,-122.4697282,1581010232.0,2020-02-06T09:30:32-08:00,POINT (-122.4697282 37.6910349),3.6806527912094444,12697.982565336084,android,22.4237086773193,-0.7131517874131106,-0.4514112320235384
136,37.691236,-122.4697092,1581010233.0,2020-02-06T09:30:33-08:00,POINT (-122.4697092 37.691236),5.8061461356565465,12720.25606798372,android,21.71055688990619,-1.164563019436649,0.6234014043172387
137,37.6914308,-122.4696925,1581010234.0,2020-02-06T09:30:34-08:00,POINT (-122.4696925 37.6914308),7.714770582659751,12741.834830260294,android,20.54599387046954,-0.5411616151194103,1.0706537942980034
138,37.691615,-122.4697109,1581010235.0,2020-02-06T09:30:35-08:00,POINT (-122.4697109 37.691615),6.610701745925959,12762.266470158553,android,20.00483225535013,0.5294921791785931,-0.31118217347129473
139,37.6917937,-122.4697372,1581010236.0,2020-02-06T09:30:36-08:00,POINT (-122.4697372 37.6917937),4.795331755575104,12782.145513075842,android,20.534324434528724,0.21831000570729842,-0.6163079392756323
140,37.6919782,-122.4697472,1581010237.0,2020-02-06T09:30:37-08:00,POINT (-122.4697472 37.6919782),4.432925310208221,12802.631421483264,android,20.752634440236022,-0.3979979335683339,-0.3512615879614138
141,37.6921647,-122.4697561,1581010238.0,2020-02-06T09:30:38-08:00,POINT (-122.4697561 37.6921647),4.173099271633518,12823.336698918998,android,20.35463650666769,-0.7492595215297477,0.22701595035496425
142,37.6923477,-122.4697617,1581010239.0,2020-02-06T09:30:39-08:00,POINT (-122.4697617 37.6923477),4.194283397267479,12843.646403168508,android,19.60537698513794,-0.5222435711747835,3.1102329385426017
143,37.6925234,-122.4697803,1581010240.0,2020-02-06T09:30:40-08:00,POINT (-122.4697803 37.6925234),2.773838532412025,12863.222728802431,android,19.083133413963157,2.5879893673678183,-4.196303748608905
144,37.6926944,-122.4697987,1581010241.0,2020-02-06T09:30:41-08:00,POINT (-122.4697987 37.6926944),1.3249491458073694,12882.209076884155,android,21.671122781330975,-1.6083143812410867,2.0009467095864615
145,37.6928887,-122.4698179,1581010242.0,2020-02-06T09:30:42-08:00,POINT (-122.4698179 37.6928887),0.17085094627903183,12903.781079907698,android,20.06280840008989,0.39263232834537476,-0.29104652040969725
146,37.6930691,-122.469822,1581010243.0,2020-02-06T09:30:43-08:00,POINT (-122.469822 37.6930691),0.3495021762154252,12923.798794043236,android,20.455440728435264,0.10158580793567751,-0.10158584882084654
147,37.6932529,-122.4698317,1581010244.0,2020-02-06T09:30:44-08:00,POINT (-122.4698317 37.6932529),0.9889695398876024,12944.21859426457,android,20.55702653637094,-4.088516902811534e-08,0.6306367456684185
148,37.6934377,-122.4698383,1581010245.0,2020-02-06T09:30:45-08:00,POINT (-122.4698383 37.6934377),0.967425635439727,12964.730263626972,android,20.557026495485772,0.6306367047832495,1.1703207401492044
149,37.6936225,-122.46984490000001,1581010246.0,2020-02-06T09:30:46-08:00,POINT (-122.46984490000001 37.6936225),1.3136388935893533,12985.208690980638,android,21.18766320026902,1.800957444932454,-2.416819734278274
150,37.6938129,-122.4698543,1581010247.0,2020-02-06T09:30:47-08:00,POINT (-122.4698543 37.6938129),2.1423720724390933,13006.333433875634,android,22.988620645201475,-0.6158622893458201,2.813763938737008
151,37.6940191,-122.4698354,1581010248.0,2020-02-06T09:30:48-08:00,POINT (-122.4698354 37.6940191),0.47608130278541455,13029.211175740971,android,22.372758355855655,2.197901649391188,-3.246811965245932
152,37.6942203,-122.469834,1581010249.0,2020-02-06T09:30:49-08:00,POINT (-122.469834 37.6942203),0.15692404682122452,13051.53716249908,android,24.570660005246843,-1.0489103158547444,0.49364778081604044
153,37.6944352,-122.469769,1581010250.0,2020-02-06T09:30:50-08:00,POINT (-122.469769 37.6944352),7.122493909881137,13074.885004810694,android,23.5217496893921,-0.5552625350387039,-2.099841974181473
154,37.6946454,-122.469739,1581010251.0,2020-02-06T09:30:51-08:00,POINT (-122.469739 37.6946454),11.621225300878997,13097.831718998394,android,22.966487154353395,-2.655104509220177,2.655101709674547
155,37.6948519,-122.4697337,1581010252.0,2020-02-06T09:30:52-08:00,POINT (-122.4697337 37.6948519),14.156273366468533,13119.68009430094,android,20.311382645133218,-2.799545629983413e-06,2.9527669198614603e-10
156,37.695029222222225,-122.46978912222221,1581010253.0,2020-02-06T09:30:53-08:00,POINT (-122.46978912222221 37.695029222222225),12.29803510388942,13139.86619930285,android,20.311379845587588,-2.799250353291427e-06,-1.2056382558967016e-09
157,37.695206544444446,-122.46984454444443,1581010254.0,2020-02-06T09:30:54-08:00,POINT (-122.46984454444443 37.695206544444446),11.441837519711074,13159.15051118623,android,20.311377046337235,-2.8004559915473237e-06,1.3624443795379193e-09
158,37.69538386666667,-122.46989996666667,1581010255.0,2020-02-06T09:30:55-08:00,POINT (-122.46989996666667 37.69538386666667),11.25095626950502,13179.421062702391,android,20.311374245881243,-2.799093547167786e-06,-1.5388650353997946e-09
159,37.69556118888889,-122.46995538888889,1581010256.0,2020-02-06T09:30:56-08:00,POINT (-122.46995538888889 37.69556118888889),11.93849557944035,13199.122381116797,android,20.311371446787696,-2.8006324122031856e-06,1.062257837247671e-09
160,37.69573851111112,-122.47001081111111,1581010257.0,2020-02-06T09:30:57-08:00,POINT (-122.47001081111111 37.69573851111112),12.843494333621175,13218.959035860673,android,20.311368646155284,-2.799570154365938e-06,-6.052580658888473e-10
161,37.69591583333334,-122.47006623333333,1581010258.0,2020-02-06T09:30:58-08:00,POINT (-122.47006623333333 37.69591583333334),14.317529946765019,13239.17681585805,android,20.31136584658513,-2.8001754124318268e-06,2.9527313927246723e-10
162,37.69609315555556,-122.47012165555556,1581010259.0,2020-02-06T09:30:59-08:00,POINT (-122.47012165555556 37.69609315555556),15.791588295148328,13259.394591848632,android,20.311363046409717,-2.7998801392925543e-06,-4.902744876744691e-12
163,37.69627047777778,-122.47017707777778,1581010260.0,2020-02-06T09:31:00-08:00,POINT (-122.47017707777778 37.69627047777778),17.265669382304747,13279.612363828292,android,20.311360246529578,-2.799885042037431e-06,-4.902744876744691e-12
164,37.6964478,-122.4702325,1581010261.0,2020-02-06T09:31:01-08:00,POINT (-122.4702325 37.6964478),18.7667368217373,13299.705454077313,android,20.311357446644536,-2.799889944782308e-06,2.9527313927246723e-10
165,37.69662512222222,-122.47028792222221,1581010262.0,2020-02-06T09:31:02-08:00,POINT (-122.47028792222221 37.69662512222222),20.336140516982358,13320.282070207308,android,20.31135464675459,-2.7995946716430353e-06,-6.052509604614897e-10
166,37.696802444444444,-122.47034334444443,1581010263.0,2020-02-06T09:31:03-08:00,POINT (-122.47034334444443 37.696802444444444),21.578023198909193,13340.515425365507,android,20.31135184715992,-2.800199922603497e-06,1.0622542845339922e-09
167,37.696979766666665,-122.47039876666666,1581010264.0,2020-02-06T09:31:04-08:00,POINT (-122.47039876666666 37.696979766666665),22.819928660542217,13360.748776775823,android,20.311349046959997,-2.799137668318963e-06,-1.5388650353997946e-09
168,37.697157088888886,-122.47045418888888,1581010265.0,2020-02-06T09:31:05-08:00,POINT (-122.47045418888888 37.697157088888886),23.913209769015342,13381.460575036323,android,20.31134624782233,-2.8006765333543626e-06,1.3624088524011313e-09
169,37.697334411111115,-122.4705096111111,1581010266.0,2020-02-06T09:31:06-08:00,POINT (-122.4705096111111 37.697334411111115),24.415919745936275,13402.963241259664,android,20.311343447145795,-2.7993141245019615e-06,-1.2055636489094468e-09
170,37.697511733333336,-122.47056503333332,1581010267.0,2020-02-06T09:31:07-08:00,POINT (-122.47056503333332 37.697511733333336),24.278809017535952,13422.946708446796,android,20.31134064783167,-2.800519688150871e-06,5.954277071396064e-10
171,37.69768905555556,-122.47062045555556,1581010268.0,2020-02-06T09:31:08-08:00,POINT (-122.47062045555556 37.69768905555556),24.112818499207204,13444.644334298857,android,20.311337847311982,-2.7999242604437313e-06,0.7442289794619725
172,37.69786637777778,-122.47067587777778,1581010269.0,2020-02-06T09:31:09-08:00,POINT (-122.47067587777778 37.69786637777778),22.840488286965947,13466.578035879305,android,20.311335047387722,0.7442261795377121,-1.7295608525786044
173,37.6980437,-122.4707313,1581010270.0,2020-02-06T09:31:10-08:00,POINT (-122.4707313 37.6980437),20.20463078679047,13486.677352360644,android,21.055561226925434,-0.9853346730408923,3.5211531480889633
174,37.6982278,-122.4707873,1581010271.0,2020-02-06T09:31:11-08:00,POINT (-122.4707873 37.6982278),16.766489574559664,13508.232886906346,android,20.07022655388454,2.535818475048071,-3.406960624059746
175,37.6984074,-122.4707646,1581010272.0,2020-02-06T09:31:12-08:00,POINT (-122.4707646 37.6984074),19.51382507009775,13528.788734147074,android,22.606045028932613,-0.8711421490116749,2.635212648267114
176,37.6986106,-122.4707565,1581010273.0,2020-02-06T09:31:13-08:00,POINT (-122.4707565 37.6986106),20.584844575747418,13551.93531756333,android,21.734902879920938,1.764070499255439,-10.7575784456059
177,37.6988058,-122.4707436,1581010274.0,2020-02-06T09:31:14-08:00,POINT (-122.4707436 37.6988058),21.801556953347564,13573.239776928358,android,23.498973379176377,-8.99350794635046,16.39473991033469
178,37.6990171,-122.470739,1581010275.0,2020-02-06T09:31:15-08:00,POINT (-122.470739 37.6990171),22.587068902509625,13596.673723568489,android,14.505465432825916,7.401231963984229,-11.427829901674668
179,37.6991475,-122.4707436,1581010276.0,2020-02-06T09:31:16-08:00,POINT (-122.4707436 37.6991475),22.41613409149946,13611.146194118548,android,21.906697396810145,-4.02659793769044,0.0938243790108082
180,37.6993442,-122.4707576,1581010277.0,2020-02-06T09:31:17-08:00,POINT (-122.4707576 37.6993442),21.535880637247566,13632.987075451694,android,17.880099459119705,-3.9327735586796315,5.329405331567534
181,37.6995047,-122.47077,1581010278.0,2020-02-06T09:31:18-08:00,POINT (-122.47077 37.6995047),20.73155563744148,13650.80983126525,android,13.947325900440074,1.3966317728879023,-7.722492206617133
182,37.699616,-122.4708431,1581010279.0,2020-02-06T09:31:19-08:00,POINT (-122.4708431 37.699616),14.48834019008643,13663.261345086114,android,15.343957673327976,-6.325860433729231,11.933957812267646
183,37.6997311,-122.4709393,1581010280.0,2020-02-06T09:31:20-08:00,POINT (-122.4709393 37.6997311),6.2158326496793475,13676.167431778076,android,9.018097239598745,5.608097378538416,-5.644038760948561
184,37.6998082,-122.4709711,1581010281.0,2020-02-06T09:31:21-08:00,POINT (-122.4709711 37.6998082),3.563820839714984,13684.760124838724,android,14.626194618137161,-0.03594138241014555,1.5467519843429418
185,37.6999392,-122.4709861,1581010282.0,2020-02-06T09:31:22-08:00,POINT (-122.4709861 37.6999392),2.5011551199177915,13699.315784198956,android,14.590253235727015,1.5108106019327963,-4.546563026464607
186,37.7000692,-122.4710086,1581010283.0,2020-02-06T09:31:23-08:00,POINT (-122.4710086 37.7000692),0.7754480162926076,13713.772315668182,android,16.10106383765981,-3.035752424531811,5.773022936841443
187,37.700214,-122.4710082,1581010284.0,2020-02-06T09:31:24-08:00,POINT (-122.4710082 37.700214),1.0975106135844197,13729.834597051664,android,13.065311413128,2.7372705123096317,-3.1829232643866074
188,37.7003314,-122.4710143,1581010285.0,2020-02-06T09:31:25-08:00,POINT (-122.4710143 37.7003314),0.7923805348960163,13742.86757961218,android,15.802581925437632,-0.44565275207697574,3.0362774617769333
189,37.7004733,-122.4710044,1581010286.0,2020-02-06T09:31:26-08:00,POINT (-122.4710044 37.7004733),1.9460440074785703,13758.593208837245,android,15.356929173360657,2.5906247096999575,-9.55841280864243
190,37.7006114,-122.4710063,1581010287.0,2020-02-06T09:31:27-08:00,POINT (-122.4710063 37.7006114),2.0521090951933156,13773.915868548082,android,17.947553883060614,-6.9677880989424725,9.726040295945062
191,37.7007727,-122.4710137,1581010288.0,2020-02-06T09:31:28-08:00,POINT (-122.4710137 37.7007727),1.7859307218595206,13791.813414902732,android,10.979765784118142,2.758252197002589,-1.945416631590133
192,37.7008714,-122.4710174,1581010289.0,2020-02-06T09:31:29-08:00,POINT (-122.4710174 37.7008714),1.7014660750285493,13802.768651586619,android,13.73801798112073,0.8128355654124562,-0.5899177881110838
193,37.7009945,-122.4710307,1581010290.0,2020-02-06T09:31:30-08:00,POINT (-122.4710307 37.7009945),0.8306549061003817,13816.449068373968,android,14.550853546533187,0.2229177773013724,3.9073512808823807
194,37.7011251,-122.4710411,1581010291.0,2020-02-06T09:31:31-08:00,POINT (-122.4710411 37.7011251),0.23379529322597503,13830.955762409512,android,14.77377132383456,4.130269058183753,-8.136567305983204
195,37.7012579,-122.4710463,1581010292.0,2020-02-06T09:31:32-08:00,POINT (-122.4710463 37.7012579),0.10061722409337384,13845.696371093585,android,18.904040382018312,-4.006298247799451,6.199442780909422
196,37.7014279,-122.4710484,1581010293.0,2020-02-06T09:31:33-08:00,POINT (-122.4710484 37.7014279),0.21819794332190245,13864.560876275329,android,14.897742134218861,2.1931445331099706,-4.532316172110567
197,37.7015618,-122.4710426,1581010294.0,2020-02-06T09:31:34-08:00,POINT (-122.4710426 37.7015618),0.86209394227959,13879.411846172576,android,17.09088666732883,-2.3391716390005968,5.530964412858534
198,37.7017155,-122.4710436,1581010295.0,2020-02-06T09:31:35-08:00,POINT (-122.4710436 37.7017155),0.9261743733819513,13896.464878608273,android,14.751715028328235,3.1917927738579372,-7.469116108941922
199,37.7018479,-122.4710542,1581010296.0,2020-02-06T09:31:36-08:00,POINT (-122.4710542 37.7018479),0.12291416164115232,13911.162337777818,android,17.943507802186172,-4.2773233350839845,5.699415579203944
200,37.7020092,-122.4710482,1581010297.0,2020-02-06T09:31:37-08:00,POINT (-122.4710482 37.7020092),0.8115756389741751,13929.053044355545,android,13.666184467102187,1.422092244119959,-1.203890628783542
201,37.7021318,-122.4710373,1581010298.0,2020-02-06T09:31:38-08:00,POINT (-122.4710373 37.7021318),1.8938401564712164,13942.646323889387,android,15.088276711222147,0.21820161533641702,-1.436745731262075
202,37.7022668,-122.47102,1581010299.0,2020-02-06T09:31:39-08:00,POINT (-122.47102 37.7022668),3.5261384987893605,13957.641882198235,android,15.306478326558564,-1.218544115925658,-0.19570761987399266
203,37.7024039,-122.4710044,1581010300.0,2020-02-06T09:31:40-08:00,POINT (-122.4710044 37.7024039),4.901323646425827,13972.853049428886,android,14.087934210632906,-1.4142517357996507,2.5770476576195147
204,37.7025304,-122.4710133,1581010301.0,2020-02-06T09:31:41-08:00,POINT (-122.4710133 37.7025304),4.116752226356661,13986.888151924959,android,12.673682474833255,1.162795921819864,-1.2578553779671484
205,37.7026443,-122.4710186,1581010302.0,2020-02-06T09:31:42-08:00,POINT (-122.4710186 37.7026443),3.6495347980611506,13999.525291914986,android,13.836478396653119,-0.0950594561472844,1.05665280566852
206,37.7027687,-122.4710223,1581010303.0,2020-02-06T09:31:43-08:00,POINT (-122.4710223 37.7027687),3.3233631165014144,14013.32740144593,android,13.741418940505834,0.9615933495212357,3.6182825333855604
207,37.702892,-122.4710328,1581010304.0,2020-02-06T09:31:44-08:00,POINT (-122.4710328 37.702892),1.723632578113266,14027.179511681012,android,14.70301229002707,4.579875882906796,-13.22658850899807
208,37.7030242,-122.4710294,1581010305.0,2020-02-06T09:31:45-08:00,POINT (-122.4710294 37.7030242),0.7195089093859092,14041.857611555404,android,19.282888172933866,-8.646712626091274,13.698687308052158
209,37.7031976,-122.4710265,1581010306.0,2020-02-06T09:31:46-08:00,POINT (-122.4710265 37.7031976),1.6148441214726157,14060.786205502603,android,10.636175546842592,5.051974681960884,-7.10968700621145
210,37.7032917,-122.4710048,1581010307.0,2020-02-06T09:31:47-08:00,POINT (-122.4710048 37.7032917),2.2741450248660504,14071.379849095809,android,15.688150228803476,-2.0577123242505664,0.24387144319363507
211,37.7034291,-122.4709643,1581010308.0,2020-02-06T09:31:48-08:00,POINT (-122.4709643 37.7034291),2.613233020761687,14086.995821845818,android,13.63043790455291,-1.8138408810569313,-0.466967870797669
212,37.7035428,-122.4709064,1581010309.0,2020-02-06T09:31:49-08:00,POINT (-122.4709064 37.7035428),1.0093526501952552,14100.415983578185,android,11.816597023495978,-2.2808087518546003,4.052368490083181
213,37.7036469,-122.4708794,1581010310.0,2020-02-06T09:31:50-08:00,POINT (-122.4708794 37.7036469),2.656600267403089,14112.092893043025,android,9.535788271641378,1.7715597382285804,-1.8529347400360852
214,37.7037279,-122.4708438,1581010311.0,2020-02-06T09:31:51-08:00,POINT (-122.4708438 37.7037279),2.7271570495791226,14121.611706976606,android,11.307348009869958,-0.08137500180750479,2.0481499799558573
215,37.7038233,-122.4707993,1581010312.0,2020-02-06T09:31:52-08:00,POINT (-122.4707993 37.7038233),3.672837605794754,14132.558152074467,android,11.225973008062454,1.9667749781483526,-6.36574792024933
216,37.7039156,-122.4707476,1581010313.0,2020-02-06T09:31:53-08:00,POINT (-122.4707476 37.7039156),4.045981848742977,14143.760901401714,android,13.192747986210806,-4.398972942100977,8.279772455585345
217,37.7040243,-122.4706875,1581010314.0,2020-02-06T09:31:54-08:00,POINT (-122.4706875 37.7040243),5.24220689013169,14156.63446971093,android,8.793775044109829,3.8807995134843676,-3.697529113373548
218,37.7040915,-122.4706348,1581010315.0,2020-02-06T09:31:55-08:00,POINT (-122.4706348 37.7040915),4.8374304667957775,14165.40980693178,android,12.674574557594196,0.1832704001108194,1.3596418149921927
219,37.7041893,-122.4705608,1581010316.0,2020-02-06T09:31:56-08:00,POINT (-122.4705608 37.7041893),4.567500951580845,14178.020445774273,android,12.857844957705016,1.5429122151030121,0.08773831256620568
220,37.7042885,-122.4704857,1581010317.0,2020-02-06T09:31:57-08:00,POINT (-122.4704857 37.7042885),4.365971111775695,14190.601936716299,android,14.400757172808028,1.6306505276692178,-8.169565839488842
221,37.7043975,-122.4703973,1581010318.0,2020-02-06T09:31:58-08:00,POINT (-122.4703973 37.7043975),4.4869713081857245,14204.988101554096,android,16.031407700477246,-6.538915311819624,10.129770667672805
222,37.7045197,-122.4703006,1581010319.0,2020-02-06T09:31:59-08:00,POINT (-122.4703006 37.7045197),4.7999142418297875,14221.000094995914,android,9.492492388657622,3.590855355853181,-3.2562605533191924
223,37.7045848,-122.4702308,1581010320.0,2020-02-06T09:32:00-08:00,POINT (-122.4702308 37.7045848),3.619140645696542,14230.41461757528,android,13.083347744510803,0.33459480253398866,-0.6034101846439839
224,37.7046651,-122.4701221,1581010321.0,2020-02-06T09:32:01-08:00,POINT (-122.4701221 37.7046651),0.4969795398990427,14243.120562494629,android,13.417942547044792,-0.2688153821099952,-3.6755577783495657
225,37.7047491,-122.4700126,1581010322.0,2020-02-06T09:32:02-08:00,POINT (-122.4700126 37.7047491),2.4588635617628865,14256.208396045822,android,13.149127164934796,-3.944373160459561,3.18307825794151
226,37.704839,-122.4699155,1581010323.0,2020-02-06T09:32:03-08:00,POINT (-122.4699155 37.704839),4.141678638194139,14269.243713025018,android,9.204754004475236,-0.7612949025180509,1.6338565203149589
227,37.7049115,-122.469865,1581010324.0,2020-02-06T09:32:04-08:00,POINT (-122.469865 37.7049115),3.449574738595896,14278.411101517378,android,8.443459101957185,0.872561617796908,-0.08878532997605326
228,37.704972,-122.469807,1581010325.0,2020-02-06T09:32:05-08:00,POINT (-122.469807 37.704972),4.040719151153374,14286.828187467312,android,9.316020719754093,0.7837762878208547,-4.589021106527367
229,37.7050338,-122.4697355,1581010326.0,2020-02-06T09:32:06-08:00,POINT (-122.4697355 37.7050338),5.547592456632713,14296.018830829345,android,10.099797007574947,-3.8052448187065124,6.877606432168882
230,37.7051091,-122.4696713,1581010327.0,2020-02-06T09:32:07-08:00,POINT (-122.4696713 37.7051091),5.694617558588895,14306.10857789494,android,6.294552188868435,3.0723616134623697,-1.8809500737057832
231,37.7051619,-122.4696455,1581010328.0,2020-02-06T09:32:08-08:00,POINT (-122.4696455 37.7051619),4.381533483384323,14312.253970450527,android,9.366913802330805,1.1914115397565865,1.6617830034577548
232,37.7052405,-122.4696072,1581010329.0,2020-02-06T09:32:09-08:00,POINT (-122.4696072 37.7052405),2.418951091825527,14321.39705640836,android,10.558325342087391,2.8531945432143413,-2.6149032211234093
233,37.7053277,-122.4695597,1581010330.0,2020-02-06T09:32:10-08:00,POINT (-122.4695597 37.7053277),0.6107911913358534,14331.782826381543,android,13.411519885301733,0.23829132209093196,-4.196579755050038
234,37.7054368,-122.4694947,1581010331.0,2020-02-06T09:32:11-08:00,POINT (-122.4694947 37.7054368),1.2404265423620489,14345.046633215046,android,13.649811207392665,-3.9582884329591064,5.599809286820307
235,37.7055431,-122.4694171,1581010332.0,2020-02-06T09:32:12-08:00,POINT (-122.4694171 37.7055431),1.990460344808717,14358.660065736552,android,9.691522774433558,1.6415208538612003,-2.4101447055795013
236,37.7056137,-122.4693525,1581010333.0,2020-02-06T09:32:13-08:00,POINT (-122.4693525 37.7056137),1.5259420757669733,14368.333097885403,android,11.333043628294758,-0.768623851718301,0.43614456210350916
237,37.7056907,-122.4692681,1581010334.0,2020-02-06T09:32:14-08:00,POINT (-122.4692681 37.7056907),0.008390123850126845,14379.55724320055,android,10.564419776576457,-0.3324792896147919,-0.3978879675150271
238,37.7057649,-122.4691931,1581010335.0,2020-02-06T09:32:15-08:00,POINT (-122.4691931 37.7057649),1.0203020154561926,14390.067111839528,android,10.231940486961665,-0.730367257129819,1.6302268999069014
239,37.7058411,-122.4691279,1581010336.0,2020-02-06T09:32:16-08:00,POINT (-122.4691279 37.7058411),1.1881843990522243,14400.288645169368,android,9.501573229831846,0.8998596427770824,-1.2339889156506452
240,37.7059183,-122.4690816,1581010337.0,2020-02-06T09:32:17-08:00,POINT (-122.4690816 37.7059183),0.09779967991075818,14409.689056238747,android,10.401432872608929,-0.33412927287356275,3.0245525661571815
241,37.7059968,-122.4690173,1581010338.0,2020-02-06T09:32:18-08:00,POINT (-122.4690173 37.7059968),0.1362526102959043,14420.080429695488,android,10.067303599735366,2.6904232932836187,-8.789602509240218
242,37.706073,-122.4689555,1581010339.0,2020-02-06T09:32:19-08:00,POINT (-122.4689555 37.706073),0.21899554976717367,14430.137551132262,android,12.757726893018985,-6.099179215956599,9.024812861164236
243,37.7061786,-122.4688988,1581010340.0,2020-02-06T09:32:20-08:00,POINT (-122.4688988 37.7061786),2.466948529081606,14442.675418390887,android,6.658547677062386,2.925633645207637,-2.784359613582999
244,37.7062321,-122.4688648,1581010341.0,2020-02-06T09:32:21-08:00,POINT (-122.4688648 37.7062321),3.217111299514105,14449.282485758275,android,9.584181322270023,0.14127403162463814,-1.5572604619280224
245,37.7063033,-122.4688034,1581010342.0,2020-02-06T09:32:22-08:00,POINT (-122.4688034 37.7063033),3.025061195198693,14458.856421299184,android,9.725455353894661,-1.4159864303033842,3.616227860260306
246,37.7063809,-122.4687524,1581010343.0,2020-02-06T09:32:23-08:00,POINT (-122.4687524 37.7063809),3.9890415977889164,14468.521184187755,android,8.309468923591277,2.2002414299569217,-6.8127189626886855
247,37.7064463,-122.4687067,1581010344.0,2020-02-06T09:32:24-08:00,POINT (-122.4687067 37.7064463),4.601148805035549,14476.797912076632,android,10.509710353548199,-4.612477532731764,6.29552191458835
248,37.7065278,-122.4686462,1581010345.0,2020-02-06T09:32:25-08:00,POINT (-122.4686462 37.7065278),5.10233145677018,14487.283821029258,android,5.897232820816435,1.6830443818565861,-1.4081527605238326
249,37.7065736,-122.4686124,1581010346.0,2020-02-06T09:32:26-08:00,POINT (-122.4686124 37.7065736),5.398632913091331,14493.166902983256,android,7.580277202673021,0.27489162133275347,-0.15135309057177881
250,37.7066324,-122.4685688,1581010347.0,2020-02-06T09:32:27-08:00,POINT (-122.4685688 37.7066324),5.763851788942866,14500.7298201612,android,7.855168824005775,0.12353853076097465,0.8587996117120973
251,37.7066929,-122.4685227,1581010348.0,2020-02-06T09:32:28-08:00,POINT (-122.4685227 37.7066929),6.048285385804056,14508.571323583743,android,7.978707354766749,0.9823381424730719,-3.611367651311685
252,37.7067546,-122.4684764,1581010349.0,2020-02-06T09:32:29-08:00,POINT (-122.4684764 37.7067546),6.391018967352751,14516.53381610273,android,8.961045497239821,-2.629029508838613,1.3844613329508118
253,37.7068347,-122.4684652,1581010350.0,2020-02-06T09:32:30-08:00,POINT (-122.4684652 37.7068347),10.397294331968345,14524.569705338217,android,6.332015988401208,-1.2445681758878013,1.5035259000937993
254,37.7068822,-122.4684255,1581010351.0,2020-02-06T09:32:31-08:00,POINT (-122.4684255 37.7068822),10.323562023227053,14530.895438006432,android,5.087447812513407,0.25895772420599794,-1.998590737254354
255,37.7069139,-122.4683838,1581010352.0,2020-02-06T09:32:32-08:00,POINT (-122.4683838 37.7069139),9.149209422509358,14535.845406549315,android,5.346405536719405,-1.7396330130483562,0.9276538581952485
256,37.7069485,-122.4683416,1581010353.0,2020-02-06T09:32:33-08:00,POINT (-122.4683416 37.7069485),8.112712622851907,14541.089423610934,android,3.6067725236710486,-0.8119791548531077,-1.8870429573908245
257,37.7069672,-122.4683081,1581010354.0,2020-02-06T09:32:34-08:00,POINT (-122.4683081 37.7069672),6.761323434822172,14544.43581101803,android,2.794793368817941,-2.699022112243932,2.9237897428995647
258,37.7069842,-122.4682847,1581010355.0,2020-02-06T09:32:35-08:00,POINT (-122.4682847 37.7069842),6.054798657746387,14547.140053248302,android,0.09577125657400876,0.22476763065563238,-0.002012869918890073
259,37.7070215,-122.4682334,1581010419.0,2020-02-06T09:33:39-08:00,POINT (-122.4682334 37.7070215),4.507737908540194,14553.071449812458,android,14.480899618534481,0.0959439558466677,-0.574796810245715
260,37.7071214,-122.4681278,1581010420.0,2020-02-06T09:33:40-08:00,POINT (-122.4681278 37.7071214),2.642656595083546,14567.448266548161,android,14.576843574381149,-0.47885285439904735,5.860097755758661
261,37.7072232,-122.4680234,1581010421.0,2020-02-06T09:33:41-08:00,POINT (-122.4680234 37.7072232),0.979992976872587,14581.922145157097,android,14.097990719982102,5.381244901359613,-11.508741533935577
262,37.7073237,-122.4679257,1581010422.0,2020-02-06T09:33:42-08:00,POINT (-122.4679257 37.7073237),0.2629590986151005,14595.956174960857,android,19.479235621341715,-6.127496632575964,9.120843839367243
263,37.7074637,-122.4677926,1581010423.0,2020-02-06T09:33:43-08:00,POINT (-122.4677926 37.7074637),1.6266268058385605,14615.380186765453,android,13.351738988765751,2.993347206791279,-2.876246968937375
264,37.707568,-122.4677174,1581010424.0,2020-02-06T09:33:44-08:00,POINT (-122.4677174 37.707568),0.8412564867896194,14628.693136044361,android,16.34508619555703,0.11710023785390433,2.988010541370304
265,37.7076958,-122.4676256,1581010425.0,2020-02-06T09:33:45-08:00,POINT (-122.4676256 37.7076958),0.14642891708146893,14644.989072035512,android,16.462186433410935,3.1051107792242085,-2.0377173706658454
266,37.7078184,-122.4675207,1581010426.0,2020-02-06T09:33:46-08:00,POINT (-122.4675207 37.7078184),0.1480489899281719,14661.434101658924,android,19.567297212635143,1.0673934085583632,-2.0972648840766936
267,37.7079658,-122.4673992,1581010427.0,2020-02-06T09:33:47-08:00,POINT (-122.4673992 37.7079658),0.16124926599458386,14680.982828747914,android,20.634690621193506,-1.0298714755183305,1.2632034655662103
268,37.708118,-122.467265,1581010428.0,2020-02-06T09:33:48-08:00,POINT (-122.467265 37.708118),0.8198674546166514,14701.589935656368,android,19.604819145675176,0.23333199004787986,-0.9890327686072133
269,37.7082584,-122.4671302,1581010429.0,2020-02-06T09:33:49-08:00,POINT (-122.4671302 37.7082584),2.2392159816158355,14721.130247104868,android,19.838151135723056,-0.7557007785593335,-8.03426173933987
270,37.7084087,-122.4670087,1581010430.0,2020-02-06T09:33:50-08:00,POINT (-122.4670087 37.7084087),2.076186550993809,14740.948230471806,android,19.082450357163722,-8.789962517899204,17.491982432929536
271,37.7085647,-122.4669183,1581010431.0,2020-02-06T09:33:51-08:00,POINT (-122.4669183 37.7085647),0.7273434441858709,14759.795175801119,android,10.292487839264519,8.702019915030332,-14.816457847583301
272,37.7086475,-122.466866,1581010432.0,2020-02-06T09:33:52-08:00,POINT (-122.466866 37.7086475),1.8967987464371863,14770.00687990705,android,18.99450775429485,-6.114437932552969,4.887196846164457
273,37.7087934,-122.4667537,1581010433.0,2020-02-06T09:33:53-08:00,POINT (-122.4667537 37.7087934),2.7716827431914353,14788.923377238412,android,12.880069821741882,-1.2272410863885117,3.3042535762558423
274,37.7088939,-122.4666809,1581010434.0,2020-02-06T09:33:54-08:00,POINT (-122.4666809 37.7088939),3.7398006439593634,14801.774090565103,android,11.65282873535337,2.0770124898673306,0.11235005543460197
275,37.7089868,-122.4666196,1581010435.0,2020-02-06T09:33:55-08:00,POINT (-122.4666196 37.7089868),5.005901441689911,14813.342653647407,android,13.729841225220701,2.1893625453019325,-1.5120894489919845
276,37.7090829,-122.4665216,1581010436.0,2020-02-06T09:33:56-08:00,POINT (-122.4665216 37.7090829),4.45152795098642,14826.683023838104,android,15.919203770522634,0.677273096309948,-2.475050920966165
277,37.7091829,-122.4663921,1581010437.0,2020-02-06T09:33:57-08:00,POINT (-122.4663921 37.7091829),2.802960147789467,14842.286423941398,android,16.59647686683258,-1.797777824656217,4.296506509193577
278,37.7092856,-122.4662552,1581010438.0,2020-02-06T09:33:58-08:00,POINT (-122.4662552 37.7092856),1.667499202120795,14858.798270410796,android,14.798699042176365,2.49872868453736,-10.471128347732416
279,37.7093689,-122.466124,1581010439.0,2020-02-06T09:33:59-08:00,POINT (-122.466124 37.7093689),0.23880204319414822,14873.478986969374,android,17.297427726713725,-7.9723996631950556,11.958392574882856
280,37.7094671,-122.4659715,1581010440.0,2020-02-06T09:34:00-08:00,POINT (-122.4659715 37.7094671),0.8238385873500322,14890.843333404997,android,9.325028063518669,3.9859929116878003,-2.622098039442788
281,37.7095135,-122.4658832,1581010441.0,2020-02-06T09:34:01-08:00,POINT (-122.4658832 37.7095135),1.7004026708589866,14900.158395555534,android,13.31102097520647,1.3638948722450124,0.09104205032278223
282,37.7095858,-122.4657626,1581010442.0,2020-02-06T09:34:02-08:00,POINT (-122.4657626 37.7095858),1.9685411067356633,14913.472966216417,android,14.674915847451482,1.4549369225677946,2.0390499516146843
283,37.7096666,-122.4656307,1581010443.0,2020-02-06T09:34:03-08:00,POINT (-122.4656307 37.7096666),0.4054264561169795,14928.319560902397,android,16.129852770019276,3.493986874182479,-10.983784085509974
284,37.7097457,-122.465477,1581010444.0,2020-02-06T09:34:04-08:00,POINT (-122.465477 37.7097457),0.24089071284109995,14944.448616538199,android,19.623839644201755,-7.489797211327495,10.141282835859867
285,37.7098374,-122.4652864,1581010445.0,2020-02-06T09:34:05-08:00,POINT (-122.4652864 37.7098374),0.7767688507327276,14964.073619735467,android,12.13404243287426,2.6514856245323717,-2.617107667964639
286,37.7098895,-122.4651652,1581010446.0,2020-02-06T09:34:06-08:00,POINT (-122.4651652 37.7098895),1.490297845473043,14976.100809020874,android,14.785528057406632,0.03437795656773268,0.9480374878543678
287,37.7099355,-122.4650075,1581010447.0,2020-02-06T09:34:07-08:00,POINT (-122.4650075 37.7099355),1.0465989202580617,14990.853445150318,android,14.819906013974364,0.9824154444221005,-4.224013683113258
288,37.709975,-122.4648466,1581010448.0,2020-02-06T09:34:08-08:00,POINT (-122.4648466 37.709975),0.5722291385816799,15005.642285226426,android,15.802321458396465,-3.2415982386911573,5.105631327951963
289,37.7100152,-122.4646743,1581010449.0,2020-02-06T09:34:09-08:00,POINT (-122.4646743 37.7100152),0.7764285797494138,15021.469628797857,android,12.560723219705308,1.864033089260806,-1.2936977807787517
290,37.710054,-122.4645402,1581010450.0,2020-02-06T09:34:10-08:00,POINT (-122.4645402 37.710054),1.7380661938572288,15034.012474286803,android,14.424756308966113,0.5703353084820542,1.9640253764219686
291,37.7100901,-122.4643827,1581010451.0,2020-02-06T09:34:11-08:00,POINT (-122.4643827 37.7100901),2.920988237719675,15048.278025932017,android,14.995091617448168,2.5343606849040228,-7.734197371096094
292,37.7101293,-122.4642196,1581010452.0,2020-02-06T09:34:12-08:00,POINT (-122.4642196 37.7101293),5.128349683731545,15062.919680251916,android,17.52945230235219,-5.1998366861920715,8.786330274687236
293,37.7101251,-122.4640204,1581010453.0,2020-02-06T09:34:13-08:00,POINT (-122.4640204 37.7101251),3.087951294144131,15080.095973053127,android,12.329615616160119,3.5864935884951645,-4.400346028515006
294,37.7101304,-122.4638804,1581010454.0,2020-02-06T09:34:14-08:00,POINT (-122.4638804 37.7101304),2.9162269377704706,15092.410847887448,android,15.916109204655283,-0.8138524400198417,0.4480554927844018
295,37.7101441,-122.4637003,1581010455.0,2020-02-06T09:34:15-08:00,POINT (-122.4637003 37.7101441),3.783380017489242,15108.13757220596,android,15.102256764635442,-0.3657969472354399,2.8447219210439023
296,37.7101379,-122.4635288,1581010456.0,2020-02-06T09:34:16-08:00,POINT (-122.4635288 37.7101379),3.127304359841042,15123.218080231763,android,14.736459817400002,2.4789249738084624,-7.557951801678227
297,37.7101311,-122.4633615,1581010457.0,2020-02-06T09:34:17-08:00,POINT (-122.4633615 37.7101311),2.544603432466917,15137.972391711171,android,17.215384791208464,-5.079026827869765,8.577791238886785
298,37.710141,-122.4631662,1581010458.0,2020-02-06T09:34:18-08:00,POINT (-122.4631662 37.710141),3.843406877347308,15155.172996895797,android,12.1363579633387,3.498764411017021,-3.6759815685123165
299,37.7101635,-122.4630312,1581010459.0,2020-02-06T09:34:19-08:00,POINT (-122.4630312 37.7101635),6.478204030028018,15167.042579257302,android,15.63512237435572,-0.17721715749529565,0.23934821302341902
300,37.7101842,-122.4628554,1581010460.0,2020-02-06T09:34:20-08:00,POINT (-122.4628554 37.7101842),8.955218748231664,15182.510518473982,android,15.457905216860425,0.06213105552812337,-1.0707299020841905
301,37.7101864,-122.4626797,1581010461.0,2020-02-06T09:34:21-08:00,POINT (-122.4626797 37.7101864),9.379730287773352,15197.993551679278,android,15.520036272388548,-1.0085988465560671,1.043773374412316
302,37.7101889,-122.4625033,1581010462.0,2020-02-06T09:34:22-08:00,POINT (-122.4625033 37.7101889),9.838272573502794,15213.537892731749,android,14.511437425832481,0.03517452785624897,0.7423497074298329
303,37.7101853,-122.4623384,1581010463.0,2020-02-06T09:34:23-08:00,POINT (-122.4623384 37.7101853),9.608282230694535,15228.076532222185,android,14.54661195368873,0.7775242352860818,1.7824478362509932
304,37.7101817,-122.4621731,1581010464.0,2020-02-06T09:34:24-08:00,POINT (-122.4621731 37.7101817),9.378728492516542,15242.650428334939,android,15.324136188974812,2.559972071537075,-9.712445593705572
305,37.710177,-122.461999,1581010465.0,2020-02-06T09:34:25-08:00,POINT (-122.461999 37.710177),9.036207797307126,15258.001364745203,android,17.884108260511887,-7.152473522168497,10.436273082932955
306,37.7101762,-122.4617957,1581010466.0,2020-02-06T09:34:26-08:00,POINT (-122.4617957 37.7101762),9.156403824589383,15275.920892164962,android,10.73163473834339,3.2837995607644572,-3.045945066387141
307,37.7101639,-122.4616747,1581010467.0,2020-02-06T09:34:27-08:00,POINT (-122.4616747 37.7101639),7.916196635631998,15286.601528110643,android,14.015434299107847,0.23785449437731643,0.8663711049675413
308,37.7101617,-122.4615154,1581010468.0,2020-02-06T09:34:28-08:00,POINT (-122.4615154 37.7101617),7.835896233560112,15300.644790005828,android,14.253288793485163,1.1042255993448578,1.6611787526380741
309,37.7101685,-122.4613536,1581010469.0,2020-02-06T09:34:29-08:00,POINT (-122.4613536 37.7101685),8.75040065566073,15314.91048560439,android,15.357514392830021,2.765404351982932,-8.941101472700593
310,37.7101643,-122.4611791,1581010470.0,2020-02-06T09:34:30-08:00,POINT (-122.4611791 37.7101643),8.439753081973752,15330.295568484318,android,18.122918744812953,-6.175697120717661,10.083294769923643
311,37.7101389,-122.4609756,1581010471.0,2020-02-06T09:34:31-08:00,POINT (-122.4609756 37.7101389),5.802940360599854,15348.260463444572,android,11.947221624095292,3.9075976492059823,-4.124481615467861
312,37.7101258,-122.4608408,1581010472.0,2020-02-06T09:34:32-08:00,POINT (-122.4608408 37.7101258),4.469600571341494,15360.156382450768,android,15.854819273301274,-0.21688396626187867,1.8387126056157292
313,37.7101121,-122.4606614,1581010473.0,2020-02-06T09:34:33-08:00,POINT (-122.4606614 37.7101121),3.1094330837461674,15375.984011653887,android,15.637935307039395,1.6218286393538506,-5.913197346312179
314,37.7101082,-122.4604837,1581010474.0,2020-02-06T09:34:34-08:00,POINT (-122.4604837 37.7101082),2.835032980928466,15391.650820452003,android,17.259763946393246,-4.291368706958329,7.868952798687754
315,37.7101071,-122.4602875,1581010475.0,2020-02-06T09:34:35-08:00,POINT (-122.4602875 37.7101071),2.8877890630900116,15408.945076404592,android,12.968395239434917,3.5775840917294257,-1.650106060600459
316,37.7100994,-122.4601404,1581010476.0,2020-02-06T09:34:36-08:00,POINT (-122.4601404 37.7100994),2.1645951550606113,15421.91907333488,android,16.545979331164343,1.9274780311289668,0.2276834534528156
317,37.7100927,-122.4599525,1581010477.0,2020-02-06T09:34:37-08:00,POINT (-122.4599525 37.7100927),1.5887301941283565,15438.488054308722,android,18.47345736229331,2.1551614845817824,-5.462740221011156
318,37.710092,-122.4597425,1581010478.0,2020-02-06T09:34:38-08:00,POINT (-122.4597425 37.710092),1.6982646485103576,15456.99819470189,android,20.628618846875092,-3.307578736429374,5.876269815443084
319,37.7100926,-122.459508,1581010479.0,2020-02-06T09:34:39-08:00,POINT (-122.459508 37.7100926),1.9739148306313803,15477.666301027808,android,17.32104011044572,2.5686910790137105,-1.5732387652448523
320,37.7100932,-122.4593111,1581010480.0,2020-02-06T09:34:40-08:00,POINT (-122.4593111 37.7100932),2.2160802518338363,15495.020351109246,android,19.88973118945943,0.9954523137688582,-0.8298763373532836
321,37.7100939,-122.459085,1581010481.0,2020-02-06T09:34:41-08:00,POINT (-122.459085 37.7100939),2.4954261688455954,15514.947970276928,android,20.885183503228287,0.16557597641557464,4.064020731604309
322,37.7100962,-122.4588476,1581010482.0,2020-02-06T09:34:42-08:00,POINT (-122.4588476 37.7100962),2.90687663981505,15535.899483798528,android,21.05075947964386,4.2295967080198835,-14.0339594748237
323,37.7100963,-122.4586083,1581010483.0,2020-02-06T09:34:43-08:00,POINT (-122.4586083 37.7100963),2.7294516937619457,15557.134503845207,android,25.280356187663745,-9.804362766803816,14.940059794932065
324,37.7100909,-122.458321,1581010484.0,2020-02-06T09:34:44-08:00,POINT (-122.458321 37.7100909),1.2093448221344008,15582.344198181121,android,15.475993420859929,5.135697028128249,-3.58822402075295
325,37.7100726,-122.4581466,1581010485.0,2020-02-06T09:34:45-08:00,POINT (-122.4581466 37.7100726),0.8210299033870309,15597.71656832998,android,20.611690448988178,1.5474730073752987,-2.1594548962690574
326,37.7100742,-122.4579123,1581010486.0,2020-02-06T09:34:46-08:00,POINT (-122.4579123 37.7100742),1.9005008064369124,15618.220171453038,android,22.159163456363476,-0.6119818888937587,0.09065171160188967
327,37.7100743,-122.4576604,1581010487.0,2020-02-06T09:34:47-08:00,POINT (-122.4576604 37.7100743),4.1195236256027945,15640.296013090217,android,21.547181567469718,-0.521330177291869,0.7340465686719995
328,37.710093,-122.4574166,1581010488.0,2020-02-06T09:34:48-08:00,POINT (-122.4574166 37.710093),4.367150627785392,15661.688033995335,android,21.02585139017785,0.21271639138013043,-0.055921812232696766
329,37.7101169,-122.4571795,1581010489.0,2020-02-06T09:34:49-08:00,POINT (-122.4571795 37.7101169),4.870673975138773,15682.547739126354,android,21.23856778155798,0.15679457914743367,3.053306190806925
330,37.7101617,-122.4569448,1581010490.0,2020-02-06T09:34:50-08:00,POINT (-122.4569448 37.7101617),4.441176888501355,15703.659001931634,android,21.395362360705413,3.2101007699543587,-11.597875421594715
331,37.710215,-122.4567111,1581010491.0,2020-02-06T09:34:51-08:00,POINT (-122.4567111 37.710215),3.254325254773072,15725.089340983124,android,24.60546313065977,-8.387774651640356,11.872643062867315
332,37.7102621,-122.4564378,1581010492.0,2020-02-06T09:34:52-08:00,POINT (-122.4564378 37.7102621),4.022513786536019,15749.263685431513,android,16.217688479019415,3.484868411226959,-3.2628943015381715
333,37.7103202,-122.4562687,1581010493.0,2020-02-06T09:34:53-08:00,POINT (-122.4562687 37.7103202),2.923648127832259,15765.590459111285,android,19.702556890246374,0.22197410968878728,-1.8874202938318518
334,37.7103869,-122.4560612,1581010494.0,2020-02-06T09:34:54-08:00,POINT (-122.4560612 37.7103869),1.3546672400522175,15785.258282940265,android,19.92453099993516,-1.6654461841430646,2.151200209826168
335,37.7104569,-122.4558527,1581010495.0,2020-02-06T09:34:55-08:00,POINT (-122.4558527 37.7104569),0.9330544831857661,15805.105003404682,android,18.259084815792097,0.48575402568310366,-8.09821239894515
336,37.710528,-122.4556656,1581010496.0,2020-02-06T09:34:56-08:00,POINT (-122.4556656 37.710528),0.27044456491008245,15823.34723161056,android,18.7448388414752,-7.612458373262047,12.08638981560867
337,37.7106054,-122.4554763,1581010497.0,2020-02-06T09:34:57-08:00,POINT (-122.4554763 37.7106054),0.30680810260486857,15842.103478315192,android,11.132380468213153,4.473931442346624,-4.71143864730835
338,37.71065,-122.455363,1581010498.0,2020-02-06T09:34:58-08:00,POINT (-122.455363 37.71065),0.21222503703426893,15853.26675221168,android,15.606311910559777,-0.23750720496172661,1.3707117966615332
339,37.7107164,-122.4552067,1581010499.0,2020-02-06T09:34:59-08:00,POINT (-122.4552067 37.7107164),0.29112043021052203,15868.881549041243,android,15.36880470559805,1.1332045916998066,-4.520373855447733
340,37.7107837,-122.4550541,1581010500.0,2020-02-06T09:35:00-08:00,POINT (-122.4550541 37.7107837),0.47835451946458285,15884.267788840478,android,16.502009297297857,-3.3871692637479267,5.814520187649373
341,37.7108566,-122.4548907,1581010501.0,2020-02-06T09:35:01-08:00,POINT (-122.4548907 37.7108566),0.7559030879300073,15900.755993725117,android,13.11484003354993,2.4273509239014466,-3.411561234567614
342,37.7109222,-122.4547668,1581010502.0,2020-02-06T09:35:02-08:00,POINT (-122.4547668 37.7109222),0.41316729817981374,15913.87558859539,android,15.542190957451377,-0.9842103106661675,3.2811333187975134
343,37.7110008,-122.4546207,1581010503.0,2020-02-06T09:35:03-08:00,POINT (-122.4546207 37.7110008),0.5352829360599796,15929.406324957174,android,14.557980646785209,2.296923008131346,-6.699586916834436
344,37.7110754,-122.4544847,1581010504.0,2020-02-06T09:35:04-08:00,POINT (-122.4544847 37.7110754),0.8980953719995379,15943.938007641096,android,16.854903654916555,-4.40266390870309,7.56946645149829
345,37.7111682,-122.4543332,1581010505.0,2020-02-06T09:35:05-08:00,POINT (-122.4543332 37.7111682),0.9843644376664226,15960.799914638006,android,12.452239746213465,3.1668025427951996,-3.1981763695376912
346,37.7112417,-122.4542264,1581010506.0,2020-02-06T09:35:06-08:00,POINT (-122.4542264 37.7112417),0.6260994821906433,15973.220309151475,android,15.619042289008664,-0.03137382674249167,0.037833237892751725
347,37.7113344,-122.454093,1581010507.0,2020-02-06T09:35:07-08:00,POINT (-122.454093 37.7113344),0.30596379226802745,15988.838776025967,android,15.587668462266173,0.006459411150260053,2.4497628789614616
348,37.7114281,-122.4539612,1581010508.0,2020-02-06T09:35:08-08:00,POINT (-122.4539612 37.7114281),0.17149315051814362,16004.420742388014,android,15.594127873416433,2.4562222901117217,-7.913228436606149
349,37.711521,-122.4538284,1581010509.0,2020-02-06T09:35:09-08:00,POINT (-122.4538284 37.711521),0.17648701213391857,16020.017355320548,android,18.050350163528154,-5.457006146494427,9.139651706781837
350,37.7116271,-122.4536731,1581010510.0,2020-02-06T09:35:10-08:00,POINT (-122.4536731 37.7116271),0.5346237078368056,16038.029748076826,android,12.593344017033727,3.68264556028741,-4.193875491507708
351,37.711704,-122.453568,1581010511.0,2020-02-06T09:35:11-08:00,POINT (-122.453568 37.711704),1.352510412150328,16050.597337235631,android,16.275989577321138,-0.5112299312202975,-1.5424376586966684
352,37.711808,-122.4534378,1581010512.0,2020-02-06T09:35:12-08:00,POINT (-122.4534378 37.711808),1.1612053355184913,16066.969931664624,android,15.76475964610084,-2.053667589916966,1.177654721315072
353,37.711912,-122.453316,1581010513.0,2020-02-06T09:35:13-08:00,POINT (-122.453316 37.711912),0.04846974074486857,16082.681546290758,android,13.711092056183874,-0.8760128686018938,0.45207789829465916
354,37.7120075,-122.4532174,1581010514.0,2020-02-06T09:35:14-08:00,POINT (-122.4532174 37.7120075),1.2419659719146157,16096.333463405806,android,12.83507918758198,-0.4239349703072346,1.1651745346727242
355,37.7120905,-122.453116,1581010515.0,2020-02-06T09:35:15-08:00,POINT (-122.453116 37.7120905),1.289444001038812,16109.166277543338,android,12.411144217274746,0.7412395643654897,-1.1432140147336547
356,37.712169,-122.4530157,1581010516.0,2020-02-06T09:35:16-08:00,POINT (-122.4530157 37.712169),1.0572199250023944,16121.574314321151,android,13.152383781640236,-0.40197445036816504,-2.3250875257364445
357,37.7122503,-122.4529071,1581010517.0,2020-02-06T09:35:17-08:00,POINT (-122.4529071 37.7122503),0.519115434115494,16134.715924623499,android,12.75040933127207,-2.7270619761046095,3.778032608179716
358,37.7123327,-122.4528063,1581010518.0,2020-02-06T09:35:18-08:00,POINT (-122.4528063 37.7123327),0.5579310266621229,16147.464148071633,android,10.023347355167461,1.0509706320751064,-1.0456660227763486
359,37.7123961,-122.4527253,1581010519.0,2020-02-06T09:35:19-08:00,POINT (-122.4527253 37.7123961),0.37084297994586785,16157.484993181963,android,11.074317987242567,0.0053046092987578675,0.3457014600361372
360,37.712464,-122.4526332,1581010520.0,2020-02-06T09:35:20-08:00,POINT (-122.4526332 37.712464),0.11260533482459781,16168.547894855854,android,11.079622596541325,0.3510060693348951,4.272932664829662
361,37.7125349,-122.4525447,1581010521.0,2020-02-06T09:35:21-08:00,POINT (-122.4525447 37.7125349),0.1048188418248182,16179.626137342875,android,11.43062866587622,4.6239387341645575,-7.420158939784599
362,37.7126109,-122.4524572,1581010522.0,2020-02-06T09:35:22-08:00,POINT (-122.4524572 37.7126109),0.36423714283108005,16191.043776639002,android,16.054567400040778,-2.796220205620042,7.338801228730173
363,37.7127164,-122.4523326,1581010523.0,2020-02-06T09:35:23-08:00,POINT (-122.4523326 37.7127164),0.8192425692398894,16207.088032239433,android,13.258347194420736,4.542581023110131,-4.655967751559686
364,37.7128024,-122.4522282,1581010524.0,2020-02-06T09:35:24-08:00,POINT (-122.4522282 37.7128024),1.0131553572702348,16220.342537137238,android,17.800928217530867,-0.11338672844955511,0.8832506185248121
365,37.712917,-122.4520869,1581010525.0,2020-02-06T09:35:25-08:00,POINT (-122.4520869 37.712917),0.5044520829018743,16238.17623436522,android,17.687541489081312,0.769863890075257,-4.6207092767725175
366,37.7130338,-122.4519504,1581010526.0,2020-02-06T09:35:26-08:00,POINT (-122.4519504 37.7130338),1.055349532777621,16255.850549460862,android,18.45740537915657,-3.8508453866972605,5.895384313518814
367,37.7131568,-122.4518095,1581010527.0,2020-02-06T09:35:27-08:00,POINT (-122.4518095 37.7131568),1.8139429873014892,16274.286739345775,android,14.606559992459308,2.044538926821554,-2.844972489055275
368,37.7132511,-122.4516939,1581010528.0,2020-02-06T09:35:28-08:00,POINT (-122.4516939 37.7132511),1.9205478683995352,16288.89054122186,android,16.651098919280862,-0.8004335622337209,1.705909403066137
369,37.7133582,-122.4515616,1581010529.0,2020-02-06T09:35:29-08:00,POINT (-122.4515616 37.7133582),1.921458984559724,16305.559033052148,android,15.850665357047141,0.9054758408324162,-5.698176732317359
370,37.7134623,-122.4514385,1581010530.0,2020-02-06T09:35:30-08:00,POINT (-122.4514385 37.7134623),2.160283169232768,16321.404130414872,android,16.756141197879558,-4.792700891484943,9.558451056944346
371,37.7135714,-122.4513071,1581010531.0,2020-02-06T09:35:31-08:00,POINT (-122.4513071 37.7135714),2.2594334458721588,16338.156639465773,android,11.963440306394615,4.765750165459403,-7.149891638152541
372,37.7136502,-122.4512145,1581010532.0,2020-02-06T09:35:32-08:00,POINT (-122.4512145 37.7136502),2.4976487233430342,16350.040489772495,android,16.729190471854018,-2.3841414726931376,1.360171292605873
373,37.713764,-122.4510901,1581010533.0,2020-02-06T09:35:33-08:00,POINT (-122.4510901 37.713764),3.90317422132177,16366.703797572864,android,14.34504899916088,-1.0239701800872645,3.21207876419359
374,37.7138601,-122.4509813,1581010534.0,2020-02-06T09:35:34-08:00,POINT (-122.4509813 37.7138601),4.5128805428395635,16381.355215417849,android,13.321078819073616,2.1881085841063257,-9.087702078456168
375,37.7139515,-122.4508834,1581010535.0,2020-02-06T09:35:35-08:00,POINT (-122.4508834 37.7139515),4.793186352810944,16394.667443192546,android,15.509187403179942,-6.899593494349842,8.957175719690877
376,37.7140585,-122.4507703,1581010536.0,2020-02-06T09:35:36-08:00,POINT (-122.4507703 37.7140585),5.2208197819842885,16410.16345778536,android,8.6095939088301,2.0575822253410347,-3.085914365365859
377,37.7141215,-122.4507134,1581010537.0,2020-02-06T09:35:37-08:00,POINT (-122.4507134 37.7141215),6.111374490656195,16418.720121592436,android,10.667176134171134,-1.0283321400248244,4.560918416076884
378,37.71419,-122.4506285,1581010538.0,2020-02-06T09:35:38-08:00,POINT (-122.4506285 37.71419),5.578657593763889,16429.333080497025,android,9.63884399414631,3.5325862760520597,-7.485867107129417
379,37.7142529,-122.4505531,1581010539.0,2020-02-06T09:35:39-08:00,POINT (-122.4505531 37.7142529),5.309215202142338,16438.96614230213,android,13.17143027019837,-3.9532808310773575,6.082903240619183
380,37.7143417,-122.450454,1581010540.0,2020-02-06T09:35:40-08:00,POINT (-122.450454 37.7143417),5.390240417220928,16452.169881154667,android,9.218149439121012,2.1296224095418257,-2.4826824913207677
381,37.7144071,-122.4503896,1581010541.0,2020-02-06T09:35:41-08:00,POINT (-122.4503896 37.7144071),5.963257714082844,16461.364547586814,android,11.347771848662838,-0.353060081778942,1.3878708148474654
382,37.7144792,-122.4502983,1581010542.0,2020-02-06T09:35:42-08:00,POINT (-122.4502983 37.7144792),5.256866423282535,16472.689246638947,android,10.994711766883896,1.0348107330685234,-0.7284264793260835
383,37.7145514,-122.4502129,1581010543.0,2020-02-06T09:35:43-08:00,POINT (-122.4502129 37.7145514),4.437528905034226,16483.93394899969,android,12.029522499952419,0.30638425374243994,0.7479798220476752
384,37.714635,-122.4501261,1581010544.0,2020-02-06T09:35:44-08:00,POINT (-122.4501261 37.714635),4.2166872067469505,16495.955353654135,android,12.335906753694859,1.0543640757901152,-0.5239733633362036
385,37.7147233,-122.4500412,1581010545.0,2020-02-06T09:35:45-08:00,POINT (-122.4500412 37.7147233),4.270615679480514,16508.39500144846,android,13.390270829484974,0.5303907124539116,0.03774473292754621
386,37.7148143,-122.4499415,1581010546.0,2020-02-06T09:35:46-08:00,POINT (-122.4499415 37.7148143),3.3206390500819802,16521.746211782614,android,13.920661541938886,0.5681354453814578,1.9740363515648642
387,37.7149126,-122.4498435,1581010547.0,2020-02-06T09:35:47-08:00,POINT (-122.4498435 37.7149126),2.9972963664504872,16535.646888050378,android,14.488796987320343,2.542171796946322,-7.94871223804434
388,37.7150126,-122.4497379,1581010548.0,2020-02-06T09:35:48-08:00,POINT (-122.4497379 37.7150126),2.268971501551479,16550.11052397427,android,17.030968784266665,-5.406540441098018,9.44571586190027
389,37.7151297,-122.4496131,1581010549.0,2020-02-06T09:35:49-08:00,POINT (-122.4496131 37.7151297),1.2380605872813935,16567.120663334365,android,11.624428343168647,4.039175420802252,-4.003785614593895
390,37.7152106,-122.4495294,1581010550.0,2020-02-06T09:35:50-08:00,POINT (-122.4495294 37.7152106),0.6351787255578405,16578.739618474607,android,15.6636037639709,0.0353898062083573,5.546994640709903
391,37.7153232,-122.4494224,1581010551.0,2020-02-06T09:35:51-08:00,POINT (-122.4494224 37.7153232),0.1375878794628283,16594.38462855664,android,15.698993570179256,5.58238444691826,-11.396264728336408
392,37.7154413,-122.4493246,1581010552.0,2020-02-06T09:35:52-08:00,POINT (-122.4493246 37.7154413),0.5609222975626794,16610.067600181825,android,21.281378017097516,-5.8138802814181485,7.673192132336091
393,37.7155843,-122.4491638,1581010553.0,2020-02-06T09:35:53-08:00,POINT (-122.4491638 37.7155843),3.0066342767635037,16630.90846866134,android,15.467497735679368,1.8593118509179423,0.5956719518098783
394,37.7156896,-122.4490489,1581010554.0,2020-02-06T09:35:54-08:00,POINT (-122.4490489 37.7156896),6.087243120649754,16646.375962271075,android,17.32680958659731,2.4549838027278206,-1.6085292658337735
395,37.7158099,-122.4489237,1581010555.0,2020-02-06T09:35:55-08:00,POINT (-122.4489237 37.7158099),8.43304299317448,16663.367648641877,android,19.78179338932513,0.846454536894047,-5.737682338354027
396,37.7159625,-122.4488081,1581010556.0,2020-02-06T09:35:56-08:00,POINT (-122.4488081 37.7159625),8.611687630365894,16682.472226422826,android,20.628247926219178,-4.89122780145998,8.697406127915116
397,37.7161354,-122.4487231,1581010557.0,2020-02-06T09:35:57-08:00,POINT (-122.4487231 37.7161354),6.791054626677658,16702.98580226162,android,15.737020124759198,3.806178326455136,-4.399164862033285
398,37.7162705,-122.4486698,1581010558.0,2020-02-06T09:35:58-08:00,POINT (-122.4486698 37.7162705),4.332968478827973,16718.500522172413,android,19.543198451214334,-0.5929865355781487,1.2386132655545552
399,37.7164335,-122.4485867,1581010559.0,2020-02-06T09:35:59-08:00,POINT (-122.4485867 37.7164335),3.893047128802037,16737.74419839681,android,18.950211915636185,0.6456267299764065,5.8272526608385355
400,37.7165902,-122.448502,1581010560.0,2020-02-06T09:36:00-08:00,POINT (-122.448502 37.7165902),4.03450167236144,16756.664472396107,android,19.59583864561259,6.472879390814942,-14.949025149508486
401,37.716753,-122.4484167,1581010561.0,2020-02-06T09:36:01-08:00,POINT (-122.4484167 37.716753),4.84839037304673,16775.94876343762,android,26.068718036427533,-8.476145758693544,13.766605213153564
402,37.7169756,-122.4483237,1581010562.0,2020-02-06T09:36:02-08:00,POINT (-122.4483237 37.7169756),5.75826544452647,16801.65516295671,android,17.59257227773399,5.29045945446002,-6.280770763892793
403,37.7171285,-122.4482723,1581010563.0,2020-02-06T09:36:03-08:00,POINT (-122.4482723 37.7171285),5.5406039156446525,16819.212528536962,android,22.88303173219401,-0.9903113094327729,-1.266469535469966
404,37.7173269,-122.4482032,1581010564.0,2020-02-06T09:36:04-08:00,POINT (-122.4482032 37.7173269),6.669572102486783,16841.79300484661,android,21.892720422761236,-2.256780844902739,2.2567782001901904
405,37.7175176,-122.4481413,1581010565.0,2020-02-06T09:36:05-08:00,POINT (-122.4481413 37.7175176),7.287515491930502,16863.395495555556,android,19.635939577858498,-2.6447125485162815e-06,-9.346159401957266e-10
406,37.71768897049528,-122.4480874241646,1581010566.0,2020-02-06T09:36:06-08:00,POINT (-122.4480874241646 37.71768897049528),8.241289674819065,16882.969778448056,android,19.63593693314595,-2.645647164456477e-06,-1.4271606119109492e-10
407,37.71786034099057,-122.44803354832919,1581010567.0,2020-02-06T09:36:07-08:00,POINT (-122.44803354832919 37.71786034099057),10.049542633062511,16902.00196713775,android,19.635934287498785,-2.6457898805176683e-06,2.971880519453407e-10
408,37.71803171148585,-122.44797967249376,1581010568.0,2020-02-06T09:36:08-08:00,POINT (-122.44797967249376 37.71803171148585),12.103645931846188,16921.49152174023,android,19.635931641708904,-2.645492692465723e-06,4.6061643388384255e-10
409,37.71820308198113,-122.44792579665834,1581010569.0,2020-02-06T09:36:09-08:00,POINT (-122.44792579665834 37.71820308198113),14.157726672785982,16940.981076703734,android,19.63592899621621,-2.645032076031839e-06,-9.34626598336763e-10
410,37.71837445247641,-122.44787192082292,1581010570.0,2020-02-06T09:36:10-08:00,POINT (-122.44787192082292 37.71837445247641),16.211784862564727,16960.470632030105,android,19.635926351184136,-2.645966702630176e-06,7.622631414960779e-10
411,37.7185458229717,-122.44781804498751,1581010571.0,2020-02-06T09:36:11-08:00,POINT (-122.44781804498751 37.7185458229717),18.265820496389928,16979.960187719164,android,19.635923705217433,-2.6452044394886798e-06,-9.09427200213031e-10
412,37.71871719346698,-122.4477641691521,1581010572.0,2020-02-06T09:36:12-08:00,POINT (-122.4477641691521 37.71871719346698),20.3198335764715,16999.449743769328,android,19.635921060012993,-2.646113866688893e-06,-5.321050505860947
413,37.71888856396226,-122.44771029331666,1581010573.0,2020-02-06T09:36:13-08:00,POINT (-122.44771029331666 37.71888856396226),22.373824107238,17018.939300182607,android,19.635918413899127,-5.321053151974814,5.141445409823104
414,37.71905993445754,-122.44765641748126,1581010574.0,2020-02-06T09:36:14-08:00,POINT (-122.44765641748126 37.71905993445754),24.427792079583753,17038.42885695683,android,14.314865261924313,-0.17960774215170955,0.010103646460840877
415,37.726801606260345,-122.44520049181365,1581010636.0,2020-02-06T09:37:16-08:00,POINT (-122.44520049181365 37.726801606260345),18.086386101541798,17933.898426102285,android,3.1791852485183205,0.4468183384204248,0.014564245774436645
416,37.7273339,-122.444653,1581010660.0,2020-02-06T09:37:40-08:00,POINT (-122.444653 37.7273339),22.39988569743369,18007.52308723429,android,13.902825370608516,0.7963602370069043,-0.4606741012485659
417,37.7276633,-122.4441772,1581010664.0,2020-02-06T09:37:44-08:00,POINT (-122.4441772 37.7276633),20.40541726212437,18062.62012022945,android,17.088266318636133,-1.0463361679873593,-0.020758396416297842
418,37.727737,-122.4440067,1581010665.0,2020-02-06T09:37:45-08:00,POINT (-122.4440067 37.727737),16.471776791256687,18078.53580085403,android,16.041930150648774,-1.0670945644036571,1.088204873604111
419,37.7278077,-122.4438477,1581010666.0,2020-02-06T09:37:46-08:00,POINT (-122.4438477 37.7278077),13.297193210822984,18094.276801914166,android,14.974835586245117,0.02111030920045387,-1.777546617398981
420,37.7278602,-122.4436909,1581010667.0,2020-02-06T09:37:47-08:00,POINT (-122.4436909 37.7278602),9.36994878766259,18108.05365182712,android,14.99594589544557,-1.756436308198527,5.716827598583771
421,37.7278828,-122.4435228,1581010668.0,2020-02-06T09:37:48-08:00,POINT (-122.4435228 37.7278828),2.3493800936100873,18121.336724325953,android,13.239509587247044,3.9603912903852443,-10.606204784629282
422,37.727923,-122.4433811,1581010669.0,2020-02-06T09:37:49-08:00,POINT (-122.4433811 37.727923),1.6236401900832493,18133.972585268584,android,17.199900877632288,-6.645813494244038,10.873710052138298
423,37.7280003,-122.4432117,1581010670.0,2020-02-06T09:37:50-08:00,POINT (-122.4432117 37.7280003),3.7595247064048,18151.10442228185,android,10.55408738338825,4.22789655789426,-3.8317224099942173
424,37.7280464,-122.4431068,1581010671.0,2020-02-06T09:37:51-08:00,POINT (-122.4431068 37.7280464),5.109085581365117,18161.58267365345,android,14.78198394128251,0.3961741479000427,-0.469092698959674
425,37.7281139,-122.442962,1581010672.0,2020-02-06T09:37:52-08:00,POINT (-122.442962 37.7281139),6.5820010088256495,18176.77350989612,android,15.178158089182553,-0.0729185510596313,0.046533198431045975
426,37.7281849,-122.4428146,1581010673.0,2020-02-06T09:37:53-08:00,POINT (-122.4428146 37.7281849),6.835524510483738,18191.962753633743,android,15.105239538122921,-0.026385352628585323,0.050024692319244224
427,37.7282605,-122.4426719,1581010674.0,2020-02-06T09:37:54-08:00,POINT (-122.4426719 37.7282605),6.508196482528368,18206.957950802047,android,15.078854185494336,0.0236393396906589,0.8250548880943676
428,37.7283444,-122.4425372,1581010675.0,2020-02-06T09:37:55-08:00,POINT (-122.4425372 37.7283444),5.222006378097118,18221.98787375798,android,15.102493525184995,0.8486942277850265,-2.393195023997068
429,37.728391,-122.4423759,1581010676.0,2020-02-06T09:37:56-08:00,POINT (-122.4423759 37.728391),8.4206365233846,18237.008867442124,android,15.951187752970021,-1.5445007962120414,-12.615034202024193
430,37.7283869,-122.4421946,1581010677.0,2020-02-06T09:37:57-08:00,POINT (-122.4421946 37.7283869),17.09180950448495,18250.435383956188,android,14.40668695675798,-14.159534998236234,14.189329780183396
431,37.7284171,-122.4420353,1581010678.0,2020-02-06T09:37:58-08:00,POINT (-122.4420353 37.7284171),21.246050867919532,18264.920792379424,android,0.24715195852174546,0.029794781947161564,-7.821287715066334e-05
432,37.72879111849518,-122.44107467676034,1581011059.0,2020-02-06T09:44:19-08:00,POINT (-122.44107467676034 37.72879111849518),24.532979486578018,18360.370493368457,android,11.598963880390302,-4.3242472411719746e-06,-5.335519312040577
433,37.7288770560968,-122.44099992212917,1581011060.0,2020-02-06T09:44:20-08:00,POINT (-122.44099992212917 37.7288770560968),18.95437915399862,18370.105727946113,android,11.598959556143061,-5.335523636287818,5.183699518193389
434,37.72896299369841,-122.44092516749798,1581011061.0,2020-02-06T09:44:21-08:00,POINT (-122.44092516749798 37.72896299369841),13.542084375060734,18380.353418625145,android,6.263435919855243,-0.15182411809442886,0.1610491766499804
435,37.7290094,-122.44088479999999,1581011062.0,2020-02-06T09:44:22-08:00,POINT (-122.44088479999999 37.7290094),10.61944041766158,18385.887166634926,android,6.111611801760814,0.00922505855555152,-1.155377374745375e-05
436,37.76981002629021,-122.42034047461753,1581011861.0,2020-02-06T09:57:41-08:00,POINT (-122.42034047461753 37.76981002629021),23.505365305277234,23776.797329969177,android,13.482433587646478,-6.406668664027393e-06,2.6141169229276784e-09
437,37.76984927758326,-122.42019534537377,1581011862.0,2020-02-06T09:57:42-08:00,POINT (-122.42019534537377 37.76984927758326),10.446517872672713,23780.234517171637,android,13.482427180977814,-6.404054547104465e-06,-0.002785626109659489
438,37.769888528876315,-122.42005021613001,1581011863.0,2020-02-06T09:57:43-08:00,POINT (-122.42005021613001 37.769888528876315),2.6123176803830344,23783.671725269814,android,13.482420776923266,-0.0027920301642065937,0.0027888230369169324
439,37.769927780169375,-122.41990508688622,1581011864.0,2020-02-06T09:57:44-08:00,POINT (-122.41990508688622 37.769927780169375),15.6711413562473,23787.10895426399,android,13.47962874675906,-3.207127289661277e-06,-3.6816003950048576e-09
440,37.80407640512668,-122.2936426448058,1581012734.0,2020-02-06T10:12:14-08:00,POINT (-122.2936426448058 37.80407640512668),17.99343076277571,36734.80238886321,android,13.476838546017055,-6.410119633315503e-06,-2.367755769228097e-09
441,37.80411565641973,-122.29349751556204,1581012735.0,2020-02-06T10:12:15-08:00,POINT (-122.29349751556204 37.80411565641973),8.334096892214333,36744.23107330741,android,13.476832135897421,-6.412487389084731e-06,3.538369597322344e-09
442,37.804154907712785,-122.29335238631826,1581012736.0,2020-02-06T10:12:16-08:00,POINT (-122.29335238631826 37.804154907712785),1.3252488415396042,36753.659736829555,android,13.476825723410032,-6.408949019487409e-06,-13.476812905511993
443,37.80419415900584,-122.2932072570745,1581012737.0,2020-02-06T10:12:17-08:00,POINT (-122.2932072570745 37.80419415900584),10.984606435213884,36763.08837942619,android,13.476819314461013,-13.476819314461013,13.476819314461013
444,37.80423341029889,-122.29306212783071,1581012738.0,2020-02-06T10:12:18-08:00,POINT (-122.29306212783071 37.80423341029889),20.64397589286283,36772.51700110024,android,0.0,0.0,0.0
