,latitude,longitude,ts,fmt_time,geometry,gt_distance,gt_projection,source,speed,acceleration,jerk
0,37.8703746,-122.2680598,1574273769.0,2019-11-20T10:16:09-08:00,POINT (-122.2680598 37.8703746),24.749670079672434,0.0,android,0.44123454381216154,0.0970405080683514,-0.16374278572893575
1,37.8703762,-122.2680552,1574273770.0,2019-11-20T10:16:10-08:00,POINT (-122.2680552 37.8703762),24.378813843775603,0.0,android,0.538275051880513,-0.06670227766058434,0.06670228421286367
2,37.8703752,-122.2680492,1574273771.0,2019-11-20T10:16:11-08:00,POINT (-122.2680492 37.8703752),23.840005081553763,0.0,android,0.4715727742199286,6.552279330218624e-09,-0.17883785309869726
3,37.870374299999995,-122.26804395,1574273772.0,2019-11-20T10:16:12-08:00,POINT (-122.26804395 37.870374299999995),23.36811139216301,0.0,android,0.47157278077220793,-0.17883784654641793,0.10732530398378978
4,37.8703734,-122.2680387,1574273773.0,2019-11-20T10:16:13-08:00,POINT (-122.2680387 37.8703734),22.896240388655766,0.0,android,0.29273493422579,-0.07151254256262815,-0.011839657729468545
5,37.8703721,-122.2680358,1574273774.0,2019-11-20T10:16:14-08:00,POINT (-122.2680358 37.8703721),22.62134410787456,0.0,android,0.22122239166316185,-0.0833522002920967,0.6672313276944408
6,37.870371,-122.2680337,1574273775.0,2019-11-20T10:16:15-08:00,POINT (-122.2680337 37.870371),22.41984970346815,0.0,android,0.13787019137106515,0.5838791274023442,-0.5838791085095782
7,37.8703702,-122.2680325,1574273776.0,2019-11-20T10:16:16-08:00,POINT (-122.2680325 37.8703702),22.302001153686817,0.0,android,0.7217493187734093,1.8892765907274622e-08,0.25351985056579696
8,37.870368400000004,-122.26804039999999,1574273777.0,2019-11-20T10:16:17-08:00,POINT (-122.26804039999999 37.870368400000004),22.960749201672233,0.0,android,0.7217493376661752,0.25351986945856286,-0.7664996418695157
9,37.8703666,-122.2680483,1574273778.0,2019-11-20T10:16:18-08:00,POINT (-122.2680483 37.8703666),23.6232549209047,0.0,android,0.9752692071247381,-0.5129797724109528,0.6587916078550593
10,37.8703649,-122.2680592,1574273779.0,2019-11-20T10:16:19-08:00,POINT (-122.2680592 37.8703649),24.55263342813529,0.0,android,0.46228943471378525,0.14581183544410653,-0.044681075000845956
11,37.8703277,-122.2680643,1574273788.0,2019-11-20T10:16:28-08:00,POINT (-122.2680643 37.8703277),24.88027787266439,0.0,android,1.774595953710744,-0.25631783956350707,-0.3852923874993094
12,37.870317,-122.2680493,1574273789.0,2019-11-20T10:16:29-08:00,POINT (-122.2680493 37.870317),23.660721959788663,0.0,android,1.518278114147237,-0.6416102270628165,-0.011975964653631599
13,37.8703074,-122.268037,1574273790.0,2019-11-20T10:16:30-08:00,POINT (-122.268037 37.8703074),22.729721749759026,0.0,android,0.8766678870844206,-0.653586191716448,0.843208747783562
14,37.8703017,-122.2680301,1574273791.0,2019-11-20T10:16:31-08:00,POINT (-122.2680301 37.8703017),22.24241177437236,0.0,android,0.22308169536797248,0.189622556067114,0.4278049997652139
15,37.8703037,-122.2680299,1574273792.0,2019-11-20T10:16:32-08:00,POINT (-122.2680299 37.8703037),22.18392726835378,0.0,android,0.4127042514350865,0.6174275558323279,0.5124836421844916
16,37.8703036,-122.2680252,1574273793.0,2019-11-20T10:16:33-08:00,POINT (-122.2680252 37.8703036),21.779529225294933,0.0,android,1.0301318072674144,1.1299111980168195,-2.9280577563037915
17,37.8703058,-122.2680138,1574273794.0,2019-11-20T10:16:34-08:00,POINT (-122.2680138 37.8703058),20.749062387494043,0.0,android,2.160043005284234,-1.798146558286972,2.2127295335611668
18,37.8703053,-122.2679892,1574273795.0,2019-11-20T10:16:35-08:00,POINT (-122.2679892 37.8703053),18.637058947465064,0.0,android,0.3618964469972618,0.4145829752741947,-0.43946089038350605
19,37.87030801903347,-122.26798693413876,1574273796.0,2019-11-20T10:16:36-08:00,POINT (-122.26798693413876 37.87030801903347),18.381697940214053,0.0,android,0.7764794222714565,-0.024877915109311366,-0.38366966744069314
20,37.870314,-122.2679915,1574273797.0,2019-11-20T10:16:37-08:00,POINT (-122.2679915 37.870314),18.662444771935213,0.0,android,0.7516015071621451,-0.4085475825500045,2.162868190782061
21,37.8703184,-122.267985,1574273798.0,2019-11-20T10:16:38-08:00,POINT (-122.267985 37.8703184),18.026763595436577,0.0,android,0.3430539246121406,1.7543206082320564,-3.2434837791639586
22,37.8703186,-122.2679811,1574273799.0,2019-11-20T10:16:39-08:00,POINT (-122.2679811 37.8703186),17.683825433465113,0.0,android,2.097374532844197,-1.4891631709319024,2.1374010857591035
23,37.8703162,-122.2679574,1574273800.0,2019-11-20T10:16:40-08:00,POINT (-122.2679574 37.8703162),15.662826747795622,0.0,android,0.6082113619122947,0.648237914827201,-0.4816048433179504
24,37.8703157,-122.2679505,1574273801.0,2019-11-20T10:16:41-08:00,POINT (-122.2679505 37.8703157),15.074633829244895,0.0,android,1.2564492767394957,0.16663307150925055,-0.8247568027400822
25,37.8703152,-122.2679362,1574273802.0,2019-11-20T10:16:42-08:00,POINT (-122.2679362 37.8703152),13.849586654071981,0.0,android,1.4230823482487462,-0.6581237312308317,2.028013068553159
26,37.8703157,-122.26792,1574273803.0,2019-11-20T10:16:43-08:00,POINT (-122.26792 37.8703157),12.44390986723041,0.0,android,0.7649586170179146,1.3698893373223275,-2.6584858380908556
27,37.8703161,-122.2679113,1574273804.0,2019-11-20T10:16:44-08:00,POINT (-122.2679113 37.8703161),11.6877377479452,0.0,android,2.134847954340242,-1.288596500768528,1.7865606101855303
28,37.8703153,-122.267887,1574273805.0,2019-11-20T10:16:45-08:00,POINT (-122.267887 37.8703153),9.64233839208941,0.0,android,0.8462514535717142,0.4979641094170023,-0.7630247655193195
29,37.8703146,-122.2678774,1574273806.0,2019-11-20T10:16:46-08:00,POINT (-122.2678774 37.8703146),8.859900317706952,0.0,android,1.3442155629887165,-0.2650606561023172,0.48523726594074024
30,37.870312942307656,-122.26786223076891,1574273807.0,2019-11-20T10:16:47-08:00,POINT (-122.26786223076891 37.870312942307656),7.675665994093692,0.0,android,1.0791549068863993,0.22017660983842302,-1.0929264309843527
31,37.8703106,-122.2678503,1574273808.0,2019-11-20T10:16:48-08:00,POINT (-122.2678503 37.8703106),6.840934525126026,0.0,android,1.2993315167248223,-0.8727498211459297,1.4971289761523012
32,37.8703073,-122.2678361,1574273809.0,2019-11-20T10:16:49-08:00,POINT (-122.2678361 37.8703073),5.985845620630671,0.0,android,0.42658169557889264,0.6243791550063715,0.4359986794597319
33,37.8703067,-122.2678313,1574273810.0,2019-11-20T10:16:50-08:00,POINT (-122.2678313 37.8703067),5.69778633941263,0.0,android,1.0509608505852641,1.0603778344661035,-1.193067598598625
34,37.87030523298177,-122.26781947209962,1574273811.0,2019-11-20T10:16:51-08:00,POINT (-122.26781947209962 37.87030523298177),5.071593713814181,0.0,android,2.1113386850513676,-0.13268976413252154,-0.613097857446206
35,37.8703086,-122.2677958,1574273812.0,2019-11-20T10:16:52-08:00,POINT (-122.2677958 37.8703086),3.6800813328703756,0.0,android,1.978648920918846,-0.7457876215787276,0.8096115202584022
36,37.870316,-122.2677753,1574273813.0,2019-11-20T10:16:53-08:00,POINT (-122.2677753 37.870316),2.694823835765214,0.16298228060528333,android,1.2328612993401185,0.0638238986796746,-0.051721903806869356
37,37.87034192674929,-122.26769769176913,1574273819.0,2019-11-20T10:16:59-08:00,POINT (-122.26769769176913 37.87034192674929),7.199983325317456,0.9481934455056068,android,1.615804691418166,-0.24650752416154154,-0.5061310423201181
38,37.8703526,-122.2676852,1574273820.0,2019-11-20T10:17:00-08:00,POINT (-122.2676852 37.8703526),8.201690183166761,2.215570212772777,android,1.3692971672566245,-0.7526385664816596,1.7792616617565695
39,37.8703639,-122.267679,1574273821.0,2019-11-20T10:17:01-08:00,POINT (-122.267679 37.8703639),8.646232104843307,3.5085384618640125,android,0.6166586007749649,1.02662309527491,-0.8199446778129713
40,37.8703693,-122.2676774,1574273822.0,2019-11-20T10:17:02-08:00,POINT (-122.2676774 37.8703693),8.739173444684257,4.116944443623781,android,1.643281696049875,0.2066784174619387,-0.46652685269193794
41,37.8703839,-122.2676745,1574273823.0,2019-11-20T10:17:03-08:00,POINT (-122.2676745 37.8703839),8.865432483246307,5.751982745741313,android,1.8499601135118138,-0.25984843522999923,0.6566084255147164
42,37.8704004,-122.2676718,1574273824.0,2019-11-20T10:17:04-08:00,POINT (-122.2676718 37.8704004),8.957495574540182,7.59578668323514,android,1.5901116782818145,0.3967599902847172,-1.5283547452342798
43,37.8704147,-122.2676719,1574273825.0,2019-11-20T10:17:05-08:00,POINT (-122.2676719 37.8704147),8.823341803731777,9.176790341546335,android,1.9868716685665317,-1.1315947549495626,2.301267618199826
44,37.8704324,-122.267675,1574273826.0,2019-11-20T10:17:06-08:00,POINT (-122.267675 37.8704324),8.39633305163977,11.113010087607657,android,0.8552769136169691,1.1696728632502635,-0.9546438092989642
45,37.87044,-122.2676765,1574273827.0,2019-11-20T10:17:07-08:00,POINT (-122.2676765 37.87044),8.16340693000481,12.288901064759061,android,2.0249497768672327,0.21502905395129934,-0.7054174890034255
46,37.870458,-122.26768,1574273828.0,2019-11-20T10:17:08-08:00,POINT (-122.26768 37.870458),7.6160441646086685,14.234139546691802,android,2.239978830818532,-0.49038843505212615,0.594804064326137
47,37.8704778,-122.2676847,1574273829.0,2019-11-20T10:17:09-08:00,POINT (-122.2676847 37.8704778),6.939732533901084,16.364851147615152,android,1.7495903957664058,0.10441562927401082,-0.8965803786895565
48,37.87049305429851,-122.26768958642526,1574273830.0,2019-11-20T10:17:10-08:00,POINT (-122.26768958642526 37.87049305429851),6.308203497495162,17.992917618581764,android,1.8540060250404167,-0.7921647494155457,1.6106687931151757
49,37.870509310103635,-122.2676942844074,1574273831.0,2019-11-20T10:17:11-08:00,POINT (-122.2676942844074 37.870509310103635),5.679674943667987,19.733295852002612,android,1.061841275624871,0.81850404369963,-0.5621614036274665
50,37.870518,-122.2676993,1574273832.0,2019-11-20T10:17:12-08:00,POINT (-122.2676993 37.870518),5.125043393403649,20.636988735368178,android,1.880345319324501,0.25634264007216356,-0.7327875716210568
51,37.8705319,-122.2677115,1574273833.0,2019-11-20T10:17:13-08:00,POINT (-122.2677115 37.8705319),3.8731647897926083,22.038019466735676,android,2.1366879593966646,-0.4764449315488932,0.32607106749384296
52,37.8705461,-122.2677279,1574273834.0,2019-11-20T10:17:14-08:00,POINT (-122.2677279 37.8705461),2.2505589361214255,23.42737091712562,android,1.6602430278477713,-0.15037386405505027,0.02064710527176561
53,37.870558275227395,-122.26773884845143,1574273835.0,2019-11-20T10:17:15-08:00,POINT (-122.26773884845143 37.870558275227395),1.1311201298346283,24.651763271618442,android,1.509869163792721,-0.12972675878328466,0.1821285915764439
54,37.870569480920715,-122.26774856315755,1574273836.0,2019-11-20T10:17:16-08:00,POINT (-122.26774856315755 37.870569480920715),0.1324216652141468,25.782508800477025,android,1.3801424050094364,0.05240183279315924,-0.38134371394070254
55,37.8705805,-122.2677558,1574273837.0,2019-11-20T10:17:17-08:00,POINT (-122.2677558 37.8705805),0.6052548574055991,26.942955512261893,android,1.4325442378025957,-0.3289418811475433,0.22499226204226241
56,37.8705914,-122.2677645,1574273838.0,2019-11-20T10:17:18-08:00,POINT (-122.2677645 37.8705914),1.4683887980883352,28.084548676023726,android,1.1036023566550524,-0.10394961910528089,-0.2592189402562852
57,37.87060040000034,-122.26776980000027,1574273839.0,2019-11-20T10:17:19-08:00,POINT (-122.26776980000027 37.87060040000034),2.0159781356921784,29.040924271424874,android,0.9996527375497715,-0.3631685593615661,1.1409385698408914
58,37.87060877668329,-122.26777393464707,1574273840.0,2019-11-20T10:17:20-08:00,POINT (-122.26777393464707 37.87060877668329),2.4556717104727244,29.936902331842738,android,0.6364841781882054,0.7777700104793253,-1.372609696560215
59,37.8706141,-122.2677766,1574273841.0,2019-11-20T10:17:21-08:00,POINT (-122.2677766 37.8706141),2.738408227015944,30.50601282599545,android,1.4142541886675306,-0.5948396860808899,1.0494655129800967
60,37.8706264,-122.2677807,1574273842.0,2019-11-20T10:17:22-08:00,POINT (-122.2677807 37.8706264),3.2112628930134055,31.836049537125948,android,0.8194145025866407,0.45462582689920683,-0.6641404473920002
61,37.8706335,-122.2677832,1574273843.0,2019-11-20T10:17:23-08:00,POINT (-122.2677832 37.8706335),3.4958982961646594,32.60281913105383,android,1.2740403294858476,-0.20951462049279335,0.13477945727302632
62,37.8706448,-122.2677856,1574273844.0,2019-11-20T10:17:24-08:00,POINT (-122.2677856 37.8706448),3.810519354352924,33.83471845583596,android,1.0645257089930542,-0.07473516321976703,0.24456695087679692
63,37.8706543,-122.2677871,1574273845.0,2019-11-20T10:17:25-08:00,POINT (-122.2677871 37.8706543),4.029646792858513,34.874172427379236,android,0.9897905457732872,0.1698317876570299,-0.6391034470406459
64,37.8706632,-122.2677873,1574273846.0,2019-11-20T10:17:26-08:00,POINT (-122.2677873 37.8706632),4.129291839204606,35.85679183142262,android,1.159622333430317,-0.46927165938361604,0.652934319085333
65,37.87067362806008,-122.26778745020817,1574273847.0,2019-11-20T10:17:27-08:00,POINT (-122.26778745020817 37.87067362806008),4.238671040179671,37.00873458737022,android,0.690350674046701,0.1836626597017169,-0.1473973245606297
66,37.8706796,-122.2677853,1574273848.0,2019-11-20T10:17:28-08:00,POINT (-122.2677853 37.8706796),4.105302207091118,37.684784511919254,android,0.8740133337484179,0.03626533514108721,-0.0627929454060907
67,37.8706873,-122.2677833,1574273849.0,2019-11-20T10:17:29-08:00,POINT (-122.2677833 37.8706873),4.001043081191524,38.55080921808299,android,0.9102786688895051,-0.0265276102650035,0.025808351573738952
68,37.8706953,-122.2677811,1574273850.0,2019-11-20T10:17:30-08:00,POINT (-122.2677811 37.8706953),3.882021681036055,39.451468015193925,android,0.8837510586245017,-0.000719258691264546,0.2630546298278915
69,37.87070293070996,-122.26777828464502,1574273851.0,2019-11-20T10:17:31-08:00,POINT (-122.26777828464502 37.87070293070996),3.705656548005208,40.31579466851093,android,0.8830317999332371,0.26233537113662697,-0.1614189911704993
70,37.87071049477131,-122.26777522091498,1574273852.0,2019-11-20T10:17:32-08:00,POINT (-122.26777522091498 37.87071049477131),3.506906190687346,41.1745685100833,android,1.145367171069864,0.10091637996612768,-0.5343649593029414
71,37.8707199,-122.2677699,1574273853.0,2019-11-20T10:17:33-08:00,POINT (-122.2677699 37.8707199),3.1272984765706027,42.253430933090556,android,1.2462835510359918,-0.4334485793368137,0.4673811689422278
72,37.8707283,-122.2677605,1574273854.0,2019-11-20T10:17:34-08:00,POINT (-122.2677605 37.8707283),2.3808799407996117,43.25097821886459,android,0.8128349716991781,0.03393258960541412,0.3220212355975296
73,37.870733809868064,-122.26775441447408,1574273855.0,2019-11-20T10:17:35-08:00,POINT (-122.26775441447408 37.870733809868064),1.8983132837226844,43.904718954791655,android,0.8467675613045922,0.3559538252029437,-0.4852309192893256
74,37.8707392,-122.2677476,1574273856.0,2019-11-20T10:17:36-08:00,POINT (-122.2677476 37.8707392),1.350748873637791,44.55055183541309,android,1.202721386507536,-0.12927709408638188,0.4888656542917684
75,37.8707482,-122.26774,1574273857.0,2019-11-20T10:17:37-08:00,POINT (-122.26774 37.8707482),0.767638593066135,45.601276853657474,android,1.073444292421154,0.35958856020538654,-0.4158279415296453
76,37.8707569,-122.2677347,1574273858.0,2019-11-20T10:17:38-08:00,POINT (-122.2677347 37.8707569),0.3833579937801769,46.602008583400526,android,1.4330328526265406,-0.056239381324258764,0.0039522127321960365
77,37.8707697,-122.2677328,1574273859.0,2019-11-20T10:17:39-08:00,POINT (-122.2677328 37.8707697),0.30465999264796545,48.04037219543369,android,1.3767934713022818,-0.05228716859206273,0.25256127021521513
78,37.870782,-122.2677346,1574273860.0,2019-11-20T10:17:40-08:00,POINT (-122.2677346 37.870782),0.5372431773909986,49.39444516582613,android,1.324506302710219,0.2002741016231524,-0.8072156370697132
79,37.87079389923633,-122.26773528653295,1574273861.0,2019-11-20T10:17:41-08:00,POINT (-122.26773528653295 37.87079389923633),0.6696092733009702,50.70946371000945,android,1.5247804043333715,-0.6069415354465608,1.1766662050318266
80,37.87080761168852,-122.26773538658007,1574273862.0,2019-11-20T10:17:42-08:00,POINT (-122.26773538658007 37.87080761168852),0.7614498803626202,52.22818410866475,android,0.9178388688868107,0.5697246695852658,-0.48880549261158146
81,37.8708157,-122.2677333,1574273863.0,2019-11-20T10:17:43-08:00,POINT (-122.2677333 37.8708157),0.6271866421002518,53.13430541531227,android,1.4875635384720765,0.08091917697368434,-0.9381769593552733
82,37.8708287,-122.2677293,1574273864.0,2019-11-20T10:17:44-08:00,POINT (-122.2677293 37.8708287),0.3546276822969016,54.593779005254916,android,1.5684827154457608,-0.857257782381589,1.267949953740101
83,37.8708425,-122.2677256,1574273865.0,2019-11-20T10:17:45-08:00,POINT (-122.2677256 37.8708425),0.11326165903496464,56.140444100350464,android,0.7112249330641718,0.4106921713585121,0.07891430978986747
84,37.8708488,-122.2677242,1574273866.0,2019-11-20T10:17:46-08:00,POINT (-122.2677242 37.8708488),0.02846557981657905,56.84514213290244,android,1.1219171044226839,0.48960648114837957,-0.6764589952920941
85,37.8708588,-122.2677225,1574273867.0,2019-11-20T10:17:47-08:00,POINT (-122.2677225 37.8708588),0.06026746359043927,57.961203075191435,android,1.6115235855710635,-0.1868525141437145,-0.8643942893169536
86,37.87087320384652,-122.2677204692307,1574273868.0,2019-11-20T10:17:48-08:00,POINT (-122.2677204692307 37.87087320384652),0.15137664144083068,59.56675373179702,android,1.424671071427349,-1.0512468034606681,1.0610508246916028
87,37.8708858,-122.2677175,1574273869.0,2019-11-20T10:17:49-08:00,POINT (-122.2677175 37.8708858),0.33585447036927385,60.97653618854859,android,0.3734242679666809,0.009804021230934767,-0.03796190807044711
88,37.8708861,-122.267709,1574273871.0,2019-11-20T10:17:51-08:00,POINT (-122.267709 37.8708861),1.0805446838666177,61.05058455192869,android,0.3930323104285504,-0.06611979490995945,0.036234425183879426
89,37.8708884,-122.2677056,1574273872.0,2019-11-20T10:17:52-08:00,POINT (-122.2677056 37.8708884),1.365216791955406,61.321725828725405,android,0.32691251551859096,-0.029885369726080024,-0.08309628161194932
90,37.8708896,-122.2677022,1574273873.0,2019-11-20T10:17:53-08:00,POINT (-122.2677022 37.8708896),1.6565514417374136,61.47099826125482,android,0.29702714579251094,-0.11298165133802934,0.053819813842358705
91,37.8708911,-122.2676994,1574273874.0,2019-11-20T10:17:54-08:00,POINT (-122.2676994 37.8708911),1.8933743899440407,61.65062685125065,android,0.1840454944544816,-0.05916183749567064,0.07325310336727778
92,37.8708918,-122.2676975,1574273875.0,2019-11-20T10:17:55-08:00,POINT (-122.2676975 37.8708918),2.056000894183731,61.737302333915764,android,0.12488365695881096,0.01409126587160714,-0.056464200902111863
93,37.870892,-122.2676961,1574273876.0,2019-11-20T10:17:56-08:00,POINT (-122.2676961 37.870892),2.1777436458637576,61.76618220616268,android,0.1389749228304181,-0.042372935030504724,0.1566567526516959
94,37.8708924,-122.2676946,1574273877.0,2019-11-20T10:17:57-08:00,POINT (-122.2676946 37.8708924),2.3070574578311835,61.81770019047625,android,0.09660198779991337,0.11428381762119118,0.0749110737726343
95,37.8708929,-122.2676955,1574273878.0,2019-11-20T10:17:58-08:00,POINT (-122.2676955 37.8708929),2.2249870776260448,61.8687739017777,android,0.21088580542110455,0.18919489139382548,-0.06861225250394963
96,37.870895471711385,-122.26768907072154,1574273881.0,2019-11-20T10:18:01-08:00,POINT (-122.26768907072154 37.870895471711385),2.7740578757754357,62.18456275142763,android,0.778470479602581,-0.01664186611802343,-0.5326886672752388
97,37.8708998,-122.2676821,1574273882.0,2019-11-20T10:18:02-08:00,POINT (-122.2676821 37.8708998),3.360041121265243,62.69756226315746,android,0.7618286134845575,-0.5493305333932622,1.0539641021032273
98,37.8709051,-122.2676766,1574273883.0,2019-11-20T10:18:03-08:00,POINT (-122.2676766 37.8709051),3.8109735473568356,63.31115610559624,android,0.21249808009129534,0.5046335687099652,-1.1463734719570045
99,37.8709066,-122.2676751,1574273884.0,2019-11-20T10:18:04-08:00,POINT (-122.2676751 37.8709066),3.9336247288188626,63.48454296917877,android,0.7171316488012606,-0.6417399032470392,0.5839035206407074
100,37.8709108,-122.2676689,1574273885.0,2019-11-20T10:18:05-08:00,POINT (-122.2676689 37.8709108),4.452696718763454,63.979628959125094,android,0.07539174555422139,-0.05783638260633181,0.1545514927082445
101,37.8709114,-122.2676685,1574273886.0,2019-11-20T10:18:06-08:00,POINT (-122.2676685 37.8709114),4.484192311111805,64.04802343286276,android,0.017555362947889574,0.0967151101019127,-0.14849972760629107
102,37.8709114,-122.2676683,1574273887.0,2019-11-20T10:18:07-08:00,POINT (-122.2676683 37.8709114),4.501757181340593,64.0489837092176,android,0.11427047304980227,-0.05178461750437837,0.03711591955789771
103,37.8709124,-122.2676686,1574273888.0,2019-11-20T10:18:08-08:00,POINT (-122.2676686 37.8709124),4.469352962179022,64.15833316040953,android,0.0624858555454239,-0.014668697946480659,0.04468798911824539
104,37.8709128,-122.2676691,1574273889.0,2019-11-20T10:18:09-08:00,POINT (-122.2676691 37.8709128),4.42301801980775,64.20024841509994,android,0.04781715759894324,0.03001929117176473,-0.04536988533838023
105,37.8709132,-122.2676693,1574273890.0,2019-11-20T10:18:10-08:00,POINT (-122.2676693 37.8709132),4.403030386944259,64.2436040849837,android,0.07783644877070797,-0.015350594166615501,0.07832311820931331
106,37.8709139,-122.2676693,1574273891.0,2019-11-20T10:18:11-08:00,POINT (-122.2676693 37.8709139),4.398790547802009,64.32115699185456,android,0.06248585460409247,0.06297252404269782,0.08899575471696425
107,37.8709143,-122.2676698,1574273892.0,2019-11-20T10:18:12-08:00,POINT (-122.2676698 37.8709143),4.352455606550077,64.3630722475297,android,0.1254583786467903,0.15196827875966207,0.19712241604452607
108,37.8709176,-122.2676659,1574273896.0,2019-11-20T10:18:16-08:00,POINT (-122.2676659 37.8709176),4.674982744690449,64.74740419829028,android,0.7333314936854386,0.9404579429377663,-1.8629570467343142
109,37.8709212,-122.2676589,1574273897.0,2019-11-20T10:18:17-08:00,POINT (-122.2676589 37.8709212),5.267948228181225,65.1798574310849,android,1.673789436623205,-0.9224991037965479,1.6419697786078897
110,37.8709268,-122.2676412,1574273898.0,2019-11-20T10:18:18-08:00,POINT (-122.2676412 37.8709268),6.788520155284919,65.88526544662881,android,0.751290332826657,0.7194706748113419,-1.3720336628246492
111,37.8709294,-122.2676333,1574273899.0,2019-11-20T10:18:19-08:00,POINT (-122.2676333 37.8709294),7.466584304140914,66.21125024492332,android,1.4707610076379989,-0.6525629880133074,1.0142975484440546
112,37.87093404163008,-122.26761760990387,1574273900.0,2019-11-20T10:18:20-08:00,POINT (-122.26761760990387 37.87093404163008),8.816442245685538,66.800830587263,android,0.8181980196246915,0.36173456043074725,-0.7162657447623783
113,37.8709356,-122.2676085,1574273901.0,2019-11-20T10:18:21-08:00,POINT (-122.2676085 37.8709356),9.60707436943745,67.01722277855762,android,1.1799325800554388,-0.354531184331631,0.2210030564253821
114,37.8709383,-122.2675955,1574273902.0,2019-11-20T10:18:22-08:00,POINT (-122.2675955 37.8709383),10.732436646894259,67.37877418021155,android,0.8254013957238078,-0.1335281279062489,-0.054472365152685165
115,37.8709385,-122.2675861,1574273903.0,2019-11-20T10:18:23-08:00,POINT (-122.2675861 37.8709385),11.556773833069329,67.4460658256669,android,0.6918732678175589,-0.18800049305893407,0.13278735035682132
116,37.87094062182314,-122.26756260669384,1574273906.0,2019-11-20T10:18:26-08:00,POINT (-122.26756260669384 37.87094062182314),13.607205433134123,67.79394472245238,android,0.1278717886407566,0.2103615580115299,0.39728966625850215
117,37.8709417,-122.2675621,1574273907.0,2019-11-20T10:18:27-08:00,POINT (-122.2675621 37.8709417),13.645174910289837,67.9158286683187,android,0.3382333466522865,0.607651224270032,-0.6169598684423185
118,37.8709443,-122.2675601,1574273908.0,2019-11-20T10:18:28-08:00,POINT (-122.2675601 37.8709443),13.805075223827677,68.21348527059484,android,0.9458845709223186,-0.009308644172286495,0.7570558926712353
119,37.8709517142725,-122.26756538266915,1574273909.0,2019-11-20T10:18:29-08:00,POINT (-122.26756538266915 37.8709517142725),13.296219928668664,69.009546860498,android,0.9365759267500321,0.7477472484989488,-1.2887691298793391
120,37.87096,-122.2675673,1574273910.0,2019-11-20T10:18:30-08:00,POINT (-122.2675673 37.87096),13.077644745017434,69.91831544394728,android,1.684323175248981,-0.5410218813803902,0.5385680644655582
121,37.87097402007782,-122.26757456432729,1574273911.0,2019-11-20T10:18:31-08:00,POINT (-122.26757456432729 37.87097402007782),12.440133534413215,69.98161952958564,android,1.1433012938685907,-0.002453816914832004,0.10989191072981581
122,37.8710294,-122.267609,1574273917.0,2019-11-20T10:18:37-08:00,POINT (-122.267609 37.8710294),11.663845318923123,69.98161952958564,android,1.1285783923795987,0.6568976474640629,-1.948340227199125
123,37.8710377,-122.2676164,1574273918.0,2019-11-20T10:18:38-08:00,POINT (-122.2676164 37.8710377),11.740919964208649,69.98161952958564,android,1.7854760398436615,-1.2914425797350622,2.179740133650041
124,37.8710442,-122.267635,1574273919.0,2019-11-20T10:18:39-08:00,POINT (-122.267635 37.8710442),11.125481528519245,69.98161952958564,android,0.49403346010859944,0.8882975539149791,-1.2167726208517688
125,37.8710459,-122.2676402,1574273920.0,2019-11-20T10:18:40-08:00,POINT (-122.2676402 37.8710459),10.98897803262658,69.98161952958564,android,1.3823310140235785,-0.32847506693678974,0.0016678017792530753
126,37.8710485,-122.2676556,1574273921.0,2019-11-20T10:18:41-08:00,POINT (-122.2676556 37.8710485),10.475255425786674,69.98161952958564,android,1.0538559470867888,-0.32680726515753666,0.3268072835008057
127,37.8710408,-122.2676626,1574273922.0,2019-11-20T10:18:42-08:00,POINT (-122.2676626 37.8710408),9.42747406171013,69.98161952958564,android,0.7270486819292521,1.834326901484218e-08,0.02849090112028707
128,37.871038600000006,-122.26767040000001,1574273923.0,2019-11-20T10:18:43-08:00,POINT (-122.26767040000001 37.871038600000006),8.888130804385526,69.98161952958564,android,0.7270487002725211,0.028490919463556086,-0.1919330479894339
129,37.8710364,-122.26767820000002,1574273924.0,2019-11-20T10:18:44-08:00,POINT (-122.26767820000002 37.8710364),8.377408729120821,69.98161952958564,android,0.7555396197360772,-0.1634421285258778,-0.4286553626843216
130,37.8710346,-122.2676865,1574273925.0,2019-11-20T10:18:45-08:00,POINT (-122.2676865 37.8710346),7.928389024849791,69.98161952958564,android,0.5920974912101994,-0.5920974912101994,0.5920974912101994
131,37.8710335,-122.2676931,1574273926.0,2019-11-20T10:18:46-08:00,POINT (-122.2676931 37.8710335),7.641738783216803,69.98161952958564,android,0.0,0.0,0.0
