,latitude,longitude,ts,fmt_time,geometry,gt_distance,gt_projection,source,speed,acceleration,jerk
0,37.8703845,-122.2680606,1575397047.0,2019-12-03T10:17:27-08:00,POINT (-122.2680606 37.8703845),24.993489587258797,3.134745201678871,android,0.08474741447136555,0.026658612726822364,-0.02041248659204868
1,37.8703564,-122.2680636,1575397084.0,2019-12-03T10:18:04-08:00,POINT (-122.2680636 37.8703564),24.849836336538765,0.0,android,1.071116085363793,-0.7286033911789789,1.3340874247331058
2,37.8703566,-122.2680514,1575397085.0,2019-12-03T10:18:05-08:00,POINT (-122.2680514 37.8703566),23.78155240513849,0.0,android,0.3425126941848143,0.6054840335541269,-0.8826807762352907
3,37.8703565,-122.2680475,1575397086.0,2019-12-03T10:18:06-08:00,POINT (-122.2680475 37.8703565),23.438709285939282,0.0,android,0.9479967277389413,-0.2771967426811638,0.950525676129356
4,37.8703565,-122.2680367,1575397087.0,2019-12-03T10:18:07-08:00,POINT (-122.2680367 37.8703565),22.491855818187418,0.0,android,0.6707999850577775,0.6733289334481922,-1.252933460077926
5,37.87035756295989,-122.2680291775146,1575397088.0,2019-12-03T10:18:08-08:00,POINT (-122.2680291775146 37.87035756295989),21.84279003341551,0.0,android,1.3441289185059697,-0.5796045266297339,1.3741949266925635
6,37.8703625,-122.2680152,1575397089.0,2019-12-03T10:18:09-08:00,POINT (-122.2680152 37.8703625),20.678005844824433,0.0,android,0.7645243918762358,0.7945904000628295,-1.8885062302857873
7,37.870364,-122.2680067,1575397090.0,2019-12-03T10:18:10-08:00,POINT (-122.2680067 37.870364),19.957764863042872,0.0,android,1.5591147919390653,-1.093915830222958,1.5254531471418256
8,37.8703664,-122.2679892,1575397091.0,2019-12-03T10:18:11-08:00,POINT (-122.2679892 37.8703664),18.474162698357805,0.0,android,0.46519896171610736,0.4315373169188677,-0.8643314223366099
9,37.87037,-122.2679865,1575397092.0,2019-12-03T10:18:12-08:00,POINT (-122.2679865 37.87037),18.30846703337164,0.0,android,0.8967362786349751,-0.4327941054177421,1.9496687424808816
10,37.8703753,-122.2679788,1575397093.0,2019-12-03T10:18:13-08:00,POINT (-122.2679788 37.8703753),17.740512938252987,2.685690859839702,android,0.46394217321723297,1.5168746370631396,-1.6276765050036217
11,37.8703782,-122.267975,1575397094.0,2019-12-03T10:18:14-08:00,POINT (-122.267975 37.8703782),17.432751623104817,3.032866660530495,android,1.9808168102803727,-0.11080186794048208,-0.0014934629820773093
12,37.8703866,-122.2679551,1575397095.0,2019-12-03T10:18:15-08:00,POINT (-122.2679551 37.8703866),15.76154835225134,4.100290469610039,android,1.8700149423398906,-0.11229533092255939,-0.8923956240750142
13,37.8703948,-122.2679365,1575397096.0,2019-12-03T10:18:16-08:00,POINT (-122.2679365 37.8703948),14.202577301078685,5.136557344783771,android,1.7577196114173312,-1.0046909549975735,1.448835537664673
14,37.8704052797614,-122.26792150837076,1575397097.0,2019-12-03T10:18:17-08:00,POINT (-122.26792150837076 37.8704052797614),12.979981170415494,6.399905174655003,android,0.7530286564197576,0.44414458266709966,-0.21069887249731545
15,37.8704094,-122.2679147,1575397098.0,2019-12-03T10:18:18-08:00,POINT (-122.2679147 37.8704094),12.419142091625936,6.902959355100413,android,1.1971732390868572,0.23344571016978422,-0.9974674269522273
16,37.870413945453954,-122.26790233636524,1575397099.0,2019-12-03T10:18:19-08:00,POINT (-122.26790233636524 37.870413945453954),11.37494003562297,7.491657790925188,android,1.4306189492566415,-0.7640217167824431,1.1499427470008805
17,37.8704183,-122.267887,1575397100.0,2019-12-03T10:18:20-08:00,POINT (-122.267887 37.8704183),10.06841217468911,8.079902366277448,android,0.6665972324741983,0.3859210302184374,0.0020054529537784083
18,37.8704214,-122.2678805,1575397101.0,2019-12-03T10:18:21-08:00,POINT (-122.2678805 37.8704214),9.525666216648917,8.467966534941011,android,1.0525182626926357,0.3879264831722158,-0.3401045651310961
19,37.8704305,-122.2678772,1575397102.0,2019-12-03T10:18:22-08:00,POINT (-122.2678772 37.8704305),9.316107493380434,9.497438969285012,android,1.4404447458648515,0.04782191804111968,-0.8970465424503644
20,37.8704434,-122.2678757,1575397103.0,2019-12-03T10:18:23-08:00,POINT (-122.2678757 37.8704434),9.297693005989414,10.934712076677943,android,1.4882666639059712,-0.8492246244092447,1.2452263203566682
21,37.8704567,-122.2678738,1575397104.0,2019-12-03T10:18:24-08:00,POINT (-122.2678738 37.8704567),9.287007312027244,12.027399807578805,android,0.6390420394967264,0.3960016959474235,-0.1720180694733009
22,37.8704619,-122.2678707,1575397105.0,2019-12-03T10:18:25-08:00,POINT (-122.2678707 37.8704619),9.086195503919571,12.63313214831589,android,1.03504373544415,0.22398362647412262,-0.9105718586938834
23,37.8704712,-122.2678712,1575397106.0,2019-12-03T10:18:26-08:00,POINT (-122.2678712 37.8704712),9.254768012190974,13.652103451145639,android,1.2590273619182726,-0.6865882322197607,1.0436635944678443
24,37.8704822,-122.2678746,1575397107.0,2019-12-03T10:18:27-08:00,POINT (-122.2678746 37.8704822),9.69937145077031,14.827432938324147,android,0.5724391296985119,0.35707536224808356,-0.6208350051961403
25,37.8704871,-122.2678766,1575397108.0,2019-12-03T10:18:28-08:00,POINT (-122.2678766 37.8704871),9.939806656273277,15.345819796433624,android,0.9295144919465954,-0.26375964294805676,0.3874268586246997
26,37.87049501311219,-122.26788001349938,1575397109.0,2019-12-03T10:18:29-08:00,POINT (-122.26788001349938 37.87049501311219),10.34412542948031,16.1810180093161,android,0.6657548489985387,0.12366721567664296,0.3791888299531948
27,37.870501,-122.2678801,1575397110.0,2019-12-03T10:18:30-08:00,POINT (-122.2678801 37.870501),10.432093752662114,16.839488424350492,android,0.7894220646751816,0.5028560456298378,-1.2345959880218904
28,37.870508,-122.2678786,1575397111.0,2019-12-03T10:18:31-08:00,POINT (-122.2678786 37.870508),10.395154284412625,17.626434979347092,android,1.2922781103050194,-0.7317399423920526,1.1132976657923557
29,37.8705196,-122.2678795,1575397112.0,2019-12-03T10:18:32-08:00,POINT (-122.2678795 37.8705196),10.629543987721128,18.894467517793743,android,0.5605381679129667,0.3815577234003029,0.7298508919675635
30,37.8705245,-122.267881,1575397113.0,2019-12-03T10:18:33-08:00,POINT (-122.267881 37.8705245),10.826324541523096,19.41817828499776,android,0.9420958913132697,1.1114086153678664,-1.766796454974446
31,37.8705327,-122.2678837,1575397114.0,2019-12-03T10:18:34-08:00,POINT (-122.2678837 37.8705327),11.172201645151661,20.29257132646316,android,2.053504506681136,-0.6553878396065795,0.6369434188646983
32,37.8705511,-122.2678857,1575397115.0,2019-12-03T10:18:35-08:00,POINT (-122.2678857 37.8705511),11.593968959057499,22.297838390934814,android,1.3981166670745564,-0.01844442074188124,-0.5512479478924427
33,37.87056364841316,-122.26788670697141,1575397116.0,2019-12-03T10:18:36-08:00,POINT (-122.26788670697141 37.87056364841316),11.850437205873304,23.669189487534734,android,1.3796722463326752,-0.5696923686343239,1.0529532388535843
34,37.870576,-122.2678882,1575397117.0,2019-12-03T10:18:37-08:00,POINT (-122.2678882 37.870576),12.146698825515895,25.013686864062297,android,0.8099798776983512,0.48326087021926034,-0.29595342602431385
35,37.8705832,-122.2678896,1575397118.0,2019-12-03T10:18:38-08:00,POINT (-122.2678896 37.8705832),12.35790684290718,26.262903587760526,android,1.2932407479176116,0.1873074441949465,-0.1868790959005493
36,37.8705947,-122.2678918,1575397119.0,2019-12-03T10:18:39-08:00,POINT (-122.2678918 37.8705947),12.6568416194026,27.518380197804248,android,1.480548192112558,0.00042834829439719613,-0.39130318078984594
37,37.8706080085499,-122.2678923204461,1575397120.0,2019-12-03T10:18:40-08:00,POINT (-122.2678923204461 37.8706080085499),12.82524748391184,28.98611395861372,android,1.4809765404069553,-0.39087483249544874,0.24023932427045724
38,37.8706213,-122.2678934,1575397121.0,2019-12-03T10:18:41-08:00,POINT (-122.2678934 37.8706213),13.042502059815336,30.447867787115875,android,1.0901017079115065,-0.1506355082249915,-0.21747821671166379
39,37.870631,-122.2678952,1575397122.0,2019-12-03T10:18:42-08:00,POINT (-122.2678952 37.870631),13.289768949104937,31.507242064648853,android,0.939466199686515,-0.3681137249366553,0.8945668929404751
40,37.8706393,-122.2678972,1575397123.0,2019-12-03T10:18:43-08:00,POINT (-122.2678972 37.8706393),13.541649289901866,32.41035413398655,android,0.5713524747498597,0.5264531680038198,-0.4978071957241157
41,37.8706443,-122.2678987,1575397124.0,2019-12-03T10:18:44-08:00,POINT (-122.2678987 37.8706443),13.719257362893048,32.952238669205116,android,1.0978056427536795,0.028645972279704113,-0.17216785751365205
42,37.87065407337151,-122.2678969294617,1575397125.0,2019-12-03T10:18:45-08:00,POINT (-122.2678969294617 37.87065407337151),13.654239137957875,34.045839850578815,android,1.1264516150333836,-0.14352188523394793,-0.02047634643873053
43,37.8706626,-122.26789,1575397126.0,2019-12-03T10:18:46-08:00,POINT (-122.26789 37.8706626),13.125532434746091,35.039318601069205,android,0.9829297297994357,-0.16399823167267846,0.299149354358727
44,37.8706703,-122.2678845,1575397127.0,2019-12-03T10:18:47-08:00,POINT (-122.2678845 37.8706703),12.71449317634115,35.93094143542578,android,0.8189314981267573,0.13515112268604856,0.06623293078778936
45,37.8706773,-122.2678816,1575397128.0,2019-12-03T10:18:48-08:00,POINT (-122.2678816 37.8706773),12.524888666983738,36.726148703339625,android,0.9540826208128058,0.20138405347383792,-0.765741495521824
46,37.8706855,-122.2678784,1575397129.0,2019-12-03T10:18:49-08:00,POINT (-122.2678784 37.8706855),12.320060388512434,37.65623536298527,android,1.1554666742866437,-0.5643574420479861,0.7379356666394851
47,37.8706954,-122.2678744,1575397130.0,2019-12-03T10:18:50-08:00,POINT (-122.2678744 37.8706954),12.06079593452719,38.7801438326961,android,0.5911092322386576,0.17357822459149896,5.514530289066663
48,37.8707005,-122.2678725,1575397131.0,2019-12-03T10:18:51-08:00,POINT (-122.2678725 37.8707005),11.94131279903212,39.35795234770718,android,0.7646874568301566,5.688108513658162,-4.672335843688593
49,37.8707073,-122.2678712,1575397132.0,2019-12-03T10:18:52-08:00,POINT (-122.2678712 37.8707073),11.890105052172581,40.11934335215166,android,6.452795970488318,1.0157726699695688,-6.813625011541931
50,37.87066826863038,-122.26792560103605,1575397133.0,2019-12-03T10:18:53-08:00,POINT (-122.26792560103605 37.87066826863038),16.298305524987274,35.405727271278295,android,7.468568640457887,-5.797852341572362,5.627592765026842
51,37.870721,-122.2678729,1575397134.0,2019-12-03T10:18:54-08:00,POINT (-122.2678729 37.870721),12.165512047331136,41.621733138863036,android,1.6707162988855246,-0.17025957654552015,-0.1372287143287867
52,37.870736,-122.26787400000002,1575397135.0,2019-12-03T10:18:55-08:00,POINT (-122.26787400000002 37.870736),12.40032250141912,43.27225356149879,android,1.5004567223400045,-0.30748829087430685,0.547851209016206
53,37.87074900617799,-122.26787855436885,1575397136.0,2019-12-03T10:18:56-08:00,POINT (-122.26787855436885 37.87074900617799),12.919516524780349,44.67705049188492,android,1.1929684314656976,0.24036291814189914,-0.6546245840875233
54,37.87075972933153,-122.26787812045629,1575397137.0,2019-12-03T10:18:57-08:00,POINT (-122.26787812045629 37.87075972933153),12.980418406917238,45.86589428375477,android,1.4333313496075968,-0.4142616659456242,-0.005222729917322089
55,37.8707719,-122.2678835,1575397138.0,2019-12-03T10:18:58-08:00,POINT (-122.2678835 37.8707719),13.5531408140298,47.5605603107481,android,1.0190696836619726,-0.4194843958629463,1.0894647887680726
56,37.87078091060095,-122.2678856201414,1575397139.0,2019-12-03T10:18:59-08:00,POINT (-122.2678856201414 37.87078091060095),13.793915316258781,48.5486644650312,android,0.5995852877990263,0.6699803929051263,-1.36073313278103
57,37.8707863,-122.2678854,1575397140.0,2019-12-03T10:19:00-08:00,POINT (-122.2678854 37.8707863),13.80722322691436,49.146812247480845,android,1.2695656807041527,-0.6907527398759037,0.912591387957428
58,37.8707977,-122.2678846,1575397141.0,2019-12-03T10:19:01-08:00,POINT (-122.2678846 37.8707977),13.806009482063246,50.41365776527255,android,0.578812940828249,0.22183864808152431,-0.5159152749046105
59,37.8708029,-122.2678843,1575397142.0,2019-12-03T10:19:02-08:00,POINT (-122.2678843 37.8708029),13.811156741061644,50.99120546856704,android,0.8006515889097733,-0.2940766268230862,0.9474912043119109
60,37.8708101,-122.2678844,1575397143.0,2019-12-03T10:19:03-08:00,POINT (-122.2678844 37.8708101),13.863547107713803,51.78841244813626,android,0.5065749620866871,0.6534145774888247,-0.7064928271871511
61,37.8708146,-122.2678853,1575397144.0,2019-12-03T10:19:04-08:00,POINT (-122.2678853 37.8708146),13.969844086218222,52.282645820512926,android,1.1599895395755118,-0.05307824969832642,-0.642411811526608
62,37.87082496632898,-122.26788381909586,1575397145.0,2019-12-03T10:19:05-08:00,POINT (-122.26788381909586 37.87082496632898),13.902569745938067,53.43824020556117,android,1.1069112898771853,-0.6954900612249344,0.9067604219482597
63,37.8708349,-122.267883,1575397146.0,2019-12-03T10:19:06-08:00,POINT (-122.267883 37.8708349),13.890797933663878,54.54272300704853,android,0.411421228652251,0.21127036072332522,0.19617386530955777
64,37.8708386,-122.267883,1575397147.0,2019-12-03T10:19:07-08:00,POINT (-122.267883 37.8708386),13.913207566478334,54.95264554472942,android,0.6226915893755762,0.407444226032883,-0.8141915419585631
65,37.8708442,-122.267883,1575397148.0,2019-12-03T10:19:08-08:00,POINT (-122.267883 37.8708442),13.947124849311345,55.573068847526415,android,1.0301358154084592,-0.40674731592568014,0.3536220183030352
66,37.8708533,-122.2678808,1575397149.0,2019-12-03T10:19:09-08:00,POINT (-122.2678808 37.8708533),13.809026688196282,56.59181931954385,android,0.6233884994827791,-0.05312529762264495,-0.15037454688747925
67,37.870857912850134,-122.26787676375615,1575397150.0,2019-12-03T10:19:10-08:00,POINT (-122.26787676375615 37.870857912850134),13.482484362741193,57.12225517528434,android,0.5702632018601341,-0.2034998445101242,0.4993129845324873
68,37.8708614,-122.267872,1575397151.0,2019-12-03T10:19:11-08:00,POINT (-122.267872 37.8708614),13.085230739767278,57.53146777786764,android,0.3667633573500099,0.2958131400223631,-0.09971440663213454
69,37.8708641,-122.2678696,1575397152.0,2019-12-03T10:19:12-08:00,POINT (-122.2678696 37.8708641),12.890805150915327,57.842123306650464,android,0.662576497372373,0.19609873339022854,-0.3116020528236003
70,37.8708698,-122.2678674,1575397153.0,2019-12-03T10:19:13-08:00,POINT (-122.2678674 37.8708698),12.732114490523328,58.484188227386525,android,0.8586752307626015,-0.11550331943337178,0.5547128204292611
71,37.87087746389529,-122.26786619963087,1575397154.0,2019-12-03T10:19:14-08:00,POINT (-122.26786619963087 37.87087746389529),12.673110528381725,59.339033438555965,android,0.7431719113292298,0.4392095009958893,-0.7175116315694438
72,37.870882753130594,-122.26786102385752,1575397155.0,2019-12-03T10:19:15-08:00,POINT (-122.26786102385752 37.870882753130594),12.250586562381452,59.949877082492954,android,1.182381412325119,-0.27830213057355446,-0.15828134771994423
73,37.8708877,-122.2678491,1575397156.0,2019-12-03T10:19:16-08:00,POINT (-122.2678491 37.8708877),11.233342698742591,60.555189046587735,android,0.9040792817515646,-0.4365834782934987,0.42762751305073243
74,37.8708931,-122.2678414,1575397157.0,2019-12-03T10:19:17-08:00,POINT (-122.2678414 37.8708931),10.58980113355683,61.19042374200908,android,0.4674958034580659,-0.008955965242766262,0.7147787042969862
75,37.8708964,-122.2678381,1575397158.0,2019-12-03T10:19:18-08:00,POINT (-122.2678381 37.8708964),10.319967824417006,61.571874359998446,android,0.45853983821529964,0.70582273905422,-0.7864307854685357
76,37.8708982,-122.2678334,1575397159.0,2019-12-03T10:19:19-08:00,POINT (-122.2678334 37.8708982),9.91809534294154,61.79386189426512,android,1.1643625772695196,-0.08060804641431574,-0.013777730698978585
77,37.8709047,-122.267823,1575397160.0,2019-12-03T10:19:20-08:00,POINT (-122.267823 37.8709047),9.044090592013527,62.563928893864365,android,1.083754530855204,-0.09438577711329432,-0.246035818671676
78,37.8709112,-122.2678138,1575397161.0,2019-12-03T10:19:21-08:00,POINT (-122.2678138 37.8709112),8.275475232990031,63.328234494935316,android,0.9893687537419096,-0.34042159578497033,0.33748958727474093
79,37.8709122,-122.2678026,1575397162.0,2019-12-03T10:19:22-08:00,POINT (-122.2678026 37.8709122),7.297899171757154,63.492798378496715,android,0.6489471579569392,-0.0029320085102294254,0.02868220956650849
80,37.8709067,-122.2676401,1575397184.0,2019-12-03T10:19:44-08:00,POINT (-122.2676401 37.8709067),7.006871572288698,63.663670716413755,android,0.5844429707318919,0.6280766019529573,-0.9892074758116108
81,37.8709105,-122.2676355,1575397185.0,2019-12-03T10:19:45-08:00,POINT (-122.2676355 37.8709105),7.387847194540114,64.10675869569918,android,1.2125195726848492,-0.3611308738586535,0.14845756305658042
82,37.87091851587307,-122.26762613492058,1575397186.0,2019-12-03T10:19:46-08:00,POINT (-122.26762613492058 37.87091851587307),8.161777373836209,65.0398018453842,android,0.8513886988261957,-0.21267331080207308,0.1054185613915608
83,37.8709259,-122.2676287,1575397187.0,2019-12-03T10:19:47-08:00,POINT (-122.2676287 37.8709259),7.891775588075223,65.84557223843274,android,0.6387153880241226,-0.10725474941051227,1.2107365807895525
84,37.8709316,-122.2676296,1575397188.0,2019-12-03T10:19:48-08:00,POINT (-122.2676296 37.8709316),7.778209012045771,66.47275318870932,android,0.5314606386136104,1.1034818313790402,-1.7678082035106952
85,37.8709363,-122.2676285,1575397189.0,2019-12-03T10:19:49-08:00,POINT (-122.2676285 37.8709363),7.846348051611785,66.998747109975,android,1.6349424699926505,-0.664326372131655,0.7068601468810229
86,37.870951,-122.2676281,1575397190.0,2019-12-03T10:19:50-08:00,POINT (-122.2676281 37.870951),7.792440429815389,68.62927868677721,android,0.9706160978609955,0.042533774749367925,-0.08018902182923282
87,37.8709597,-122.267629,1575397191.0,2019-12-03T10:19:51-08:00,POINT (-122.267629 37.8709597),7.660702990504989,69.58882923505087,android,1.0131498726103634,-0.037655247079864895,0.348276032880034
88,37.8709687,-122.2676308,1575397192.0,2019-12-03T10:19:52-08:00,POINT (-122.2676308 37.8709687),7.471888789389952,69.98161952958564,android,0.9754946255304985,0.3106207858001691,-0.44587409033925685
89,37.8709851,-122.2676387,1575397194.0,2019-12-03T10:19:54-08:00,POINT (-122.2676387 37.8709851),7.065953331909658,69.98161952958564,android,1.5967361971308367,-0.5811273948783446,0.18358086744140134
90,37.8709986,-122.2676449,1575397195.0,2019-12-03T10:19:55-08:00,POINT (-122.2676449 37.8709986),7.148087656691584,69.98161952958564,android,1.015608802252492,-0.3975465274369433,-0.22051574737860546
91,37.8710075,-122.2676475,1575397196.0,2019-12-03T10:19:56-08:00,POINT (-122.2676475 37.8710075),7.4964935170470035,69.98161952958564,android,0.6180622748155488,-0.6180622748155488,0.6180622748155488
92,37.8710126,-122.2676503,1575397197.0,2019-12-03T10:19:57-08:00,POINT (-122.2676503 37.8710126),7.662106857756214,69.98161952958564,android,0.0,0.0,0.0
