,latitude,longitude,ts,fmt_time,geometry,gt_distance,gt_projection,source,speed,acceleration,jerk
0,37.8702402,-122.2680057,1568135671.0,2019-09-10T10:14:31-07:00,POINT (-122.2680057 37.8702402),22.582460206563397,0.0,android,0.06465104218727158,6.178679790025399e-11,-0.0020575700307164657
1,37.87024063710539,-122.26800521432736,1568135672.0,2019-09-10T10:14:32-07:00,POINT (-122.26800521432736 37.87024063710539),22.521474779942807,0.0,android,0.06465104224905838,-0.002057569968929668,-0.02472569960120139
2,37.870241074210774,-122.2680047286547,1568135673.0,2019-09-10T10:14:33-07:00,POINT (-122.2680047286547 37.870241074210774),22.460509735459013,0.0,android,0.06259347228012871,-0.02678326957013106,0.06505331441377595
3,37.87024163667273,-122.2680047,1568135674.0,2019-09-10T10:14:34-07:00,POINT (-122.2680047 37.87024163667273),22.42791514181249,0.0,android,0.03581020270999765,0.038270044843644886,-0.09563280127110307
4,37.8702417,-122.2680043,1568135675.0,2019-09-10T10:14:35-07:00,POINT (-122.2680043 37.8702417),22.393754516846588,0.0,android,0.07408024755364254,-0.057362756427458195,0.06897844112191565
5,37.8702423566334,-122.26800444265335,1568135676.0,2019-09-10T10:14:36-07:00,POINT (-122.26800444265335 37.8702423566334),22.36938873873829,0.0,android,0.016717491126184342,0.011615684694457448,-0.005454844230788805
6,37.8702425,-122.26800449999999,1568135677.0,2019-09-10T10:14:37-07:00,POINT (-122.26800449999999 37.8702425),22.36611557368983,0.0,android,0.02833317582064179,0.0061608404636686424,0.03767497049279353
7,37.8702427,-122.2680047,1568135678.0,2019-09-10T10:14:38-07:00,POINT (-122.2680047 37.8702427),22.370816985548625,0.0,android,0.03449401628431043,0.04383581095646217,0.015810425553441067
8,37.870243,-122.2680048,1568135679.0,2019-09-10T10:14:39-07:00,POINT (-122.2680048 37.870243),22.36250664009326,0.0,android,0.0783298272407726,0.059646236509903236,1.0852420613851244
9,37.8702437,-122.2680049,1568135680.0,2019-09-10T10:14:40-07:00,POINT (-122.2680049 37.8702437),22.333007088231504,0.0,android,0.13797606375067584,1.1448882978950277,-0.95012900778968
10,37.8702449,-122.2680045,1568135681.0,2019-09-10T10:14:41-07:00,POINT (-122.2680045 37.8702449),22.23871018953793,0.0,android,1.2828643616457036,0.19475929010534765,-1.1016117297000325
11,37.870233770292266,-122.26800834937261,1568135682.0,2019-09-10T10:14:42-07:00,POINT (-122.26800834937261 37.870233770292266),23.14057019663593,0.0,android,1.4776236517510513,-0.906852439594685,0.3691847844508601
12,37.87022095153521,-122.26801278600705,1568135683.0,2019-09-10T10:14:43-07:00,POINT (-122.26801278600705 37.87022095153521),24.22183182917677,0.0,android,0.5707712121563663,-0.5376676551438249,0.5433866199748262
13,37.870216,-122.26801450000002,1568135684.0,2019-09-10T10:14:44-07:00,POINT (-122.26801450000002 37.870216),24.650441657275504,0.0,android,0.03310355701254145,0.005718964831001356,0.0057762095769660305
14,37.8702511,-122.2680393,1568135819.0,2019-09-10T10:16:59-07:00,POINT (-122.2680393 37.8702511),24.6939731428661,0.0,android,0.8051638091977246,0.7855072577214154,-1.8010292361420843
15,37.87024939457359,-122.26803038527105,1568135820.0,2019-09-10T10:17:00-07:00,POINT (-122.26803038527105 37.87024939457359),24.05532601728648,0.0,android,1.59067106691914,-1.015521978420669,1.9956028177681604
16,37.8702503,-122.2680123,1568135821.0,2019-09-10T10:17:01-07:00,POINT (-122.2680123 37.8702503),22.575080773921673,0.0,android,0.5751490884984709,0.9800808393474914,0.33561811177280454
17,37.870249658974366,-122.26800579816855,1568135822.0,2019-09-10T10:17:02-07:00,POINT (-122.26800579816855 37.870249658974366),22.095164608308476,0.0,android,1.5552299278459623,1.315698951120296,-3.2148313648625333
18,37.870249,-122.2679881,1568135823.0,2019-09-10T10:17:03-07:00,POINT (-122.2679881 37.870249),20.754808823974567,0.0,android,2.870928878966258,-1.8991324137422372,1.8985412163409863
19,37.87025119318182,-122.26795551136357,1568135824.0,2019-09-10T10:17:04-07:00,POINT (-122.26795551136357 37.87025119318182),18.169495426328453,0.0,android,0.9717964652240211,-0.0005911974012509091,0.31976452166681135
20,37.8702521,-122.2679445,1568135825.0,2019-09-10T10:17:05-07:00,POINT (-122.2679445 37.8702521),17.306373985064017,0.0,android,0.9712052678227702,0.31917332426556044,0.7973564845667519
21,37.8702536,-122.2679336,1568135826.0,2019-09-10T10:17:06-07:00,POINT (-122.2679336 37.8702536),16.4251019212882,0.0,android,1.2903785920883306,1.1165298088323123,-2.5357695968764653
22,37.8702537,-122.2679189,1568135827.0,2019-09-10T10:17:07-07:00,POINT (-122.2679189 37.8702537),15.3859447028415,0.0,android,2.406908400920643,-1.419239788044153,2.5914912336901708
23,37.8702504,-122.2678918,1568135828.0,2019-09-10T10:17:08-07:00,POINT (-122.2678918 37.8702504),13.859165177300213,0.0,android,0.98766861287649,1.1722514456460178,-1.7511966494525535
24,37.87024842683498,-122.26788082920248,1568135829.0,2019-09-10T10:17:09-07:00,POINT (-122.26788082920248 37.87024842683498),13.369285378793828,0.0,android,2.159920058522508,-0.5789452038065357,0.6478640373771314
25,37.8702439,-122.2678569,1568135830.0,2019-09-10T10:17:10-07:00,POINT (-122.2678569 37.8702439),12.528512256344268,0.0,android,1.580974854715972,0.0689188335705957,-1.0797281846303484
26,37.8702434,-122.2678389,1568135831.0,2019-09-10T10:17:11-07:00,POINT (-122.2678389 37.8702434),11.821655892153723,0.0,android,1.6498936882865678,-1.0108093510597527,2.968619916418279
27,37.8702449,-122.2678202,1568135832.0,2019-09-10T10:17:12-07:00,POINT (-122.2678202 37.8702449),11.064070937515407,0.0,android,0.6390843372268151,1.9578105653585263,-3.2125299223259756
28,37.870246013172476,-122.26781305714331,1568135833.0,2019-09-10T10:17:13-07:00,POINT (-122.26781305714331 37.870246013172476),10.769484355053846,0.0,android,2.5968949025853414,-1.2547193569674493,3.8325605257941913
29,37.8702524,-122.2677846,1568135834.0,2019-09-10T10:17:14-07:00,POINT (-122.2677846 37.8702524),9.70808127836235,0.0,android,1.342175545617892,2.577841168826742,-4.973650012059241
30,37.87025719573743,-122.2677705680275,1568135835.0,2019-09-10T10:17:15-07:00,POINT (-122.2677705680275 37.87025719573743),9.224950222382795,0.16298228060528333,android,3.9200167144446345,-2.3958088432324987,2.3337765538528745
31,37.87022275571092,-122.26776102942853,1568135836.0,2019-09-10T10:17:16-07:00,POINT (-122.26776102942853 37.87022275571092),13.115448245394688,0.16298228060528333,android,1.5242078712121356,-0.06203228937962422,0.1412376304447398
32,37.8703396,-122.2676403,1568135847.0,2019-09-10T10:17:27-07:00,POINT (-122.2676403 37.8703396),12.25255879508019,1.0897502168500177,android,0.8418526880362692,1.4915816455125137,-2.332911168827139
33,37.87034683981888,-122.2676431054298,1568135848.0,2019-09-10T10:17:28-07:00,POINT (-122.2676431054298 37.87034683981888),11.943094973994928,1.8710344212861143,android,2.333434333548783,-0.8413295233146252,-0.08767507597973179
34,37.8703678,-122.2676444,1568135849.0,2019-09-10T10:17:29-07:00,POINT (-122.2676444 37.8703678),11.645801316942961,4.180406182763603,android,1.4921048102341576,-0.929004599294357,1.8959348701946483
35,37.8703812,-122.2676435,1568135850.0,2019-09-10T10:17:30-07:00,POINT (-122.2676435 37.8703812),11.607219579776427,5.668813078333466,android,0.5631002109398007,0.9669302709002914,-0.8681865575037546
36,37.870386237159515,-122.26764416061107,1568135851.0,2019-09-10T10:17:31-07:00,POINT (-122.26764416061107 37.870386237159515),11.505129373519049,6.221372989717634,android,1.530030481840092,0.09874371339653676,-0.928857827809871
37,37.8703998,-122.2676471,1568135852.0,2019-09-10T10:17:32-07:00,POINT (-122.2676471 37.8703998),11.12847817331417,7.701104780870593,android,1.6287741952366288,-0.8301141144133343,1.8706241985219996
38,37.87041339622108,-122.26765400417372,1568135853.0,2019-09-10T10:17:33-07:00,POINT (-122.26765400417372 37.87041339622108),10.403897992287797,9.156970583039953,android,0.7986600808232945,1.0405100841086652,-0.5334356764627968
39,37.8704195,-122.26765879999999,1568135854.0,2019-09-10T10:17:34-07:00,POINT (-122.26765879999999 37.8704195),9.929875616682423,9.79876469219411,android,1.8391701649319598,0.5070744076458684,-1.3822386741320625
40,37.87043125564144,-122.26767353929895,1568135855.0,2019-09-10T10:17:35-07:00,POINT (-122.26767353929895 37.87043125564144),8.534442776391407,10.996587445264167,android,2.3462445725778283,-0.875164266486194,-0.15805703475402288
41,37.8704452,-122.2676936,1568135856.0,2019-09-10T10:17:36-07:00,POINT (-122.2676936 37.8704452),6.600572598869398,12.679544920350548,android,1.4710803060916342,-1.033221301240217,1.9774227261125983
42,37.8704541,-122.267706,1568135857.0,2019-09-10T10:17:37-07:00,POINT (-122.267706 37.8704541),5.39839220484804,13.527749619962337,android,0.4378590048514174,0.9442014248723812,-0.657760626179453
43,37.870456919236936,-122.26770948258681,1568135858.0,2019-09-10T10:17:38-07:00,POINT (-122.26770948258681 37.870456919236936),5.056461893794108,13.801175868793656,android,1.3820604297237986,0.28644079869292827,-0.9299994131217664
44,37.8704685,-122.2677152,1568135859.0,2019-09-10T10:17:39-07:00,POINT (-122.2677152 37.8704685),4.4017240857468005,15.015793745989527,android,1.6685012284167269,-0.6435586144288381,0.04233156742060584
45,37.8704835,-122.2677147,1568135860.0,2019-09-10T10:17:40-07:00,POINT (-122.2677147 37.8704835),4.243895336520255,16.673206442299325,android,1.0249426139878888,-0.6012270470082323,1.7231467628201562
46,37.8704915,-122.2677205,1568135861.0,2019-09-10T10:17:41-07:00,POINT (-122.2677205 37.8704915),3.630044766394449,17.492562444656553,android,0.4237155669796565,1.121919715811924,-0.0355719035054729
47,37.87049465599648,-122.26772320513984,1568135862.0,2019-09-10T10:17:42-07:00,POINT (-122.26772320513984 37.87049465599648),3.3514694190941583,17.81135740280189,android,1.5456352827915805,1.0863478123064512,-3.0274456736410063
48,37.8705061,-122.2677332,1568135863.0,2019-09-10T10:17:43-07:00,POINT (-122.2677332 37.8705061),2.325109027824951,18.965366925309873,android,2.6319830950980316,-1.9410978613345553,2.758172592680028
49,37.8705206,-122.2677095,1568135864.0,2019-09-10T10:17:44-07:00,POINT (-122.2677095 37.8705206),4.199567078729587,20.814741816138323,android,0.6908852337634763,0.8170747313454723,-0.9052355966916645
50,37.87052439403755,-122.2677032669383,1568135865.0,2019-09-10T10:17:45-07:00,POINT (-122.2677032669383 37.87052439403755),4.69280747946456,21.298983498996535,android,1.5079599651089486,-0.08816086534619227,-0.8547390692376704
51,37.8705342,-122.2676914,1568135866.0,2019-09-10T10:17:46-07:00,POINT (-122.2676914 37.8705342),5.597182604710797,22.50536330321961,android,1.4197990997627563,-0.9428999345838627,2.5369239197286344
52,37.8705467,-122.2676947,1568135867.0,2019-09-10T10:17:47-07:00,POINT (-122.2676947 37.8705467),5.141159662988461,23.846965668342172,android,0.4768991651788936,1.5940239851447715,-3.2257330591894045
53,37.87055040731673,-122.26769743170705,1568135868.0,2019-09-10T10:17:48-07:00,POINT (-122.26769743170705 37.87055040731673),4.852859375251151,24.226199684721358,android,2.070923150323665,-1.6317090740446327,2.922117267334504
54,37.8705681,-122.2677048,1568135869.0,2019-09-10T10:17:49-07:00,POINT (-122.2677048 37.8705681),3.979368382624272,25.944885834946465,android,0.4392140762790325,1.2904081932898714,-1.882878340396742
55,37.87057194923823,-122.26770592269449,1568135870.0,2019-09-10T10:17:50-07:00,POINT (-122.26770592269449 37.87057194923823),3.845447857483945,26.362288695009482,android,1.7296222695689039,-0.5924701471068705,1.066199949987335
56,37.8705872,-122.2677098,1568135871.0,2019-09-10T10:17:51-07:00,POINT (-122.2677098 37.8705872),3.3648863155040822,28.020222566279255,android,1.1371521224620333,0.4737298028804644,-1.495918763786872
57,37.870596,-122.2677164,1568135872.0,2019-09-10T10:17:52-07:00,POINT (-122.2677164 37.870596),2.705195079844403,28.94497546447941,android,1.6108819253424977,-1.0221889609064077,1.9872557450274058
58,37.870604,-122.2677317,1568135873.0,2019-09-10T10:17:53-07:00,POINT (-122.2677317 37.870604),1.2903193155098263,29.717640298893,android,0.5886929644360901,0.9650667841209981,-2.2463268257755162
59,37.8706091,-122.2677335,1568135874.0,2019-09-10T10:17:54-07:00,POINT (-122.2677335 37.8706091),1.08549220056348,30.268387444255353,android,1.5537597485570882,-1.2812600416545181,2.117516400232904
60,37.8706219,-122.2677406,1568135875.0,2019-09-10T10:17:55-07:00,POINT (-122.2677406 37.8706219),0.3450700029866326,31.631767666342387,android,0.2724997069025701,0.8362563585783858,-0.9685986394564504
61,37.870623854397515,-122.26774247296427,1568135876.0,2019-09-10T10:17:56-07:00,POINT (-122.26774247296427 37.870623854397515),0.1628702711186156,31.834168681504764,android,1.1087560654809558,-0.13234228087806466,0.21328097052650996
62,37.87062923876257,-122.2677531045497,1568135877.0,2019-09-10T10:17:57-07:00,POINT (-122.2677531045497 37.87062923876257),0.8186796154330721,32.351764882204876,android,0.9764137846028912,0.0809386896484453,-0.9366381231038937
63,37.8706334,-122.2677629,1568135878.0,2019-09-10T10:17:58-07:00,POINT (-122.2677629 37.8706334),1.7156560393147546,32.74023413284721,android,1.0573524742513365,-0.8556994334554484,1.264191577700333
64,37.8706419,-122.2677575,1568135879.0,2019-09-10T10:17:59-07:00,POINT (-122.2677575 37.8706419),1.3207640494793849,33.71958298382011,android,0.20165304079588814,0.4084921442448845,-0.7369619302513896
65,37.8706436,-122.2677567,1568135880.0,2019-09-10T10:18:00-07:00,POINT (-122.2677567 37.8706436),1.2663280020716225,33.91340486079321,android,0.6101451850407726,-0.32846978600650506,0.929492966630663
66,37.8706489,-122.2677585,1568135881.0,2019-09-10T10:18:01-07:00,POINT (-122.2677585 37.8706489),1.4730001695815569,34.48626627468868,android,0.2816753990342676,0.6010231806241579,-0.6576157768986195
67,37.87065137295226,-122.26775919551781,1568135882.0,2019-09-10T10:18:02-07:00,POINT (-122.26775919551781 37.87065137295226),1.556779620997799,34.75461619658434,android,0.8826985796584255,-0.05659259627446156,-0.08042157841133979
68,37.8706591,-122.2677615,1568135883.0,2019-09-10T10:18:03-07:00,POINT (-122.2677615 37.8706591),1.8300631688177313,35.59214904939205,android,0.8261059833839639,-0.13701417468580135,1.1106658947928363
69,37.87066628050132,-122.26775908457307,1568135884.0,2019-09-10T10:18:04-07:00,POINT (-122.26775908457307 37.87066628050132),1.684598440906461,36.403770677350536,android,0.6890918086981626,0.9736517201070349,-2.0264999203455263
70,37.870671022084025,-122.26775402977704,1568135885.0,2019-09-10T10:18:05-07:00,POINT (-122.26775402977704 37.870671022084025),1.285287487299076,36.96502267604307,android,1.6627435288051975,-1.0528482002384911,2.950225143704065
71,37.870685,-122.2677473,1568135886.0,2019-09-10T10:18:06-07:00,POINT (-122.2677473 37.870685),0.8243809541192754,38.559796236559265,android,0.6098953285667064,1.8973769434655738,-4.1173419661859585
72,37.87069027065511,-122.26774922307688,1568135887.0,2019-09-10T10:18:07-07:00,POINT (-122.26774922307688 37.87069027065511),1.041570179052512,39.12851277229723,android,2.50727227203228,-2.2199650227203844,4.092740332454923
73,37.870712562707205,-122.26775351833186,1568135888.0,2019-09-10T10:18:08-07:00,POINT (-122.26775351833186 37.870712562707205),1.623730114770957,41.56195279975893,android,0.2873072493118958,1.8727753097345383,-3.165137777530886
74,37.8707151,-122.26775290000002,1568135889.0,2019-09-10T10:18:09-07:00,POINT (-122.26775290000002 37.8707151),1.5929427797996571,41.84702629962338,android,2.160082559046434,-1.2923624677963477,2.2547817193827795
75,37.8707337,-122.2677458,1568135890.0,2019-09-10T10:18:10-07:00,POINT (-122.2677458 37.8707337),1.1422315327048997,43.95557621908775,android,0.8677200912500864,0.9624192515864316,-2.252543256095146
76,37.8707415,-122.2677455,1568135891.0,2019-09-10T10:18:11-07:00,POINT (-122.2677455 37.8707415),1.1879023927568904,44.82022442039084,android,1.830139342836518,-1.2901240045087148,2.2415250264528916
77,37.87075787570136,-122.2677475929907,1568135892.0,2019-09-10T10:18:12-07:00,POINT (-122.2677475929907 37.87075787570136),1.5224445892004772,46.615594630131454,android,0.5400153383278031,0.9514010219441768,-1.2904330597025306
78,37.8707627,-122.2677483,1568135893.0,2019-09-10T10:18:13-07:00,POINT (-122.2677483 37.8707627),1.6235424030111028,47.19042263679032,android,1.4914163602719799,-0.3390320377583538,-0.15119334800530748
79,37.87077601132638,-122.26775038432888,1568135894.0,2019-09-10T10:18:14-07:00,POINT (-122.26775038432888 37.87077601132638),1.8872218369066396,48.65517520357714,android,1.152384322513626,-0.49022538576366126,0.8142680987920472
80,37.870786349829814,-122.26775129817977,1568135895.0,2019-09-10T10:18:15-07:00,POINT (-122.26775129817977 37.870786349829814),2.030098730462482,49.7961889495202,android,0.6621589367499648,0.32404271302838594,-0.942421296399308
81,37.8707923,-122.2677516,1568135896.0,2019-09-10T10:18:16-07:00,POINT (-122.2677516 37.8707923),2.0926450096467692,50.453958386024965,android,0.9862016497783508,-0.6183785833709221,1.6363210479957784
82,37.8708011,-122.267753,1568135897.0,2019-09-10T10:18:17-07:00,POINT (-122.267753 37.8708011),2.268899244236145,51.42218739220943,android,0.36782306640742873,1.0179424646248563,-0.516082059574485
83,37.8708044057849,-122.26775315026296,1568135898.0,2019-09-10T10:18:18-07:00,POINT (-122.26775315026296 37.8708044057849),2.302118526823346,51.787713405492354,android,1.385765531032285,0.5018604050503712,-1.814392906484126
84,37.8708168,-122.2677515,1568135899.0,2019-09-10T10:18:19-07:00,POINT (-122.2677515 37.8708168),2.2322544811304312,53.168790286743,android,1.8876259360826562,-1.3125325014337548,2.286662734753011
85,37.8708334,-122.267747,1568135900.0,2019-09-10T10:18:20-07:00,POINT (-122.267747 37.8708334),1.9375875657994768,55.02950800149863,android,0.5750934346489014,0.9741302333192563,-2.1413010336959406
86,37.870838491258944,-122.26774584726213,1568135901.0,2019-09-10T10:18:21-07:00,POINT (-122.26774584726213 37.870838491258944),1.8671858390037401,55.59910256497253,android,1.5492236679681577,-1.167170800376684,2.233842945202007
87,37.8708523,-122.2677435,1568135902.0,2019-09-10T10:18:22-07:00,POINT (-122.2677435 37.8708523),1.7446759577746729,57.14024111456329,android,0.38205286759147356,1.066672144825323,-0.6208083504417505
88,37.87085571614878,-122.26774303416151,1568135903.0,2019-09-10T10:18:23-07:00,POINT (-122.26774303416151 37.87085571614878),1.7244549722242764,57.52095242658147,android,1.4487250124167965,0.4458637943835724,-1.842338406499952
89,37.87086814716192,-122.2677380925639,1568135904.0,2019-09-10T10:18:24-07:00,POINT (-122.2677380925639 37.87086814716192),1.365754555088794,58.92190891697341,android,1.894588806800369,-1.3964746121163796,1.9789093349436881
90,37.8708836,-122.267729,1568135905.0,2019-09-10T10:18:25-07:00,POINT (-122.267729 37.8708836),0.6608009119575087,60.67758315413299,android,0.4981141946839894,0.5824347228273086,-0.8411751425690327
91,37.870887610461814,-122.26772647166538,1568135906.0,2019-09-10T10:18:26-07:00,POINT (-122.26772647166538 37.870887610461814),0.46304221441427557,61.13404105524074,android,1.080548917511298,-0.2587404197417241,0.28907448010377335
92,37.870897,-122.2677233,1568135907.0,2019-09-10T10:18:27-07:00,POINT (-122.2677233 37.870897),0.24136366677038984,62.189534967058876,android,0.8218084977695738,0.03033406036204922,0.5627737626669534
93,37.8709041,-122.2677207,1568135908.0,2019-09-10T10:18:28-07:00,POINT (-122.2677207 37.8709041),0.05602394665259714,62.98862649961769,android,0.852142558131623,0.5931078230290027,0.010941620077619452
94,37.87090890343355,-122.26771313562213,1568135909.0,2019-09-10T10:18:29-07:00,POINT (-122.26771313562213 37.87090890343355),0.5792189976266174,63.5571173989878,android,1.4452503811606257,0.6040494431066221,-1.86543179187108
95,37.87091636435647,-122.2676996534653,1568135910.0,2019-09-10T10:18:30-07:00,POINT (-122.2676996534653 37.87091636435647),1.7180908648909012,64.44844457621046,android,2.0492998242672478,-1.261382348764458,0.8589124859864097
96,37.8709292,-122.2676829,1568135911.0,2019-09-10T10:18:31-07:00,POINT (-122.2676829 37.8709292),3.1117088590914843,65.95094324792584,android,0.7879174755027899,-0.40246986277804836,1.198770224577438
97,37.8709348,-122.2676774,1568135912.0,2019-09-10T10:18:32-07:00,POINT (-122.2676774 37.8709348),3.5608240261251054,66.59777404198675,android,0.38544761272474154,0.7963003617993898,-0.5331328329059397
98,37.8709378,-122.2676752,1568135913.0,2019-09-10T10:18:33-07:00,POINT (-122.2676752 37.8709378),3.735866822982506,66.94070666534114,android,1.1817479745241313,0.2631675288934501,-1.1665156281471707
99,37.87094711445598,-122.26766871713865,1568135914.0,2019-09-10T10:18:34-07:00,POINT (-122.26766871713865 37.87094711445598),4.248802862461713,68.00378066877667,android,1.4449155034175813,-0.9033480992537207,2.0441249865788205
100,37.8709593,-122.267663,1568135915.0,2019-09-10T10:18:35-07:00,POINT (-122.267663 37.8709593),4.677099739942976,69.38126563736219,android,0.5415674041638606,1.1407768873250999,-1.333005746652844
101,37.87096368667769,-122.26766031925253,1568135916.0,2019-09-10T10:18:36-07:00,POINT (-122.26766031925253 37.87096368667769),4.8859647213352,69.88013637827378,android,1.6823442914889606,-0.19222885932774414,-0.3447743894418722
102,37.8709775,-122.2676525,1568135917.0,2019-09-10T10:18:37-07:00,POINT (-122.2676525 37.8709775),5.681528052057859,69.98161952958564,android,1.4901154321612164,-0.5370032487696164,0.233219209814859
103,37.8709909,-122.2676527,1568135918.0,2019-09-10T10:18:38-07:00,POINT (-122.2676527 37.8709909),6.144761254653679,69.98161952958564,android,0.9531121833916001,-0.30378403895475736,0.2849534935029362
104,37.8709994,-122.2676513,1568135919.0,2019-09-10T10:18:39-07:00,POINT (-122.2676513 37.8709994),6.7103727974455145,69.98161952958564,android,0.6493281444368427,-0.018830545451821168,-0.4003966928098752
105,37.87100523460186,-122.26765099558598,1568135920.0,2019-09-10T10:18:40-07:00,POINT (-122.26765099558598 37.87100523460186),7.0997473369688855,69.98161952958564,android,0.6304975989850216,-0.4192272382616964,1.1534805146473184
106,37.8710109,-122.26765069999999,1568135921.0,2019-09-10T10:18:41-07:00,POINT (-122.26765069999999 37.8710109),7.512073195243952,69.98161952958564,android,0.2112703607233252,0.734253276385622,-1.2446186031664808
107,37.8710128,-122.2676507,1568135922.0,2019-09-10T10:18:42-07:00,POINT (-122.2676507 37.8710128),7.650440751478663,69.98161952958564,android,0.9455236371089472,-0.5103653267808588,0.5103653221629831
108,37.8710213,-122.267651,1568135923.0,2019-09-10T10:18:43-07:00,POINT (-122.267651 37.8710213),8.288679524919546,69.98161952958564,android,0.43515831032808844,-4.617875692947138e-09,1.9295299795952008
109,37.8710249337896,-122.26764915950916,1568135924.0,2019-09-10T10:18:44-07:00,POINT (-122.26764915950916 37.8710249337896),8.694370031530399,69.98161952958564,android,0.43515830571021274,1.9295299749773251,-3.8959619506117997
110,37.87102856757919,-122.26764731901835,1568135925.0,2019-09-10T10:18:45-07:00,POINT (-122.26764731901835 37.87102856757919),9.102717426081139,69.98161952958564,android,2.364688280687538,-1.9664319756344746,2.005676996755244
111,37.871047729816624,-122.26763563577977,1568135926.0,2019-09-10T10:18:46-07:00,POINT (-122.26763563577977 37.871047729816624),11.395088087011684,69.98161952958564,android,0.3982563050530632,0.0392450211207695,-0.022076499720563747
112,37.8710511,-122.2676341,1568135927.0,2019-09-10T10:18:47-07:00,POINT (-122.2676341 37.8710511),11.773186020163221,69.98161952958564,android,0.4375013261738327,0.01716852140020575,-0.017168511978218226
113,37.8710543,-122.267637,1568135928.0,2019-09-10T10:18:48-07:00,POINT (-122.267637 37.8710543),11.906410669432486,69.98161952958564,android,0.45466984757403844,9.421987523516862e-09,0.009270127836119801
114,37.871051249999994,-122.26764044999997,1568135929.0,2019-09-10T10:18:49-07:00,POINT (-122.26764044999997 37.871051249999994),11.45474779033951,69.98161952958564,android,0.45466985699602597,0.009270137258107325,-0.23822068251272524
115,37.8710482,-122.26764389999998,1568135930.0,2019-09-10T10:18:50-07:00,POINT (-122.26764389999998 37.8710482),11.003321552293102,69.98161952958564,android,0.4639399942541333,-0.22895054525461792,0.16440891865654603
116,37.8710453,-122.2676477,1568135931.0,2019-09-10T10:18:51-07:00,POINT (-122.2676477 37.8710453),10.548350975239833,69.98161952958564,android,0.23498944899951538,-0.06454162659807189,-0.1059061958033716
117,37.8710432,-122.2676474,1568135932.0,2019-09-10T10:18:52-07:00,POINT (-122.2676474 37.8710432),10.372560746936088,69.98161952958564,android,0.1704478224014435,-0.1704478224014435,0.1704478224014435
118,37.8710417,-122.267647,1568135933.0,2019-09-10T10:18:53-07:00,POINT (-122.267647 37.8710417),10.258052075920212,69.98161952958564,android,0.0,0.0,0.0
