,latitude,longitude,ts,fmt_time,geometry,gt_distance,gt_projection,source,speed,acceleration,jerk
0,37.8703315,-122.2680649,1564074945.0,2019-07-25T10:15:45-07:00,POINT (-122.2680649 37.8703315),24.913699570486955,0.0,android,0.5593231540091644,-0.2118306241308176,0.42885855844652554
1,37.8703334,-122.268059,1564074946.0,2019-07-25T10:15:46-07:00,POINT (-122.268059 37.8703334),24.38801207382567,0.0,android,0.34749252987834683,0.21702793431570794,-0.2943872034615536
2,37.8703347,-122.2680554,1564074947.0,2019-07-25T10:15:47-07:00,POINT (-122.2680554 37.8703347),24.06763991210832,0.0,android,0.5645204641940548,-0.07735926914584568,-0.16177144318483005
3,37.8703352,-122.268049,1564074948.0,2019-07-25T10:15:48-07:00,POINT (-122.268049 37.8703352),23.50359588948074,0.0,android,0.4871611950482091,-0.23913071233067573,0.21393643945000823
4,37.8703365,-122.2680437,1564074949.0,2019-07-25T10:15:49-07:00,POINT (-122.2680437 37.8703365),23.03475180338713,0.0,android,0.24803048271753336,-0.0251942728806675,0.029037284125265794
5,37.8703362,-122.2680409,1564074950.0,2019-07-25T10:15:50-07:00,POINT (-122.2680409 37.8703362),22.789077496182575,0.0,android,0.22283620983686586,0.0038430112445982934,0.01550616864681309
6,37.8703352,-122.2680387,1564074951.0,2019-07-25T10:15:51-07:00,POINT (-122.2680387 37.8703352),22.597876078104168,0.0,android,0.22667922108146416,0.019349179891411383,0.015510413257078859
7,37.8703372,-122.2680382,1564074952.0,2019-07-25T10:15:52-07:00,POINT (-122.2680382 37.8703372),22.54990434301068,0.0,android,0.24602840097287554,0.03485959314849024,0.10916346901347185
8,37.8703371,-122.2680354,1564074953.0,2019-07-25T10:15:53-07:00,POINT (-122.2680354 37.8703371),22.30379855623865,0.0,android,0.2808879941213658,0.1440230621619621,0.10563942996746034
9,37.8703371,-122.2680322,1564074954.0,2019-07-25T10:15:54-07:00,POINT (-122.2680322 37.8703371),22.022365815735935,0.0,android,0.42491105628332787,0.24966249212942243,0.26632868991182784
10,37.870339,-122.268028,1564074955.0,2019-07-25T10:15:55-07:00,POINT (-122.268028 37.870339),21.65102191978661,0.0,android,0.6745735484127503,0.5159911820412503,-0.4380584636644659
11,37.8703381,-122.2680204,1564074956.0,2019-07-25T10:15:56-07:00,POINT (-122.2680204 37.8703381),20.98325799021718,0.0,android,1.1905647304540006,0.0779327183767844,0.10616063307516721
12,37.8703402,-122.2680071,1564074957.0,2019-07-25T10:15:57-07:00,POINT (-122.2680071 37.8703402),19.81255757139345,0.0,android,1.268497448830785,0.1840933514519516,-0.28857338104380537
13,37.8703427,-122.267993,1564074958.0,2019-07-25T10:15:58-07:00,POINT (-122.267993 37.8703427),18.574998619270648,0.0,android,1.4525908002827366,-0.10448002959185376,-0.030062204721061248
14,37.8703437,-122.2679765,1564074959.0,2019-07-25T10:15:59-07:00,POINT (-122.2679765 37.8703437),17.126342059596887,0.0,android,1.3481107706908828,-0.134542234312915,0.23775893488374078
15,37.8703504,-122.2679637,1564074960.0,2019-07-25T10:16:00-07:00,POINT (-122.2679637 37.8703504),16.037853098498427,0.0,android,1.2135685363779678,0.10321670057082577,-0.10700862895608032
16,37.8703575,-122.2679532,1564074961.0,2019-07-25T10:16:01-07:00,POINT (-122.2679532 37.8703575),15.19812256874657,0.0,android,1.3167852369487936,-0.0037919283852545504,0.5741690882813537
17,37.8703645,-122.2679411,1564074962.0,2019-07-25T10:16:02-07:00,POINT (-122.2679411 37.8703645),14.271548181779556,0.0,android,1.312993308563539,0.5703771598960992,-0.2563250068762726
18,37.8703702,-122.267928,1564074963.0,2019-07-25T10:16:03-07:00,POINT (-122.267928 37.8703702),13.241597343098825,2.474671656114709,android,1.8833704684596382,0.3140521530198266,-0.8983587921567786
19,37.8703752,-122.2679075,1564074964.0,2019-07-25T10:16:04-07:00,POINT (-122.2679075 37.8703752),11.487974737573271,3.1701983333540507,android,2.1974226214794648,-0.584306639136952,0.6521955100324721
20,37.8703837,-122.2678849,1564074965.0,2019-07-25T10:16:05-07:00,POINT (-122.2678849 37.8703837),9.580910054413293,4.2674505990882,android,1.6131159823425127,0.06788887089552009,-0.6820824800152274
21,37.8703904,-122.2678686,1564074966.0,2019-07-25T10:16:06-07:00,POINT (-122.2678686 37.8703904),8.210454152168579,5.121819950993443,android,1.6810048532380328,-0.6141936091197073,0.5829986861678622
22,37.8703915,-122.2678495,1564074967.0,2019-07-25T10:16:07-07:00,POINT (-122.2678495 37.8703915),6.545390677969828,5.376244509327126,android,1.0668112441183255,-0.031194922951845117,-0.25945547426237603
23,37.8703924,-122.2678374,1564074968.0,2019-07-25T10:16:08-07:00,POINT (-122.2678374 37.8703924),5.492341078339493,5.5598937642182165,android,1.0356163211664804,-0.29065039721422115,0.6928815935949371
24,37.8703941,-122.2678258,1564074969.0,2019-07-25T10:16:09-07:00,POINT (-122.2678258 37.8703941),4.49014647789783,5.828554519193964,android,0.7449659239522592,0.4022311963807159,3.4030364056480096
25,37.8703961,-122.2678177,1564074970.0,2019-07-25T10:16:10-07:00,POINT (-122.2678177 37.8703961),3.797466036211217,6.106070844701137,android,1.1471971203329752,3.8052676020287253,-3.1347324235085905
26,37.8703998,-122.2678055,1564074971.0,2019-07-25T10:16:11-07:00,POINT (-122.2678055 37.8703998),2.7601990487163146,6.600118790322058,android,4.9524647223617,0.6705351785201348,-4.458858281491322
27,37.87035859581361,-122.26778408048865,1564074972.0,2019-07-25T10:16:12-07:00,POINT (-122.26778408048865 37.87035859581361),0.5208316503667976,2.1914718781195677,android,5.622999900881835,-3.7883231029711872,3.3558882725028343
28,37.8704042,-122.2677564,1564074973.0,2019-07-25T10:16:13-07:00,POINT (-122.2677564 37.8704042),1.5063605687034431,7.428070683072999,android,1.8346767979106475,-0.43243483046835296,-0.13938945884096254
29,37.8704131,-122.2677388,1564074974.0,2019-07-25T10:16:14-07:00,POINT (-122.2677388 37.8704131),2.9715103313837243,8.534816044471954,android,1.4022419674422946,-0.5718242893093155,0.4617589856175389
30,37.8704252,-122.2677433,1564074975.0,2019-07-25T10:16:15-07:00,POINT (-122.2677433 37.8704252),2.470851161579469,9.84189863446247,android,0.8304176781329791,-0.11006530369177658,0.06518878580632481
31,37.8704311,-122.2677491,1564074976.0,2019-07-25T10:16:16-07:00,POINT (-122.2677491 37.8704311),1.9105692689494786,10.454173897791229,android,0.7203523744412025,-0.04487651788545177,0.0370897053760989
32,37.8704368,-122.267753,1564074977.0,2019-07-25T10:16:17-07:00,POINT (-122.267753 37.8704368),1.518634983284457,11.05753375503228,android,0.6754758565557507,-0.0077868125093528695,0.39736090866563056
33,37.8704407,-122.2677589,1564074978.0,2019-07-25T10:16:18-07:00,POINT (-122.2677589 37.8704407),0.9597292600808892,11.488608662630455,android,0.6676890440463978,0.3895740961562777,-0.23873572594357073
34,37.8704467,-122.2677586,1564074979.0,2019-07-25T10:16:19-07:00,POINT (-122.2677586 37.8704467),0.9053290001266476,12.152638552995676,android,1.0572631402026755,0.15083837021270696,-0.03328965922497917
35,37.8704562,-122.2677581,1564074980.0,2019-07-25T10:16:20-07:00,POINT (-122.2677581 37.8704562),0.8213779756364372,13.204285412059667,android,1.2081015104153825,0.11754871098772779,-0.16370432972893956
36,37.870467,-122.2677566,1564074981.0,2019-07-25T10:16:21-07:00,POINT (-122.2677566 37.870467),0.8072742517579939,14.409761195325808,android,1.3256502214031103,-0.04615561874121177,-0.2795479490467304
37,37.8704787,-122.2677537,1564074982.0,2019-07-25T10:16:22-07:00,POINT (-122.2677537 37.8704787),0.9033143017648719,15.729269363173648,android,1.2794946026618985,-0.3257035677879422,0.0007756809469943171
38,37.8704902,-122.2677532,1564074983.0,2019-07-25T10:16:23-07:00,POINT (-122.2677532 37.8704902),0.792498845370176,17.001194727532017,android,0.9537910348739563,-0.32492788684094787,0.7034139588288723
39,37.8704986,-122.267751,1564074984.0,2019-07-25T10:16:24-07:00,POINT (-122.267751 37.8704986),0.8717485838283835,17.94978983079734,android,0.6288631480330085,0.3784860719879244,-0.2791070552332482
40,37.8705039,-122.2677535,1564074985.0,2019-07-25T10:16:25-07:00,POINT (-122.2677535 37.8705039),0.5822853068026105,18.506908137726867,android,1.0073492200209329,0.0993790167546762,0.04004902647830133
41,37.8705126,-122.2677567,1564074986.0,2019-07-25T10:16:26-07:00,POINT (-122.2677567 37.8705126),0.1860363134568887,19.431046396402685,android,1.106728236775609,0.13942804323297753,-0.589553060033021
42,37.8705225,-122.267758,1564074987.0,2019-07-25T10:16:27-07:00,POINT (-122.267758 37.8705225),0.06044398056747688,20.50758276309563,android,1.2461562800085866,-0.45012501680004346,0.5771785964580478
43,37.8705337,-122.2677585,1564074988.0,2019-07-25T10:16:28-07:00,POINT (-122.2677585 37.8705337),0.2545388244242823,21.735818477646994,android,0.7960312632085431,0.12705357965800435,-0.017549567334135263
44,37.8705407,-122.2677604,1564074989.0,2019-07-25T10:16:29-07:00,POINT (-122.2677604 37.8705407),0.5144512104113034,22.486562284719067,android,0.9230848428665475,0.10950401232386908,-0.15226495674109075
45,37.870549,-122.2677602,1564074990.0,2019-07-25T10:16:30-07:00,POINT (-122.2677602 37.870549),0.6084764002056271,23.40284768187179,android,1.0325888551904165,-0.04276094441722167,0.016568918626845397
46,37.8705582,-122.2677586,1564074991.0,2019-07-25T10:16:31-07:00,POINT (-122.2677586 37.8705582),0.592357907539903,24.43316544334138,android,0.9898279107731949,-0.026192025790376272,0.00918934498635271
47,37.870567,-122.2677569,1564074992.0,2019-07-25T10:16:32-07:00,POINT (-122.2677569 37.870567),0.5621356787718416,25.420492292409122,android,0.9636358849828186,-0.017002680804023562,0.16389862395517296
48,37.8705754,-122.2677542,1564074993.0,2019-07-25T10:16:33-07:00,POINT (-122.2677542 37.8705754),0.41795807238098986,26.390745542326673,android,0.946633204178795,0.1468959431511494,-0.058982230934326196
49,37.8705831,-122.2677496,1564074994.0,2019-07-25T10:16:34-07:00,POINT (-122.2677496 37.8705831),0.08580566482340286,27.27578648929234,android,1.0935291473299444,0.0879137122168232,0.12277686562411194
50,37.870592,-122.2677443,1564074995.0,2019-07-25T10:16:35-07:00,POINT (-122.2677443 37.870592),0.2966308185267115,28.298632430841103,android,1.1814428595467676,0.21069057784093514,0.23587203421738967
51,37.8706018,-122.2677391,1564074996.0,2019-07-25T10:16:36-07:00,POINT (-122.2677391 37.8706018),0.6619982688974297,29.420260924712156,android,1.3921334373877028,0.4465626120583248,-0.8170657436204731
52,37.8706136,-122.2677338,1564074997.0,2019-07-25T10:16:37-07:00,POINT (-122.2677338 37.8706136),1.0176778248259815,30.763762881140806,android,1.8386960494460276,-0.3705031315621483,0.24312964221031041
53,37.8706298,-122.2677296,1564074998.0,2019-07-25T10:16:38-07:00,POINT (-122.2677296 37.8706298),1.236344504826944,32.58573203963631,android,1.4681929178838793,-0.1273734893518379,-0.2989474940915221
54,37.870643,-122.2677292,1564074999.0,2019-07-25T10:16:39-07:00,POINT (-122.2677292 37.870643),1.1496158302877781,34.048195160214696,android,1.3408194285320414,-0.42632098344336,0.6043926273779381
55,37.870655,-122.2677277,1564075000.0,2019-07-25T10:16:40-07:00,POINT (-122.2677277 37.870655),1.1703751849696038,35.386018382892445,android,0.9144984450886814,0.17807164393457808,0.22063663528381194
56,37.8706632,-122.2677269,1564075001.0,2019-07-25T10:16:41-07:00,POINT (-122.2677269 37.8706632),1.1648392045368223,36.29855195017943,android,1.0925700890232595,0.39870827921839,0.03368558384859832
57,37.870673,-122.267726,1564075002.0,2019-07-25T10:16:42-07:00,POINT (-122.267726 37.870673),1.1533059937679848,37.3887305543018,android,1.4912783682416495,0.43239386306698835,-0.6547610726045989
58,37.8706864,-122.2677253,1564075003.0,2019-07-25T10:16:43-07:00,POINT (-122.2677253 37.8706864),1.0910272822998197,38.87550206748028,android,1.9236722313086378,-0.22236720953761058,0.2594522539578106
59,37.8707037,-122.2677253,1564075004.0,2019-07-25T10:16:44-07:00,POINT (-122.2677253 37.8707037),0.9314095704985792,40.78838083363771,android,1.7013050217710273,0.0370850444202,-0.5231512416776094
60,37.870719,-122.2677254,1564075005.0,2019-07-25T10:16:45-07:00,POINT (-122.2677254 37.870719),0.7814796576459938,42.47938615570756,android,1.7383900661912273,-0.4860661972574094,0.5303060905341708
61,37.8707346,-122.2677241,1564075006.0,2019-07-25T10:16:46-07:00,POINT (-122.2677241 37.8707346),0.7514933307210114,44.2138022975906,android,1.2523238689338179,0.044239893276761366,0.20839083750529186
62,37.8707458,-122.2677226,1564075007.0,2019-07-25T10:16:47-07:00,POINT (-122.2677226 37.8707458),0.7796335977270689,45.463168707919635,android,1.2965637622105792,0.2526307307820532,-0.5448320936471638
63,37.8707574,-122.2677211,1564075008.0,2019-07-25T10:16:48-07:00,POINT (-122.2677211 37.8707574),0.8040832344745589,46.75676353018341,android,1.5491944929926325,-0.29220136286511056,1.0870433858332063
64,37.8707713,-122.2677199,1564075009.0,2019-07-25T10:16:49-07:00,POINT (-122.2677199 37.8707713),0.8185854013269478,48.27957320549945,android,1.256993130127522,0.7948420229680957,-0.8255551982797333
65,37.8707826,-122.2677195,1564075010.0,2019-07-25T10:16:50-07:00,POINT (-122.2677195 37.8707826),0.7852727977138424,49.53341922957378,android,2.0518351530956176,-0.03071317531163764,-0.7203273770566563
66,37.8708009,-122.2677165,1564075011.0,2019-07-25T10:16:51-07:00,POINT (-122.2677165 37.8708009),0.9379058842551995,51.5752778078283,android,2.02112197778398,-0.7510405523682939,0.3045227734608025
67,37.8708189,-122.2677133,1564075012.0,2019-07-25T10:16:52-07:00,POINT (-122.2677133 37.8708189),1.1099207854376607,53.58485970541247,android,1.270081425415686,-0.44651777890749145,0.3815720321473268
68,37.8708303,-122.2677124,1564075013.0,2019-07-25T10:16:53-07:00,POINT (-122.2677124 37.8708303),1.1199146004711926,54.85218539474169,android,0.8235636465081946,-0.06494574676016462,-0.20315626122240849
69,37.8708375,-122.2677146,1564075014.0,2019-07-25T10:16:54-07:00,POINT (-122.2677146 37.8708375),0.8830914335330998,55.6393094786674,android,0.75861789974803,-0.2681020079825731,0.6152814103664522
70,37.8708443,-122.2677153,1564075015.0,2019-07-25T10:16:55-07:00,POINT (-122.2677153 37.8708443),0.7804276962935583,56.38931963358379,android,0.49051589176545685,0.3471794023838791,-0.6659010783954133
71,37.8708487,-122.2677157,1564075016.0,2019-07-25T10:16:56-07:00,POINT (-122.2677157 37.8708487),0.7186477545441634,56.87487451320058,android,0.837695294149336,-0.3187216760115342,0.20091499300806376
72,37.8708562,-122.2677166,1564075017.0,2019-07-25T10:16:57-07:00,POINT (-122.2677166 37.8708562),0.5941793533374239,57.7014773096153,android,0.5189736181378017,-0.11780668300347047,-0.04728813056009171
73,37.8708608,-122.2677176,1564075018.0,2019-07-25T10:16:58-07:00,POINT (-122.2677176 37.8708608),0.4784934019542103,58.20630936136435,android,0.40116693513433127,-0.16509481356356218,0.005604661619500267
74,37.8708644,-122.2677173,1564075019.0,2019-07-25T10:16:59-07:00,POINT (-122.2677173 37.8708644),0.4830360480618642,58.606593285764276,android,0.2360721215707691,-0.1594901519440619,0.2574788590597219
75,37.8708663,-122.2677185,1564075020.0,2019-07-25T10:17:00-07:00,POINT (-122.2677185 37.8708663),0.3661387335155298,58.811332428883105,android,0.07658196962670719,0.09798870711565999,-0.06044755512955485
76,37.8708668,-122.2677191,1564075021.0,2019-07-25T10:17:01-07:00,POINT (-122.2677191 37.8708668),0.3104156631091562,58.86384655912088,android,0.17457067674236718,0.03754115198610514,-0.02111202864642353
77,37.8708682,-122.26772,1564075022.0,2019-07-25T10:17:02-07:00,POINT (-122.26772 37.8708682),0.22289410301566578,59.014631170025865,android,0.2121118287284723,0.016429123339681606,-0.032064943389831096
78,37.87087,-122.2677208,1564075023.0,2019-07-25T10:17:03-07:00,POINT (-122.2677208 37.87087),0.14173224555656855,59.21021186349499,android,0.22854095206815392,-0.01563582005014949,0.08945007243066574
79,37.870872,-122.2677214,1564075024.0,2019-07-25T10:17:04-07:00,POINT (-122.2677214 37.870872),0.07692390374718308,59.42891079790011,android,0.21290513201800443,0.07381425238051625,-0.05572955839089161
80,37.8708739,-122.2677217,1564075025.0,2019-07-25T10:17:05-07:00,POINT (-122.2677217 37.8708739),0.039068566598595054,59.637971148329555,android,0.2867193843985207,0.018084693989624645,-0.052496493662661514
81,37.8708764,-122.2677225,1564075026.0,2019-07-25T10:17:06-07:00,POINT (-122.2677225 37.8708764),0.04633307623414371,59.91110475025376,android,0.3048040783881453,-0.03441179967303687,-0.10603044620133842
82,37.870879,-122.2677236,1564075027.0,2019-07-25T10:17:07-07:00,POINT (-122.2677236 37.870879),0.15868771462057402,60.19387694077541,android,0.27039227871510846,-0.1404422458743753,0.09266241744013194
83,37.8708813,-122.2677246,1564075028.0,2019-07-25T10:17:08-07:00,POINT (-122.2677246 37.8708813),0.2604428558122159,60.443892305836115,android,0.12995003284073317,-0.047779828434243346,0.18817263692014818
84,37.8708824,-122.2677251,1564075029.0,2019-07-25T10:17:09-07:00,POINT (-122.2677251 37.8708824),0.31101758310471245,60.56336049417601,android,0.08217020440648982,0.14039280848590485,-0.05111548627020954
85,37.8708831,-122.2677254,1564075030.0,2019-07-25T10:17:10-07:00,POINT (-122.2677254 37.8708831),0.3416046914452715,60.63947300358997,android,0.2225630128923947,0.08927732221569532,0.10118056667521327
86,37.8708851,-122.2677253,1564075031.0,2019-07-25T10:17:11-07:00,POINT (-122.2677253 37.8708851),0.3449359446041652,60.8615328736782,android,0.31184033510809,0.1904578888909086,-0.18005581145086186
87,37.8708879,-122.2677255,1564075032.0,2019-07-25T10:17:12-07:00,POINT (-122.2677255 37.8708879),0.3794599893018075,61.170784238457614,android,0.5022982239989986,0.01040207744004673,0.029328249995757005
88,37.8708924,-122.267726,1564075033.0,2019-07-25T10:17:13-07:00,POINT (-122.267726 37.8708924),0.4506279830859798,61.666937980862855,android,0.5127003014390453,0.039730327435803736,0.14693441535143004
89,37.870897,-122.2677264,1564075034.0,2019-07-25T10:17:14-07:00,POINT (-122.2677264 37.870897),0.5136192216617768,62.174650843613634,android,0.5524306288748491,0.18666474278723377,-0.39073042336023356
90,37.8709007,-122.2677222,1564075035.0,2019-07-25T10:17:15-07:00,POINT (-122.2677222 37.8709007),0.16716720182756478,62.60473894678243,android,0.7390953716620828,-0.20406568057299979,-0.1091589005841217
91,37.870903,-122.2677143,1564075036.0,2019-07-25T10:17:16-07:00,POINT (-122.2677143 37.870903),0.5127145264745946,62.89748620056302,android,0.535029691089083,-0.3132245811571215,0.09141947122515995
92,37.8709049,-122.2677087,1564075037.0,2019-07-25T10:17:17-07:00,POINT (-122.2677087 37.8709049),0.9930229211790661,63.134874467593576,android,0.22180510993196154,-0.22180510993196154,0.22180510993196154
93,37.8709063,-122.2677069,1564075038.0,2019-07-25T10:17:18-07:00,POINT (-122.2677069 37.8709063),1.1426271588142856,63.298622704858985,android,0.0,0.0,0.0
