,latitude,longitude,ts,fmt_time,geometry,gt_distance,gt_projection,source,speed,acceleration,jerk
0,37.787780356161235,-122.3877188607185,1568767384.0,2019-09-17T17:43:04-07:00,POINT (-122.3877188607185 37.787780356161235),13.894393411649279,1200.2190560823128,android,0.05985839625176521,0.021827199755464537,0.009783905309015394
1,37.7877374,-122.3879031,1568767666.0,2019-09-17T17:47:46-07:00,POINT (-122.3879031 37.7877374),2.5886787753768936,1203.9877697158183,android,6.215128727292765,2.7808884968978056,-3.1946997549402845
2,37.7876816,-122.387899,1568767667.0,2019-09-17T17:47:47-07:00,POINT (-122.387899 37.7876816),2.553537090742473,1210.3467153725028,android,8.99601722419057,-0.41381125804247887,0.5293356865915797
3,37.7876007,-122.3878981,1568767668.0,2019-09-17T17:47:48-07:00,POINT (-122.3878981 37.7876007),2.474292070083401,1219.3227351049156,android,8.582205966148091,0.11552442854910083,0.441051519561638
4,37.7875239,-122.3879078,1568767669.0,2019-09-17T17:47:49-07:00,POINT (-122.3879078 37.7875239),3.0535226400705797,1228.0125599434734,android,8.697730394697192,0.5565759481107388,-0.1688364303833243
5,37.7874462,-122.3879192,1568767670.0,2019-09-17T17:47:50-07:00,POINT (-122.3879192 37.7874462),3.6004524635995128,1236.6745268473712,android,9.254306342807931,0.38773951772741455,1.1233461837583967
6,37.7873638,-122.387934,1568767671.0,2019-09-17T17:47:51-07:00,POINT (-122.387934 37.7873638),4.537025372650135,1245.790809682104,android,9.642045860535346,1.5110857014858112,0.7486575909079765
7,37.7872771,-122.3879359,1568767672.0,2019-09-17T17:47:52-07:00,POINT (-122.3879359 37.7872771),4.37250670012591,1255.4103986337636,android,11.153131562021157,2.2597432923937877,-6.221115952783837
8,37.7871768,-122.3879368,1568767673.0,2019-09-17T17:47:53-07:00,POINT (-122.3879368 37.7871768),3.992125648216051,1266.7151925754606,android,13.412874854414945,-3.961372660390049,7.033777081982505
9,37.7870562,-122.3879399,1568767674.0,2019-09-17T17:47:54-07:00,POINT (-122.3879399 37.7870562),3.205643279391927,1280.0756629312739,android,9.451502194024895,3.0724044215924557,-3.109898153829729
10,37.7869713,-122.3879347,1568767675.0,2019-09-17T17:47:55-07:00,POINT (-122.3879347 37.7869713),2.040070201001596,1289.3969171026806,android,12.523906615617351,-0.037493732237273036,0.5433757435184567
11,37.7868587,-122.387938,1568767676.0,2019-09-17T17:47:56-07:00,POINT (-122.387938 37.7868587),1.5439827656897736,1301.8836428735538,android,12.486412883380078,0.5058820112811837,1.898853095596463
12,37.7867469,-122.3879513,1568767677.0,2019-09-17T17:47:57-07:00,POINT (-122.3879513 37.7867469),1.932277752377834,1314.3371874939455,android,12.992294894661262,2.404735106877647,-8.694060677224266
13,37.7866302,-122.3879586,1568767678.0,2019-09-17T17:47:58-07:00,POINT (-122.3879586 37.7866302),1.7590898917293343,1327.3000767011229,android,15.397030001538909,-6.2893255703466195,9.27558823111699
14,37.7864924,-122.3879758,1568767679.0,2019-09-17T17:47:59-07:00,POINT (-122.3879758 37.7864924),2.3086120121122553,1342.6542650160907,android,9.107704431192289,2.98626266077037,-2.5273904552466018
15,37.7864111,-122.3879884,1568767680.0,2019-09-17T17:48:00-07:00,POINT (-122.3879884 37.7864111),2.8483286597106643,1351.7265997130282,android,12.093967091962659,0.4588722055237682,0.5222203973406057
16,37.7863034,-122.3880076,1568767681.0,2019-09-17T17:48:01-07:00,POINT (-122.3880076 37.7863034),3.7837540276132122,1363.7588303201887,android,12.552839297486427,0.9810926028643738,-4.562830257687926
17,37.786191,-122.3880209,1568767682.0,2019-09-17T17:48:02-07:00,POINT (-122.3880209 37.786191),4.167879435161699,1376.2788132022015,android,13.533931900350801,-3.581737654823552,4.685342504776177
18,37.7860693,-122.3880186,1568767683.0,2019-09-17T17:48:03-07:00,POINT (-122.3880186 37.7860693),3.116149287655334,1389.7421740479485,android,9.952194245527249,1.1036048499526245,-1.6140665444884519
19,37.7859798,-122.3880194,1568767684.0,2019-09-17T17:48:04-07:00,POINT (-122.3880194 37.7859798),2.5616413211961784,1399.6571345579137,android,11.055799095479873,-0.5104616945358273,0.6919265853193242
20,37.7858806,-122.3880279,1568767685.0,2019-09-17T17:48:05-07:00,POINT (-122.3880279 37.7858806),2.6160977087274593,1410.6888583672803,android,10.545337400944046,0.1814648907834968,-0.3848326500445083
21,37.7857862,-122.3880394,1568767686.0,2019-09-17T17:48:06-07:00,POINT (-122.3880394 37.7857862),2.967707965150266,1421.2056890448512,android,10.726802291727543,-0.20336775926101147,0.5234284962695455
22,37.78569,-122.3880485,1568767687.0,2019-09-17T17:48:07-07:00,POINT (-122.3880485 37.78569),3.0958408438377236,1431.908540383822,android,10.523434532466531,0.320060737008534,-1.1478273450436873
23,37.7855955,-122.388055,1568767688.0,2019-09-17T17:48:08-07:00,POINT (-122.388055 37.7855955),3.0073532100852227,1442.408741774297,android,10.843495269475065,-0.8277666080351533,-0.1990587275059159
24,37.7854985,-122.3880677,1568767689.0,2019-09-17T17:48:09-07:00,POINT (-122.3880677 37.7854985),3.4462774094825206,1453.22012416424,android,10.015728661439912,-1.0268253355410693,2.2794309680009235
25,37.7854118,-122.3880986,1568767690.0,2019-09-17T17:48:10-07:00,POINT (-122.3880986 37.7854118),5.5565478495609035,1462.99180096437,android,8.988903325898843,1.2526056324598542,-5.648368791446684
26,37.7853318,-122.3881133,1568767691.0,2019-09-17T17:48:11-07:00,POINT (-122.3881133 37.7853318),6.289920171850228,1471.9318171676455,android,10.241508958358697,-4.39576315898683,6.610305427123707
27,37.7852397,-122.3881144,1568767692.0,2019-09-17T17:48:12-07:00,POINT (-122.3881144 37.7852397),5.743637889408768,1482.136342711963,android,5.845745799371867,2.214542268136878,-2.0581248778902914
28,37.7851875,-122.3881065,1568767693.0,2019-09-17T17:48:13-07:00,POINT (-122.3881065 37.7851875),4.684965073480532,1487.872791612963,android,8.060288067508745,0.1564173902465864,-0.5116366222605109
29,37.7851152,-122.3880999,1568767694.0,2019-09-17T17:48:14-07:00,POINT (-122.3880999 37.7851152),3.600218599982306,1495.842159073899,android,8.216705457755332,-0.35521923201392447,-0.768369290999944
30,37.7850418,-122.3881107,1568767695.0,2019-09-17T17:48:15-07:00,POINT (-122.3881107 37.7850418),4.036932840466239,1504.0297352883354,android,7.861486225741407,-1.1235885230138685,1.4014409081170527
31,37.7849711,-122.3881108,1568767696.0,2019-09-17T17:48:16-07:00,POINT (-122.3881108 37.7849711),3.5521630975903697,1511.8590520340101,android,6.737897702727539,0.2778523851031842,-0.04377011532340891
32,37.7849106,-122.3881151,1568767697.0,2019-09-17T17:48:17-07:00,POINT (-122.3881151 37.7849106),3.507703442013305,1518.5821706427173,android,7.015750087830723,0.2340822697797753,2.275634497745184
33,37.7848478,-122.3881074,1568767698.0,2019-09-17T17:48:18-07:00,POINT (-122.3881074 37.7848478),2.388923324739275,1525.5151569639206,android,7.249832357610498,2.509716767524959,-4.394515567701726
34,37.784784,-122.3881244,1568767699.0,2019-09-17T17:48:19-07:00,POINT (-122.3881244 37.784784),3.3726002618473823,1532.683265043819,android,9.759549125135457,-1.8847988001767666,4.308052401731192
35,37.7846965,-122.3881331,1568767700.0,2019-09-17T17:48:20-07:00,POINT (-122.3881331 37.7846965),3.438076170419509,1542.4215234468602,android,7.874750324958691,2.4232536015544257,-2.514499527337942
36,37.784626,-122.3881416,1568767701.0,2019-09-17T17:48:21-07:00,POINT (-122.3881416 37.784626),3.630998276419625,1550.2278601719902,android,10.298003926513116,-0.09124592578351631,-0.5608510558405779
37,37.7845334,-122.3881435,1568767702.0,2019-09-17T17:48:22-07:00,POINT (-122.3881435 37.7845334),3.198217427311443,1560.4942573356363,android,10.2067580007296,-0.6520969816240942,2.0678941778050532
38,37.7844418,-122.388151,1568767703.0,2019-09-17T17:48:23-07:00,POINT (-122.388151 37.7844418),3.2641917892941357,1570.6786797433635,android,9.554661019105506,1.415797196180959,-6.171847044366074
39,37.7843561,-122.3881589,1568767704.0,2019-09-17T17:48:24-07:00,POINT (-122.3881589 37.7843561),3.4035469017755138,1580.211658168862,android,10.970458215286465,-4.756049848185115,6.441332970025339
40,37.7842576,-122.388166,1568767705.0,2019-09-17T17:48:25-07:00,POINT (-122.388166 37.7842576),3.3896685244377043,1591.158286920327,android,6.21440836710135,1.6852831218402242,-1.972922995206722
41,37.7842029,-122.3881805,1568767706.0,2019-09-17T17:48:26-07:00,POINT (-122.3881805 37.7842029),4.310009677589898,1597.2915490782352,android,7.899691488941574,-0.28763987336649777,-0.047009333104233164
42,37.7841332,-122.3881979,1568767707.0,2019-09-17T17:48:27-07:00,POINT (-122.3881979 37.7841332),5.388123852206679,1605.101160158778,android,7.612051615575076,-0.33464920647073093,-2.597702792067822
43,37.7840685,-122.3882262,1568767708.0,2019-09-17T17:48:28-07:00,POINT (-122.3882262 37.7840685),7.456814754711227,1612.4129908330362,android,7.277402409104345,-2.932351998538553,3.70793499436971
44,37.7840046,-122.3882441,1568767709.0,2019-09-17T17:48:29-07:00,POINT (-122.3882441 37.7840046),8.616457180810283,1619.5827477782068,android,4.3450504105657926,0.7755829958311571,-2.0292051602894294
45,37.7839671,-122.388258,1568767710.0,2019-09-17T17:48:30-07:00,POINT (-122.388258 37.7839671),9.59547167576711,1623.8078056161908,android,5.12063340639695,-1.2536221644582723,1.786972654545858
46,37.7839232,-122.3882756,1568767711.0,2019-09-17T17:48:31-07:00,POINT (-122.3882756 37.7839232),10.858290348611517,1628.7607652113675,android,3.8670112419386773,0.5333504900875856,-3.8608534355673974
47,37.78389,-122.3882887,1568767712.0,2019-09-17T17:48:32-07:00,POINT (-122.3882887 37.78389),11.794833631847617,1632.505430440351,android,4.400361732026263,-3.3275029454798117,2.4933504215310025
48,37.7838517,-122.3883013,1568767713.0,2019-09-17T17:48:33-07:00,POINT (-122.3883013 37.7838517),12.654390798980595,1636.8124151807851,android,1.072858786546451,-0.8341525239488093,1.0206094887298272
49,37.7838427,-122.3882969,1568767714.0,2019-09-17T17:48:34-07:00,POINT (-122.3882969 37.7838427),12.209303946239274,1637.7866610478316,android,0.23870626259764163,0.18645696478101792,0.03480642926255156
50,37.7838203,-122.3882205,1568767744.0,2019-09-17T17:49:04-07:00,POINT (-122.3882205 37.7838203),5.348090106238882,1639.874999398119,android,5.8324152060281795,1.2306498426575647,0.11034366239449067
51,37.7837681,-122.388214,1568767745.0,2019-09-17T17:49:05-07:00,POINT (-122.388214 37.7837681),4.438579149458332,1645.6233993470216,android,7.063065048685744,1.3409935050520554,2.7417907445637626
52,37.7837046,-122.388216,1568767746.0,2019-09-17T17:49:06-07:00,POINT (-122.388216 37.7837046),4.2030884102624775,1652.6671140992826,android,8.4040585537378,4.082784249615818,-6.784978036346379
53,37.7836312,-122.3882388,1568767747.0,2019-09-17T17:49:07-07:00,POINT (-122.3882388 37.7836312),5.671215144227712,1660.9741279466025,android,12.486842803353618,-2.702193786730561,5.531596779420255
54,37.7835213,-122.388268,1568767748.0,2019-09-17T17:49:08-07:00,POINT (-122.388268 37.7835213),7.396882874447056,1673.3158445029076,android,9.784649016623057,2.829402992689694,-2.6449189457654168
55,37.7834343,-122.3882847,1568767749.0,2019-09-17T17:49:09-07:00,POINT (-122.3882847 37.7834343),8.339096347048827,1682.4769944621398,android,12.61405200931275,0.18448404692427722,1.7516941053787285
56,37.7833214,-122.3882987,1568767750.0,2019-09-17T17:49:10-07:00,POINT (-122.3882987 37.7833214),8.864291732257318,1695.5843111742467,android,12.798536056237028,1.9361781523030057,-6.912436925616188
57,37.7832063,-122.3882987,1568767751.0,2019-09-17T17:49:11-07:00,POINT (-122.3882987 37.7832063),8.060417590529209,1708.3295544489383,android,14.734714208540034,-4.976258773313182,6.69881302081575
58,37.7830738,-122.3882964,1568767752.0,2019-09-17T17:49:12-07:00,POINT (-122.3882964 37.7830738),6.932886936808021,1722.9887837188687,android,9.758455435226852,1.7225542475025684,-4.0075775807979515
59,37.7829862,-122.3883031,1568767753.0,2019-09-17T17:49:13-07:00,POINT (-122.3883031 37.7829862),6.909899055499573,1732.7260374484495,android,11.48100968272942,-2.285023333295383,1.4796675968816686
60,37.7828834,-122.3883153,1568767754.0,2019-09-17T17:49:14-07:00,POINT (-122.3883153 37.7828834),7.26411644803222,1744.1769028379047,android,9.195986349434037,-0.8053557364137145,0.08025066173034734
61,37.7828009,-122.3883226,1568767755.0,2019-09-17T17:49:15-07:00,POINT (-122.3883226 37.7828009),7.3294817468451585,1753.352749434705,android,8.390630613020322,-0.7251050746833672,0.10125313099859223
62,37.7827257,-122.3883305,1568767756.0,2019-09-17T17:49:16-07:00,POINT (-122.3883305 37.7827257),7.498563003362227,1761.723578846469,android,7.665525538336955,-0.6238519436847749,2.0238568326054045
63,37.7826581,-122.3883134,1568767757.0,2019-09-17T17:49:17-07:00,POINT (-122.3883134 37.7826581),5.523616589792071,1769.1142694609043,android,7.04167359465218,1.4000048889206296,-2.6490142370543843
64,37.7825958903229,-122.3882984129033,1568767758.0,2019-09-17T17:49:18-07:00,POINT (-122.3882984129033 37.7825958903229),3.772005472211797,1775.9197908619642,android,8.44167848357281,-1.2490093481337547,3.9824622989086294
65,37.7825203,-122.3882895,1568767759.0,2019-09-17T17:49:19-07:00,POINT (-122.3882895 37.7825203),2.4607672747885,1784.2406460296934,android,7.192669135439055,2.7334529507748746,-8.819919305151496
66,37.7824557,-122.3882853,1568767760.0,2019-09-17T17:49:20-07:00,POINT (-122.3882853 37.7824557),1.6404770371107291,1791.3706457241508,android,9.92612208621393,-6.086466354376621,7.608740033157996
67,37.7823665,-122.3882809,1568767761.0,2019-09-17T17:49:21-07:00,POINT (-122.3882809 37.7823665),0.6307993997451471,1801.2235413405383,android,3.8396557318373086,1.5222736787813753,-3.407787773164369
68,37.7823321,-122.3882847,1568767762.0,2019-09-17T17:49:22-07:00,POINT (-122.3882847 37.7823321),0.7245068248541643,1805.05378239683,android,5.361929410618684,-1.8855140943829936,1.6136959743087864
69,37.7822839,-122.3882865,1568767763.0,2019-09-17T17:49:23-07:00,POINT (-122.3882865 37.7822839),0.5460640213530331,1810.4010373804476,android,3.4764153162356903,-0.27181812007420714,-2.1091609946410923
70,37.7822546,-122.3883003,1568767764.0,2019-09-17T17:49:24-07:00,POINT (-122.3883003 37.7822546),1.5542391932112272,1813.72197676137,android,3.204597196161483,-2.3809791147152994,3.193838959183587
71,37.7822262,-122.3883065,1568767765.0,2019-09-17T17:49:25-07:00,POINT (-122.3883065 37.7822262),1.900776265618662,1816.9011298046105,android,0.8236180814461838,0.812859844468288,-1.1598006936090453
72,37.782219,-122.3883043,1568767766.0,2019-09-17T17:49:26-07:00,POINT (-122.3883043 37.782219),1.65714401585553,1817.68620464313,android,1.6364779259144717,-0.3469408491407573,0.2905170500376726
73,37.7822043,-122.3883052,1568767767.0,2019-09-17T17:49:27-07:00,POINT (-122.3883052 37.7822043),1.6335739514983316,1819.3189522944097,android,1.2895370767737144,-0.056423799103084704,0.4685059135275973
74,37.782193,-122.3883085,1568767768.0,2019-09-17T17:49:28-07:00,POINT (-122.3883085 37.782193),1.8446735974346204,1820.5885149272772,android,1.2331132776706297,0.4120821144245126,0.603384435280798
75,37.7821827,-122.3883137,1568767769.0,2019-09-17T17:49:29-07:00,POINT (-122.3883137 37.7821827),2.229738730849976,1821.757877529215,android,1.6451953920951423,1.0154665497053106,0.16152465798201154
76,37.7821683,-122.388318,1568767770.0,2019-09-17T17:49:30-07:00,POINT (-122.388318 37.7821683),2.5070727928400287,1823.3762521075091,android,2.660661941800453,1.1769912076873221,0.17836216379202785
77,37.7821448,-122.3883123,1568767771.0,2019-09-17T17:49:31-07:00,POINT (-122.3883123 37.7821448),1.842002441681985,1825.9468560293299,android,3.837653149487775,1.35535337147935,-0.4258128052116885
78,37.7821108,-122.3883048,1568767772.0,2019-09-17T17:49:32-07:00,POINT (-122.3883048 37.7821108),0.945405703839778,1829.6701671980418,android,5.193006520967125,0.9295405662676615,-1.6367164488683752
79,37.7820642,-122.3883087,1568767773.0,2019-09-17T17:49:33-07:00,POINT (-122.3883087 37.7820642),0.9626978425504501,1834.8518915324407,android,6.1225470872347865,-0.7071758826007137,4.532809337113002
80,37.7820096,-122.3883177,1568767774.0,2019-09-17T17:49:34-07:00,POINT (-122.3883177 37.7820096),1.3723316479810266,1840.947740782057,android,5.415371204634073,3.825633454512288,-1.9412437030033916
81,37.7819609,-122.3883172,1568767775.0,2019-09-17T17:49:35-07:00,POINT (-122.3883172 37.7819609),0.9882637972824565,1846.33761238835,android,9.24100465914636,1.8843897515088965,-0.41545189683102457
82,37.7818778,-122.3883185,1568767776.0,2019-09-17T17:49:36-07:00,POINT (-122.3883185 37.7818778),0.5110980268052343,1855.5482167633577,android,11.125394410655257,1.468937854677872,-5.931734159830528
83,37.7817779,-122.3883255,1568767777.0,2019-09-17T17:49:37-07:00,POINT (-122.3883255 37.7817779),0.3864592343417275,1866.6511676995426,android,12.59433226533313,-4.462796305152656,5.400499692677597
84,37.7816647,-122.3883303,1568767778.0,2019-09-17T17:49:38-07:00,POINT (-122.3883303 37.7816647),0.02641803906123662,1879.2112784445403,android,8.131535960180473,0.937703387524941,-1.4405053343247385
85,37.781593,-122.3883485,1568767779.0,2019-09-17T17:49:39-07:00,POINT (-122.3883485 37.781593),0.8505755388212007,1887.3173614101208,android,9.069239347705414,-0.5028019467997975,1.7444296113386244
86,37.7815124,-122.3883643,1568767780.0,2019-09-17T17:49:40-07:00,POINT (-122.3883643 37.7815124),1.1953134168922286,1896.3048202845475,android,8.566437400905617,1.241627664538827,-3.837851142788204
87,37.7814367,-122.3883824,1568767781.0,2019-09-17T17:49:41-07:00,POINT (-122.3883824 37.7814367),2.180630701478373,1904.7968077113721,android,9.808065065444444,-2.596223478249377,3.0404395409726392
88,37.7813501,-122.3884036,1568767782.0,2019-09-17T17:49:42-07:00,POINT (-122.3884036 37.7813501),2.8508483407823273,1914.7358420272576,android,7.2118415871950665,0.4442160627232621,0.4267126871432376
89,37.7812867,-122.3884209,1568767783.0,2019-09-17T17:49:43-07:00,POINT (-122.3884209 37.7812867),3.325796708149611,1921.962779970258,android,7.656057649918329,0.8709287498664997,-1.7309028974430394
90,37.7812193,-122.3884387,1568767784.0,2019-09-17T17:49:44-07:00,POINT (-122.3884387 37.7812193),3.7015177161186985,1929.5942072131365,android,8.526986399784828,-0.8599741475765397,2.3359913378807295
91,37.7811451,-122.3884632,1568767785.0,2019-09-17T17:49:45-07:00,POINT (-122.3884632 37.7811451),3.461376192673352,1938.6645784889665,android,7.667012252208289,1.4760171903041899,-4.086611442270086
92,37.7810805,-122.3884937,1568767786.0,2019-09-17T17:49:46-07:00,POINT (-122.3884937 37.7810805),3.852504906141309,1946.308781218452,android,9.143029442512479,-2.610594251965896,4.703988873707006
93,37.7810051,-122.3885352,1568767787.0,2019-09-17T17:49:47-07:00,POINT (-122.3885352 37.7810051),4.726913525478728,1955.7237040447953,android,6.5324351905465825,2.09339462174111,-1.580842878994714
94,37.7809534,-122.3885705,1568767788.0,2019-09-17T17:49:48-07:00,POINT (-122.3885705 37.7809534),5.500411119440291,1962.202047783382,android,8.625829812287693,0.5125517427463961,0.33294084764743914
95,37.7808839,-122.3886141,1568767789.0,2019-09-17T17:49:49-07:00,POINT (-122.3886141 37.7808839),6.055714945589182,1971.0160261572178,android,9.138381555034089,0.8454925903938353,-4.073933049418123
96,37.7808094,-122.388658,1568767790.0,2019-09-17T17:49:50-07:00,POINT (-122.388658 37.7808094),5.868161474041655,1980.8774734382534,android,9.983874145427924,-3.228440459024288,4.758695775632946
97,37.7807299,-122.3887108,1568767791.0,2019-09-17T17:49:51-07:00,POINT (-122.3887108 37.7807299),5.299463437507661,1990.9210810110185,android,6.755433686403636,1.5302553166086579,-0.39263722213421204
98,37.7806741,-122.3887412,1568767792.0,2019-09-17T17:49:52-07:00,POINT (-122.3887412 37.7806741),4.325330480698072,1997.595483180285,android,8.285689003012294,1.1376180944744458,-0.0925322205334993
99,37.780607,-122.3887822,1568767793.0,2019-09-17T17:49:53-07:00,POINT (-122.3887822 37.780607),3.1336881533035075,2006.0057313994828,android,9.42330709748674,1.0450858739409465,-5.435851575910232
100,37.7805306,-122.3888286,1568767794.0,2019-09-17T17:49:54-07:00,POINT (-122.3888286 37.7805306),1.3243418838218945,2015.3940575768584,android,10.468392971427686,-4.390765701969285,5.663526196820891
101,37.7804434,-122.3888735,1568767795.0,2019-09-17T17:49:55-07:00,POINT (-122.3888735 37.7804434),1.8178882915603793,2025.3313705698897,android,6.077627269458401,1.2727604948516058,-1.4757680493857057
102,37.7803936,-122.388902,1568767796.0,2019-09-17T17:49:56-07:00,POINT (-122.388902 37.7803936),3.625922187641141,2031.124467975286,android,7.350387764310007,-0.2030075545340999,-0.17922658675744163
103,37.7803331,-122.3889357,1568767797.0,2019-09-17T17:49:57-07:00,POINT (-122.3889357 37.7803331),5.8830937926842815,2038.1080954045187,android,7.147380209775907,-0.38223414129154154,-0.15468878168420108
104,37.7802759,-122.3889728,1568767798.0,2019-09-17T17:49:58-07:00,POINT (-122.3889728 37.7802759),7.673065422469593,2045.018036302962,android,6.765146068484365,-0.5369229229757426,-3.356868028768648
105,37.7802262,-122.3890172,1568767799.0,2019-09-17T17:49:59-07:00,POINT (-122.3890172 37.7802262),8.739026677718675,2051.307386837162,android,6.228223145508623,-3.8937909517443905,4.98785611277018
106,37.7801828,-122.389062,1568767800.0,2019-09-17T17:50:00-07:00,POINT (-122.389062 37.7801828),9.313016802582787,2057.5059463246307,android,2.3344321937642323,1.0940651610257892,-0.9377092228247887
107,37.7801772,-122.3890876,1568767801.0,2019-09-17T17:50:01-07:00,POINT (-122.3890876 37.7801772),8.144748191192363,2059.531643557697,android,3.4284973547900215,0.15635593820100047,1.186490821316026
108,37.7801614,-122.3891211,1568767802.0,2019-09-17T17:50:02-07:00,POINT (-122.3891211 37.7801614),7.276173295476856,2062.851532304089,android,3.584853292991022,1.3428467595170264,-2.8917438676953546
109,37.780148,-122.3891582,1568767803.0,2019-09-17T17:50:03-07:00,POINT (-122.3891582 37.780148),5.994906136503845,2066.204548872734,android,4.927700052508048,-1.5488971081783283,2.8227083058805915
110,37.7801182,-122.3891997,1568767804.0,2019-09-17T17:50:04-07:00,POINT (-122.3891997 37.7801182),5.715887224171136,2071.124924069311,android,3.37880294432972,1.2738111977022633,-1.3567325094310934
111,37.7800899,-122.3892137,1568767805.0,2019-09-17T17:50:05-07:00,POINT (-122.3892137 37.7800899),7.0437500305725615,2074.225884353957,android,4.652614142031983,-0.0829213117288301,1.4145575005147322
112,37.7800494,-122.389227,1568767806.0,2019-09-17T17:50:06-07:00,POINT (-122.389227 37.7800494),9.366237674977398,2078.2470557652537,android,4.569692830303153,1.331636188785902,-2.1404525130795813
113,37.7800114,-122.3892468,1568767807.0,2019-09-17T17:50:07-07:00,POINT (-122.3892468 37.7800114),11.086459498087633,2082.472831318193,android,5.901329019089055,-0.8088163242936792,3.151521880066886
114,37.7799666,-122.3892828,1568767808.0,2019-09-17T17:50:08-07:00,POINT (-122.3892828 37.7799666),12.321138967510239,2088.237661392817,android,5.092512694795376,2.3427055557732066,-0.8638045203827804
115,37.7799328,-122.3893219,1568767809.0,2019-09-17T17:50:09-07:00,POINT (-122.3893219 37.7799328),12.504266595823752,2093.3254999311,android,7.435218250568583,1.4789010353904262,-2.1259072110431374
116,37.77989,-122.3893869,1568767810.0,2019-09-17T17:50:10-07:00,POINT (-122.3893869 37.77989),11.765266664612023,2100.7261138237727,android,8.914119285959009,-0.6470061756527112,2.1274278967761493
117,37.779837,-122.389463,1568767811.0,2019-09-17T17:50:11-07:00,POINT (-122.389463 37.779837),11.068422939674774,2109.713395087155,android,8.267113110306298,1.480421721123438,-6.365713141997272
118,37.7797876,-122.3895333,1568767812.0,2019-09-17T17:50:12-07:00,POINT (-122.3895333 37.7797876),10.43107905928473,2118.053689661178,android,9.747534831429736,-4.885291420873834,7.255717694017305
119,37.7797284,-122.3896151,1568767813.0,2019-09-17T17:50:13-07:00,POINT (-122.3896151 37.7797284),10.042096804855941,2126.677494851622,android,4.862243410555902,2.3704262731434707,-2.5540535358822787
120,37.7797005,-122.3896577,1568767814.0,2019-09-17T17:50:14-07:00,POINT (-122.3896577 37.7797005),9.673601797144924,2132.3547119501964,android,7.232669683699372,-0.18362726273880803,1.613862500450633
121,37.779658,-122.38972,1568767815.0,2019-09-17T17:50:15-07:00,POINT (-122.38972 37.779658),9.158094545770632,2139.57060869776,android,7.049042420960564,1.430235237711825,-5.045622991789426
122,37.77962,-122.3897842,1568767816.0,2019-09-17T17:50:16-07:00,POINT (-122.3897842 37.77962),8.17026379214235,2146.5537054358933,android,8.47927765867239,-3.6153877540776014,3.591840331399937
123,37.779576,-122.389863,1568767817.0,2019-09-17T17:50:17-07:00,POINT (-122.389863 37.779576),6.74967222264121,2154.918453089522,android,4.863889904594788,-0.023547422677664187,-3.290134664488807
124,37.7795477,-122.3899052,1568767818.0,2019-09-17T17:50:18-07:00,POINT (-122.3899052 37.7795477),6.362017854708008,2159.768132471014,android,4.840342481917124,-3.3136820871664714,2.1184421969332417
125,37.7795156,-122.3899424,1568767819.0,2019-09-17T17:50:19-07:00,POINT (-122.3899424 37.7795156),6.583777872059574,2164.6020972658075,android,1.526660394750652,-1.1952398902332297,1.3863426320183438
126,37.779503,-122.3899355,1568767820.0,2019-09-17T17:50:20-07:00,POINT (-122.3899355 37.779503),8.00424571414243,2165.15515592778,android,0.3314205045174222,0.19110274178511413,-0.07410116804312497
127,37.7795682,-122.3901299,1568767876.0,2019-09-17T17:51:16-07:00,POINT (-122.3901299 37.7795682),9.187481624720462,2172.2155575798424,android,11.033174044483815,-3.9585626686298845,3.532470903323974
128,37.7795253,-122.3902431,1568767877.0,2019-09-17T17:51:17-07:00,POINT (-122.3902431 37.7795253),12.82805671523347,2182.645179679783,android,7.07461137585393,-0.42609176530591064,0.694881182669171
129,37.7794924,-122.390312,1568767878.0,2019-09-17T17:51:18-07:00,POINT (-122.390312 37.7794924),14.509154737221474,2189.523660269023,android,6.6485196105480195,0.26878941736326034,-0.9293614918985131
130,37.7794609,-122.3903763,1568767879.0,2019-09-17T17:51:19-07:00,POINT (-122.3903763 37.7794609),16.01527761852096,2196.0051449580405,android,6.91730902791128,-0.6605720745352528,4.820554090520277
131,37.7794334,-122.3904469,1568767880.0,2019-09-17T17:51:20-07:00,POINT (-122.3904469 37.7794334),18.22719872414363,2202.5679970850006,android,6.256736953376027,4.159982015985024,-2.071730930956619
132,37.7793874,-122.3904879,1568767881.0,2019-09-17T17:51:21-07:00,POINT (-122.3904879 37.7793874),17.14615535798025,2208.7256114293946,android,10.416718969361051,2.0882510850284053,-0.16667445450012686
133,37.779308,-122.3905508,1568767882.0,2019-09-17T17:51:22-07:00,POINT (-122.3905508 37.779308),14.792160957777721,2218.8621581463212,android,12.504970054389457,1.9215766305282784,2.3213237226833137
134,37.7792074,-122.3906144,1568767883.0,2019-09-17T17:51:23-07:00,POINT (-122.3906144 37.7792074),10.811562955532548,2230.698907751861,android,14.426546684917735,4.242900353211592,-5.583174571415157
135,37.7790891,-122.3906818,1568767884.0,2019-09-17T17:51:24-07:00,POINT (-122.3906818 37.7790891),5.672323531160706,2244.1562205637665,android,18.669447038129327,-1.3402742182035645,7.198659096503757
136,37.7789375,-122.3907731,1568767885.0,2019-09-17T17:51:25-07:00,POINT (-122.3907731 37.7789375),0.4704313484429878,2261.714050219841,android,17.329172819925763,5.858384878300193,-15.913048101480161
137,37.7788049,-122.3908767,1568767886.0,2019-09-17T17:51:26-07:00,POINT (-122.3908767 37.7788049),4.2655945875119725,2278.609322467822,android,23.187557698225955,-10.054663223179968,10.34772836252929
138,37.7786178,-122.3909932,1568767887.0,2019-09-17T17:51:27-07:00,POINT (-122.3909932 37.7786178),11.687928702826223,2300.3832193278786,android,13.132894475045987,0.29306513934932177,-4.3793933263753875
139,37.7785113,-122.3910578,1568767888.0,2019-09-17T17:51:28-07:00,POINT (-122.3910578 37.7785113),15.482137313719026,2313.5716854425496,android,13.425959614395309,-4.086328187026066,5.147674396874056
140,37.7784062,-122.391133,1568767889.0,2019-09-17T17:51:29-07:00,POINT (-122.391133 37.7784062),18.874743812560897,2325.294686336079,android,9.339631427369243,1.06134620984799,-1.3040680452266962
141,37.7783365,-122.3911923,1568767890.0,2019-09-17T17:51:30-07:00,POINT (-122.3911923 37.7783365),20.908998311342376,2334.4017010743046,android,10.400977637217233,-0.24272183537870617,-4.078800464048338
142,37.7782587,-122.391258,1568767891.0,2019-09-17T17:51:31-07:00,POINT (-122.391258 37.7782587),22.84267995164096,2346.072258735961,android,10.158255801838527,-4.321522299427044,4.073052470997262
143,37.7781816,-122.39132,1568767892.0,2019-09-17T17:51:32-07:00,POINT (-122.39132 37.7781816),24.6486943353732,2356.0586092334133,android,5.836733502411483,-0.24846982842978207,0.11989554256326672
144,37.7776835,-122.3920036,1568767906.0,2019-09-17T17:51:46-07:00,POINT (-122.3920036 37.7776835),24.651366138387832,2437.154939007797,android,2.358155904394534,1.4300677674559519,-1.978425115411178
145,37.7776877,-122.3920299,1568767907.0,2019-09-17T17:51:47-07:00,POINT (-122.3920299 37.7776877),22.668966164109253,2438.4400792738857,android,3.788223671850486,-0.5483573479552262,2.2362196122509372
146,37.7776873,-122.392073,1568767908.0,2019-09-17T17:51:48-07:00,POINT (-122.392073 37.7776873),19.984901287676905,2441.1241613898333,android,3.2398663238952596,1.687862264295711,-1.162098457800408
147,37.7776814,-122.3921091,1568767909.0,2019-09-17T17:51:49-07:00,POINT (-122.3921091 37.7776814),18.168227155161603,2443.8139844857797,android,4.927728588190971,0.525763806495303,1.5363342704991174
148,37.7776724,-122.392164,1568767910.0,2019-09-17T17:51:50-07:00,POINT (-122.392164 37.7776724),15.407597326160072,2447.906777383237,android,5.453492394686274,2.0620980769944204,-3.100105695201872
149,37.7776665,-122.3922256,1568767911.0,2019-09-17T17:51:51-07:00,POINT (-122.3922256 37.7776665),11.98454844453754,2452.1658440066008,android,7.515590471680694,-1.0380076182074518,-0.5105062526122355
150,37.7776653,-122.3923111,1568767912.0,2019-09-17T17:51:52-07:00,POINT (-122.3923111 37.7776653),6.740849369902256,2457.3443655835067,android,6.477582853473242,-1.5485138708196873,-0.932898957818193
151,37.77767006706597,-122.39238455568983,1568767913.0,2019-09-17T17:51:53-07:00,POINT (-122.39238455568983 37.77767006706597),1.8556073201096406,2461.6175793383513,android,4.929068982653555,-2.4814128286378803,1.2027015332669233
152,37.7776762,-122.3924401,1568767914.0,2019-09-17T17:51:54-07:00,POINT (-122.3924401 37.7776762),2.039701748370546,2464.653426620532,android,2.4476561540156747,-1.278711295370957,0.6248389892289128
153,37.7776859,-122.3924651,1568767915.0,2019-09-17T17:51:55-07:00,POINT (-122.3924651 37.7776859),4.345418845464291,2465.483533746078,android,1.1689448586447178,-0.6538723061420442,0.3312910098838856
154,37.7776899,-122.3924774,1568767916.0,2019-09-17T17:51:56-07:00,POINT (-122.3924774 37.7776899),5.418339858500683,2465.9516378963144,android,0.5150725525026736,-0.32258129625815857,0.5281591613692266
155,37.7776917,-122.3924828,1568767917.0,2019-09-17T17:51:57-07:00,POINT (-122.3924828 37.7776917),5.892873489670064,2466.1537541566104,android,0.19249125624451502,0.20557786511106801,-0.05137586371641254
156,37.7776769,-122.3925224,1568767937.0,2019-09-17T17:52:17-07:00,POINT (-122.3925224 37.7776769),7.143670217786062,2469.7998044429273,android,4.304048558465875,-0.8219394092171828,0.6720083270728887
157,37.777644,-122.3925482,1568767938.0,2019-09-17T17:52:18-07:00,POINT (-122.3925482 37.777644),6.107018784863507,2473.972628521029,android,3.4821091492486924,-0.14993108214429407,1.0931555854776795
158,37.7776244,-122.3925791,1568767939.0,2019-09-17T17:52:19-07:00,POINT (-122.3925791 37.7776244),6.442031042438347,2477.4398819459016,android,3.3321780671043983,0.9432245033333855,0.03571855089983256
159,37.7776091,-122.3926117,1568767940.0,2019-09-17T17:52:20-07:00,POINT (-122.3926117 37.7776091),7.2236506539603615,2480.6822491850553,android,4.275402570437784,0.978943054233218,0.024283636564506494
160,37.7775857,-122.3926503,1568767941.0,2019-09-17T17:52:21-07:00,POINT (-122.3926503 37.7775857),7.728459151153416,2484.9297279930643,android,5.254345624671002,1.0032266907977245,-2.2435642296196514
161,37.7775545,-122.3926952,1568767942.0,2019-09-17T17:52:22-07:00,POINT (-122.3926952 37.7775545),7.998743416645334,2490.1780914956307,android,6.257572315468726,-1.2403375388219269,2.1487435317445565
162,37.7775181,-122.3927495,1568767943.0,2019-09-17T17:52:23-07:00,POINT (-122.3927495 37.7775181),8.431647715105075,2496.422296163264,android,5.0172347766467995,0.9084059929226296,-1.5072978361107854
163,37.7775063,-122.3928046,1568767944.0,2019-09-17T17:52:24-07:00,POINT (-122.3928046 37.7775063),10.872061521787844,2500.8159373498893,android,5.925640769569429,-0.5988918431881558,1.4454974798110616
164,37.7774893,-122.3928685,1568767945.0,2019-09-17T17:52:25-07:00,POINT (-122.3928685 37.7774893),13.438292322146012,2506.1675042852407,android,5.326748926381273,0.8466056366229058,-4.460533444409084
165,37.7774794,-122.3929278,1568767946.0,2019-09-17T17:52:26-07:00,POINT (-122.3929278 37.7774794),16.287601683494987,2510.679703539323,android,6.173354563004179,-3.6139278077861783,3.9991008961682977
166,37.7774775,-122.392998,1568767947.0,2019-09-17T17:52:27-07:00,POINT (-122.392998 37.7774775),20.442407756477756,2515.26241189233,android,2.559426755218001,0.3851730883821194,-1.9719668875012972
167,37.7774754,-122.393027,1568767948.0,2019-09-17T17:52:28-07:00,POINT (-122.393027 37.7774754),22.054085411793125,2517.2571852903966,android,2.94459984360012,-1.5867937991191778,1.6270347386365143
168,37.7774713,-122.3930601,1568767949.0,2019-09-17T17:52:29-07:00,POINT (-122.3930601 37.7774713),23.758036232902604,2519.6655959745726,android,1.3578060444809423,0.04024093951733654,-0.11837574243938498
169,37.7773888,-122.393174,1568767959.0,2019-09-17T17:52:39-07:00,POINT (-122.393174 37.7773888),24.216223556803776,2532.873374764433,android,1.7602154396543077,-1.1435164848765131,2.3519695935295215
170,37.7773738,-122.3931804,1568767960.0,2019-09-17T17:52:40-07:00,POINT (-122.3931804 37.7773738),23.438327436079152,2534.4489249993817,android,0.6166989547777947,1.2084531086530084,-0.7556578427552931
171,37.7773684,-122.393182,1568767961.0,2019-09-17T17:52:41-07:00,POINT (-122.393182 37.7773684),23.114434961522104,2534.972294778131,android,1.8251520634308032,0.45279526589771524,0.22132207020903416
172,37.7773556,-122.393169,1568767962.0,2019-09-17T17:52:42-07:00,POINT (-122.393169 37.7773556),21.30073265383282,2535.1674324762957,android,2.2779473293285184,0.6741173361067494,-2.007365927462738
173,37.7773393,-122.3931533,1568767963.0,2019-09-17T17:52:43-07:00,POINT (-122.3931533 37.7773393),19.04433164666936,2535.469137171884,android,2.952064665435268,-1.3332485913559886,1.301923186126265
174,37.777316,-122.3931372,1568767964.0,2019-09-17T17:52:44-07:00,POINT (-122.3931372 37.777316),16.21396731518301,2536.29525695339,android,1.6188160740792792,-0.0313254052297236,-0.26533996600688825
175,37.7773026,-122.39313,1568767965.0,2019-09-17T17:52:45-07:00,POINT (-122.39313 37.7773026),14.714466696376743,2536.8985638877293,android,1.5874906688495556,-0.29666537123661185,-0.37122029186183303
176,37.7772898,-122.393122,1568767966.0,2019-09-17T17:52:46-07:00,POINT (-122.393122 37.7772898),13.212197771133496,2537.4049812051367,android,1.2908252976129437,-0.6678856630984449,0.26578925626817546
177,37.7772787,-122.3931177,1568767967.0,2019-09-17T17:52:47-07:00,POINT (-122.3931177 37.7772787),12.07373039748835,2538.0083407388393,android,0.6229396345144989,-0.4020964068302694,1.1855203872772706
178,37.7772731,-122.3931179,1568767968.0,2019-09-17T17:52:48-07:00,POINT (-122.3931179 37.7772731),11.646949015959521,2538.4602464342793,android,0.22084322768422943,0.7834239804470011,-0.006599243664863863
179,37.7772727,-122.3931229,1568767970.0,2019-09-17T17:52:50-07:00,POINT (-122.3931229 37.7772727),11.927009101077074,2538.8029174466037,android,1.7876911885782316,0.7702254931172734,-0.19979377114883046
180,37.7772587,-122.3931329,1568767971.0,2019-09-17T17:52:51-07:00,POINT (-122.3931329 37.7772587),11.451781019239801,2540.5241164886597,android,2.557916681695505,0.5704317219684429,-0.005538783401905167
181,37.7772405,-122.3931507,1568767972.0,2019-09-17T17:52:52-07:00,POINT (-122.3931507 37.7772405),11.132962103993249,2543.0605056819454,android,3.128348403663948,0.5648929385665378,-0.37074156741732756
182,37.7772193,-122.3931741,1568767973.0,2019-09-17T17:52:53-07:00,POINT (-122.3931741 37.7772193),10.92764444854994,2546.1809525763797,android,3.6932413422304857,0.19415137114921022,-0.34260043084040115
183,37.7772008,-122.393209,1568767974.0,2019-09-17T17:52:54-07:00,POINT (-122.393209 37.7772008),11.650403822529643,2549.8054672089684,android,3.887392713379696,-0.14844905969119093,-0.11794760356360001
184,37.7771777,-122.3932422,1568767975.0,2019-09-17T17:52:55-07:00,POINT (-122.3932422 37.7771777),11.906474415225995,2553.6851273337006,android,3.738943653688505,-0.26639666325479094,0.18650787547956593
185,37.7771551,-122.3932737,1568767976.0,2019-09-17T17:52:56-07:00,POINT (-122.3932737 37.7771551),12.095876726924592,2557.4197152497914,android,3.472546990433714,-0.07988878777522501,0.3831078010449427
186,37.7771326,-122.3933011,1568767977.0,2019-09-17T17:52:57-07:00,POINT (-122.3933011 37.7771326),12.037747353599084,2560.891205537501,android,3.392658202658489,0.3032190132697177,-0.1489661387512493
187,37.7771066,-122.3933213,1568767978.0,2019-09-17T17:52:58-07:00,POINT (-122.3933213 37.7771066),11.256628605223684,2564.1891107513898,android,3.6958772159282067,0.15425287451846836,-1.255733531345931
188,37.7770797,-122.393346,1568767979.0,2019-09-17T17:52:59-07:00,POINT (-122.393346 37.7770797),10.68521151794574,2567.8377966448575,android,3.850130090446675,-1.1014806568274627,1.5109331836504754
189,37.777055,-122.3933767,1568767980.0,2019-09-17T17:53:00-07:00,POINT (-122.3933767 37.777055),10.660076819135591,2571.6873777012743,android,2.7486494336192124,0.4094525268230127,-1.143866245739026
190,37.7770386,-122.3934001,1568767981.0,2019-09-17T17:53:01-07:00,POINT (-122.3934001 37.7770386),10.832619209629328,2574.4221106901687,android,3.158101960442225,-0.7344137189160134,1.1743073946353118
191,37.7770212,-122.3934285,1568767982.0,2019-09-17T17:53:02-07:00,POINT (-122.3934285 37.7770212),11.23941966439689,2577.5553027148094,android,2.4236882415262118,0.4398936757192984,-1.1907786661185846
192,37.777012,-122.3934535,1568767983.0,2019-09-17T17:53:03-07:00,POINT (-122.3934535 37.777012),12.076899333728816,2579.8329747355374,android,2.86358191724551,-0.7508849903992862,1.0376889474152629
193,37.7770036,-122.3934843,1568767984.0,2019-09-17T17:53:04-07:00,POINT (-122.3934843 37.7770036),13.338643272627337,2582.4085995535943,android,2.112696926846224,0.2868039570159766,-0.5356480647428814
194,37.7769926,-122.3935039,1568767985.0,2019-09-17T17:53:05-07:00,POINT (-122.3935039 37.7769926),13.698427175843054,2584.491740124324,android,2.3995008838622005,-0.2488441077269048,0.0061415785919876065
195,37.7769792,-122.3935253,1568767986.0,2019-09-17T17:53:06-07:00,POINT (-122.3935253 37.7769792),13.982335405575439,2586.8753439098004,android,2.1506567761352957,-0.2427025291349172,0.81197378299589
196,37.7769684,-122.3935456,1568767987.0,2019-09-17T17:53:07-07:00,POINT (-122.3935456 37.7769684),14.401432088969292,2588.9863197120853,android,1.9079542470003785,0.5692712538609728,-0.8968750456348795
197,37.7769601,-122.3935646,1568767988.0,2019-09-17T17:53:08-07:00,POINT (-122.3935646 37.7769601),14.935412181408877,2590.8200805481974,android,2.4772255008613513,-0.32760379177390675,0.06729255575817339
198,37.7769532,-122.3935914,1568767989.0,2019-09-17T17:53:09-07:00,POINT (-122.3935914 37.7769532),16.065357320251547,2593.0290785324332,android,2.1496217090874445,-0.26031123601573336,0.7204188644670153
199,37.7769423,-122.3936116,1568767990.0,2019-09-17T17:53:10-07:00,POINT (-122.3936116 37.7769423),16.4703850524121,2595.1416880225684,android,1.8893104730717112,0.46010762845128195,-0.5407542881385066
200,37.7769355,-122.3936313,1568767991.0,2019-09-17T17:53:11-07:00,POINT (-122.3936313 37.7769355),17.165558731405834,2596.9011820066576,android,2.349418101522993,-0.08064665968722462,-0.48254660216933387
201,37.7769246,-122.3936542,1568767992.0,2019-09-17T17:53:12-07:00,POINT (-122.3936542 37.7769246),17.73890417855201,2599.1817429449206,android,2.2687714418357685,-0.5631932618565585,0.08931216517759588
202,37.7769122,-122.3936747,1568767993.0,2019-09-17T17:53:13-07:00,POINT (-122.3936747 37.7769122),18.04508144530885,2601.430823752805,android,1.70557817997921,-0.4738810966789626,0.05004134890204348
203,37.7769081,-122.3936934,1568767994.0,2019-09-17T17:53:14-07:00,POINT (-122.3936934 37.7769081),18.889514877506098,2602.9160557552627,android,1.2316970833002474,-0.42383974777691913,0.39032790469618517
204,37.7769086,-122.3937074,1568767995.0,2019-09-17T17:53:15-07:00,POINT (-122.3937074 37.7769086),19.801452486395387,2603.7476442974753,android,0.8078573355233283,-0.03351184308073396,0.07882134957383724
205,37.7769038,-122.3937143,1568767996.0,2019-09-17T17:53:16-07:00,POINT (-122.3937143 37.7769038),19.855421687872692,2604.5538448204043,android,0.7743454924425943,0.04530950649310328,0.2581378714793914
206,37.776897,-122.3937162,1568767997.0,2019-09-17T17:53:17-07:00,POINT (-122.3937162 37.776897),19.440954532947874,2605.2061043866734,android,0.8196549989356976,0.30344737797249466,-0.22206477566245364
207,37.7768902,-122.3937198,1568767998.0,2019-09-17T17:53:18-07:00,POINT (-122.3937198 37.7768902),19.13246458571942,2605.964111079789,android,1.1231023769081923,0.08138260231004102,0.541383418429078
208,37.7768812,-122.3937256,1568767999.0,2019-09-17T17:53:19-07:00,POINT (-122.3937256 37.7768812),18.788708895517257,2607.031754909043,android,1.2044849792182333,0.622766020739119,-1.191168860045874
209,37.7768715,-122.3937317,1568768000.0,2019-09-17T17:53:20-07:00,POINT (-122.3937317 37.7768715),18.408796579925667,2608.173038029502,android,1.8272509999573523,-0.5684028393067551,0.9188833695257432
210,37.7768614,-122.3937481,1568768001.0,2019-09-17T17:53:21-07:00,POINT (-122.3937481 37.7768614),18.639634084126357,2609.986440361317,android,1.2588481606505972,0.3504805302189882,-0.7700722239066988
211,37.7768537,-122.3937586,1568768002.0,2019-09-17T17:53:22-07:00,POINT (-122.3937586 37.7768537),18.690755101117475,2611.244342136362,android,1.6093286908695854,-0.41959169368771065,-0.006699847518763291
212,37.7768427,-122.3937705,1568768003.0,2019-09-17T17:53:23-07:00,POINT (-122.3937705 37.7768427),18.570532748404023,2612.848511800806,android,1.1897369971818748,-0.42629154120647395,1.0407001947693175
213,37.7768339,-122.3937782,1568768004.0,2019-09-17T17:53:24-07:00,POINT (-122.3937782 37.7768339),18.360897010994695,2614.018635996693,android,0.7634454559754008,0.6144086535628436,0.22934235424973515
214,37.7768271,-122.393777,1568768005.0,2019-09-17T17:53:25-07:00,POINT (-122.393777 37.7768271),17.753177631638266,2614.4780629484294,android,1.3778541095382444,0.8437510078125787,-0.6109956089455082
215,37.7768148,-122.3937789,1568768006.0,2019-09-17T17:53:26-07:00,POINT (-122.3937789 37.7768148),16.907679418965,2615.5622928985445,android,2.221605117350823,0.23275539886707053,-0.27221815243513925
216,37.7767961,-122.3937878,1568768007.0,2019-09-17T17:53:27-07:00,POINT (-122.3937878 37.7767961),15.996994673688556,2617.5846083935353,android,2.4543605162178936,-0.03946275356806872,-0.277611080455646
217,37.7767779,-122.3938036,1568768008.0,2019-09-17T17:53:28-07:00,POINT (-122.3938036 37.7767779),15.555638668112888,2619.9968632252835,android,2.414897762649825,-0.3170738340237147,-0.143482937106868
218,37.7767617,-122.3938219,1568768009.0,2019-09-17T17:53:29-07:00,POINT (-122.3938219 37.7767617),15.42687126607041,2622.407548850059,android,2.0978239286261102,-0.4605567711305827,0.9630509184017857
219,37.7767477,-122.3938379,1568768010.0,2019-09-17T17:53:30-07:00,POINT (-122.3938379 37.7767477),15.327135774367724,2624.502376926609,android,1.6372671574955275,0.502494147271203,-0.5389936534607631
220,37.7767393,-122.3938532,1568768011.0,2019-09-17T17:53:31-07:00,POINT (-122.3938532 37.7767393),15.622631227395923,2626.113837913432,android,2.1397613047667305,-0.036499506189560105,1.2652040995503193
221,37.7767314,-122.3938754,1568768012.0,2019-09-17T17:53:32-07:00,POINT (-122.3938754 37.7767314),16.339193602947738,2628.9945284246137,android,2.1032617985771704,1.2287045933607592,-2.168964327625577
222,37.7767199,-122.3938944,1568768013.0,2019-09-17T17:53:33-07:00,POINT (-122.3938944 37.7767199),16.51003125120332,2631.091818525842,android,3.3319663919379297,-0.9402597342648176,0.6764472215778956
223,37.7766971,-122.393919,1568768014.0,2019-09-17T17:53:34-07:00,POINT (-122.393919 37.7766971),16.078812792756707,2634.394365977438,android,2.391706657673112,-0.26381251268692196,0.9587361378469232
224,37.7766788,-122.3939333,1568768015.0,2019-09-17T17:53:35-07:00,POINT (-122.3939333 37.7766788),15.41195615309594,2636.6886724040223,android,2.12789414498619,0.6949236251600013,0.22846779013710838
225,37.7766643,-122.3939491,1568768016.0,2019-09-17T17:53:36-07:00,POINT (-122.3939491 37.7766643),15.14686411263551,2638.7991411257854,android,2.8228177701461914,0.9233914152971097,0.6204042942469861
226,37.7766465,-122.393972,1568768017.0,2019-09-17T17:53:37-07:00,POINT (-122.393972 37.7766465),15.027869567592164,2641.6193113326694,android,3.746209185443301,1.5437957095440957,-0.6269559064978907
227,37.7766295,-122.3940088,1568768018.0,2019-09-17T17:53:38-07:00,POINT (-122.3940088 37.7766295),15.828350753596927,2644.243279328326,android,5.290004894987397,0.916839803046205,-2.3940751335372656
228,37.77660952305416,-122.39406342596368,1568768019.0,2019-09-17T17:53:39-07:00,POINT (-122.39406342596368 37.77660952305416),18.13781340302026,2647.3750858860944,android,6.206844698033602,-1.4772353304910606,1.4325197212301983
229,37.7765793,-122.3941228,1568768020.0,2019-09-17T17:53:40-07:00,POINT (-122.3941228 37.7765793),20.02087747315044,2655.0643577216397,android,4.729609367542541,-0.044715609260862266,0.9229798001048115
230,37.7765479,-122.3941591,1568768021.0,2019-09-17T17:53:41-07:00,POINT (-122.3941591 37.7765479),19.932881183340612,2659.7918564414526,android,4.684893758281679,0.8782641908439492,-1.229147945467088
231,37.7765126,-122.3941882,1568768022.0,2019-09-17T17:53:42-07:00,POINT (-122.3941882 37.7765126),18.908447538057768,2663.9187808174556,android,5.563157949125628,-0.3508837546231387,0.40084495547705146
232,37.7764702,-122.3942218,1568768023.0,2019-09-17T17:53:43-07:00,POINT (-122.3942218 37.7764702),18.761767750668184,2663.9187808174556,android,5.2122741945024895,0.04996120085391276,-5.312196596210315
233,37.77642942012249,-122.39425104372371,1568768024.0,2019-09-17T17:53:44-07:00,POINT (-122.39425104372371 37.77642942012249),19.857318024913024,2663.9187808174556,android,5.262235395356402,-5.262235395356402,5.262235395356402
234,37.7763894,-122.394283,1568768025.0,2019-09-17T17:53:45-07:00,POINT (-122.394283 37.7763894),22.389477490420703,2663.9187808174556,android,0.0,0.0,0.0
