,latitude,longitude,ts,fmt_time,geometry,gt_distance,gt_projection,source,speed,acceleration,jerk
0,37.78996492230718,-122.38903447997966,1564189976.0,2019-07-26T18:12:56-07:00,POINT (-122.38903447997966 37.78996492230718),1.1167062605374813,928.1111442528089,android,21.864932240173378,-21.477356959434825,21.480251171353085
1,37.7900791,-122.3888319,1564189977.0,2019-07-26T18:12:57-07:00,POINT (-122.3888319 37.7900791),20.463423313643073,931.7095720422363,android,0.38757528073855346,0.002894211918259947,-0.0006861539287854907
2,37.7899041,-122.3889413,1564190033.0,2019-07-26T18:13:53-07:00,POINT (-122.3889413 37.7899041),0.059323956834666826,938.681696494855,android,0.5496511481611105,-0.03553040809372753,0.04128017350950891
3,37.7898694,-122.3889653,1564190041.0,2019-07-26T18:14:01-07:00,POINT (-122.3889653 37.7898694),4.272740593764977,939.920871492599,android,0.26540788341129024,0.29471097998234375,-0.09132179786535508
4,37.7898813,-122.3889068,1564190061.0,2019-07-26T18:14:21-07:00,POINT (-122.3889068 37.7898813),0.3102307239605019,942.6175188670975,android,6.159627483058165,-1.5317249773247577,3.116053545665861
5,37.7898343,-122.3888697,1564190062.0,2019-07-26T18:14:22-07:00,POINT (-122.3888697 37.7898343),1.0515330620448209,948.6183788500532,android,4.627902505733408,1.5843285683411032,-1.465665199756466
6,37.7898076,-122.3888293,1564190063.0,2019-07-26T18:14:23-07:00,POINT (-122.3888293 37.7898076),0.6126119601219973,953.2282152423958,android,6.212231074074511,0.11866336858463722,0.08671642340842922
7,37.789776,-122.388771,1564190064.0,2019-07-26T18:14:24-07:00,POINT (-122.388771 37.789776),0.5625936561087892,959.3325367936201,android,6.330894442659148,0.20537979199306644,2.9568915937098597
8,37.7897384,-122.3887169,1564190065.0,2019-07-26T18:14:25-07:00,POINT (-122.3887169 37.7897384),1.006425703792571,965.6490360173365,android,6.536274234652215,3.162271385702926,-8.098626250982118
9,37.7896939,-122.3886683,1564190066.0,2019-07-26T18:14:26-07:00,POINT (-122.3886683 37.7896939),0.41730365265703295,972.1838743438444,android,9.69854562035514,-4.936354865279191,12.200864436565396
10,37.7896713,-122.3885617,1564190067.0,2019-07-26T18:14:27-07:00,POINT (-122.3885617 37.7896713),6.74797085509439,980.290596502526,android,4.76219075507595,7.264509571286205,-6.885803134992018
11,37.7896414,-122.3885229,1564190068.0,2019-07-26T18:14:28-07:00,POINT (-122.3885229 37.7896414),7.139994437758597,985.0364847619983,android,12.026700326362155,0.37870643629418765,-2.6720974497796615
12,37.7896447,-122.3883861,1564190069.0,2019-07-26T18:14:29-07:00,POINT (-122.3883861 37.7896447),16.460315124326176,992.265009149271,android,12.405406762656343,-2.293391013485474,1.6648437787458334
13,37.7895449,-122.388323,1564190070.0,2019-07-26T18:14:30-07:00,POINT (-122.388323 37.7895449),14.503010461702809,1003.3189056614872,android,10.112015749170869,-0.6285472347396404,-0.08180895171746805
14,37.7894557,-122.3883006,1564190071.0,2019-07-26T18:14:31-07:00,POINT (-122.3883006 37.7894557),10.701300822893439,1011.944484918779,android,9.483468514431229,-0.7103561864571084,1.752246366145462
15,37.7893914,-122.3882297,1564190072.0,2019-07-26T18:14:32-07:00,POINT (-122.3882297 37.7893914),12.258926271269091,1021.158829154659,android,8.77311232797412,1.0418901796883535,-1.0142429345899728
16,37.7893387,-122.3881554,1564190073.0,2019-07-26T18:14:33-07:00,POINT (-122.3881554 37.7893387),15.351805693164959,1027.4938482142545,android,9.815002507662474,0.02764724509838068,-5.314408844479839
17,37.7892514,-122.3881389,1564190074.0,2019-07-26T18:14:34-07:00,POINT (-122.3881389 37.7892514),12.71505740205675,1037.3143509594497,android,9.842649752760854,-5.2867615993814585,4.375310462879743
18,37.7891629,-122.3881367,1564190075.0,2019-07-26T18:14:35-07:00,POINT (-122.3881367 37.7891629),8.668570124067866,1046.2631655889832,android,4.555888153379396,-0.9114511365017153,1.7234284877952701
19,37.789144,-122.3880907,1564190076.0,2019-07-26T18:14:36-07:00,POINT (-122.3880907 37.789144),11.657089248239759,1048.3140709884008,android,3.6444370168776805,0.8119773512935549,-0.11794383146242371
20,37.7891044,-122.3881568,1564190078.0,2019-07-26T18:14:38-07:00,POINT (-122.3881568 37.7891044),4.780330687458224,1050.7408836370603,android,5.26839171946479,0.5760896883687074,2.5551405277425063
21,37.7890579,-122.3881453,1564190079.0,2019-07-26T18:14:39-07:00,POINT (-122.3881453 37.7890579),4.1844701093598395,1055.9647102464053,android,5.844481407833498,3.1312302161112138,-10.59313023003933
22,37.7890065,-122.3881314,1564190080.0,2019-07-26T18:14:40-07:00,POINT (-122.3881314 37.7890065),3.6962148276971822,1061.6738983602659,android,8.975711623944711,-7.461900013928116,8.019841548574567
23,37.7889271,-122.388113,1564190081.0,2019-07-26T18:14:41-07:00,POINT (-122.388113 37.7889271),2.810233704804305,1070.5873068066917,android,1.513811610016595,0.5579415346464496,-0.6982141340237271
24,37.7889238,-122.3880788,1564190083.0,2019-07-26T18:14:43-07:00,POINT (-122.3880788 37.7889238),5.602010719810597,1071.774047585923,android,2.629694679309494,-0.8384867334010047,0.5097389255954647
25,37.7889054,-122.38806,1564190084.0,2019-07-26T18:14:44-07:00,POINT (-122.38806 37.7889054),6.6264319725848795,1074.1945026126014,android,1.7912079459084895,-0.3287478078055399,0.17473489977610002
26,37.7888928,-122.3880473,1564190085.0,2019-07-26T18:14:45-07:00,POINT (-122.3880473 37.7888928),7.31322541134901,1075.847742195713,android,1.4624601381029496,-0.1540129080294399,0.24607681074079846
27,37.7888843,-122.3880346,1564190086.0,2019-07-26T18:14:46-07:00,POINT (-122.3880346 37.7888843),8.126148794466394,1077.0639136942254,android,1.3084472300735097,0.09206390271135856,0.21186919955379002
28,37.788874,-122.3880274,1564190087.0,2019-07-26T18:14:47-07:00,POINT (-122.3880274 37.788874),8.418402108483873,1078.337692994242,android,1.4005111327848683,0.3039331022651486,1.3944540926054616
29,37.7888625,-122.3880209,1564190088.0,2019-07-26T18:14:48-07:00,POINT (-122.3880209 37.7888625),8.614520103631301,1079.7223050250657,android,1.7044442350500169,1.6983871948706102,-1.636300945485786
30,37.7888488,-122.3880122,1564190089.0,2019-07-26T18:14:49-07:00,POINT (-122.3880122 37.7888488),8.929077709012033,1081.395151659376,android,3.402831429920627,0.06208624938482421,-0.11169138894466668
31,37.7888193,-122.3880019,1564190090.0,2019-07-26T18:14:50-07:00,POINT (-122.3880019 37.7888193),8.899339957488893,1084.4537951340822,android,3.4649176793054512,-0.04960513955984247,0.5960231246303223
32,37.7887883,-122.3879979,1564190091.0,2019-07-26T18:14:51-07:00,POINT (-122.3879979 37.7887883),8.534831099078481,1087.5623803239696,android,3.4153125397456088,0.5464179850704798,-0.9752932545328514
33,37.7887576,-122.3879991,1564190092.0,2019-07-26T18:14:52-07:00,POINT (-122.3879991 37.7887576),7.735059339300131,1090.8750710103573,android,3.9617305248160886,-0.42887526946237164,-0.14977681016970568
34,37.7887222,-122.3880042,1564190093.0,2019-07-26T18:14:53-07:00,POINT (-122.3880042 37.7887222),6.492531963872628,1094.6280209225267,android,3.532855255353717,-0.5786520796320773,0.8129381497736183
35,37.7886905,-122.3880069,1564190094.0,2019-07-26T18:14:54-07:00,POINT (-122.3880069 37.7886905),5.540789400763826,1098.0223194334583,android,2.9542031757216396,0.23428607014154101,-0.618679713408457
36,37.788664,-122.3880045,1564190095.0,2019-07-26T18:14:55-07:00,POINT (-122.3880045 37.788664),5.146574230283692,1100.9436550007629,android,3.1884892458631806,-0.38439364326691594,0.1606414649619894
37,37.7886355,-122.3880005,1564190096.0,2019-07-26T18:14:56-07:00,POINT (-122.3880005 37.7886355),4.844902596885062,1104.1110092158422,android,2.8040956025962647,-0.22375217830492655,0.023057931198815496
38,37.7886103,-122.3879993,1564190097.0,2019-07-26T18:14:57-07:00,POINT (-122.3879993 37.7886103),4.3767437462426075,1106.8695525978108,android,2.580343424291338,-0.20069424710611106,9.373941777051172
39,37.7885873,-122.3879954,1564190098.0,2019-07-26T18:14:58-07:00,POINT (-122.3879954 37.7885873),4.191204961276724,1109.4377581955262,android,2.379649177185227,9.173247529945062,-20.06173863557209
40,37.7885661,-122.3879917,1564190099.0,2019-07-26T18:14:59-07:00,POINT (-122.3879917 37.7885661),4.0292557187869695,1111.8068677837666,android,11.552896707130289,-10.88849110562703,15.03815151150698
41,37.7884623,-122.3879974,1564190100.0,2019-07-26T18:15:00-07:00,POINT (-122.3879974 37.7884623),1.1835545558862997,1122.9778612382372,android,0.6644056015032584,4.149660405879949,-3.0982563734358637
42,37.7884582,-122.3880029,1564190101.0,2019-07-26T18:15:01-07:00,POINT (-122.3880029 37.7884582),0.6164991325260769,1123.3241538919399,android,4.814066007383207,1.0514040324440854,4.001225694083232
43,37.7884274,-122.3879644,1564190102.0,2019-07-26T18:15:02-07:00,POINT (-122.3879644 37.7884274),3.23630186316698,1127.3623305254284,android,5.865470039827293,5.052629726527317,-8.122038195225251
44,37.7883772,-122.3879439,1564190103.0,2019-07-26T18:15:03-07:00,POINT (-122.3879439 37.7883772),3.9721436040052436,1133.1085427964433,android,10.91809976635461,-3.069408468697933,6.220420632977664
45,37.788284,-122.3879048,1564190104.0,2019-07-26T18:15:04-07:00,POINT (-122.3879048 37.788284),5.435181705059847,1143.908700144834,android,7.848691297656677,3.151012164279731,-9.54916271667188
46,37.7882145,-122.3879204,1564190105.0,2019-07-26T18:15:05-07:00,POINT (-122.3879204 37.7882145),2.6537335241528552,1151.2307537266843,android,10.999703461936408,-6.398150552392148,8.498157767636336
47,37.7881212,-122.3878788,1564190106.0,2019-07-26T18:15:06-07:00,POINT (-122.3878788 37.7881212),4.391891972485587,1162.0581799001457,android,4.601552909544259,2.1000072152441867,-0.0954607000926222
48,37.7881157,-122.3878269,1564190107.0,2019-07-26T18:15:07-07:00,POINT (-122.3878269 37.7881157),8.777123676813359,1163.4816743563104,android,6.701560124788446,2.0045465151515645,0.39462675784762613
49,37.7880556,-122.3878212,1564190108.0,2019-07-26T18:15:08-07:00,POINT (-122.3878212 37.7880556),8.269489274171722,1169.725696679732,android,8.70610663994001,2.3991732729991906,-6.413591692607161
50,37.7879779,-122.3878334,1564190109.0,2019-07-26T18:15:09-07:00,POINT (-122.3878334 37.7879779),6.07409460126241,1178.131374949153,android,11.105279912939201,-4.014418419607971,5.231161222879413
51,37.7878784,-122.3878225,1564190110.0,2019-07-26T18:15:10-07:00,POINT (-122.3878225 37.7878784),5.760740984397894,1189.0961033794606,android,7.09086149333123,1.2167428032714422,-0.6755101735678561
52,37.7878166,-122.3878424,1564190111.0,2019-07-26T18:15:11-07:00,POINT (-122.3878424 37.7878166),3.281648451355655,1195.5423756081975,android,8.307604296602673,0.5412326297035861,2.186640633071594
53,37.7877419,-122.3878441,1564190112.0,2019-07-26T18:15:12-07:00,POINT (-122.3878441 37.7877419),2.6272140982461747,1203.8059711737374,android,8.848836926306259,2.72787326277518,-6.8838686471263175
54,37.7876624,-122.3878396,1564190113.0,2019-07-26T18:15:13-07:00,POINT (-122.3878396 37.7876624),2.6768120277299547,1212.4769944094737,android,11.576710189081439,-4.1559953843511375,5.621941816099385
55,37.7875585,-122.387848,1564190114.0,2019-07-26T18:15:14-07:00,POINT (-122.387848 37.7875585),2.001876939955334,1223.9007809345107,android,7.420714804730301,1.4659464317482476,-1.8262325449587857
56,37.7874938,-122.3878687,1564190115.0,2019-07-26T18:15:15-07:00,POINT (-122.3878687 37.7874938),0.5609954524362867,1231.1656518132359,android,8.886661236478549,-0.36028611321053816,6.808881407637397
57,37.7874151,-122.3878511,1564190116.0,2019-07-26T18:15:16-07:00,POINT (-122.3878511 37.7874151),2.5619754824753014,1239.8506318934812,android,8.52637512326801,6.448595294426859,-9.364440938101383
58,37.7873392,-122.3878649,1564190117.0,2019-07-26T18:15:17-07:00,POINT (-122.3878649 37.7873392),1.6379678702949274,1248.3087861164677,android,14.97497041769487,-2.9158456436745244,-2.3161420746462946
59,37.7872133,-122.3879254,1564190118.0,2019-07-26T18:15:18-07:00,POINT (-122.3879254 37.7872133),3.204390797324547,1262.4530452559177,android,12.059124774020345,-5.231987718320819,17.32840319556927
60,37.787109,-122.3878878,1564190119.0,2019-07-26T18:15:19-07:00,POINT (-122.3878878 37.787109),0.9041104140711594,1273.8728186184242,android,6.827137055699526,12.09641547724845,-21.88881767492222
61,37.78705,-122.3879093,1564190120.0,2019-07-26T18:15:20-07:00,POINT (-122.3879093 37.78705),0.4652218227118498,1280.548243589827,android,18.923552532947976,-9.79240219767377,9.01791033877789
62,37.78688,-122.3879193,1564190121.0,2019-07-26T18:15:21-07:00,POINT (-122.3879193 37.78688),0.04933733027094214,1299.4214406174203,android,9.131150335274206,-0.77449185889588,-2.032699840242646
63,37.7867979,-122.3879215,1564190122.0,2019-07-26T18:15:22-07:00,POINT (-122.3879215 37.7867979),0.3304903817566446,1308.524740570084,android,8.356658476378326,-2.807191699138526,9.140466350364319
64,37.786723,-122.3879137,1564190123.0,2019-07-26T18:15:23-07:00,POINT (-122.3879137 37.786723),1.5388490044769136,1316.775363792654,android,5.5494667772398,6.333274651225793,-11.653193585955105
65,37.7866734,-122.3879207,1564190124.0,2019-07-26T18:15:24-07:00,POINT (-122.3879207 37.7866734),1.2699624809616752,1322.3064626652756,android,11.882741428465593,-5.319918934729313,11.400274440792927
66,37.7865668,-122.3879302,1564190125.0,2019-07-26T18:15:25-07:00,POINT (-122.3879302 37.7865668),1.179307404487943,1334.1631460174265,android,6.56282249373628,6.080355506063614,-9.801650474595498
67,37.7865083,-122.3879203,1564190126.0,2019-07-26T18:15:26-07:00,POINT (-122.3879203 37.7865083),2.457722138163973,1340.5861264118555,android,12.643177999799894,-3.7212949685318844,4.5927677388129275
68,37.786395,-122.3879324,1564190127.0,2019-07-26T18:15:27-07:00,POINT (-122.3879324 37.786395),2.1853512350706588,1353.1991203506986,android,8.92188303126801,0.8714727702810432,-1.4905358156110342
69,37.7863164,-122.3879528,1564190128.0,2019-07-26T18:15:28-07:00,POINT (-122.3879528 37.7863164),0.9413227524957274,1362.0156943606632,android,9.793355801549053,-0.619063045329991,4.80542297802646
70,37.7862289,-122.3879655,1564190129.0,2019-07-26T18:15:29-07:00,POINT (-122.3879655 37.7862289),0.4361009371229357,1371.7751225298964,android,9.174292756219062,4.186359932696469,-7.004814276271926
71,37.7861464,-122.3879668,1564190130.0,2019-07-26T18:15:30-07:00,POINT (-122.3879668 37.7861464),0.8978063099214211,1380.9177281800746,android,13.36065268891553,-2.818454343575457,2.901614625095215
72,37.7860283,-122.3879948,1564190131.0,2019-07-26T18:15:31-07:00,POINT (-122.3879948 37.7860283),0.7383667767269696,1394.1503294891736,android,10.542198345340074,0.08316028151975807,-1.368089472200941
73,37.7859349,-122.3879742,1564190132.0,2019-07-26T18:15:32-07:00,POINT (-122.3879742 37.7859349),1.7240149371886564,1404.378578724464,android,10.625358626859832,-1.2849291906811828,2.951240043707168
74,37.7858398,-122.387986,1564190133.0,2019-07-26T18:15:33-07:00,POINT (-122.387986 37.7858398),1.3509341597790845,1414.9745843792673,android,9.340429436178649,1.6663108530259851,0.08926567690424925
75,37.7857573,-122.388006,1564190134.0,2019-07-26T18:15:34-07:00,POINT (-122.388006 37.7857573),0.1692652682209112,1424.2207967485897,android,11.006740289204634,1.7555765299302344,-0.12085656808578804
76,37.7856681,-122.3879517,1564190135.0,2019-07-26T18:15:35-07:00,POINT (-122.3879517 37.7856681),5.563917704301893,1433.797254830628,android,12.762316819134869,1.6347199618444463,-6.184881435397751
77,37.7855535,-122.3879597,1564190136.0,2019-07-26T18:15:36-07:00,POINT (-122.3879597 37.7855535),5.660916706515235,1446.531483166394,android,14.397036780979315,-4.550161473553304,1.878475188107057
78,37.7854241,-122.3879653,1564190137.0,2019-07-26T18:15:37-07:00,POINT (-122.3879653 37.7854241),6.072149857509291,1460.8912497637527,android,9.84687530742601,-2.6716862854462473,4.98164191826903
79,37.7853412,-122.3880047,1564190138.0,2019-07-26T18:15:38-07:00,POINT (-122.3880047 37.7853412),3.1883678002182965,1470.2892412291087,android,7.175189021979763,2.309955632822783,-5.668234620469105
80,37.7852778,-122.3880199,1564190139.0,2019-07-26T18:15:39-07:00,POINT (-122.3880199 37.7852778),2.295175670952078,1477.3938748765563,android,9.485144654802546,-3.3582789876463224,4.105785569322716
81,37.7851931,-122.3880327,1564190140.0,2019-07-26T18:15:40-07:00,POINT (-122.3880327 37.7851931),1.7615943713012552,1486.8438058585025,android,6.126865667156224,0.7475065816763937,-2.810457362932504
82,37.785138,-122.3880329,1564190141.0,2019-07-26T18:15:41-07:00,POINT (-122.3880329 37.785138),2.128677357839018,1492.9462550752157,android,6.874372248832618,-2.0629507812561103,5.257112039915146
83,37.7850795,-122.3880582,1564190142.0,2019-07-26T18:15:42-07:00,POINT (-122.3880582 37.7850795),0.3136675562609889,1499.5642597342014,android,4.8114214675765075,3.1941612586590358,0.5870787652295553
84,37.7850427,-122.388087,1564190143.0,2019-07-26T18:15:43-07:00,POINT (-122.388087 37.7850427),1.9604204342502487,1503.7987679592902,android,8.005582726235543,3.781240023888591,-7.221758415056783
85,37.7849717,-122.3880719,1564190144.0,2019-07-26T18:15:44-07:00,POINT (-122.3880719 37.7849717),0.13775190685684113,1511.5770892359506,android,11.786822750124134,-3.440518391168192,13.640663328227749
86,37.7848657,-122.3880726,1564190145.0,2019-07-26T18:15:45-07:00,POINT (-122.3880726 37.7848657),0.540723323048827,1523.318574595889,android,8.346304358955942,10.200144937059557,-13.627549290037956
87,37.7847909,-122.3880805,1564190146.0,2019-07-26T18:15:46-07:00,POINT (-122.3880805 37.7847909),0.4279628818453574,1531.64149837104,android,18.5464492960155,-3.4274043529783995,-5.079396654022839
88,37.784625,-122.3880587,1564190147.0,2019-07-26T18:15:47-07:00,POINT (-122.3880587 37.784625),3.6629229808372843,1549.9124530417098,android,15.1190449430371,-8.506801007001238,8.625866803583728
89,37.7844949,-122.3881087,1564190148.0,2019-07-26T18:15:48-07:00,POINT (-122.3881087 37.7844949),0.11031022910453461,1564.5797245837693,android,6.612243936035862,0.11906579658248972,3.7596414933718023
90,37.7844357,-122.3881158,1564190149.0,2019-07-26T18:15:49-07:00,POINT (-122.3881158 37.7844357),0.13036534575991898,1571.1733780520442,android,6.731309732618351,3.878707289954292,-5.515289428542234
91,37.7843764,-122.3881312,1564190150.0,2019-07-26T18:15:50-07:00,POINT (-122.3881312 37.7843764),1.100020152627272,1577.8207760345883,android,10.610017022572643,-1.6365821385879418,2.5330275828557305
92,37.784283,-122.3881559,1564190151.0,2019-07-26T18:15:51-07:00,POINT (-122.3881559 37.784283),2.6663333634089708,1588.2929920193212,android,8.973434883984702,0.8964454442677887,-0.4480957599920359
93,37.7842023,-122.388156,1564190152.0,2019-07-26T18:15:52-07:00,POINT (-122.388156 37.7842023),2.1524031577472216,1597.2320588289413,android,9.86988032825249,0.44834968427575284,-4.674568587619917
94,37.784115,-122.3881763,1564190153.0,2019-07-26T18:15:53-07:00,POINT (-122.3881763 37.784115),3.3714450560915044,1607.0060024499724,android,10.318230012528243,-4.226218903344164,6.369767099448747
95,37.7840227,-122.3881884,1564190154.0,2019-07-26T18:15:54-07:00,POINT (-122.3881884 37.7840227),3.837266195812879,1617.2916055313146,android,6.092011109184079,2.1435481961045832,-6.355103471019607
96,37.783968,-122.3881845,1564190155.0,2019-07-26T18:15:55-07:00,POINT (-122.3881845 37.783968),3.140120168922314,1623.3302781764924,android,8.235559305288662,-4.211555274915024,1.0266461727844072
97,37.783894,-122.3881806,1564190156.0,2019-07-26T18:15:56-07:00,POINT (-122.3881806 37.783894),2.317961810896161,1631.5066714310283,android,4.024004030373638,-3.1849091021306166,3.639628517811363
98,37.7838583,-122.3881731,1564190157.0,2019-07-26T18:15:57-07:00,POINT (-122.3881731 37.7838583),1.4274170946944942,1635.4223453355864,android,0.8390949282430218,0.45471941568074653,-0.19889074082182504
99,37.7836546,-122.3881676,1564190184.0,2019-07-26T18:16:24-07:00,POINT (-122.3881676 37.7836546),0.4048690537120869,1657.9523449107346,android,13.116519151623178,-4.91533058650853,8.899818251083069
100,37.7835376,-122.3881866,1564190185.0,2019-07-26T18:16:25-07:00,POINT (-122.3881866 37.7835376),0.37049203865456504,1671.0181121638293,android,8.201188565114649,3.984487664574539,-3.4393606102571628
101,37.7834661,-122.3882095,1564190186.0,2019-07-26T18:16:26-07:00,POINT (-122.3882095 37.7834661),1.8360446398337986,1679.0711894621475,android,12.185676229689188,0.5451270543173763,-0.9555031834446268
102,37.7833578,-122.3882307,1564190187.0,2019-07-26T18:16:27-07:00,POINT (-122.3882307 37.7833578),3.142436689517194,1691.1767411402118,android,12.730803284006564,-0.4103761291272505,-1.467312715217183
103,37.7832438,-122.3882441,1564190188.0,2019-07-26T18:16:28-07:00,POINT (-122.3882441 37.7832438),3.5238764646713108,1703.8744563960995,android,12.320427154879313,-1.8776888443444335,5.003965753366838
104,37.7831352,-122.3882719,1564190189.0,2019-07-26T18:16:29-07:00,POINT (-122.3882719 37.7831352),5.208560815760414,1716.054039449713,android,10.44273831053488,3.1262769090224047,-4.70836306153622
105,37.7830448,-122.3882397,1564190190.0,2019-07-26T18:16:30-07:00,POINT (-122.3882397 37.7830448),1.7473317848616103,1725.885716487689,android,13.569015219557285,-1.5820861525138152,-0.20462933708089892
106,37.7829229,-122.3882326,1564190191.0,2019-07-26T18:16:31-07:00,POINT (-122.3882326 37.7829229),0.27198112088742266,1739.344579594886,android,11.98692906704347,-1.7867154895947142,-3.094561008893667
107,37.7828151,-122.3882332,1564190192.0,2019-07-26T18:16:32-07:00,POINT (-122.3882332 37.7828151),0.4281860387886181,1751.284804583614,android,10.200213577448755,-4.881276498488381,8.320180347693462
108,37.7827234,-122.3882301,1564190193.0,2019-07-26T18:16:33-07:00,POINT (-122.3882301 37.7827234),1.3410788655518848,1761.421736188649,android,5.318937078960374,3.438903849205081,-4.181277476388431
109,37.7826774,-122.3882467,1564190194.0,2019-07-26T18:16:34-07:00,POINT (-122.3882467 37.7826774),0.20347306142796623,1766.6074195321412,android,8.757840928165455,-0.7423736271833494,1.8207537762737989
110,37.7826006,-122.3882246,1564190195.0,2019-07-26T18:16:35-07:00,POINT (-122.3882246 37.7826006),2.682103696897487,1774.9891260717575,android,8.015467300982106,1.0783801490904494,-1.3154589501316387
111,37.7825288,-122.3882327,1564190196.0,2019-07-26T18:16:36-07:00,POINT (-122.3882327 37.7825288),2.471705889851094,1782.9845757691594,android,9.093847450072555,-0.23707880104118928,0.8943099817473605
112,37.7824473,-122.3882241,1564190197.0,2019-07-26T18:16:37-07:00,POINT (-122.3882241 37.7824473),3.796725627509968,1791.961554165727,android,8.856768649031366,0.6572311807061713,-1.4587541790028133
113,37.7823677,-122.3882277,1564190198.0,2019-07-26T18:16:38-07:00,POINT (-122.3882277 37.7823677),4.036283959271065,1800.7957683092407,android,9.513999829737537,-0.8015229982966421,2.6037333566601077
114,37.7822852,-122.3882564,1564190199.0,2019-07-26T18:16:39-07:00,POINT (-122.3882564 37.7822852),2.090188073611926,1810.0902379028705,android,8.712476831440895,1.8022103583634657,-1.9128864285627607
115,37.7822079,-122.3882726,1564190200.0,2019-07-26T18:16:40-07:00,POINT (-122.3882726 37.7822079),1.2063296516181656,1818.7396120251626,android,10.514687189804361,-0.11067607019929504,2.5922989143000255
116,37.7821161,-122.3883013,1564190201.0,2019-07-26T18:16:41-07:00,POINT (-122.3883013 37.7821161),0.6748240921917681,1829.063887295296,android,10.404011119605066,2.4816228441007304,-11.593621217958809
117,37.7820273,-122.388264,1564190202.0,2019-07-26T18:16:42-07:00,POINT (-122.388264 37.7820273),3.2234783344695166,1838.6901206735888,android,12.885633963705796,-9.111998373858079,19.28743547231212
118,37.7819404,-122.388361,1564190203.0,2019-07-26T18:16:43-07:00,POINT (-122.388361 37.7819404),4.694460724967304,1848.8504031193459,android,3.7736355898477174,10.175437098454042,-17.90833561717717
119,37.781917,-122.3883299,1564190204.0,2019-07-26T18:16:44-07:00,POINT (-122.3883299 37.781917),1.7978042806805716,1851.269139757644,android,13.94907268830176,-7.732898518723126,8.933431162873461
120,37.7817922,-122.3883138,1564190205.0,2019-07-26T18:16:45-07:00,POINT (-122.3883138 37.7817922),0.5286725510005031,1864.9976816547564,android,6.2161741695786334,1.200532644150334,-0.10462456267781395
121,37.7817364,-122.3883095,1564190206.0,2019-07-26T18:16:46-07:00,POINT (-122.3883095 37.7817364),1.35021349418902,1871.1423368993069,android,7.416706813728967,1.09590808147252,-1.1979784643529792
122,37.7816697,-122.3883094,1564190207.0,2019-07-26T18:16:47-07:00,POINT (-122.3883094 37.7816697),1.8140387307447443,1878.656518652824,android,8.512614895201487,-0.10207038288045922,1.2292422186097074
123,37.7815946,-122.3882906,1564190208.0,2019-07-26T18:16:48-07:00,POINT (-122.3882906 37.7815946),4.1890049660957605,1886.52316327001,android,8.410544512321028,1.1271718357292482,-1.0666730828015378
124,37.7815205,-122.3882714,1564190209.0,2019-07-26T18:16:49-07:00,POINT (-122.3882714 37.7815205),6.863787678916277,1894.4791590119826,android,9.537716348050276,0.06049875292771034,2.2439322156997754
125,37.7814359,-122.3882893,1564190210.0,2019-07-26T18:16:50-07:00,POINT (-122.3882893 37.7814359),6.002923449654208,1904.2953321910165,android,9.598215100977987,2.3044309686274858,-8.153345857377577
126,37.7813909,-122.3883825,1564190211.0,2019-07-26T18:16:51-07:00,POINT (-122.3883825 37.7813909),1.6583719226062215,1909.9900323260379,android,11.902646069605472,-5.84891488875009,11.091969976706155
127,37.781284,-122.3883755,1564190212.0,2019-07-26T18:16:52-07:00,POINT (-122.3883755 37.781284),0.6696822592295553,1921.6318725227652,android,6.053731180855382,5.243055087956065,-10.046994960150045
128,37.7812344,-122.3884039,1564190213.0,2019-07-26T18:16:53-07:00,POINT (-122.3884039 37.7812344),0.9375547948070801,1927.4591163012878,android,11.296786268811447,-4.803939872193979,5.387910549048168
129,37.7811383,-122.3884456,1564190214.0,2019-07-26T18:16:54-07:00,POINT (-122.3884456 37.7811383),1.7558674246707564,1938.914706945046,android,6.492846396617468,0.5839706768541886,0.24333536873543515
130,37.7810842,-122.3884734,1564190215.0,2019-07-26T18:16:55-07:00,POINT (-122.3884734 37.7810842),2.2728935706942766,1945.3765824410884,android,7.0768170734716564,0.8273060455896237,0.2499496309560838
131,37.7810234,-122.3884972,1564190216.0,2019-07-26T18:16:56-07:00,POINT (-122.3884972 37.7810234),2.2292504129953006,1952.4403998649984,android,7.90412311906128,1.0772556765457075,-0.2829660332244348
132,37.7809529,-122.3885087,1564190217.0,2019-07-26T18:16:57-07:00,POINT (-122.3885087 37.7809529),0.4215330354342007,1960.2462170458605,android,8.981378795606988,0.7942896433212727,-3.9044205472589493
133,37.7808771,-122.388544,1564190218.0,2019-07-26T18:16:58-07:00,POINT (-122.388544 37.7808771),0.1029568666688102,1969.215796613228,android,9.77566843892826,-3.1101309039376765,3.2105118694689176
134,37.7807926,-122.3885747,1564190219.0,2019-07-26T18:16:59-07:00,POINT (-122.3885747 37.7807926),1.388534387241284,1978.7270519854999,android,6.665537534990584,0.1003809655312411,2.1576025261004066
135,37.780752,-122.3886305,1564190220.0,2019-07-26T18:17:00-07:00,POINT (-122.3886305 37.780752),0.5296850321822977,1985.1112397671714,android,6.765918500521825,2.2579834916316477,-3.063891458178376
136,37.7806949,-122.3886571,1564190221.0,2019-07-26T18:17:01-07:00,POINT (-122.3886571 37.7806949),0.7643237984525684,1991.741465023197,android,9.023901992153473,-0.8059079665467284,0.3054373080252377
137,37.7806215,-122.3887009,1564190222.0,2019-07-26T18:17:02-07:00,POINT (-122.3887009 37.7806215),1.8290407693282917,2000.6005084348062,android,8.217994025606744,-0.5004706585214906,0.7385558478977483
138,37.7805594,-122.3887516,1564190223.0,2019-07-26T18:17:03-07:00,POINT (-122.3887516 37.7805594),2.0921416710791343,2008.8064876427902,android,7.717523367085254,0.23808518937625767,0.6839670139461616
139,37.780494,-122.388781,1564190224.0,2019-07-26T18:17:04-07:00,POINT (-122.388781 37.780494),4.483458489745274,2015.968904161522,android,7.955608556461511,0.9220522033224192,-3.7519326219301536
140,37.7804427,-122.3888441,1564190225.0,2019-07-26T18:17:05-07:00,POINT (-122.3888441 37.7804427),3.8008123104631593,2023.664931295345,android,8.87766075978393,-2.8298804186077344,2.853654748006649
141,37.780364,-122.3888611,1564190226.0,2019-07-26T18:17:06-07:00,POINT (-122.3888611 37.780364),8.49989636211888,2031.1753291116686,android,6.047780341176196,0.023774329398914773,-0.6718036605308892
142,37.7803409,-122.3889234,1564190227.0,2019-07-26T18:17:07-07:00,POINT (-122.3889234 37.7803409),6.1146397424689,2036.7411353398525,android,6.071554670575111,-0.6480293311319745,-0.4858733047261703
143,37.7802863,-122.3889241,1564190228.0,2019-07-26T18:17:08-07:00,POINT (-122.3889241 37.7802863),10.103485740892713,2041.3009536971592,android,5.423525339443136,-1.1339026358581448,1.7888367379079169
144,37.7803006,-122.3889831,1564190229.0,2019-07-26T18:17:09-07:00,POINT (-122.3889831 37.7803006),5.171211234798715,2043.5779516849616,android,4.289622703584992,0.6549341020497721,-0.9035313515237187
145,37.7802822,-122.389026,1564190230.0,2019-07-26T18:17:10-07:00,POINT (-122.389026 37.7802822),3.8233219717532565,2047.4290431612126,android,4.944556805634764,-0.24859724947394657,-1.9266178508945897
146,37.7802463,-122.3890592,1564190231.0,2019-07-26T18:17:11-07:00,POINT (-122.3890592 37.7802463),4.5399557229369245,2052.317789225059,android,4.695959556160817,-2.1752151003685363,1.2003095105598574
147,37.7802129,-122.3890919,1564190232.0,2019-07-26T18:17:12-07:00,POINT (-122.3890919 37.7802129),5.0931024214947085,2056.9781703131407,android,2.520744455792281,-0.9749055898086789,1.5720563763133186
148,37.780195,-122.3891095,1564190233.0,2019-07-26T18:17:13-07:00,POINT (-122.3891095 37.780195),5.384837647891769,2059.480448359542,android,1.545838865983602,0.5971507865046397,-1.63491186635575
149,37.7801833,-122.389119,1564190234.0,2019-07-26T18:17:14-07:00,POINT (-122.389119 37.7801833),5.701135172650613,2060.9920682880447,android,2.1429896524882417,-1.0377610798511103,0.5601278028687932
150,37.7801668,-122.3891316,1564190235.0,2019-07-26T18:17:15-07:00,POINT (-122.3891316 37.7801668),6.197180858112805,2063.074516552501,android,1.1052285726371314,-0.47763327698231717,0.4649505427890208
151,37.780157,-122.3891337,1564190236.0,2019-07-26T18:17:16-07:00,POINT (-122.3891337 37.780157),6.829263101991439,2063.978371761769,android,0.6275952956548142,-0.012682734193296352,-0.4802976626078813
152,37.7801536,-122.3891394,1564190237.0,2019-07-26T18:17:17-07:00,POINT (-122.3891394 37.7801536),6.736933863548558,2064.599450958388,android,0.6149125614615178,-0.49298039680117767,0.5719978739028605
153,37.7801499,-122.3891446,1564190238.0,2019-07-26T18:17:18-07:00,POINT (-122.3891446 37.7801499),6.699325037829367,2065.2132965555634,android,0.12193216466034018,0.07901747710168285,-0.031563211094352964
154,37.7801457,-122.389143,1564190242.0,2019-07-26T18:17:22-07:00,POINT (-122.389143 37.7801457),7.126924395245508,2065.446031119716,android,0.43800207306707156,-0.04723536727572902,0.24152280905846318
155,37.7801418,-122.3891423,1564190243.0,2019-07-26T18:17:23-07:00,POINT (-122.3891423 37.7801418),7.474730168603405,2065.7107404065337,android,0.39076670579134254,0.19428744178273416,-0.19073180797263867
156,37.7801383,-122.3891419,1564190244.0,2019-07-26T18:17:24-07:00,POINT (-122.3891419 37.7801383),7.772559019147758,2065.9624151470475,android,0.5850541475740767,0.003555633810095493,0.06823737576490996
157,37.78014,-122.3891482,1564190245.0,2019-07-26T18:17:25-07:00,POINT (-122.3891482 37.78014),7.24517591184752,2066.217828680195,android,0.5886097813841722,0.07179300957500545,-0.36040935171170235
158,37.7801409,-122.3891548,1564190246.0,2019-07-26T18:17:26-07:00,POINT (-122.3891548 37.7801409),6.7613321099896195,2066.554978784402,android,0.6604027909591776,-0.2886163421366969,0.19893931704130113
159,37.7801426,-122.389162,1564190247.0,2019-07-26T18:17:27-07:00,POINT (-122.389162 37.7801426),6.177534439511686,2066.8660597416924,android,0.37178644882248074,-0.08967702509539577,0.01453838172135033
160,37.780143,-122.3891662,1564190248.0,2019-07-26T18:17:28-07:00,POINT (-122.3891662 37.780143),5.883094484947327,2067.094251064083,android,0.282109423727085,-0.07513864337404544,0.06091846725929803
161,37.7801432,-122.3891694,1564190249.0,2019-07-26T18:17:29-07:00,POINT (-122.3891694 37.7801432),5.666923390905016,2067.2763847844367,android,0.20697078035303954,-0.014220176114747407,-0.01878216274678171
162,37.7801436,-122.3891717,1564190250.0,2019-07-26T18:17:30-07:00,POINT (-122.3891717 37.7801436),5.491580804522535,2067.387055794219,android,0.19275060423829213,-0.03300233886152912,8.38470083667168
163,37.7801431,-122.3891738,1564190251.0,2019-07-26T18:17:31-07:00,POINT (-122.3891738 37.7801431),5.3989119459447865,2067.556434629837,android,0.159748265376763,8.351698497810151,-11.869444744090986
164,37.7801433,-122.3891756,1564190252.0,2019-07-26T18:17:32-07:00,POINT (-122.3891756 37.7801433),5.270496806656609,2067.651974439479,android,8.511446763186914,-3.5177462462808347,3.894964331111976
165,37.7801081,-122.3892616,1564190253.0,2019-07-26T18:17:33-07:00,POINT (-122.3892616 37.7801081),2.622910210830141,2075.751268367725,android,4.993700516906079,0.3772180848311413,-0.042516141228460924
166,37.7800812,-122.3893071,1564190254.0,2019-07-26T18:17:34-07:00,POINT (-122.3893071 37.7800812),1.8671553334104802,2080.690024862506,android,5.370918601737221,0.33470194360268035,0.8600698698399274
167,37.7800494,-122.3893531,1564190255.0,2019-07-26T18:17:35-07:00,POINT (-122.3893531 37.7800494),1.4619125971300124,2086.0466913977803,android,5.705620545339901,1.1947718134426077,-0.4026865052486599
168,37.7800443,-122.3894177,1564190256.0,2019-07-26T18:17:36-07:00,POINT (-122.3894177 37.7800443),2.189969764172942,2090.4451554085244,android,6.900392358782509,0.7920853081939478,1.0881695749685436
169,37.7800201,-122.38949,1564190257.0,2019-07-26T18:17:37-07:00,POINT (-122.38949 37.7800201),4.836054283191924,2096.828328912336,android,7.6924776669764565,1.8802548831624915,-3.490553735734599
170,37.7800151,-122.3895773,1564190258.0,2019-07-26T18:17:38-07:00,POINT (-122.3895773 37.7800151),9.918646273008196,2102.6229459548513,android,9.572732550138948,-1.6102988525721074,2.02001042263314
171,37.7799555,-122.3896559,1564190259.0,2019-07-26T18:17:39-07:00,POINT (-122.3896559 37.7799555),10.279015762337263,2112.1043107581304,android,7.962433697566841,0.40971157006103276,0.4717690520164872
172,37.7798881,-122.3896865,1564190260.0,2019-07-26T18:17:40-07:00,POINT (-122.3896865 37.7798881),7.028444584790422,2119.2838348703553,android,8.372145267627873,0.88148062207752,-2.614019536312221
173,37.7798288,-122.3897452,1564190261.0,2019-07-26T18:17:41-07:00,POINT (-122.3897452 37.7798288),5.863118879668602,2128.0066021123594,android,9.253625889705393,-1.7325389142347012,-1.2428843824600833
174,37.7797456,-122.3897429,1564190262.0,2019-07-26T18:17:42-07:00,POINT (-122.3897429 37.7797456),0.8372380883853809,2134.15797947637,android,7.521086975470692,-2.9754232966947844,1.2256139027226736
175,37.7797541,-122.3898278,1564190263.0,2019-07-26T18:17:43-07:00,POINT (-122.3898278 37.7797541),5.097338143670073,2138.8021411750765,android,4.545663678775908,-1.7498093939721109,1.655332840082559
176,37.7797315,-122.3898709,1564190264.0,2019-07-26T18:17:44-07:00,POINT (-122.3898709 37.7797315),5.9898167206750195,2143.2627285678873,android,2.795854284803797,-0.09447655388955178,-0.33074883384398834
177,37.7797169,-122.3898968,1564190265.0,2019-07-26T18:17:45-07:00,POINT (-122.3898968 37.7797169),6.445859403421249,2146.0228403782253,android,2.701377730914245,-0.4252253877335401,-0.8577601631834604
178,37.7797157,-122.3899275,1564190266.0,2019-07-26T18:17:46-07:00,POINT (-122.3899275 37.7797157),8.25516073011309,2148.0360860617748,android,2.276152343180705,-1.2829855509170005,0.8883694839911775
179,37.7797098,-122.3899523,1564190267.0,2019-07-26T18:17:47-07:00,POINT (-122.3899523 37.7797098),9.328335446125244,2150.047664782388,android,0.9931667922637043,-0.39461606692582296,0.36028748020246537
180,37.7797099,-122.3899636,1564190268.0,2019-07-26T18:17:48-07:00,POINT (-122.3899636 37.7797099),10.036972316462707,2150.7463721671916,android,0.5985507253378813,-0.03432858672335759,0.00550729485103274
181,37.7797096,-122.3899704,1564190269.0,2019-07-26T18:17:49-07:00,POINT (-122.3899704 37.7797096),10.435035637923088,2151.194974906246,android,0.5642221386145237,-0.02882129187232485,0.015724527981651915
182,37.7797092,-122.3899768,1564190270.0,2019-07-26T18:17:50-07:00,POINT (-122.3899768 37.7797092),10.800415817930885,2151.626381341036,android,0.5354008467421989,-0.013096763890672936,0.37033099948822734
183,37.7797046,-122.3899786,1564190271.0,2019-07-26T18:17:51-07:00,POINT (-122.3899786 37.7797046),10.549674722525364,2152.0983361635213,android,0.522304082851526,0.3572342355975544,-0.19818285362952115
184,37.7797005,-122.3899815,1564190272.0,2019-07-26T18:17:52-07:00,POINT (-122.3899815 37.7797005),10.406536843644515,2152.6000008474593,android,0.8795383184490804,0.15905138196803326,-0.37103237912260023
185,37.7796926,-122.389982,1564190273.0,2019-07-26T18:17:53-07:00,POINT (-122.389982 37.7796926),9.815218854932997,2153.2485134190247,android,1.0385897004171136,-0.21198099715456697,0.11444999847492332
186,37.7796839,-122.3899777,1564190274.0,2019-07-26T18:17:54-07:00,POINT (-122.3899777 37.7796839),8.863212760711557,2153.6594173768226,android,0.8266087032625467,-0.09753099867964365,0.1832154876182518
187,37.779677,-122.3899812,1564190275.0,2019-07-26T18:17:55-07:00,POINT (-122.3899812 37.779677),8.536712506331927,2154.4173688486635,android,0.729077704582903,0.08568448893860814,-0.30875918022722915
188,37.7796713,-122.3899853,1564190276.0,2019-07-26T18:17:56-07:00,POINT (-122.3899853 37.7796713),8.341951179864827,2155.119075147046,android,0.8147621935215111,-0.223074691288621,0.10984834473883748
189,37.779664,-122.3899845,1564190277.0,2019-07-26T18:17:57-07:00,POINT (-122.3899845 37.779664),7.71728002270412,2155.639426794092,android,0.5916875022328901,-0.11322634654978353,0.013746179110614709
190,37.7796587,-122.3899839,1564190278.0,2019-07-26T18:17:58-07:00,POINT (-122.3899839 37.7796587),7.262562331940107,2156.016017250463,android,0.4784611556831066,-0.09948016743916882,0.20025537021892986
191,37.7796544,-122.3899841,1564190279.0,2019-07-26T18:17:59-07:00,POINT (-122.3899841 37.7796544),6.936231287174842,2156.364493899003,android,0.3789809882439378,0.10077520277976104,-0.05762102636909028
192,37.779651,-122.3899844,1564190280.0,2019-07-26T18:18:00-07:00,POINT (-122.3899844 37.779651),6.686999449817266,2156.6489032560135,android,0.4797561910236988,0.043154176410670764,0.44897405674926005
193,37.7796469,-122.3899827,1564190281.0,2019-07-26T18:18:01-07:00,POINT (-122.3899827 37.7796469),6.258596549526496,2156.8629577310903,android,0.5229103674343696,0.4921282331599308,-0.7224789196153817
194,37.7796425,-122.3899806,1564190282.0,2019-07-26T18:18:02-07:00,POINT (-122.3899806 37.7796425),5.781755373915338,2157.075442488728,android,1.0150386005943004,-0.23035068645545087,-0.012512780348747143
195,37.7796347,-122.3899746,1564190283.0,2019-07-26T18:18:03-07:00,POINT (-122.3899746 37.7796347),4.795222796595399,2157.309735758365,android,0.7846879141388495,-0.242863466804198,-0.012220305179170665
196,37.7796287,-122.3899699,1564190284.0,2019-07-26T18:18:04-07:00,POINT (-122.3899699 37.7796287),4.031104193046625,2157.4846707874362,android,0.5418244473346515,-0.2550837719833687,0.3476138777793101
197,37.7796244,-122.389967,1564190285.0,2019-07-26T18:18:05-07:00,POINT (-122.389967 37.7796244),3.5125291464310013,2157.639322935671,android,0.28674067535128284,0.0925301057959414,0.03577466589464989
198,37.7796219,-122.3899662,1564190286.0,2019-07-26T18:18:06-07:00,POINT (-122.3899662 37.7796219),3.2659794687941646,2157.7846361562233,android,0.37927078114722423,0.1283047716905913,1.0366073400258728
199,37.7796188,-122.3899644,1564190287.0,2019-07-26T18:18:07-07:00,POINT (-122.3899644 37.7796188),2.9101504038749866,2157.91430512972,android,0.5075755528378155,1.1649121117164642,0.07559810149556512
200,37.779615,-122.3899612,1564190288.0,2019-07-26T18:18:08-07:00,POINT (-122.3899612 37.779615),2.412358740940208,2158.011133530909,android,1.6724876645542799,1.2405102132120294,-0.5695439239477781
201,37.7795603,-122.3900265,1564190293.0,2019-07-26T18:18:13-07:00,POINT (-122.3900265 37.7795603),2.1528783221732737,2166.36782774729,android,7.875038730614427,-1.6072094065268612,1.7253073334505178
202,37.7795008,-122.3900751,1564190294.0,2019-07-26T18:18:14-07:00,POINT (-122.3900751 37.7795008),0.47964593799231353,2174.055412292905,android,6.2678293240875655,0.11809792692365662,3.180716745964495
203,37.7794531,-122.3901131,1564190295.0,2019-07-26T18:18:15-07:00,POINT (-122.3901131 37.7794531),0.9213854739671978,2180.158274387441,android,6.385927251011222,3.2988146728881516,-8.036456267566535
204,37.7794077,-122.3901576,1564190296.0,2019-07-26T18:18:16-07:00,POINT (-122.3901576 37.7794077),1.7381357600147997,2186.4878388188476,android,9.684741923899374,-4.737641594678383,8.513655513965087
205,37.7793247,-122.390191,1564190297.0,2019-07-26T18:18:17-07:00,POINT (-122.390191 37.7793247),6.205187967739842,2195.0611948076626,android,4.947100329220991,3.7760139192867044,-1.7316168202171376
206,37.7792842,-122.3902143,1564190298.0,2019-07-26T18:18:18-07:00,POINT (-122.3902143 37.7792842),7.950640314825828,2199.6824003921442,android,8.723114248507695,2.044397099069567,-4.14901660552049
207,37.7792202,-122.3902717,1564190299.0,2019-07-26T18:18:19-07:00,POINT (-122.3902717 37.7792202),9.43260378949729,2208.271811336685,android,10.767511347577262,-2.1046195064509234,1.1339343297568103
208,37.7791774,-122.3903816,1564190300.0,2019-07-26T18:18:20-07:00,POINT (-122.3903816 37.7791774),5.988750750124169,2218.4873176388087,android,8.662891841126338,-0.9706851766941131,4.883195251712063
209,37.7791104,-122.3904319,1564190301.0,2019-07-26T18:18:21-07:00,POINT (-122.3904319 37.7791104),8.147324200797334,2226.8672149188747,android,7.692206664432225,3.9125100750179502,-5.738706499879161
210,37.7790575,-122.3904883,1564190302.0,2019-07-26T18:18:22-07:00,POINT (-122.3904883 37.7790575),8.816872802753934,2234.5268324068074,android,11.604716739450176,-1.8261964248612106,0.24892798456635745
211,37.7789935,-122.3905926,1564190303.0,2019-07-26T18:18:23-07:00,POINT (-122.3905926 37.7789935),7.378395909435265,2246.107967767746,android,9.778520314588965,-1.5772684402948531,6.677609579209925
212,37.7789429,-122.3906836,1564190304.0,2019-07-26T18:18:24-07:00,POINT (-122.3906836 37.7789429),5.64359612840356,2255.7375923692916,android,8.201251874294112,5.100341138915072,-0.29925058353347467
213,37.7788842,-122.3907401,1564190305.0,2019-07-26T18:18:25-07:00,POINT (-122.3907401 37.7788842),6.6953948883526815,2263.9049884551127,android,13.301593013209184,4.801090555381597,-11.852773606762808
214,37.7788247,-122.3908714,1564190306.0,2019-07-26T18:18:26-07:00,POINT (-122.3908714 37.7788247),3.06085939545902,2276.713909684304,android,18.10268356859078,-7.051683051381211,4.497454704540377
215,37.7788115,-122.3910767,1564190307.0,2019-07-26T18:18:27-07:00,POINT (-122.3910767 37.7788115),8.808643268720601,2290.59339448737,android,11.05100051720957,-2.5542283468408336,0.975893304819377
216,37.7787277,-122.3910091,1564190308.0,2019-07-26T18:18:28-07:00,POINT (-122.3910091 37.7787277),1.9987648992662566,2292.848982652946,android,8.496772170368736,-1.5783350420214566,-0.21540391814510151
217,37.7787335,-122.3911055,1564190309.0,2019-07-26T18:18:29-07:00,POINT (-122.3911055 37.7787335),4.402561328579236,2298.4619915273083,android,6.918437128347279,-1.793738960166558,0.5683431201436857
218,37.7786732,-122.3911249,1564190310.0,2019-07-26T18:18:30-07:00,POINT (-122.3911249 37.7786732),1.007625571479553,2304.3154497348924,android,5.124698168180721,-1.2253958400228724,2.6681414759423117
219,37.7786437,-122.3911697,1564190311.0,2019-07-26T18:18:31-07:00,POINT (-122.3911697 37.7786437),1.7065194507288988,2309.3937970289876,android,3.899302328157849,1.4427456359194393,1.9572789336365046
220,37.7786154,-122.3911959,1564190312.0,2019-07-26T18:18:32-07:00,POINT (-122.3911959 37.7786154),1.287382196002187,2313.2676861784053,android,5.342047964077288,3.400024569555944,-6.231291528039232
221,37.7785889,-122.3912466,1564190313.0,2019-07-26T18:18:33-07:00,POINT (-122.3912466 37.7785889),2.594257270568313,2318.4514794814745,android,8.742072533633232,-2.8312669584832877,3.4151052560574664
222,37.7785252,-122.3913049,1564190314.0,2019-07-26T18:18:34-07:00,POINT (-122.3913049 37.7785252),1.1189301411681019,2327.2296024591737,android,5.910805575149944,0.5838382975741787,-0.2163850086631225
223,37.7784804,-122.3913411,1564190315.0,2019-07-26T18:18:35-07:00,POINT (-122.3913411 37.7784804),0.3044368835076558,2332.960578342738,android,6.494643872724123,0.3674532889110562,-1.211711315192705
224,37.7784687,-122.3914135,1564190316.0,2019-07-26T18:18:36-07:00,POINT (-122.3914135 37.7784687),3.1310036664794825,2338.4863416635358,android,6.862097161635179,-0.8442580262816488,2.3440450852435717
225,37.7784215,-122.3914638,1564190317.0,2019-07-26T18:18:37-07:00,POINT (-122.3914638 37.7784215),2.7278472234228577,2345.13272310408,android,6.0178391353535305,1.4997870589619229,-0.2682585878655024
226,37.7783853,-122.3915147,1564190318.0,2019-07-26T18:18:38-07:00,POINT (-122.3915147 37.7783853),3.287848639964694,2351.125279316474,android,7.517626194315453,1.2315284710964205,-1.4702214547717078
227,37.778359,-122.3915935,1564190319.0,2019-07-26T18:18:39-07:00,POINT (-122.3915935 37.778359),6.353666565770862,2358.6983550859973,android,8.749154665411874,-0.23869298367528735,0.8808704812854877
228,37.7783152,-122.3916762,1564190320.0,2019-07-26T18:18:40-07:00,POINT (-122.3916762 37.7783152),7.428013082828202,2367.3875985061068,android,8.510461681736587,0.6421774976102004,2.8099717330351
229,37.7782604,-122.3917438,1564190321.0,2019-07-26T18:18:41-07:00,POINT (-122.3917438 37.7782604),6.709719397834221,2375.8665249185306,android,9.152639179346787,3.4521492306453005,-9.49004558465349
230,37.7781991,-122.3918133,1564190322.0,2019-07-26T18:18:42-07:00,POINT (-122.3918133 37.7781991),5.7721046578188995,2384.6845234424472,android,12.604788409992087,-6.037896354008189,9.560523114352327
231,37.778201,-122.3919567,1564190323.0,2019-07-26T18:18:43-07:00,POINT (-122.3919567 37.778201),14.598615428487788,2393.7185611650807,android,6.566892055983899,3.5226267603441377,-5.147726740225237
232,37.7781535,-122.3920011,1564190324.0,2019-07-26T18:18:44-07:00,POINT (-122.3920011 37.7781535),13.45346889882562,2400.180188312289,android,10.089518816328036,-1.6250999798810994,2.1364822145335722
233,37.7780892,-122.3920821,1564190325.0,2019-07-26T18:18:45-07:00,POINT (-122.3920821 37.7780892),13.197109596664882,2409.8395108197356,android,8.464418836446937,0.5113822346524728,-0.42626580934033775
234,37.7780439,-122.3921595,1564190326.0,2019-07-26T18:18:46-07:00,POINT (-122.3921595 37.7780439),14.290894331541176,2419.1073738540713,android,8.97580107109941,0.08511642531213504,-3.8035678583854313
235,37.7779841,-122.3922281,1564190327.0,2019-07-26T18:18:47-07:00,POINT (-122.3922281 37.7779841),13.347696224819853,2428.0308735568433,android,9.060917496411545,-3.7184514330732963,4.878034323439767
236,37.7779272,-122.3923019,1564190328.0,2019-07-26T18:18:48-07:00,POINT (-122.3923019 37.7779272),13.034604836390326,2436.1703836431675,android,5.342466063338248,1.1595828903664707,-1.9435710608677796
237,37.7778943,-122.3923462,1564190329.0,2019-07-26T18:18:49-07:00,POINT (-122.3923462 37.7778943),13.274468250271838,2441.507713035404,android,6.502048953704719,-0.783988170501309,0.7335921853115899
238,37.7778581,-122.3924043,1564190330.0,2019-07-26T18:18:50-07:00,POINT (-122.3924043 37.7778581),14.127809529225033,2447.956188157352,android,5.71806078320341,-0.050395985189719106,-1.8312817299034827
239,37.7778233,-122.3924522,1564190331.0,2019-07-26T18:18:51-07:00,POINT (-122.3924522 37.7778233),14.447152551633074,2453.665855994802,android,5.667664798013691,-1.8816777150932018,2.632539381770303
240,37.7777808,-122.3924878,1564190332.0,2019-07-26T18:18:52-07:00,POINT (-122.3924878 37.7777808),13.292941294721476,2459.583973857289,android,3.785987082920489,0.7508616666771011,-3.5160378699271644
241,37.7777504,-122.3925072,1564190333.0,2019-07-26T18:18:53-07:00,POINT (-122.3925072 37.7777504),12.062741782297477,2463.159182451392,android,4.53684874959759,-2.7651762032500633,2.6069746593203345
242,37.7777167,-122.3925363,1564190334.0,2019-07-26T18:18:54-07:00,POINT (-122.3925363 37.7777167),11.164819327516131,2467.6023537762203,android,1.7716725463475267,-0.15820154392972885,0.16641346812581514
243,37.7777011,-122.3925404,1564190335.0,2019-07-26T18:18:55-07:00,POINT (-122.3925404 37.7777011),10.174375076699478,2469.0670117839572,android,1.6134710024177978,0.008211924196086295,0.3298480285604031
244,37.7776875,-122.3925468,1564190336.0,2019-07-26T18:18:56-07:00,POINT (-122.3925468 37.7776875),9.484234451589387,2470.5224431674474,android,1.6216829266138841,0.33805995275648937,-0.6803643072012153
245,37.7776767,-122.3925592,1564190337.0,2019-07-26T18:18:57-07:00,POINT (-122.3925592 37.7776767),9.385042873162671,2472.1406231894366,android,1.9597428793703735,-0.34230435444472596,0.18161035502549883
246,37.7776671,-122.3925779,1564190338.0,2019-07-26T18:18:58-07:00,POINT (-122.3925779 37.7776671),9.767824415620819,2474.0641580655183,android,1.6174385249256475,-0.16069399941922713,-0.09503159173417042
247,37.7776605,-122.3925943,1564190339.0,2019-07-26T18:18:59-07:00,POINT (-122.3925943 37.7776605),10.248359185369734,2475.610514987278,android,1.4567445255064204,-0.25572559115339755,0.19252430347748328
248,37.7776507,-122.3926053,1564190340.0,2019-07-26T18:19:00-07:00,POINT (-122.3926053 37.7776507),10.142904514998175,2477.062949503671,android,1.2010189343530229,-0.06320128767591426,2.2040690416616417
249,37.7776444,-122.3926164,1564190341.0,2019-07-26T18:19:01-07:00,POINT (-122.3926164 37.7776444),10.322223371855799,2478.251219579393,android,1.1378176466771086,2.1408677539857273,-2.926911299045229
250,37.7776351,-122.3926218,1564190342.0,2019-07-26T18:19:02-07:00,POINT (-122.3926218 37.7776351),9.913072899328846,2479.3111543595455,android,3.278685400662836,-0.7860435450595018,-0.8197911642145124
251,37.7776062,-122.3926144,1564190343.0,2019-07-26T18:19:03-07:00,POINT (-122.3926144 37.7776062),7.15839511315641,2481.07697491103,android,2.4926418556033343,-1.6058347092740142,1.6058619322956833
252,37.7775838,-122.3926133,1564190344.0,2019-07-26T18:19:04-07:00,POINT (-122.3926133 37.7775838),5.30762992197217,2482.738560856591,android,0.8868071463293201,2.7223021669020575e-05,0.5727522802888665
253,37.7775777,-122.3926198,1564190345.0,2019-07-26T18:19:05-07:00,POINT (-122.3926198 37.7775777),5.220709262688151,2483.620704886125,android,0.8868343693509891,0.5727795033105355,-0.9053184202781001
254,37.7775758,-122.3926296,1564190346.0,2019-07-26T18:19:06-07:00,POINT (-122.3926296 37.7775758),5.670576762663405,2484.3867932186567,android,1.4596138726615246,-0.33253891696756455,-0.049381426116235194
255,37.7775694,-122.3926441,1564190347.0,2019-07-26T18:19:07-07:00,POINT (-122.3926441 37.7775694),6.050490469124754,2485.797635402564,android,1.12707495569396,-0.38192034308379974,0.7050062766213034
256,37.7775601,-122.3926492,1564190348.0,2019-07-26T18:19:08-07:00,POINT (-122.3926492 37.7775601),5.6229387546497644,2486.8386138746355,android,0.7451546126101604,0.3230859335375037,-0.6832731934774927
257,37.777555,-122.3926547,1564190349.0,2019-07-26T18:19:09-07:00,POINT (-122.3926547 37.777555),5.554290045953987,2487.5802878133177,android,1.068240546147664,-0.360187259939989,0.8846235163268463
258,37.7775458,-122.3926582,1564190350.0,2019-07-26T18:19:10-07:00,POINT (-122.3926582 37.7775458),5.0365560744509486,2488.5124355192197,android,0.708053286207675,0.5244362563868573,-0.5708626037970875
259,37.7775413,-122.3926639,1564190351.0,2019-07-26T18:19:11-07:00,POINT (-122.3926639 37.7775413),5.0279421644547835,2489.220378761633,android,1.2324895425945324,-0.04642634741023022,-0.1881153117676012
260,37.7775443,-122.3926774,1564190352.0,2019-07-26T18:19:12-07:00,POINT (-122.3926774 37.7775443),6.094862126762215,2489.841590220366,android,1.1860631951843021,-0.23454165917783143,0.3183542241605186
261,37.7775508,-122.3926881,1564190353.0,2019-07-26T18:19:13-07:00,POINT (-122.3926881 37.7775508),7.2686699501527405,2490.0153880341445,android,0.9515215360064707,0.08381256498268719,0.16261706801957343
262,37.7775561,-122.3926966,1564190354.0,2019-07-26T18:19:14-07:00,POINT (-122.3926966 37.7775561),8.211996911734062,2490.1429066864903,android,1.035334100989158,0.24642963300226062,-0.6519797406850876
263,37.7775622,-122.3927055,1564190355.0,2019-07-26T18:19:15-07:00,POINT (-122.3927055 37.7775622),9.243548667030263,2490.233876041437,android,1.2817637339914185,-0.40555010768282695,0.14590850330887084
264,37.7775702,-122.392716,1564190356.0,2019-07-26T18:19:16-07:00,POINT (-122.392716 37.7775702),10.524505148832425,2490.2791138933103,android,0.8762136263085916,-0.2596416043739561,0.8763716222911835
265,37.7775753,-122.3927236,1564190357.0,2019-07-26T18:19:17-07:00,POINT (-122.3927236 37.7775753),11.396704014418058,2490.365218094855,android,0.6165720219346355,0.6167300179172274,-1.1836612817827497
266,37.7775783,-122.3927295,1564190358.0,2019-07-26T18:19:18-07:00,POINT (-122.3927295 37.7775783),11.997441909293688,2490.5061909027786,android,1.2333020398518628,-0.5669312638655223,0.38937247688970755
267,37.777586,-122.3927396,1564190359.0,2019-07-26T18:19:19-07:00,POINT (-122.3927396 37.777586),13.229979025442013,2490.549336954206,android,0.6663707759863405,-0.17755878697581476,0.07211616316816222
268,37.7775987,-122.3927557,1564190362.0,2019-07-26T18:19:22-07:00,POINT (-122.3927557 37.7775987),15.228610126187167,2490.585212057171,android,0.13369441505889626,0.03878970252867189,0.12537174678187654
269,37.7775989,-122.3927572,1564190363.0,2019-07-26T18:19:23-07:00,POINT (-122.3927572 37.7775989),15.336541965990767,2490.6645395193495,android,0.17248411758756815,0.16416144931054844,-0.0018044381939050225
270,37.7775974,-122.3927577,1564190364.0,2019-07-26T18:19:24-07:00,POINT (-122.3927577 37.7775974),15.247795172672912,2490.8120557429284,android,0.3366455668981166,0.1623570111166434,-0.2787570441279515
271,37.7775945,-122.3927566,1564190365.0,2019-07-26T18:19:25-07:00,POINT (-122.3927566 37.7775945),14.949449226289763,2490.9666629133862,android,0.49900257801476,-0.11640003301130808,0.04799859509255633
272,37.7775903,-122.3927546,1564190366.0,2019-07-26T18:19:26-07:00,POINT (-122.3927546 37.7775903),14.49240305558511,2491.1648653000443,android,0.3826025450034519,-0.06840143791875175,-0.07118375288642842
273,37.7775871,-122.392753,1564190367.0,2019-07-26T18:19:27-07:00,POINT (-122.392753 37.7775871),14.13950388676991,2491.3110622195145,android,0.31420110708470017,-0.13958519080518017,0.2115119323010476
274,37.7775845,-122.3927516,1564190368.0,2019-07-26T18:19:28-07:00,POINT (-122.3927516 37.7775845),13.846639333979848,2491.423528295481,android,0.17461591627952,0.07192674149586742,-0.1032554644338467
275,37.7775831,-122.3927507,1564190369.0,2019-07-26T18:19:29-07:00,POINT (-122.3927507 37.7775831),13.679977992720232,2491.4748516123973,android,0.24654265777538742,-0.03132872293797928,-0.03279994725073687
276,37.777581,-122.3927498,1564190370.0,2019-07-26T18:19:30-07:00,POINT (-122.3927498 37.777581),13.457588869150113,2491.5802716990847,android,0.21521393483740814,-0.06412867018871615,0.02234190887646599
277,37.7775792,-122.3927489,1564190371.0,2019-07-26T18:19:31-07:00,POINT (-122.3927489 37.7775792),13.259083077577866,2491.66250744988,android,0.15108526464869199,-0.04178676131225016,0.014669144518857494
278,37.7775779,-122.3927484,1564190372.0,2019-07-26T18:19:32-07:00,POINT (-122.3927484 37.7775779),13.124918745827712,2491.731378308302,android,0.10929850333644182,-0.027117616793392668,0.05423523447133144
279,37.777577,-122.3927479,1564190373.0,2019-07-26T18:19:33-07:00,POINT (-122.3927479 37.777577),13.022598860772005,2491.769336722524,android,0.08218088654304916,0.02711761767793877,-0.061003673194208255
280,37.7775763,-122.3927476,1564190374.0,2019-07-26T18:19:34-07:00,POINT (-122.3927476 37.7775763),12.948469149807957,2491.8044767489237,android,0.10929850422098793,-0.033886055516269484,-0.03562049204420402
281,37.7775754,-122.3927471,1564190375.0,2019-07-26T18:19:35-07:00,POINT (-122.3927471 37.7775754),12.84614926427349,2491.8424351613307,android,0.07541244870471844,-0.0695065475604735,0.07433489174415099
282,37.7775748,-122.3927467,1564190376.0,2019-07-26T18:19:36-07:00,POINT (-122.3927467 37.7775748),12.773846689014675,2491.863528161924,android,0.005905901144244947,0.004828344183677487,0.006331294914107245
283,37.7775749,-122.3927477,1564190391.0,2019-07-26T18:19:51-07:00,POINT (-122.3927477 37.7775749),12.843147559852051,2491.9189892015656,android,0.07833106389940725,0.09979776789528616,-0.07700536821369935
284,37.7775742,-122.3927478,1564190392.0,2019-07-26T18:19:52-07:00,POINT (-122.3927478 37.7775742),12.793553752277267,2491.979404885836,android,0.1781288317946934,0.022792399681586806,-0.08999059020213926
285,37.7775726,-122.3927479,1564190393.0,2019-07-26T18:19:53-07:00,POINT (-122.3927479 37.7775726),12.672309939322663,2492.1093735582754,android,0.20092123147628022,-0.06719819052055245,0.022864200154329148
286,37.7775708,-122.3927481,1564190394.0,2019-07-26T18:19:54-07:00,POINT (-122.3927481 37.7775708),12.541277880053125,2492.2611173683213,android,0.13372304095572776,-0.044333990366223305,0.08837885172933607
287,37.7775696,-122.3927482,1564190395.0,2019-07-26T18:19:55-07:00,POINT (-122.3927482 37.7775696),12.451878513515057,2492.3601736002634,android,0.08938905058950446,0.04404486136311277,-0.0548490053716572
288,37.7775688,-122.3927483,1564190396.0,2019-07-26T18:19:56-07:00,POINT (-122.3927483 37.7775688),12.394323594263913,2492.428317395913,android,0.13343391195261722,-0.01080414400854443,-0.03398917516482039
289,37.7775676,-122.3927483,1564190397.0,2019-07-26T18:19:57-07:00,POINT (-122.3927483 37.7775676),12.298790254056787,2492.521054713776,android,0.12262976794407279,-0.04479331917336482,0.03425022126281803
290,37.7775665,-122.3927484,1564190398.0,2019-07-26T18:19:58-07:00,POINT (-122.3927484 37.7775665),12.217352001692506,2492.6123828408627,android,0.07783644877070797,-0.010543097910546792,-0.00046241459439379934
291,37.7775658,-122.3927484,1564190399.0,2019-07-26T18:19:59-07:00,POINT (-122.3927484 37.7775658),12.16162421880511,2492.666479610711,android,0.06729335086016118,-0.011005512504940591,5.5656958533718826e-05
292,37.7775652,-122.3927483,1564190400.0,2019-07-26T18:20:00-07:00,POINT (-122.3927483 37.7775652),12.107723570072029,2492.706529353176,android,0.05628783835522059,-0.010949855546406873,0.03460552175220908
293,37.7775647,-122.3927482,1564190401.0,2019-07-26T18:20:01-07:00,POINT (-122.3927482 37.7775647),12.06178403488723,2492.738850986829,android,0.045337982808813716,0.023655666205802207,-0.04418620034983039
294,37.7775643,-122.3927481,1564190402.0,2019-07-26T18:20:02-07:00,POINT (-122.3927481 37.7775643),12.023805612336307,2492.7634445127337,android,0.06899364901461592,-0.02053053414402818,0.006560290097497208
295,37.7775637,-122.3927479,1564190403.0,2019-07-26T18:20:03-07:00,POINT (-122.3927479 37.7775637),11.963770986739695,2492.7971753391994,android,0.04846311487058774,-0.013970244046530973,0.008092556412322545
296,37.777564,-122.3927483,1564190404.0,2019-07-26T18:20:04-07:00,POINT (-122.3927483 37.777564),12.012190229282504,2492.799266671775,android,0.03449287082405677,-0.005877687634208428,-0.001938108384707607
297,37.7775642,-122.3927486,1564190405.0,2019-07-26T18:20:05-07:00,POINT (-122.3927486 37.7775642),12.046514383851314,2492.8027672009703,android,0.02861518318984834,-0.007815796018916035,-0.00419480019046058
298,37.7775643,-122.3927489,1564190406.0,2019-07-26T18:20:06-07:00,POINT (-122.3927489 37.7775643),12.072877426368645,2492.8139958371785,android,0.020799387170932306,-0.012010596209376615,0.019572531036960154
299,37.7775644,-122.3927491,1564190407.0,2019-07-26T18:20:07-07:00,POINT (-122.3927491 37.7775644),12.093106491189666,2492.8189055585335,android,0.00878879096155569,0.007561934827583541,-0.010177551324953482
300,37.7775644,-122.3927493,1564190409.0,2019-07-26T18:20:09-07:00,POINT (-122.3927493 37.7775644),12.105374446309886,2492.8315433912844,android,0.023912660616722772,-0.012793167822323424,0.012793167822323424
301,37.7775642,-122.3927492,1564190410.0,2019-07-26T18:20:10-07:00,POINT (-122.3927492 37.7775642),12.083318244727984,2492.8406806939984,android,0.011119492794399348,0.0,0.011119492004311874
302,37.7775641,-122.3927492,1564190411.0,2019-07-26T18:20:11-07:00,POINT (-122.3927492 37.7775641),12.075357132981004,2492.8484088039777,android,0.011119492794399348,0.011119492004311874,-0.011119491214224399
303,37.777564,-122.3927492,1564190412.0,2019-07-26T18:20:12-07:00,POINT (-122.3927492 37.777564),12.067396021566035,2492.85613691363,android,0.022238984798711222,7.900874746114006e-10,-0.008065562044236092
304,37.7775638,-122.3927492,1564190413.0,2019-07-26T18:20:13-07:00,POINT (-122.3927492 37.7775638),12.0514737981537,2492.8715931336715,android,0.022238985588798697,-0.008065561254148618,0.017804797575547465
305,37.7775636,-122.3927492,1564190414.0,2019-07-26T18:20:14-07:00,POINT (-122.3927492 37.7775636),12.035551574409348,2492.8870493540394,android,0.014173424334650079,0.009739236321398847,-0.01141291217873655
306,37.7775635,-122.3927491,1564190415.0,2019-07-26T18:20:15-07:00,POINT (-122.3927491 37.7775635),12.02145648571171,2492.888458548595,android,0.023912660656048926,-0.0016736758573377038,-0.0063918845698628796
307,37.7775633,-122.392749,1564190416.0,2019-07-26T18:20:16-07:00,POINT (-122.392749 37.7775633),11.9994002855991,2492.8975958528035,android,0.022238984798711222,-0.008065560427200583,0.01613112164448864
308,37.7775631,-122.392749,1564190417.0,2019-07-26T18:20:17-07:00,POINT (-122.392749 37.7775631),11.983478062518774,2492.913052072518,android,0.014173424371510639,0.008065561217288058,0.03547511204963756
309,37.777563,-122.3927489,1564190418.0,2019-07-26T18:20:18-07:00,POINT (-122.3927489 37.777563),11.969382973407495,2492.914461267317,android,0.022238985588798697,0.04354067326692562,-0.06149501189077163
310,37.7775628,-122.3927489,1564190419.0,2019-07-26T18:20:19-07:00,POINT (-122.3927489 37.7775628),11.953460749913528,2492.929917487276,android,0.06577965885572432,-0.01795433862384601,0.00783524393298389
311,37.7775623,-122.3927485,1564190420.0,2019-07-26T18:20:20-07:00,POINT (-122.3927485 37.7775623),11.889119284214273,2492.9432823736734,android,0.047825320231878306,-0.01011909469086212,0.010119094607360768
312,37.7775619,-122.3927483,1564190421.0,2019-07-26T18:20:21-07:00,POINT (-122.3927483 37.7775619),11.845006882362009,2492.961556979771,android,0.037706225541016186,-8.350135166645956e-11,-0.013793564621833971
313,37.7775616,-122.3927481,1564190422.0,2019-07-26T18:20:22-07:00,POINT (-122.3927481 37.7775616),11.808855593616874,2492.972103480594,android,0.037706225457514835,-0.013793564705335323,0.05141352591252253
314,37.7775613,-122.3927479,1564190423.0,2019-07-26T18:20:23-07:00,POINT (-122.3927479 37.7775613),11.772704303348341,2492.982649976547,android,0.023912660752179512,0.037619961207187205,-0.06465575832881121
315,37.7775611,-122.3927478,1564190424.0,2019-07-26T18:20:24-07:00,POINT (-122.3927478 37.7775611),11.750648102163568,2492.991787280993,android,0.06153262195936672,-0.027035797121623996,0.016451632344968183
316,37.7775606,-122.3927475,1564190425.0,2019-07-26T18:20:25-07:00,POINT (-122.3927475 37.7775606),11.692440612680326,2493.011471082067,android,0.034496824837742725,-0.010584164776655813,0.010584165061143187
317,37.7775603,-122.3927474,1564190426.0,2019-07-26T18:20:26-07:00,POINT (-122.3927474 37.7775603),11.662423300249344,2493.0283364956736,android,0.023912660061086912,2.844873746299381e-10,0.08920601780552068
318,37.7775601,-122.3927473,1564190427.0,2019-07-26T18:20:27-07:00,POINT (-122.3927473 37.7775601),11.640367098901315,2493.0374737999537,android,0.023912660345574287,0.08920601809000805,-0.08920601907194517
319,37.7775599,-122.3927472,1564190428.0,2019-07-26T18:20:28-07:00,POINT (-122.3927472 37.7775599),11.618310898217317,2493.046611103581,android,0.11311867843558235,-9.819371149522027e-10,-0.07862185155824242
320,37.777559,-122.3927466,1564190429.0,2019-07-26T18:20:29-07:00,POINT (-122.3927466 37.777559),11.509857026976059,2493.078250594317,android,0.11311867745364523,-0.07862185254017953,0.23882815960834966
321,37.7775581,-122.392746,1564190430.0,2019-07-26T18:20:30-07:00,POINT (-122.392746 37.7775581),11.40140315771587,2493.1098900844113,android,0.034496824913465694,0.16020630706817013,-0.21143347637428994
322,37.7775578,-122.3927461,1564190431.0,2019-07-26T18:20:31-07:00,POINT (-122.3927461 37.7775578),11.383653798930316,2493.139393329933,android,0.19470313198163583,-0.05122716930611981,0.16397296065014658
323,37.7775562,-122.3927452,1564190432.0,2019-07-26T18:20:32-07:00,POINT (-122.3927452 37.7775562),11.201070211632032,2493.206172835913,android,0.14347596267551602,0.11274579134402676,-0.1503705250789029
324,37.777555,-122.3927446,1564190433.0,2019-07-26T18:20:33-07:00,POINT (-122.3927446 37.777555),11.068733001737998,2493.260996651125,android,0.2562217540195428,-0.037624733734876126,0.17820810441741725
325,37.7775529,-122.3927434,1564190434.0,2019-07-26T18:20:34-07:00,POINT (-122.3927434 37.7775529),10.827941919357206,2493.3474599485007,android,0.21859702028466665,0.14058337068254112,-0.07512627152693807
326,37.7775511,-122.3927424,1564190435.0,2019-07-26T18:20:35-07:00,POINT (-122.3927424 37.7775511),10.623302125269385,2493.4233767499077,android,0.3591803909672078,0.06545709915560305,-0.21220446955653022
327,37.7775482,-122.3927406,1564190436.0,2019-07-26T18:20:36-07:00,POINT (-122.3927406 37.7775482),10.282018270481633,2493.533751406941,android,0.4246374901228108,-0.14674737040092717,0.22215724800506492
328,37.7775448,-122.3927384,1564190437.0,2019-07-26T18:20:37-07:00,POINT (-122.3927384 37.7775448),9.876392935449385,2493.6574909276123,android,0.27789011972188365,0.07540987760413775,-0.16476627759965945
329,37.7775426,-122.3927369,1564190438.0,2019-07-26T18:20:38-07:00,POINT (-122.3927369 37.7775426),9.609238789677626,2493.732725554936,android,0.3532999973260214,-0.0893563999955217,0.013943945045756856
330,37.7775398,-122.392735,1564190439.0,2019-07-26T18:20:39-07:00,POINT (-122.392735 37.7775398),9.269782051044016,2493.8290531516714,android,0.2639435973304997,-0.07541245494976484,0.04762717623923257
331,37.7775377,-122.3927336,1564190440.0,2019-07-26T18:20:40-07:00,POINT (-122.3927336 37.7775377),9.016722988724666,2493.902878571801,android,0.18853114238073487,-0.02778527871053227,0.09327678813844284
332,37.7775362,-122.3927326,1564190441.0,2019-07-26T18:20:41-07:00,POINT (-122.3927326 37.7775362),8.835966512530636,2493.95561101102,android,0.1607458636702026,0.06549150942791057,-0.12255448157305082
333,37.7775349,-122.3927318,1564190442.0,2019-07-26T18:20:42-07:00,POINT (-122.3927318 37.7775349),8.683400218101237,2494.00552507022,android,0.22623737309811318,-0.05706297214514025,0.0010072576907120406
334,37.7775331,-122.3927306,1564190443.0,2019-07-26T18:20:43-07:00,POINT (-122.3927306 37.7775331),8.466492440744652,2494.0688039890015,android,0.16917440095297293,-0.05605571445442821,0.04215513325965982
335,37.7775318,-122.3927296,1564190444.0,2019-07-26T18:20:44-07:00,POINT (-122.3927296 37.7775318),8.30165818751172,2494.1060802030715,android,0.11311868649854472,-0.013900581194768391,-0.023784896876790675
336,37.7775309,-122.392729,1564190445.0,2019-07-26T18:20:45-07:00,POINT (-122.392729 37.7775309),8.1932042979658,2494.1377196579274,android,0.09921810530377632,-0.037685478071559066,0.08431043215184615
337,37.7775301,-122.3927285,1564190446.0,2019-07-26T18:20:46-07:00,POINT (-122.3927285 37.7775301),8.098845499271922,2494.1679499263955,android,0.06153262723221726,0.046624954080287086,-0.02322320027187052
338,37.7775296,-122.3927282,1564190447.0,2019-07-26T18:20:47-07:00,POINT (-122.3927282 37.7775296),8.04063799688149,2494.187633705711,android,0.10815758131250434,0.023401753808416567,-0.02788152712401913
339,37.7775288,-122.3927275,1564190448.0,2019-07-26T18:20:48-07:00,POINT (-122.3927275 37.7775288),7.934011241413752,2494.2052261324416,android,0.1315593351209209,-0.004479773315602564,0.22273976799811393
340,37.7775278,-122.3927267,1564190449.0,2019-07-26T18:20:49-07:00,POINT (-122.3927267 37.7775278),7.805328278351221,2494.231955852452,android,0.12707956180531835,0.21825999468251137,-0.0035963955384767654
341,37.7775268,-122.392726,1564190450.0,2019-07-26T18:20:50-07:00,POINT (-122.392726 37.7775268),7.682779295254051,2494.265004491615,android,0.3453395564878297,0.2146635991440346,-0.4967766144300574
342,37.777524,-122.3927243,1564190451.0,2019-07-26T18:20:51-07:00,POINT (-122.3927243 37.777524),7.355590477551699,2494.373969865084,android,0.5600031556318643,-0.2821130152860228,0.15504779738278185
343,37.7775196,-122.3927212,1564190452.0,2019-07-26T18:20:52-07:00,POINT (-122.3927212 37.7775196),6.81514812896016,2494.518120056449,android,0.27789014034584153,-0.12706521790324093,0.18855905935544687
344,37.7775174,-122.3927197,1564190453.0,2019-07-26T18:20:53-07:00,POINT (-122.3927197 37.7775174),6.547993939417883,2494.593354602074,android,0.1508249224426006,0.06149384145220593,-0.16069391239666153
345,37.7775162,-122.3927189,1564190454.0,2019-07-26T18:20:54-07:00,POINT (-122.3927189 37.7775162),6.403388740950238,2494.6355405193044,android,0.21231876389480653,-0.09920007094445558,0.08949272102742917
346,37.7775145,-122.3927178,1564190455.0,2019-07-26T18:20:55-07:00,POINT (-122.3927178 37.7775145),6.200576031788194,2494.6974102047507,android,0.11311869295035094,-0.009707349917026417,0.0019466560341647732
347,37.7775136,-122.3927172,1564190456.0,2019-07-26T18:20:56-07:00,POINT (-122.3927172 37.7775136),6.092122130140349,2494.729049639995,android,0.10341134303332453,-0.007760693882861644,-0.01247749320680483
348,37.7775128,-122.3927166,1564190457.0,2019-07-26T18:20:57-07:00,POINT (-122.3927166 37.7775128),5.991629341066766,2494.7529609647736,android,0.09565064915046288,-0.020238187089666473,0.006358355118975742
349,37.777512,-122.3927162,1564190458.0,2019-07-26T18:20:58-07:00,POINT (-122.3927162 37.777512),5.903404509414554,2494.789510132612,android,0.07541246206079641,-0.013879831970690731,0.02775966418523894
350,37.7775114,-122.3927158,1564190459.0,2019-07-26T18:20:59-07:00,POINT (-122.3927158 37.7775114),5.831101907704858,2494.8106030870495,android,0.06153263009010568,0.013879832214548207,-0.020298642233354577
351,37.7775109,-122.3927155,1564190460.0,2019-07-26T18:21:00-07:00,POINT (-122.3927155 37.7775109),5.772894399394161,2494.830286855696,android,0.07541246230465389,-0.00641881001880637,-0.010869170056065636
352,37.7775103,-122.3927151,1564190461.0,2019-07-26T18:21:01-07:00,POINT (-122.3927151 37.7775103),5.700591797031447,2494.8513798094696,android,0.06899365228584751,-0.017287980074872006,0.003288539118570785
353,37.7775097,-122.3927149,1564190462.0,2019-07-26T18:21:02-07:00,POINT (-122.3927149 37.7775097),5.640557151524216,2494.8851106050633,android,0.05170567221097551,-0.01399944095630122,0.0002058727390920577
354,37.7775093,-122.3927146,1564190463.0,2019-07-26T18:21:03-07:00,POINT (-122.3927146 37.7775093),5.590310755673133,2494.897066267112,android,0.03770623125467429,-0.013793568217209163,0.004054333554309862
355,37.777509,-122.3927144,1564190464.0,2019-07-26T18:21:04-07:00,POINT (-122.3927144 37.777509),5.554159454293212,2494.9076127431326,android,0.023912663037465125,-0.0097392346628993,0.023912663214202674
356,37.7775088,-122.3927143,1564190465.0,2019-07-26T18:21:05-07:00,POINT (-122.3927143 37.7775088),5.5321032456372565,2494.9167500353333,android,0.014173428374565825,0.014173428551303373,-0.008023459061363765
357,37.7775087,-122.3927142,1564190466.0,2019-07-26T18:21:06-07:00,POINT (-122.3927142 37.7775087),5.518008153245305,2494.918159218827,android,0.028346856925869197,0.006149969489939608,-0.012299938286310118
358,37.7775085,-122.392714,1564190467.0,2019-07-26T18:21:07-07:00,POINT (-122.392714 37.7775085),5.489817964341506,2494.920977586274,android,0.034496826415808805,-0.00614996879637051,0.006149968206010908
359,37.7775082,-122.3927139,1564190468.0,2019-07-26T18:21:08-07:00,POINT (-122.3927139 37.7775082),5.459800642964549,2494.937842986799,android,0.028346857619438295,-5.903596014822377e-10,0.009359375681207337
360,37.777508,-122.3927137,1564190469.0,2019-07-26T18:21:09-07:00,POINT (-122.3927137 37.777508),5.431610453647112,2494.9406613544893,android,0.028346857029078694,0.009359375090847735,-0.02315294530159446
361,37.7775078,-122.3927135,1564190470.0,2019-07-26T18:21:10-07:00,POINT (-122.3927135 37.7775078),5.403420266130976,2494.9434797233475,android,0.03770623211992643,-0.013793570210746724,0.01822776605370324
362,37.7775075,-122.3927133,1564190471.0,2019-07-26T18:21:11-07:00,POINT (-122.3927133 37.7775075),5.367268965006942,2494.9540261983,android,0.023912661909179705,0.0044341958429565155,-0.008868390933646494
363,37.7775073,-122.3927132,1564190472.0,2019-07-26T18:21:12-07:00,POINT (-122.3927132 37.7775073),5.345212757020517,2494.963163489189,android,0.02834685775213622,-0.004434195090689978,0.11371083068877175
364,37.7775071,-122.392713,1564190473.0,2019-07-26T18:21:13-07:00,POINT (-122.392713 37.7775071),5.317022569341129,2494.9659818578807,android,0.023912662661446243,0.10927663559808178,-0.2399826290477261
365,37.7775069,-122.3927129,1564190474.0,2019-07-26T18:21:14-07:00,POINT (-122.3927129 37.7775069),5.294966360358666,2494.9751191497494,android,0.13318929825952802,-0.13070599344964434,0.15094824643804072
366,37.777506,-122.3927119,1564190475.0,2019-07-26T18:21:15-07:00,POINT (-122.3927119 37.777506),5.161976536196044,2494.981482881111,android,0.002483304809883691,0.02024225298839637,-0.007880012680484043
367,37.7775038,-122.3927183,1564190722.0,2019-07-26T18:25:22-07:00,POINT (-122.3927183 37.7775038),5.379406711319906,2495.555912305128,android,5.002319792943787,-1.9261208790911621,1.9386578067113183
368,37.7774737,-122.3927606,1564190723.0,2019-07-26T18:25:23-07:00,POINT (-122.3927606 37.7774737),5.577786522865238,2500.5549774563706,android,3.076198913852625,0.012536927620156124,-0.012536481463353955
369,37.777456,-122.3927875,1564190724.0,2019-07-26T18:25:24-07:00,POINT (-122.3927875 37.777456),5.8187126308143196,2503.622643418513,android,3.088735841472781,4.461568021696394e-07,9.005449719268199e-10
370,37.77744016719959,-122.39281637627857,1564190725.0,2019-07-26T18:25:25-07:00,POINT (-122.39281637627857 37.77744016719959),6.3295145271434246,2506.6708898572942,android,3.088736287629583,4.470573471415662e-07,-4.5046411045746027e-10
371,37.77742433439919,-122.39284525255715,1564190726.0,2019-07-26T18:25:26-07:00,POINT (-122.39284525255715 37.77742433439919),6.840317751974391,2509.7191365119934,android,3.0887367346869303,4.4660688303110874e-07,-4.504645545466701e-10
372,37.777408501598785,-122.39287412883573,1564190727.0,2019-07-26T18:25:27-07:00,POINT (-122.39287412883573 37.777408501598785),7.351122302983127,2512.7673833848953,android,3.0887371812938134,4.4615641847656207e-07,9.005440837484002e-10
373,37.77739266879838,-122.3929030051143,1564190728.0,2019-07-26T18:25:28-07:00,POINT (-122.3929030051143 37.77739266879838),7.86192818157931,2515.8156304747768,android,3.088737627450232,4.4705696256031047e-07,-4.504645545466701e-10
374,37.77737683599798,-122.39293188139288,1564190729.0,2019-07-26T18:25:29-07:00,POINT (-122.39293188139288 37.77737683599798),8.37273538934138,2518.863877779923,android,3.0887380745071944,4.466064980057638e-07,-4.504636663682504e-10
375,37.77736100319757,-122.39296075767146,1564190730.0,2019-07-26T18:25:30-07:00,POINT (-122.39296075767146 37.77736100319757),8.883543924026863,2521.9121253027015,android,3.0887385211136924,4.4615603433939555e-07,9.005436396591904e-10
376,37.77734517039716,-122.39298963395004,1564190731.0,2019-07-26T18:25:31-07:00,POINT (-122.39298963395004 37.77734517039716),9.394353787518709,2524.9603730443637,android,3.0887389672697267,4.4705657797905474e-07,1.6019798820821052e-09
377,37.77732933759676,-122.39301851022861,1564190732.0,2019-07-26T18:25:32-07:00,POINT (-122.39301851022861 37.77732933759676),9.905164978293502,2528.00862100004,android,3.0887394143263047,4.4865855786113684e-07,-4.555352539625801e-09
378,37.77731350479635,-122.39304738650719,1564190733.0,2019-07-26T18:25:33-07:00,POINT (-122.39304738650719 37.77731350479635),10.424059481553533,2530.89961288257,android,3.0887398629848626,4.4410320532151104e-07,2.9529885203771755e-09
379,37.777297671995946,-122.3930762627858,1564190734.0,2019-07-26T18:25:34-07:00,POINT (-122.3930762627858 37.777297671995946),10.980815936373752,2533.9398055235156,android,3.088740307088068,4.470561938418882e-07,-1.5073055031620133
380,37.777281839195545,-122.39310513906437,1564190735.0,2019-07-26T18:25:35-07:00,POINT (-122.39310513906437 37.777281839195545),11.537573721311256,2536.9799983588337,android,3.0887407541442617,-1.5073050561058194,2.8866397694049586
381,37.77726600639514,-122.39313401534295,1564190736.0,2019-07-26T18:25:36-07:00,POINT (-122.39313401534295 37.77726600639514),12.094332837797024,2540.020191393207,android,1.5814356980384423,1.3793347132991391,-1.3793345235040777
382,37.7772579,-122.3931488,1564190737.0,2019-07-26T18:25:37-07:00,POINT (-122.3931488 37.7772579),12.379394067020689,2541.5767705554335,android,2.9607704113375815,1.8979506144489733e-07,1.2275687133467272e-09
383,37.7772529946253,-122.39318191127924,1564190738.0,2019-07-26T18:25:38-07:00,POINT (-122.39318191127924 37.7772529946253),14.057037748377711,2544.023099750284,android,2.960770601132643,1.9102263015824406e-07,-2.4551995991828335e-09
384,37.7772480892506,-122.39321502255848,1564190739.0,2019-07-26T18:25:39-07:00,POINT (-122.39321502255848 37.7772480892506),15.73468242922614,2546.469428475107,android,2.960770792155273,1.8856743055906122e-07,1.227569157435937e-09
385,37.777243183875896,-122.39324813383773,1564190740.0,2019-07-26T18:25:40-07:00,POINT (-122.39324813383773 37.777243183875896),17.41232810653968,2548.915756732804,android,2.9607709807227036,1.8979499971649716e-07,-1.227610901821663e-09
386,37.777238278501194,-122.39328124511697,1564190741.0,2019-07-26T18:25:41-07:00,POINT (-122.39328124511697 37.777238278501194),19.08997478326176,2551.362084520392,android,2.9607711705177033,1.885673888146755e-07,10.131886207430764
387,37.77723337312649,-122.3933143563962,1564190742.0,2019-07-26T18:25:42-07:00,POINT (-122.3933143563962 37.77723337312649),20.76762245685887,2553.8084118406036,android,2.960771359085092,10.131886395998153,-11.538030459294642
388,37.77722846775179,-122.39334746767543,1564190743.0,2019-07-26T18:25:43-07:00,POINT (-122.39334746767543 37.77722846775179),22.44527112730884,2556.2547386901474,android,13.092657755083245,-1.4061440632964892,1.4061490960655725
389,37.77714320388102,-122.39345020481302,1564190744.0,2019-07-26T18:25:44-07:00,POINT (-122.39345020481302 37.77714320388102),22.156777782751636,2569.341776482089,android,11.686513691786756,5.032769083257449e-06,1.7059598178548185e-09
390,37.77706090776204,-122.39353290962605,1564190745.0,2019-07-26T18:25:45-07:00,POINT (-122.39353290962605 37.77706090776204),20.860119099056394,2580.9313840179016,android,11.686518724555839,5.034475043075304e-06,-1.559566698006165e-09
391,37.77697861164306,-122.39361561443906,1564190746.0,2019-07-26T18:25:46-07:00,POINT (-122.39361561443906 37.77697861164306),19.56636920652338,2592.539491549138,android,11.686523759030882,5.032915476377298e-06,-10.486352815540675
392,37.77689631552408,-122.3936983192521,1564190747.0,2019-07-26T18:25:47-07:00,POINT (-122.3936983192521 37.77689631552408),18.27263554007211,2604.1476057453697,android,11.686528791946358,-10.486347782625199,9.992853361622554
393,37.776814019405094,-122.39378102406513,1564190748.0,2019-07-26T18:25:48-07:00,POINT (-122.39378102406513 37.776814019405094),16.97891809570658,2615.7557266006997,android,1.2001810093211587,-0.4934944210026435,0.252887302591314
394,37.776798357605216,-122.39379981974108,1564190750.0,2019-07-26T18:25:50-07:00,POINT (-122.39379981974108 37.776798357605216),16.923228203559542,2618.1549745363886,android,0.2131921673158716,0.012280184179984461,-9.374239752827265e-05
395,37.7766189,-122.3935775,1564190881.0,2019-07-26T18:28:01-07:00,POINT (-122.3935775 37.7766189),11.00010337233718,2618.420305502016,android,1.821896294893836,-6.989621925690415e-08,-4.440892098500626e-15
396,37.776621829882,-122.39359789539213,1564190882.0,2019-07-26T18:28:02-07:00,POINT (-122.39359789539213 37.776621829882),9.499048001748367,2619.458878085575,android,1.8218962249976167,-6.989622369779624e-08,-4.6629367034256575e-15
397,37.77662475976399,-122.39361829078426,1564190883.0,2019-07-26T18:28:03-07:00,POINT (-122.39361829078426 37.77662475976399),7.997992460730503,2620.4974502918867,android,1.821896155101393,-6.989622836073295e-08,1.2288425832451821e-09
398,37.776627689645984,-122.39363868617639,1564190884.0,2019-07-26T18:28:04-07:00,POINT (-122.39363868617639 37.776627689645984),6.4969367466114,2621.5360221150863,android,1.8218960852051647,-6.866738577748777e-08,-3.6865459573931503e-09
399,37.77663061952798,-122.39365908156852,1564190885.0,2019-07-26T18:28:05-07:00,POINT (-122.39365908156852 37.77663061952798),4.995880860570344,2622.5745935625087,android,1.8218960165377789,-7.235393173488092e-08,4.77410222465835e-09
400,37.77663354940997,-122.39367947696066,1564190886.0,2019-07-26T18:28:06-07:00,POINT (-122.39367947696066 37.77663354940997),3.494824800505758,2623.6131646290346,android,1.8218959441838471,-6.757982951022257e-08,3.974573297372751
401,37.776636479291966,-122.39369987235277,1564190887.0,2019-07-26T18:28:07-07:00,POINT (-122.39369987235277 37.776636479291966),1.9937685694415106,2624.6517353175677,android,1.8218958766040176,3.974573229792921,-3.9862465287663804
402,37.77663940917395,-122.39372026774491,1564190888.0,2019-07-26T18:28:08-07:00,POINT (-122.39372026774491 37.77663940917395),0.492712165660824,2625.6903056265314,android,5.7964691063969385,-0.011673298973459367,0.011673825128299065
403,37.77659124935773,-122.39374550960657,1564190889.0,2019-07-26T18:28:09-07:00,POINT (-122.39374550960657 37.77659124935773),2.8713391852637598,2630.893418740261,android,5.784795807423479,5.261548396973126e-07,2.600463844260048e-09
404,37.77654299871545,-122.39377011921314,1564190890.0,2019-07-26T18:28:10-07:00,POINT (-122.39377011921314 37.77654299871545),5.401002033391191,2636.085505799476,android,5.784796333578319,5.287553035415726e-07,-9.34256227935748e-10
405,37.776494748073176,-122.39379472881969,1564190891.0,2019-07-26T18:28:11-07:00,POINT (-122.39379472881969 37.776494748073176),7.93066249516491,2641.277594543765,android,5.784796862333622,5.278210473136369e-07,-0.21416244914082938
406,37.7764464974309,-122.39381933842625,1564190892.0,2019-07-26T18:28:12-07:00,POINT (-122.39381933842625 37.7764464974309),9.944226560595775,2648.1787013735243,android,5.78479739015467,-0.21416192131978207,-0.11469275633922305
407,37.77639824678863,-122.39384394803282,1564190893.0,2019-07-26T18:28:13-07:00,POINT (-122.39384394803282 37.77639824678863),11.616087340239043,2652.7425388139104,android,5.570635468834888,-0.3288546776590051,0.3288547132908306
408,37.77634851284062,-122.39385157448288,1564190894.0,2019-07-26T18:28:14-07:00,POINT (-122.39385157448288 37.77634851284062),14.935330709629103,2657.131987577373,android,5.2417807911758825,3.5631825490156643e-08,-0.8338136258454885
409,37.77630162568124,-122.39385774896576,1564190895.0,2019-07-26T18:28:15-07:00,POINT (-122.39385774896576 37.77630162568124),18.15039283643165,2660.40387891179,android,5.241780826807708,-0.833813590213663,-0.5967091133810154
410,37.776254738521864,-122.39386392344863,1564190896.0,2019-07-26T18:28:16-07:00,POINT (-122.39386392344863 37.776254738521864),21.561098377732467,2663.9187808174556,android,4.407967236594045,-1.4305227035946784,0.7152613743812997
411,37.776204,-122.393941,1564190898.0,2019-07-26T18:28:18-07:00,POINT (-122.393941 37.776204),22.902902812619445,2663.9187808174556,android,1.546921829404688,4.516792095898836e-08,-4.939374909085359e-09
412,37.77620191240873,-122.39395840146008,1564190899.0,2019-07-26T18:28:19-07:00,POINT (-122.39395840146008 37.77620191240873),22.653322161653396,2663.9187808174556,android,1.546921874572609,4.0228546049903e-08,4.93937091228247e-09
413,37.77619982481746,-122.3939758029202,1564190900.0,2019-07-26T18:28:20-07:00,POINT (-122.3939758029202 37.77619982481746),22.507940107847496,2663.9187808174556,android,1.546921914801155,4.516791696218547e-08,-4.939374687040754e-09
414,37.77619773722619,-122.39399320438028,1564190901.0,2019-07-26T18:28:21-07:00,POINT (-122.39399320438028 37.77619773722619),22.468779371403663,2663.9187808174556,android,1.546921959969072,4.022854227514472e-08,3.704528017678399e-09
415,37.77619564963492,-122.39401060584039,1564190902.0,2019-07-26T18:28:22-07:00,POINT (-122.39401060584039 37.77619564963492),22.536393698551187,2663.9187808174556,android,1.5469220001976143,4.393307029282312e-08,-0.2320384646777618
416,37.77619356204365,-122.39402800730048,1564190903.0,2019-07-26T18:28:23-07:00,POINT (-122.39402800730048 37.77619356204365),22.709829409220752,2663.9187808174556,android,1.5469220441306846,-0.2320384207446915,-1.0828452026413016
417,37.77619147445238,-122.39404540876058,1564190904.0,2019-07-26T18:28:24-07:00,POINT (-122.39404540876058 37.77619147445238),22.986691351477155,2663.9187808174556,android,1.314883623385993,-1.314883623385993,1.314883623385993
418,37.7761897,-122.3940602,1564190905.0,2019-07-26T18:28:25-07:00,POINT (-122.3940602 37.7761897),23.300627783103256,2663.9187808174556,android,0.0,0.0,0.0
