,latitude,longitude,ts,fmt_time,geometry,gt_distance,gt_projection,source,speed,acceleration,jerk
0,37.789913049260946,-122.38915882027737,1576115122.0,2019-12-11T17:45:22-08:00,POINT (-122.38915882027737 37.789913049260946),12.937533676294361,924.4702592196244,android,0.06808831241516375,0.03247980110316659,0.007283549242849291
1,37.789937,-122.3890203,1576115305.0,2019-12-11T17:48:25-08:00,POINT (-122.3890203 37.789937),2.416429258216019,931.1880644674872,android,6.011891914294649,1.365369312544587,-4.228825096454019
2,37.7899035,-122.3889666,1576115306.0,2019-12-11T17:48:26-08:00,POINT (-122.3889666 37.7899035),1.6856016995682084,937.1578251570014,android,7.377261226839236,-2.8634557839094317,4.856178156691218
3,37.789858,-122.3889055,1576115307.0,2019-12-11T17:48:27-08:00,POINT (-122.3889055 37.789858),1.4318179750082967,944.5310340583065,android,4.5138054429298045,1.9927223727817864,-1.8946823104771449
4,37.7898265,-122.3888731,1576115308.0,2019-12-11T17:48:28-08:00,POINT (-122.3888731 37.7898265),1.8737674541983478,949.0234188895739,android,6.506527815711591,0.09804006230464157,-1.0419424022647767
5,37.789785,-122.3888209,1576115309.0,2019-12-11T17:48:29-08:00,POINT (-122.3888209 37.789785),1.8534568080358926,955.5292992470951,android,6.6045678780162325,-0.9439023399601352,1.105367198858124
6,37.7897503,-122.3887599,1576115310.0,2019-12-11T17:48:30-08:00,POINT (-122.3887599 37.7897503),0.7516998250640581,962.0452359851288,android,5.660665538056097,0.16146485889798878,-0.5043766096658757
7,37.7897192,-122.3887089,1576115311.0,2019-12-11T17:48:31-08:00,POINT (-122.3887089 37.7897192),0.0020159190045371516,967.6576334920873,android,5.822130396954086,-0.34291175076788694,0.27657256576090017
8,37.7896789,-122.3886666,1576115312.0,2019-12-11T17:48:32-08:00,POINT (-122.3886666 37.7896789),0.3726393091555393,973.5837135014049,android,5.479218646186199,-0.06633918500698677,1.5963032290769927
9,37.7896385,-122.3886309,1576115313.0,2019-12-11T17:48:33-08:00,POINT (-122.3886309 37.7896385),0.23548049818736386,979.0251646829133,android,5.412879461179212,1.529964044070006,-2.9847076467280997
10,37.7896021,-122.38859,1576115314.0,2019-12-11T17:48:34-08:00,POINT (-122.38859 37.7896021),0.17843700571705046,984.43595498157,android,6.942843505249218,-1.4547436026580938,1.7066389507213016
11,37.7895563,-122.3885363,1576115315.0,2019-12-11T17:48:35-08:00,POINT (-122.3885363 37.7895563),0.04178853636574763,991.3736247895016,android,5.488099902591125,0.2518953480632078,0.6830003996975282
12,37.7895254,-122.3884876,1576115316.0,2019-12-11T17:48:36-08:00,POINT (-122.3884876 37.7895254),1.4516600168993006,996.6559487571004,android,5.739995250654332,0.934895747760736,-1.0870797205573828
13,37.7894949,-122.3884349,1576115317.0,2019-12-11T17:48:37-08:00,POINT (-122.3884349 37.7894949),3.260865353889317,1002.1066986602326,android,6.674890998415068,-0.15218397279664675,1.5281549480045395
14,37.7894452,-122.3883923,1576115318.0,2019-12-11T17:48:38-08:00,POINT (-122.3883923 37.7894452),3.260342745461947,1008.6003623455039,android,6.522707025618422,1.3759709752078928,-3.6104166725238773
15,37.7893925,-122.3883597,1576115319.0,2019-12-11T17:48:39-08:00,POINT (-122.3883597 37.7893925),2.582490020670198,1015.0427254170171,android,7.898678000826314,-2.2344456973159845,3.6498539215972023
16,37.7893254,-122.3883302,1576115320.0,2019-12-11T17:48:40-08:00,POINT (-122.3883302 37.7893254),0.882475798468354,1022.7422884683597,android,5.66423230351033,1.4154082242812178,-1.0288295502319356
17,37.789279,-122.3883036,1576115321.0,2019-12-11T17:48:41-08:00,POINT (-122.3883036 37.789279),0.7394352822834643,1028.2905031980135,android,7.079640527791548,0.38657867404928226,0.7738023780402044
18,37.7892185,-122.3882785,1576115322.0,2019-12-11T17:48:42-08:00,POINT (-122.3882785 37.7892185),0.04769924161345007,1035.3257032773595,android,7.46621920184083,1.1603810520894866,-4.509969966137242
19,37.7891545,-122.3882528,1576115323.0,2019-12-11T17:48:43-08:00,POINT (-122.3882528 37.7891545),0.9619394376020265,1042.7097843018828,android,8.626600253930317,-3.3495889140477555,2.5859447016072545
20,37.7890822,-122.3882172,1576115324.0,2019-12-11T17:48:44-08:00,POINT (-122.3882172 37.7890822),1.0339493833892512,1051.479463431269,android,5.277011339882561,-0.763644212440501,1.6310785601349522
21,37.7890369,-122.3881993,1576115325.0,2019-12-11T17:48:45-08:00,POINT (-122.3881993 37.7890369),1.0524130062270451,1056.746889441678,android,4.51336712744206,0.8674343476944513,0.4147928885237562
22,37.7889967,-122.3881922,1576115326.0,2019-12-11T17:48:46-08:00,POINT (-122.3881922 37.7889967),1.7488968496868351,1061.234240307092,android,5.380801475136511,1.2822272362182074,-2.4411666533074303
23,37.7889495,-122.3881787,1576115327.0,2019-12-11T17:48:47-08:00,POINT (-122.3881787 37.7889495),2.058839249206416,1066.595438051929,android,6.663028711354719,-1.1589394170892229,2.288231641211695
24,37.7888917,-122.3881587,1576115328.0,2019-12-11T17:48:48-08:00,POINT (-122.3881587 37.7888917),2.144977497821062,1073.245304611228,android,5.504089294265496,1.129292224122472,-0.9745570841632025
25,37.7888437,-122.3881434,1576115329.0,2019-12-11T17:48:49-08:00,POINT (-122.3881434 37.7888437),2.327252677200128,1078.735729124589,android,6.633381518387968,0.15473513995926957,-1.6841176360064587
26,37.7887854,-122.3881274,1576115330.0,2019-12-11T17:48:50-08:00,POINT (-122.3881274 37.7887854),2.69282397617944,1085.5462655065144,android,6.788116658347238,-1.5293824960471891,2.2975735157316937
27,37.7887274,-122.3881033,1576115331.0,2019-12-11T17:48:51-08:00,POINT (-122.3881033 37.7887274),1.9311648771182217,1092.2793927499838,android,5.2587341623000485,0.7681910196845045,-3.2271261538869043
28,37.7886803,-122.3880979,1576115332.0,2019-12-11T17:48:52-08:00,POINT (-122.3880979 37.7886803),2.534060724443755,1097.4920714336859,android,6.026925181984553,-2.4589351342023997,1.6602007296615087
29,37.7886261,-122.3880974,1576115333.0,2019-12-11T17:48:53-08:00,POINT (-122.3880974 37.7886261),3.720342030971335,1103.3876693511718,android,3.5679900477821533,-0.7987344045408911,-0.14309564611901937
30,37.7885941,-122.3880944,1576115334.0,2019-12-11T17:48:54-08:00,POINT (-122.3880944 37.7885941),4.187596785194777,1106.9171533865865,android,2.7692556432412623,-0.9418300506599104,1.2755440659166304
31,37.7885692,-122.388095,1576115335.0,2019-12-11T17:48:55-08:00,POINT (-122.388095 37.7885692),4.804099906133504,1109.6107123479453,android,1.8274255925813518,0.33371401525671995,-0.7260682879375069
32,37.788553,-122.3880985,1576115336.0,2019-12-11T17:48:56-08:00,POINT (-122.3880985 37.788553),5.4732254339369675,1111.3071725778007,android,2.161139607838072,-0.39235427268078693,0.6352548217640477
33,37.7885337,-122.3881014,1576115337.0,2019-12-11T17:48:57-08:00,POINT (-122.3881014 37.7885337),6.160950632462951,1113.351120497815,android,1.7687853351572849,0.24290054908326075,-0.9474134510587591
34,37.7885178,-122.3881008,1576115338.0,2019-12-11T17:48:58-08:00,POINT (-122.3881008 37.7885178),6.46988290587984,1115.088800974113,android,2.0116858842405456,-0.7045129019754983,1.8276558518370334
35,37.7885002,-122.3880955,1576115339.0,2019-12-11T17:48:59-08:00,POINT (-122.3880955 37.7885002),6.412270590227151,1117.095719834482,android,1.3071729822650473,1.123142949861535,-2.2284453671331743
36,37.78848868784434,-122.38809248784436,1576115340.0,2019-12-11T17:49:00-08:00,POINT (-122.38809248784436 37.78848868784434),6.413767030132629,1118.4002623308877,android,2.4303159321265824,-1.1053024172716392,0.9041425925206727
37,37.7884675,-122.3880857,1576115341.0,2019-12-11T17:49:01-08:00,POINT (-122.3880857 37.7884675),6.3092937042832915,1120.8236349973272,android,1.3250135148549431,-0.2011598247509665,0.019468425181756732
38,37.7884557,-122.3880878,1576115342.0,2019-12-11T17:49:02-08:00,POINT (-122.3880878 37.7884557),6.757948204802935,1122.0674174307235,android,1.1238536901039766,-0.18169139956920977,1.614492822007815
39,37.7884461,-122.3880918,1576115343.0,2019-12-11T17:49:03-08:00,POINT (-122.3880918 37.7884461),7.320467577663213,1123.03805906934,android,0.9421622905347669,1.4328014224386052,-0.787612218003835
40,37.7884379,-122.3880945,1576115344.0,2019-12-11T17:49:04-08:00,POINT (-122.3880945 37.7884379),7.739181653580744,1123.8800493041329,android,2.374963712973372,0.6451892044347702,-1.390637142480844
41,37.7884166,-122.3880965,1576115345.0,2019-12-11T17:49:05-08:00,POINT (-122.3880965 37.7884166),8.394698396270213,1126.1574154070668,android,3.0201529174081423,-0.7454479380460737,1.1629584784202565
42,37.7883895,-122.3880942,1576115346.0,2019-12-11T17:49:06-08:00,POINT (-122.3880942 37.7883895),8.778601035882536,1129.3103746627771,android,2.2747049793620686,0.4175105403741828,0.2683908786309779
43,37.7883692,-122.388091,1576115347.0,2019-12-11T17:49:07-08:00,POINT (-122.388091 37.7883692),8.919922127728322,1131.57585383902,android,2.6922155197362514,0.6859014190051607,-0.1359806997935804
44,37.7883453,-122.3880861,1576115348.0,2019-12-11T17:49:08-08:00,POINT (-122.3880861 37.7883453),8.988318595401406,1134.261607898927,android,3.378116938741412,0.5499207192115803,-0.22123673270388
45,37.7883171,-122.3880718,1576115349.0,2019-12-11T17:49:09-08:00,POINT (-122.3880718 37.7883171),8.331997154556188,1137.5698371964013,android,3.9280376579529923,0.32868398650770025,-0.01325483914547032
46,37.788286,-122.3880506,1576115350.0,2019-12-11T17:49:10-08:00,POINT (-122.3880506 37.788286),7.138419207469793,1141.3070380954737,android,4.256721644460693,0.31542914736222993,-0.16097915717765865
47,37.7882496,-122.3880356,1576115351.0,2019-12-11T17:49:11-08:00,POINT (-122.3880356 37.7882496),6.590453637333002,1145.5206986881221,android,4.5721507918229225,0.15444999018457128,0.10194504275527638
48,37.7882132,-122.3880114,1576115352.0,2019-12-11T17:49:12-08:00,POINT (-122.3880114 37.7882132),5.246490364298773,1149.8847662955545,android,4.726600782007494,0.25639503293984767,-1.4353750998397126
49,37.7881732,-122.3879932,1576115353.0,2019-12-11T17:49:13-08:00,POINT (-122.3879932 37.7881732),4.477169623457053,1154.5684326036207,android,4.9829958149473415,-1.178980066899865,2.987690912207963
50,37.7881306,-122.3879756,1576115354.0,2019-12-11T17:49:14-08:00,POINT (-122.3879756 37.7881306),3.8042642742527404,1159.4968382052216,android,3.8040157480474766,1.8087108453080982,-1.705486821304373
51,37.78809796904068,-122.38796259881155,1576115355.0,2019-12-11T17:49:15-08:00,POINT (-122.38796259881155 37.78809796904068),3.3304141624508694,1163.2643066117764,android,5.612726593355575,0.10322402400372521,-0.07720427406111607
52,37.7880479,-122.3879545,1576115356.0,2019-12-11T17:49:16-08:00,POINT (-122.3879545 37.7880479),3.4785983526606743,1169.0335719847603,android,5.7159506173593,0.02601974994260914,-0.5920409135359446
53,37.7879977,-122.3879405,1576115357.0,2019-12-11T17:49:17-08:00,POINT (-122.3879405 37.7879977),2.986853899069771,1174.7169174099813,android,5.741970367301909,-0.5660211635933354,1.2058056322864426
54,37.7879465,-122.387932,1576115358.0,2019-12-11T17:49:18-08:00,POINT (-122.387932 37.7879465),2.968485425375995,1180.5022080062547,android,5.175949203708574,0.6397844686931071,-0.13934676363037024
55,37.7879001,-122.3879273,1576115359.0,2019-12-11T17:49:19-08:00,POINT (-122.3879273 37.7879001),3.1372228553684365,1185.664232836453,android,5.815733672401681,0.5004377050627369,-2.3888180952430895
56,37.7878478,-122.3879267,1576115360.0,2019-12-11T17:49:20-08:00,POINT (-122.3879267 37.7878478),3.73842197398833,1191.4360386364299,android,6.316171377464418,-1.8883803901803526,3.4162489705192947
57,37.787791,-122.387926,1576115361.0,2019-12-11T17:49:21-08:00,POINT (-122.387926 37.787791),4.238966550952926,1197.9289230858908,android,4.427790987284065,1.527868580338942,-2.3259328064963594
58,37.7877512,-122.3879244,1576115362.0,2019-12-11T17:49:22-08:00,POINT (-122.3879244 37.7877512),4.367422531880517,1202.345193216085,android,5.955659567623007,-0.7980642261574173,0.08356849321037707
59,37.7876985,-122.3879123,1576115363.0,2019-12-11T17:49:23-08:00,POINT (-122.3879123 37.7876985),3.660254050616371,1208.2464220134336,android,5.15759534146559,-0.7144957329470403,0.06460917568855473
60,37.787653,-122.3879009,1576115364.0,2019-12-11T17:49:24-08:00,POINT (-122.3879009 37.787653),2.720838829118879,1213.5199435612806,android,4.4430996085185495,-0.6498865572584855,0.6935425712684338
61,37.7876138,-122.3878911,1576115365.0,2019-12-11T17:49:25-08:00,POINT (-122.3878911 37.7876138),1.8579200418322102,1217.8692636063859,android,3.793213051260064,0.04365601400994823,-0.30520667224835174
62,37.7875797,-122.3878899,1576115366.0,2019-12-11T17:49:26-08:00,POINT (-122.3878899 37.7875797),1.7522571649976475,1221.652728029936,android,3.836869065270012,-0.2615506582384035,-0.3778765802292563
63,37.7875452,-122.3878891,1576115367.0,2019-12-11T17:49:27-08:00,POINT (-122.3878891 37.7875452),1.5340883261033924,1225.565586915365,android,3.5753184070316086,-0.6394272384676598,-0.22453167742834035
64,37.7875133,-122.3878942,1576115368.0,2019-12-11T17:49:28-08:00,POINT (-122.3878942 37.7875133),1.7955346568712134,1229.1237395208984,android,2.935891168563949,-0.8639589158960002,2.1847070927634418
65,37.7874875,-122.3879013,1576115369.0,2019-12-11T17:49:29-08:00,POINT (-122.3879013 37.7874875),2.2686000176560794,1232.0153342955846,android,2.0719322526679487,1.3207481768674416,-2.4166172240768815
66,37.78746937226331,-122.38790675520063,1576115370.0,2019-12-11T17:49:30-08:00,POINT (-122.38790675520063 37.78746937226331),2.642012789583658,1234.0492128705803,android,3.3926804295353903,-1.09586904720944,0.21737175037259782
67,37.7874396,-122.3879152,1576115371.0,2019-12-11T17:49:31-08:00,POINT (-122.3879152 37.7874396),3.210042266740515,1237.3871789184582,android,2.2968113823259504,-0.8784972968368421,1.1071970882259408
68,37.7874192,-122.3879193,1576115372.0,2019-12-11T17:49:32-08:00,POINT (-122.3879193 37.7874192),3.455376170154427,1239.6030872444544,android,1.4183140854891083,0.22869979138909868,-1.3413273449631868
69,37.7874065,-122.3879208,1576115373.0,2019-12-11T17:49:33-08:00,POINT (-122.3879208 37.7874065),3.538786201752607,1241.015894650867,android,1.647013876878207,-1.1126275535740882,0.9407539059853419
70,37.7873918,-122.3879185,1576115374.0,2019-12-11T17:49:34-08:00,POINT (-122.3879185 37.7873918),3.2801403887568026,1242.6389356253299,android,0.5343863233041187,-0.17187364758874624,0.7606402509587739
71,37.787387,-122.3879188,1576115375.0,2019-12-11T17:49:35-08:00,POINT (-122.3879188 37.787387),3.2881754242517927,1243.1720995590297,android,0.3625126757153725,0.5887666033700276,0.14478750125796103
72,37.7873517,-122.3879268,1576115386.0,2019-12-11T17:49:46-08:00,POINT (-122.3879268 37.7873517),3.857122470281543,1247.1106683988291,android,6.838945312785676,2.181429117207599,-1.505590015803338
73,37.7872902,-122.3879277,1576115387.0,2019-12-11T17:49:47-08:00,POINT (-122.3879277 37.7872902),3.7010192593238864,1253.9328926819353,android,9.020374429993275,0.6758391014042608,-0.7650566623759936
74,37.7872091,-122.3879253,1576115388.0,2019-12-11T17:49:48-08:00,POINT (-122.3879253 37.7872091),3.179521124010537,1262.9184629710626,android,9.696213531397536,-0.08921756097173272,-0.9363260986405368
75,37.7871219,-122.3879251,1576115389.0,2019-12-11T17:49:49-08:00,POINT (-122.3879251 37.7871219),2.483230199256652,1272.7058626313187,android,9.606995970425803,-1.0255436596122696,4.448057826447815
76,37.7870356,-122.3879303,1576115390.0,2019-12-11T17:49:50-08:00,POINT (-122.3879303 37.7870356),2.1821552391275048,1282.2872352988832,android,8.581452310813534,3.422514166835546,-0.16494689869059442
77,37.7869585,-122.3879346,1576115391.0,2019-12-11T17:49:51-08:00,POINT (-122.3879346 37.7869585),1.9419221344151028,1290.8137348254345,android,12.00396647764908,3.2575672681449515,-1.6059052075156437
78,37.7868507,-122.3879419,1576115392.0,2019-12-11T17:49:52-08:00,POINT (-122.3879419 37.7868507),1.8308628156867683,1302.7911080740644,android,15.261533745794031,1.6516620606293078,-2.3178050068522875
79,37.7867135,-122.3879466,1576115393.0,2019-12-11T17:49:53-08:00,POINT (-122.3879466 37.7867135),1.2860700032454682,1318.0096016117704,android,16.91319580642334,-0.6661429462229798,-6.096308180406822
80,37.7865614,-122.387948,1576115394.0,2019-12-11T17:49:54-08:00,POINT (-122.387948 37.7865614),0.3472551588213588,1334.859720508541,android,16.24705286020036,-6.762451126629802,8.980291085422117
81,37.7864156,-122.3879601,1576115395.0,2019-12-11T17:49:55-08:00,POINT (-122.3879601 37.7864156),0.392739260867164,1351.071509645721,android,9.484601733570557,2.2178399587923145,-1.7275947574371564
82,37.7863306,-122.3879691,1576115396.0,2019-12-11T17:49:56-08:00,POINT (-122.3879691 37.7863306),0.5902567337150179,1360.5336076674816,android,11.702441692362871,0.49024520135515814,-0.7346378396544821
83,37.7862258,-122.3879813,1576115397.0,2019-12-11T17:49:57-08:00,POINT (-122.3879813 37.7862258),0.9307652771204817,1372.2059318625097,android,12.19268689371803,-0.244392638299324,-2.821196544564284
84,37.7861165,-122.3879924,1576115398.0,2019-12-11T17:49:58-08:00,POINT (-122.3879924 37.7861165),1.143193338125872,1384.3704560729543,android,11.948294255418705,-3.065589182863608,4.927751417370889
85,37.7860113,-122.3880201,1576115399.0,2019-12-11T17:49:59-08:00,POINT (-122.3880201 37.7860113),2.8430636704971763,1396.1729499128614,android,8.882705072555098,1.8621622345072808,-1.627490658505831
86,37.7859321,-122.3880333,1576115400.0,2019-12-11T17:50:00-08:00,POINT (-122.3880333 37.7859321),3.4501812080181224,1405.0160707257944,android,10.744867307062378,0.23467157600144972,0.28731272244776385
87,37.7858363,-122.3880493,1576115401.0,2019-12-11T17:50:01-08:00,POINT (-122.3880493 37.7858363),4.187480956474561,1415.712858416616,android,10.979538883063828,0.5219842984492136,-3.29756940564263
88,37.785738,-122.3880611,1576115402.0,2019-12-11T17:50:02-08:00,POINT (-122.3880611 37.785738),4.538232299568001,1426.6632064818878,android,11.501523181513042,-2.7755851071934163,2.8460261459259595
89,37.785635,-122.3880731,1576115403.0,2019-12-11T17:50:03-08:00,POINT (-122.3880731 37.785635),4.873751715417748,1438.1351035992593,android,8.725938074319625,0.07044103873254315,-0.31393910444474216
90,37.785557,-122.388084,1576115404.0,2019-12-11T17:50:04-08:00,POINT (-122.388084 37.785557),5.2871315232692,1446.8326022419837,android,8.796379113052168,-0.243498065712199,0.12205524263652556
91,37.7854779,-122.3880854,1576115405.0,2019-12-11T17:50:05-08:00,POINT (-122.3880854 37.7854779),4.857963451168778,1455.5992721477696,android,8.55288104733997,-0.12144282307567345,0.5701657716382691
92,37.785401,-122.3880875,1576115406.0,2019-12-11T17:50:06-08:00,POINT (-122.3880875 37.785401),4.505670931182194,1464.1262095228287,android,8.431438224264296,0.44872294856259565,-3.686365701200291
93,37.7853252,-122.38809,1576115407.0,2019-12-11T17:50:07-08:00,POINT (-122.38809 37.7853252),4.196210579088139,1472.533557612619,android,8.880161172826892,-3.2376427526376954,5.051506072706789
94,37.7852457,-122.3880996,1576115408.0,2019-12-11T17:50:08-08:00,POINT (-122.3880996 37.7852457),4.484878988726638,1481.3899516177516,android,5.642518420189196,1.8138633200690935,-2.3696879271874325
95,37.7851956,-122.3881098,1576115409.0,2019-12-11T17:50:09-08:00,POINT (-122.3881098 37.7851956),5.031520258811144,1486.9941445951968,android,7.45638174025829,-0.555824607118339,0.7522408514074916
96,37.7851287,-122.3881156,1576115410.0,2019-12-11T17:50:10-08:00,POINT (-122.3881156 37.7851287),5.074202989850398,1494.4342597619082,android,6.900557133139951,0.1964162442891526,-2.2700861366228366
97,37.7850667,-122.388119,1576115411.0,2019-12-11T17:50:11-08:00,POINT (-122.388119 37.7850667),4.940177731447236,1501.3184903424572,android,7.096973377429103,-2.073669892333684,2.745743742159383
98,37.7850033,-122.3881283,1576115412.0,2019-12-11T17:50:12-08:00,POINT (-122.3881283 37.7850033),5.314881708109625,1508.3904343313363,android,5.023303485095419,0.6720738498256988,-0.7171486935809757
99,37.784959,-122.3881395,1576115413.0,2019-12-11T17:50:13-08:00,POINT (-122.3881395 37.784959),5.989899300867086,1513.3579210167757,android,5.695377334921118,-0.04507484375527682,-0.018847568901882106
100,37.7849078,-122.3881413,1576115414.0,2019-12-11T17:50:14-08:00,POINT (-122.3881413 37.7849078),5.790660309035405,1519.0373796359877,android,5.650302491165841,-0.06392241265715892,1.3351150375127014
101,37.7848572,-122.3881472,1576115415.0,2019-12-11T17:50:15-08:00,POINT (-122.3881472 37.7848572),5.955925884058899,1524.6731145973936,android,5.586380078508682,1.2711926248555425,-3.011462501850727
102,37.7848072,-122.3881534,1576115416.0,2019-12-11T17:50:16-08:00,POINT (-122.3881534 37.7848072),6.104852019701324,1530.2996171680563,android,6.857572703364225,-1.7402698769951845,3.415892345012609
103,37.7847461,-122.388164,1576115417.0,2019-12-11T17:50:17-08:00,POINT (-122.388164 37.7847461),6.547990471112262,1537.1283762905175,android,5.11730282636904,1.6756224680174245,-2.339432544407013
104,37.7847003,-122.3881697,1576115418.0,2019-12-11T17:50:18-08:00,POINT (-122.3881697 37.7847003),6.682930290300759,1542.2329229842383,android,6.792925294386465,-0.6638100763895887,1.7966222535216527
105,37.7846393,-122.3881739,1576115419.0,2019-12-11T17:50:19-08:00,POINT (-122.3881739 37.7846393),6.564767023001286,1549.0100607714126,android,6.129115217996876,1.132812177132064,-3.8636965418858953
106,37.7845842,-122.388172,1576115420.0,2019-12-11T17:50:20-08:00,POINT (-122.388172 37.7845842),6.032602049077402,1555.0140206153346,android,7.26192739512894,-2.7308843647538312,4.329043869884069
107,37.7845189,-122.3881733,1576115421.0,2019-12-11T17:50:21-08:00,POINT (-122.3881733 37.7845189),5.723911538673537,1562.2535105644238,android,4.531043030375109,1.598159505130238,-1.6503813512401173
108,37.7844783,-122.3881777,1576115422.0,2019-12-11T17:50:22-08:00,POINT (-122.3881777 37.7844783),5.847721527053489,1566.7730969544452,android,6.129202535505347,-0.052221846109879344,0.78363916582936
109,37.7844244,-122.3881923,1576115423.0,2019-12-11T17:50:23-08:00,POINT (-122.3881923 37.7844244),6.782031944594422,1572.8182629009164,android,6.076980689395468,0.7314173197194807,-2.5132261615604987
110,37.7843703,-122.3882021,1576115424.0,2019-12-11T17:50:24-08:00,POINT (-122.3882021 37.7843703),7.293096450118503,1578.860905933012,android,6.808398009114948,-1.781808841841018,2.3844713528604506
111,37.7843093,-122.3882088,1576115425.0,2019-12-11T17:50:25-08:00,POINT (-122.3882088 37.7843093),7.486957965517951,1585.6518756662194,android,5.02658916727393,0.6026625110194326,-0.6778339466147907
112,37.7842642,-122.3882127,1576115426.0,2019-12-11T17:50:26-08:00,POINT (-122.3882127 37.7842642),7.537669775368471,1590.6673238749436,android,5.629251678293363,-0.0751714355953581,0.35035565507940536
113,37.7842137,-122.3882172,1576115427.0,2019-12-11T17:50:27-08:00,POINT (-122.3882172 37.7842137),7.606148981274253,1596.2839752476377,android,5.554080242698005,0.27518421948404725,0.4226994288021615
114,37.7841638,-122.38822,1576115428.0,2019-12-11T17:50:28-08:00,POINT (-122.38822 37.7841638),7.529073236028946,1601.8254297787942,android,5.829264462182052,0.6978836482862087,-3.084064709100864
115,37.7841114,-122.388218,1576115429.0,2019-12-11T17:50:29-08:00,POINT (-122.388218 37.7841114),7.013850872113642,1607.619115822834,android,6.527148110468261,-2.386181060814655,3.5383551546358385
116,37.7840527,-122.3882181,1576115430.0,2019-12-11T17:50:30-08:00,POINT (-122.3882181 37.7840527),6.642426529828543,1614.121402487802,android,4.1409670496536055,1.1521740938211833,-1.4525392835361046
117,37.7840155,-122.3882159,1576115431.0,2019-12-11T17:50:31-08:00,POINT (-122.3882159 37.7840155),6.208076793892532,1618.2304667029846,android,5.293141143474789,-0.3003651897149213,1.4556067812487443
118,37.7839679,-122.3882153,1576115432.0,2019-12-11T17:50:32-08:00,POINT (-122.3882153 37.7839679),5.847014925661573,1623.499688430897,android,4.9927759537598675,1.155241591533823,-3.066723316411217
119,37.783923,-122.3882157,1576115433.0,2019-12-11T17:50:33-08:00,POINT (-122.3882157 37.783923),5.591348907288571,1628.4749914369233,android,6.1480175452936905,-1.9114817248773939,2.145534792490376
120,37.7838678,-122.3882197,1576115434.0,2019-12-11T17:50:34-08:00,POINT (-122.3882197 37.7838678),5.585433656421849,1634.6096570774134,android,4.236535820416297,0.23405306761298217,-1.4354993008348949
121,37.7838297,-122.3882198,1576115435.0,2019-12-11T17:50:35-08:00,POINT (-122.3882198 37.7838297),5.3474410925833205,1638.830231231323,android,4.470588888029279,-1.2014462332219127,0.8721085358395921
122,37.7837895,-122.388219,1576115436.0,2019-12-11T17:50:36-08:00,POINT (-122.388219 37.7837895),5.016729641187564,1643.2787804593445,android,3.269142654807366,-0.32933769738232055,0.15586497955467227
123,37.7837601,-122.3882189,1576115437.0,2019-12-11T17:50:37-08:00,POINT (-122.3882189 37.7837601),4.817507696272076,1646.5346906635132,android,2.9398049574250456,-0.17347271782764828,-1.2234766972009878
124,37.7837337,-122.3882171,1576115438.0,2019-12-11T17:50:38-08:00,POINT (-122.3882171 37.7837337),4.488274760325596,1649.4495734596842,android,2.7663322395973973,-1.3969494150286361,0.7004121672277424
125,37.7837095,-122.3882098,1576115439.0,2019-12-11T17:50:39-08:00,POINT (-122.3882098 37.7837095),3.6898002645447048,1652.0925042882054,android,1.3693828245687611,-0.6965372478008938,0.47341803349711903
126,37.7836974,-122.3882069,1576115440.0,2019-12-11T17:50:40-08:00,POINT (-122.3882069 37.7836974),3.3564935246072825,1653.4178252142387,android,0.6728455767678674,-0.22311921430377474,0.2666536400340856
127,37.7836915,-122.3882086,1576115441.0,2019-12-11T17:50:41-08:00,POINT (-122.3882086 37.7836915),3.467720500218456,1654.0800645386496,android,0.44972636246409264,0.043534425730310855,-0.2930326974818318
128,37.7836899,-122.3882133,1576115442.0,2019-12-11T17:50:42-08:00,POINT (-122.3882133 37.7836899),3.8705223820914503,1654.2814462832766,android,0.4932607881944035,-0.24949827175152095,0.4924720492098167
129,37.7836896,-122.3882189,1576115443.0,2019-12-11T17:50:43-08:00,POINT (-122.3882189 37.7836896),4.360861509036936,1654.3434631000705,android,0.24376251644288255,0.24297377745829576,0.04920311691087303
130,37.7836809,-122.3882761,1576115464.0,2019-12-11T17:51:04-08:00,POINT (-122.3882761 37.7836809),9.327631879495424,1655.6990395105292,android,5.346211843067094,1.2762392325866294,-0.09120381584901605
131,37.7836329,-122.3882796,1576115465.0,2019-12-11T17:51:05-08:00,POINT (-122.3882796 37.7836329),9.268434466670316,1661.0333154497253,android,6.622451075653723,1.1850354167376134,0.5749346867373699
132,37.7835734,-122.3882829,1576115466.0,2019-12-11T17:51:06-08:00,POINT (-122.3882829 37.7835734),9.103820184984947,1667.6392986077083,android,7.8074864923913365,1.7599701034749833,-3.7003413824047824
133,37.7835032,-122.3882811,1576115467.0,2019-12-11T17:51:07-08:00,POINT (-122.3882811 37.7835032),8.409440167517168,1675.3987308446638,android,9.56745659586632,-1.940371278929799,3.968605720656571
134,37.7834175,-122.3882908,1576115468.0,2019-12-11T17:51:08-08:00,POINT (-122.3882908 37.7834175),8.841188386016677,1684.8991841298014,android,7.627085316936521,2.028234441726772,-2.1034263820679566
135,37.7833492,-122.3882988,1576115469.0,2019-12-11T17:51:09-08:00,POINT (-122.3882988 37.7833492),9.067239117507246,1692.5065182377928,android,9.655319758663293,-0.0751919403411847,0.2979168088597124
136,37.7832624,-122.3883018,1576115470.0,2019-12-11T17:51:10-08:00,POINT (-122.3883018 37.7832624),8.724666823601817,1702.1346775264037,android,9.580127818322108,0.22272486851852769,-2.7315812681224676
137,37.7831765,-122.3883102,1576115471.0,2019-12-11T17:51:11-08:00,POINT (-122.3883102 37.7831765),8.862953037846127,1711.6931103712632,android,9.802852686840636,-2.50885639960394,3.094004855954185
138,37.7830885,-122.3883169,1576115472.0,2019-12-11T17:51:12-08:00,POINT (-122.3883169 37.7830885),8.837171975842823,1721.4746569718893,android,7.293996287236696,0.5851484563502449,-0.05508620020393007
139,37.783023,-122.3883214,1576115473.0,2019-12-11T17:51:13-08:00,POINT (-122.3883214 37.783023),8.775190192229969,1728.752540803841,android,7.879144743586941,0.5300622561463149,-1.6950189805596487
140,37.7829523,-122.3883274,1576115474.0,2019-12-11T17:51:14-08:00,POINT (-122.3883274 37.7829523),8.808717837296523,1736.614545056686,android,8.409206999733255,-1.1649567244133339,2.388552588884176
141,37.7828767,-122.3883249,1576115475.0,2019-12-11T17:51:15-08:00,POINT (-122.3883249 37.7828767),8.061009962540439,1744.9720198155735,android,7.244250275319922,1.223595864470842,-4.218104056999168
142,37.7828116,-122.3883217,1576115476.0,2019-12-11T17:51:16-08:00,POINT (-122.3883217 37.7828116),7.325115892653091,1752.1629292890905,android,8.467846139790764,-2.9945081925283263,5.05404070106987
143,37.7827355,-122.3883253,1576115477.0,2019-12-11T17:51:17-08:00,POINT (-122.3883253 37.7827355),7.11000905862384,1760.6095823435182,android,5.473337947262437,2.059532508541544,-1.6406187967678463
144,37.7826863,-122.3883272,1576115478.0,2019-12-11T17:51:18-08:00,POINT (-122.3883272 37.7826863),6.933371715437704,1766.0681238912255,android,7.532870455803981,0.41891371177369763,0.593997160590896
145,37.7826187,-122.3883328,1576115479.0,2019-12-11T17:51:19-08:00,POINT (-122.3883328 37.7826187),6.95339956916831,1773.5846417167245,android,7.951784167577679,1.0129108723645937,-3.4485471280424322
146,37.7825476,-122.3883425,1576115480.0,2019-12-11T17:51:20-08:00,POINT (-122.3883425 37.7825476),7.309310414001982,1781.5114476147064,android,8.964695039942272,-2.4356362556778386,3.3426278976354924
147,37.7824673,-122.3883516,1576115481.0,2019-12-11T17:51:21-08:00,POINT (-122.3883516 37.7824673),7.5482389069784634,1790.4536611076478,android,6.529058784264434,0.9069916419576538,-1.0421726141954828
148,37.7824086,-122.3883498,1576115482.0,2019-12-11T17:51:22-08:00,POINT (-122.3883498 37.7824086),6.98008228402294,1796.9436463063066,android,7.436050426222088,-0.135180972237829,0.9814949443546466
149,37.7823419,-122.3883559,1576115483.0,2019-12-11T17:51:23-08:00,POINT (-122.3883559 37.7823419),7.0503421242840485,1804.3632766801181,android,7.300869453984259,0.8463139721168176,-4.33435537613319
150,37.7822763,-122.3883594,1576115484.0,2019-12-11T17:51:24-08:00,POINT (-122.3883594 37.7822763),6.899785030647191,1811.646689996552,android,8.147183426101076,-3.4880414040163723,5.358562264505964
151,37.7822032,-122.3883657,1576115485.0,2019-12-11T17:51:25-08:00,POINT (-122.3883657 37.7822032),6.942925868146187,1819.7761130129418,android,4.659142022084704,1.8705208604895915,-0.5682508774199189
152,37.7821613,-122.388366,1576115486.0,2019-12-11T17:51:26-08:00,POINT (-122.388366 37.7821613),6.676660131511911,1824.4174424838757,android,6.5296628825742955,1.3022699830696727,-2.1625005694405086
153,37.7821027,-122.3883708,1576115487.0,2019-12-11T17:51:27-08:00,POINT (-122.3883708 37.7821027),6.6892434898946425,1830.9329383083427,android,7.831932865643968,-0.8602305863708359,2.0728571067153547
154,37.7820324,-122.3883763,1576115488.0,2019-12-11T17:51:28-08:00,POINT (-122.3883763 37.7820324),6.681634043381975,1838.7478774085157,android,6.971702279273132,1.2126265203445188,-4.220113941890806
155,37.7819699,-122.3883826,1576115489.0,2019-12-11T17:51:29-08:00,POINT (-122.3883826 37.7819699),6.798809037641347,1845.7035420820405,android,8.184328799617651,-3.007487421546287,4.373766539775781
156,37.7818963,-122.3883817,1576115490.0,2019-12-11T17:51:30-08:00,POINT (-122.3883817 37.7818963),6.199811548773135,1853.867369301183,android,5.176841378071364,1.3662791182294942,-1.3597132826392864
157,37.7818498,-122.3883788,1576115491.0,2019-12-11T17:51:31-08:00,POINT (-122.3883788 37.7818498),5.604509895924353,1858.9985329364245,android,6.543120496300858,0.006565835590207847,0.9191637325037627
158,37.7817911,-122.3883736,1576115492.0,2019-12-11T17:51:32-08:00,POINT (-122.3883736 37.7817911),4.716560217820994,1865.4952216225392,android,6.549686331891066,0.9257295680939706,-2.5186975106050937
159,37.7817323,-122.3883692,1576115493.0,2019-12-11T17:51:33-08:00,POINT (-122.3883692 37.7817323),3.8606034529920716,1871.97439505497,android,7.475415899985037,-1.5929679425111232,2.0160134192030332
160,37.7816653,-122.3883622,1576115494.0,2019-12-11T17:51:34-08:00,POINT (-122.3883622 37.7816653),2.8355364208139946,1879.1447068054306,android,5.8824479574739135,0.42304547669191006,0.9253510566657672
161,37.7816124,-122.3883628,1576115495.0,2019-12-11T17:51:35-08:00,POINT (-122.3883628 37.7816124),2.36144070111071,1885.3333907047836,android,6.3054934341658235,1.3483965333576773,0.6958222353193033
162,37.7815557,-122.3883617,1576115496.0,2019-12-11T17:51:36-08:00,POINT (-122.3883617 37.7815557),1.5027970540394102,1891.5662442755186,android,7.653889967523501,2.0442187686769806,-2.912028429621765
163,37.7814869,-122.3883644,1576115497.0,2019-12-11T17:51:37-08:00,POINT (-122.3883644 37.7814869),1.000486236841707,1899.1273918568038,android,9.698108736200481,-0.8678096609447845,-0.35358370321460963
164,37.7814021,-122.3883902,1576115498.0,2019-12-11T17:51:38-08:00,POINT (-122.3883902 37.7814021),2.5069703065770383,1908.8569564130041,android,8.830299075255697,-1.2213933641593941,1.126280985152099
165,37.7813232,-122.3884016,1576115499.0,2019-12-11T17:51:39-08:00,POINT (-122.3884016 37.7813232),2.250253621207414,1917.6646950464408,android,7.608905711096303,-0.09511237900729519,0.4150819300418851
166,37.7812548,-122.3884041,1576115500.0,2019-12-11T17:51:40-08:00,POINT (-122.3884041 37.7812548),1.3097934209338176,1925.226446613,android,7.513793332089008,0.3199695510345899,1.0444272583564187
167,37.7811881,-122.3884178,1576115501.0,2019-12-11T17:51:41-08:00,POINT (-122.3884178 37.7811881),1.0944788884080048,1932.9075610257235,android,7.8337628831235975,1.3643968093910086,-4.88878595194621
168,37.7811205,-122.3884429,1576115502.0,2019-12-11T17:51:42-08:00,POINT (-122.3884429 37.7811205),0.9316505457168939,1940.7251217745666,android,9.198159692514606,-3.5243891425552016,5.649109862647158
169,37.7810406,-122.38847,1576115503.0,2019-12-11T17:51:43-08:00,POINT (-122.38847 37.7810406),0.5237384346690515,1949.8967081751223,android,5.673770549959404,2.1247207200919567,-2.4881453231855577
170,37.7809926,-122.3884919,1576115504.0,2019-12-11T17:51:44-08:00,POINT (-122.3884919 37.7809926),0.6711803953008522,1955.6063300223989,android,7.798491270051361,-0.36342460309360103,2.0093559243845274
171,37.7809264,-122.3885212,1576115505.0,2019-12-11T17:51:45-08:00,POINT (-122.3885212 37.7809264),0.36014498902131814,1963.3851396221562,android,7.43506666695776,1.6459313212909263,-4.253296349349811
172,37.7808646,-122.3885535,1576115506.0,2019-12-11T17:51:46-08:00,POINT (-122.3885535 37.7808646),0.3088724756933961,1970.8223312122304,android,9.080997988248686,-2.6073650280588847,3.6995685569130563
173,37.7807893,-122.3885935,1576115507.0,2019-12-11T17:51:47-08:00,POINT (-122.3885935 37.7807893),0.15323166458367515,1979.8884875350711,android,6.473632960189802,1.0922035288541716,-0.9142472357529092
174,37.7807369,-122.3886256,1576115508.0,2019-12-11T17:51:48-08:00,POINT (-122.3886256 37.7807369),0.6980513569098007,1986.330146029881,android,7.565836489043973,0.17795629310126237,-0.058822000822255305
175,37.780678,-122.3886687,1576115509.0,2019-12-11T17:51:49-08:00,POINT (-122.3886687 37.780678),0.8800547854729919,1993.873610070431,android,7.743792782145236,0.11913429227900707,-0.4817590482667491
176,37.7806178,-122.388713,1576115510.0,2019-12-11T17:51:50-08:00,POINT (-122.388713 37.7806178),1.1880182942398942,2001.5454949939813,android,7.862927074424243,-0.362624755987742,-0.18854647871931451
177,37.7805613,-122.3887668,1576115511.0,2019-12-11T17:51:51-08:00,POINT (-122.3887668 37.7805613),0.8724792844869885,2009.3968579185646,android,7.500302318436501,-0.5511712347070565,0.8865841759722048
178,37.7805152,-122.3888291,1576115512.0,2019-12-11T17:51:52-08:00,POINT (-122.3888291 37.7805152),0.29659594359394303,2016.7597782424807,android,6.949131083729444,0.3354129412651483,0.008372362190013583
179,37.780471,-122.388885,1576115513.0,2019-12-11T17:51:53-08:00,POINT (-122.388885 37.780471),0.9770918708142579,2023.7216581972436,android,7.2845440249945925,0.3437853034551619,1.2283954634951373
180,37.7804222,-122.3889403,1576115514.0,2019-12-11T17:51:54-08:00,POINT (-122.3889403 37.7804222),1.0033669111668713,2031.0038697041691,android,7.628329328449754,1.5721807669502992,-4.34450071165747
181,37.7803706,-122.3889975,1576115515.0,2019-12-11T17:51:55-08:00,POINT (-122.3889975 37.7803706),0.9475325834131202,2038.6292554670786,android,9.200510095400054,-2.7723199447071707,4.281847488230736
182,37.7803148,-122.3890748,1576115516.0,2019-12-11T17:51:56-08:00,POINT (-122.3890748 37.7803148),1.7761173355143802,2047.8728428881732,android,6.428190150692883,1.509527543523565,-1.990438555533042
183,37.7802778,-122.389131,1576115517.0,2019-12-11T17:51:57-08:00,POINT (-122.389131 37.7802778),2.4154636526988327,2054.2710742172612,android,7.937717694216448,-0.48091101200947683,1.3850951018560638
184,37.7802324,-122.3892007,1576115518.0,2019-12-11T17:51:58-08:00,POINT (-122.3892007 37.7802324),3.246419598746604,2062.1677165959277,android,7.456806682206971,0.9041840898465869,-3.090144163309663
185,37.7801862,-122.3892622,1576115519.0,2019-12-11T17:51:59-08:00,POINT (-122.3892622 37.7801862),3.5010406632798237,2069.6203497413335,android,8.360990772053558,-2.185960073463076,1.4658621171138115
186,37.7801377,-122.3893349,1576115520.0,2019-12-11T17:52:00-08:00,POINT (-122.3893349 37.7801377),4.278478921372877,2077.947380086684,android,6.175030698590482,-0.7200979563492647,1.7269731851406513
187,37.7801073,-122.3893937,1576115521.0,2019-12-11T17:52:01-08:00,POINT (-122.3893937 37.7801073),5.595165446430189,2083.985191862251,android,5.454932742241217,1.0068752287913867,-0.07590112362189227
188,37.780079,-122.3894444,1576115522.0,2019-12-11T17:52:02-08:00,POINT (-122.3894444 37.780079),6.56777732403475,2089.356147729486,android,6.461807971032604,0.9309741051694944,-4.000369685490003
189,37.7800453,-122.3895043,1576115523.0,2019-12-11T17:52:03-08:00,POINT (-122.3895043 37.7800453),7.696256682373635,2095.7226202839165,android,7.392782076202098,-3.069395580320508,4.442533657531035
190,37.7800051,-122.3895713,1576115524.0,2019-12-11T17:52:04-08:00,POINT (-122.3895713 37.7800051),8.763443946584367,2102.9830910845812,android,4.32338649588159,1.3731380772105268,-0.9054602509002443
191,37.779977,-122.3896053,1576115525.0,2019-12-11T17:52:05-08:00,POINT (-122.3896053 37.779977),8.741656379877364,2107.2894992603315,android,5.696524573092117,0.46767782631028254,-0.8707044694504313
192,37.7799461,-122.389657,1576115526.0,2019-12-11T17:52:06-08:00,POINT (-122.389657 37.7799461),9.62235606344525,2112.9203506774893,android,6.1642023994024,-0.4030266431401488,0.504865693631432
193,37.779912,-122.3897123,1576115527.0,2019-12-11T17:52:07-08:00,POINT (-122.3897123 37.779912),10.502492906491588,2118.930603960351,android,5.761175756262251,0.10183905049128317,-2.7040333844344024
194,37.7798784,-122.3897622,1576115528.0,2019-12-11T17:52:08-08:00,POINT (-122.3897622 37.7798784),11.03327436542481,2125.8925317015533,android,5.863014806753534,-2.6021943339431193,3.7162300565911286
195,37.7798417,-122.3898101,1576115529.0,2019-12-11T17:52:09-08:00,POINT (-122.3898101 37.7798417),10.900422077576836,2130.851029035162,android,3.2608204728104146,1.1140357226480093,-0.9796914393826492
196,37.7798178,-122.3898316,1576115530.0,2019-12-11T17:52:10-08:00,POINT (-122.3898316 37.7798178),10.35098755997644,2134.062669069513,android,4.374856195458424,0.13434428326536008,-1.0304115509554586
197,37.7797903,-122.3898672,1576115531.0,2019-12-11T17:52:11-08:00,POINT (-122.3898672 37.7797903),10.392359614565814,2138.437175748689,android,4.509200478723784,-0.8960672676900985,0.8584549624359195
198,37.77976,-122.3899013,1576115532.0,2019-12-11T17:52:12-08:00,POINT (-122.3899013 37.77976),10.12014205217892,2142.9366694647756,android,3.6131332110336856,-0.037612305254179024,0.021174831299226593
199,37.7797396,-122.3899333,1576115533.0,2019-12-11T17:52:13-08:00,POINT (-122.3899333 37.7797396),10.4975735958548,2146.5313476470683,android,3.5755209057795065,-0.01643747395495243,0.3530450035951933
200,37.7797185,-122.389964,1576115534.0,2019-12-11T17:52:14-08:00,POINT (-122.389964 37.7797185),10.739245868131048,2150.0994381852206,android,3.559083431824554,0.3366075296402409,-0.916449326720155
201,37.7797004,-122.3899974,1576115535.0,2019-12-11T17:52:15-08:00,POINT (-122.3899974 37.7797004),11.384683965816006,2153.6019448044763,android,3.895690961464795,-0.5798417970799141,1.0071218046362471
202,37.7796788,-122.3900323,1576115536.0,2019-12-11T17:52:16-08:00,POINT (-122.3900323 37.7796788),11.847431609573851,2157.471703178704,android,3.315849164384881,0.427280007556333,-0.9221392228291707
203,37.7796583,-122.3900597,1576115537.0,2019-12-11T17:52:17-08:00,POINT (-122.3900597 37.7796583),11.931727513731776,2160.7865861773575,android,3.743129171941214,-0.4948592152728377,0.1530567226192523
204,37.7796335,-122.3900885,1576115538.0,2019-12-11T17:52:18-08:00,POINT (-122.3900885 37.7796335),11.764111328260373,2164.524975334588,android,3.248269956668376,-0.3418024926535854,0.16519158542696655
205,37.7796149,-122.390117,1576115539.0,2019-12-11T17:52:19-08:00,POINT (-122.390117 37.7796149),12.066298905279169,2167.760182727571,android,2.9064674640147907,-0.17661090722661887,-0.44893928825754514
206,37.7796039,-122.390147,1576115540.0,2019-12-11T17:52:20-08:00,POINT (-122.390147 37.7796039),13.060200781157828,2170.4953645947116,android,2.729856556788172,-0.625550195484164,-0.07373641647375995
207,37.7795831,-122.3901635,1576115541.0,2019-12-11T17:52:21-08:00,POINT (-122.3901635 37.7795831),12.444913594123364,2173.152178389653,android,2.104306361304008,-0.699286611957924,-0.1004382102578597
208,37.7795655,-122.3901723,1576115542.0,2019-12-11T17:52:22-08:00,POINT (-122.3901723 37.7795655),11.604197041808098,2175.077532242153,android,1.4050197493460839,-0.7997248222157837,1.4883541017502093
209,37.7795529,-122.3901735,1576115543.0,2019-12-11T17:52:23-08:00,POINT (-122.3901735 37.7795529),10.686047292588832,2176.137038605683,android,0.6052949271303002,0.6886292795344257,-1.1890723069720508
210,37.779548,-122.3901765,1576115544.0,2019-12-11T17:52:24-08:00,POINT (-122.3901765 37.779548),10.486092162089546,2176.707462853638,android,1.2939242066647259,-0.5004430274376251,0.15081871554412418
211,37.7795465,-122.3901911,1576115545.0,2019-12-11T17:52:25-08:00,POINT (-122.3901911 37.7795465),11.273339491976712,2177.737512084889,android,0.7934811792271007,-0.34962431189350096,0.4966267680314736
212,37.7795453,-122.3902,1576115546.0,2019-12-11T17:52:26-08:00,POINT (-122.3902 37.7795453),11.730737450000836,2178.387734871051,android,0.44385686733359975,0.14700245613797264,-0.04941723477624563
213,37.7795454,-122.3902101,1576115548.0,2019-12-11T17:52:28-08:00,POINT (-122.3902101 37.7795454),12.364960431439709,2179.011413202644,android,0.737861779609545,0.04816798658548138,0.060519483479162584
214,37.7795412,-122.3902166,1576115549.0,2019-12-11T17:52:29-08:00,POINT (-122.3902166 37.7795412),12.437198575749287,2179.7459780484,android,0.7860297661950264,0.10868747006464397,-0.6260835849312668
215,37.7795368,-122.3902236,1576115550.0,2019-12-11T17:52:30-08:00,POINT (-122.3902236 37.7795368),12.524688984137848,2180.5274315094885,android,0.8947172362596704,-0.5173961148666228,0.28551351973901284
216,37.779529,-122.3902261,1576115551.0,2019-12-11T17:52:31-08:00,POINT (-122.3902261 37.779529),12.06527916486393,2181.2931801945742,android,0.37732112139304747,-0.23188259512760998,0.3408883907108277
217,37.7795257,-122.3902251,1576115552.0,2019-12-11T17:52:32-08:00,POINT (-122.3902251 37.7795257),11.743306858603017,2181.488495793278,android,0.1454385262654375,0.10900579558321773,0.0758559497156494
218,37.7795227,-122.3902219,1576115555.0,2019-12-11T17:52:35-08:00,POINT (-122.3902219 37.7795227),11.308535331280954,2181.5228187802263,android,0.47245591301509066,0.33657364473016593,-0.06583364196901101
219,37.7794134,-122.3902016,1576115581.0,2019-12-11T17:53:01-08:00,POINT (-122.3902016 37.7794134),1.439520579239163,2188.7935382707583,android,9.223370675999405,-1.3751010464641205,-0.23507537148124147
220,37.7793308,-122.3902112,1576115582.0,2019-12-11T17:53:02-08:00,POINT (-122.3902112 37.7793308),4.471965088054715,2195.8475694873887,android,7.8482696295352845,-1.610176417945362,1.3241563245414207
221,37.7792626,-122.3902342,1576115583.0,2019-12-11T17:53:03-08:00,POINT (-122.3902342 37.7792626),8.418091201941962,2202.614307633314,android,6.238093211589923,-0.2860200934039412,0.2037930062755473
222,37.7792212,-122.3902821,1576115584.0,2019-12-11T17:53:04-08:00,POINT (-122.3902821 37.7792212),8.708875594050017,2208.8439292411595,android,5.952073118185981,-0.08222708712839388,0.44043687403494314
223,37.7791858,-122.3903329,1576115585.0,2019-12-11T17:53:05-08:00,POINT (-122.3903329 37.7791858),8.347162085782614,2214.786072963873,android,5.8698460310575875,0.35820978690654925,1.281797997066632
224,37.7791501,-122.3903821,1576115586.0,2019-12-11T17:53:06-08:00,POINT (-122.3903821 37.7791501),8.108300061156243,2220.65161932703,android,6.228055817964137,1.6400077839731813,-5.668642312145262
225,37.7791143,-122.3904366,1576115587.0,2019-12-11T17:53:07-08:00,POINT (-122.3904366 37.7791143),7.548631862696741,2226.8563582252514,android,7.868063601937318,-4.028634528172081,7.287533723619056
226,37.779068,-122.3905043,1576115588.0,2019-12-11T17:53:08-08:00,POINT (-122.3905043 37.779068),6.99749659205337,2234.7068176693024,android,3.839429073765238,3.258899195446976,-1.5090506279473392
227,37.7790429,-122.3905343,1576115589.0,2019-12-11T17:53:09-08:00,POINT (-122.3905343 37.7790429),7.114294672998343,2238.543690554038,android,7.098328269212214,1.7498485674996367,-1.9511213127602254
228,37.7789955,-122.3905884,1576115590.0,2019-12-11T17:53:10-08:00,POINT (-122.3905884 37.7789955),7.484671739577242,2245.689939786584,android,8.84817683671185,-0.2012727452605887,-4.071999354936658
229,37.7789346,-122.3906532,1576115591.0,2019-12-11T17:53:11-08:00,POINT (-122.3906532 37.7789346),8.192667594077125,2254.5058073114733,android,8.646904091451262,-4.2732721001972465,6.943152043256426
230,37.7788697,-122.3907074,1576115592.0,2019-12-11T17:53:12-08:00,POINT (-122.3907074 37.7788697),9.875897204275256,2262.979281065769,android,4.373631991254015,2.66987994305918,-1.568773231993493
231,37.7788352,-122.3907313,1576115593.0,2019-12-11T17:53:13-08:00,POINT (-122.3907313 37.7788352),11.054935636722194,2267.2444521892735,android,7.043511934313195,1.101106711065687,2.0329598432495155
232,37.7787813,-122.3907734,1576115594.0,2019-12-11T17:53:14-08:00,POINT (-122.3907734 37.7787813),12.594431013899127,2274.110262194439,android,8.144618645378882,3.1340665543152024,-4.965560707811109
233,37.7787243,-122.3908316,1576115595.0,2019-12-11T17:53:15-08:00,POINT (-122.3908316 37.7787243),13.362327984835874,2282.2142873826397,android,11.278685199694085,-1.8314941534959068,9.63810758382392
234,37.7786527,-122.3909225,1576115596.0,2019-12-11T17:53:16-08:00,POINT (-122.3909225 37.7786527),13.279894072599562,2293.2261182936986,android,9.447191046198178,7.806613430328014,-9.42583923522969
235,37.778601,-122.3910078,1576115597.0,2019-12-11T17:53:17-08:00,POINT (-122.3910078 37.778601),12.007627677100995,2303.2583103449188,android,17.25380447652619,-1.6192258049016761,-1.1417870736398044
236,37.7785252,-122.3911791,1576115598.0,2019-12-11T17:53:18-08:00,POINT (-122.3911791 37.7785252),6.562834727696349,2319.648914963567,android,15.634578671624515,-2.7610128785414805,3.5261321302334547
237,37.778454,-122.3913325,1576115599.0,2019-12-11T17:53:19-08:00,POINT (-122.3913325 37.778454),2.9535932011945505,2334.4218586548427,android,12.873565793083035,0.7651192516919743,-6.459723462911563
238,37.7783891,-122.3914538,1576115600.0,2019-12-11T17:53:20-08:00,POINT (-122.3914538 37.7783891),0.36077511092576053,2347.172037893527,android,13.63868504477501,-5.6946042112195885,7.589475392419711
239,37.7783124,-122.3915749,1576115601.0,2019-12-11T17:53:21-08:00,POINT (-122.3915749 37.7783124),1.3680365174679638,2360.833554065934,android,7.944080833555421,1.8948711812001227,-2.6485753402827763
240,37.7782716,-122.3916491,1576115602.0,2019-12-11T17:53:22-08:00,POINT (-122.3916491 37.7782716),2.2057526744654434,2368.738506582177,android,9.838952014755543,-0.7537041590826536,-0.7138673745470534
241,37.7782233,-122.3917429,1576115603.0,2019-12-11T17:53:23-08:00,POINT (-122.3917429 37.7782233),3.5401852091970727,2378.4941398962637,android,9.08524785567289,-1.467571533629707,-1.627926825434261
242,37.7781768,-122.3918279,1576115604.0,2019-12-11T17:53:24-08:00,POINT (-122.3918279 37.7781768),4.856793259117476,2387.3183642548024,android,7.617676322043183,-3.095498359063968,3.112300903549799
243,37.7781323,-122.3918938,1576115605.0,2019-12-11T17:53:25-08:00,POINT (-122.3918938 37.7781323),5.253970546163351,2394.9275521453187,android,4.522177962979215,0.01680254448583085,0.612065167632494
244,37.7781009,-122.3919265,1576115606.0,2019-12-11T17:53:26-08:00,POINT (-122.3919265 37.7781009),4.699539631372999,2399.4133923125037,android,4.5389805074650456,0.6288677121183248,-0.8800843931942994
245,37.7780695,-122.3919595,1576115607.0,2019-12-11T17:53:27-08:00,POINT (-122.3919595 37.7780695),4.163256123977271,2403.9184361416874,android,5.16784821958337,-0.2512166810759746,0.7195258578606305
246,37.7780339,-122.3919973,1576115608.0,2019-12-11T17:53:28-08:00,POINT (-122.3919973 37.7780339),3.578589181994445,2409.05077327643,android,4.916631538507396,0.4683091767846559,-1.995301667202971
247,37.7780022,-122.3920363,1576115609.0,2019-12-11T17:53:29-08:00,POINT (-122.3920363 37.7780022),3.535275915242841,2413.8511880954584,android,5.384940715292052,-1.5269924904183152,1.9255770746402412
248,37.7779703,-122.3920824,1576115610.0,2019-12-11T17:53:30-08:00,POINT (-122.3920824 37.7779703),3.6767218657154395,2419.4605158018157,android,3.8579482248737365,0.398584584221926,2.3207301694431925
249,37.7779407,-122.3921053,1576115611.0,2019-12-11T17:53:31-08:00,POINT (-122.3921053 37.7779407),2.56282682082053,2423.149962681677,android,4.2565328090956625,2.7193147536651185,-4.84150745057878
250,37.77790762372736,-122.39212967966223,1576115612.0,2019-12-11T17:53:32-08:00,POINT (-122.39212967966223 37.77790762372736),1.2473171654622093,2427.1930967871604,android,6.975847562760781,-2.122192696913661,2.1700857889323792
251,37.7778547,-122.3921723,1576115613.0,2019-12-11T17:53:33-08:00,POINT (-122.3921723 37.7778547),0.646196969197601,2433.899986137903,android,4.85365486584712,0.047893092018718164,-0.9263917801970898
252,37.7778197,-122.3922053,1576115614.0,2019-12-11T17:53:34-08:00,POINT (-122.3922053 37.7778197),1.3854065989064603,2438.757644047258,android,4.901547957865838,-0.8784986881783716,-0.3421682701280435
253,37.7777859,-122.3922411,1576115615.0,2019-12-11T17:53:35-08:00,POINT (-122.3922411 37.7777859),1.7507800493447745,2443.6433269802487,android,4.0230492696874665,-1.2206669583064151,4.734693649226916
254,37.7777568,-122.3922683,1576115616.0,2019-12-11T17:53:36-08:00,POINT (-122.3922683 37.7777568),2.29350569788422,2447.626753341124,android,2.8023823113810513,3.5140266909205007,-5.266547578171472
255,37.777735389390486,-122.39228512032882,1576115617.0,2019-12-11T17:53:37-08:00,POINT (-122.39228512032882 37.777735389390486),2.8939213526772014,2450.361145798895,android,6.316409002301552,-1.752520887250971,2.210579010802551
256,37.7776916,-122.3923309,1576115618.0,2019-12-11T17:53:38-08:00,POINT (-122.3923309 37.7776916),3.432547635791917,2456.563031154065,android,4.563888115050581,0.45805812355157993,-1.3235677042466145
257,37.7776645,-122.3923699,1576115619.0,2019-12-11T17:53:39-08:00,POINT (-122.3923699 37.7776645),3.1977811291765224,2461.1217235541435,android,5.021946238602161,-0.8655095806950346,0.7289207300505618
258,37.7776328,-122.3924106,1576115620.0,2019-12-11T17:53:40-08:00,POINT (-122.3924106 37.7776328),3.224947151737231,2466.1433303163026,android,4.156436657907126,-0.1365888506444728,2.276961850743416
259,37.7776069,-122.3924447,1576115621.0,2019-12-11T17:53:41-08:00,POINT (-122.3924447 37.7776069),3.1952048681772847,2470.2996597126166,android,4.019847807262654,2.1403730000989434,-2.6626660864940277
260,37.7775844,-122.3924805,1576115622.0,2019-12-11T17:53:42-08:00,POINT (-122.3924805 37.7775844),2.790504473440543,2474.3006567007906,android,6.160220807361597,-0.5222930863950843,-2.7413327229748368
261,37.7775514,-122.3925368,1576115623.0,2019-12-11T17:53:43-08:00,POINT (-122.3925368 37.7775514),1.9642582017506351,2480.408484644089,android,5.637927720966513,-3.263625809369921,2.2627162406038375
262,37.7775216,-122.3925887,1576115624.0,2019-12-11T17:53:44-08:00,POINT (-122.3925887 37.7775216),1.1531453649653745,2485.9909816066693,android,2.3743019115965915,-1.0009095687660834,0.6815894324372729
263,37.7775052,-122.392606,1576115625.0,2019-12-11T17:53:45-08:00,POINT (-122.392606 37.7775052),1.397592762300873,2488.351564440575,android,1.3733923428305082,-0.3193201363288105,1.1040180308307
264,37.7774932,-122.3926023,1576115626.0,2019-12-11T17:53:46-08:00,POINT (-122.3926023 37.7774932),2.5798845897139637,2489.0451357355587,android,1.0540722065016976,0.7846978945018894,-0.6191215723582182
265,37.7774744,-122.3925992,1576115628.0,2019-12-11T17:53:48-08:00,POINT (-122.3925992 37.7774744),4.26672907045448,2490.302131164955,android,2.6234679955054765,-0.45354525021454695,-0.15104774088345052
266,37.7774532,-122.3926123,1576115629.0,2019-12-11T17:53:49-08:00,POINT (-122.3926123 37.7774532),5.150936424946493,2492.7682682267864,android,2.1699227452909295,-0.6045929910979975,0.25482722197504826
267,37.7774392,-122.3926295,1576115630.0,2019-12-11T17:53:50-08:00,POINT (-122.3926295 37.7774392),5.210449273431237,2494.93705878036,android,1.565329754192932,-0.3497657691229492,0.6706348242040521
268,37.7774339,-122.392646,1576115631.0,2019-12-11T17:53:51-08:00,POINT (-122.392646 37.7774339),4.620281950564384,2496.389272192003,android,1.2155639850699829,0.32086905508110286,0.17252871107393908
269,37.7774324,-122.3926597,1576115632.0,2019-12-11T17:53:52-08:00,POINT (-122.3926597 37.7774324),3.8993432866115016,2497.3708875548045,android,1.5364330401510857,0.49339776615504194,-1.11954769669744
270,37.7774207,-122.392669,1576115633.0,2019-12-11T17:53:53-08:00,POINT (-122.392669 37.7774207),4.260333752710001,2498.862736344467,android,2.0298308063061277,-0.6261499305423981,1.4614160897488473
271,37.7774052,-122.3926812,1576115634.0,2019-12-11T17:53:54-08:00,POINT (-122.3926812 37.7774052),4.745960848198187,2500.8315022916504,android,1.4036808757637296,0.8352661592064492,-1.1270886596183012
272,37.7773936,-122.3926875,1576115635.0,2019-12-11T17:53:55-08:00,POINT (-122.3926875 37.7773936),5.283009247598267,2502.126055247238,android,2.2389470349701788,-0.291822500411852,1.4185963300391835
273,37.7773761,-122.3927001,1576115636.0,2019-12-11T17:53:56-08:00,POINT (-122.3927001 37.7773761),5.903322016252283,2504.274659418519,android,1.9471245345583268,1.1267738296273315,-0.791170529348528
274,37.7773609,-122.3927111,1576115637.0,2019-12-11T17:53:57-08:00,POINT (-122.3927111 37.7773609),6.438672540030097,2506.144414433018,android,3.0738983641856583,0.3356033002788035,-0.05394386114203353
275,37.7773364,-122.3927273,1576115638.0,2019-12-11T17:53:58-08:00,POINT (-122.3927273 37.7773364),7.395438538226195,2509.061468359246,android,3.409501664464462,0.28165943913676994,-2.2255803779051773
276,37.7773074,-122.3927399,1576115639.0,2019-12-11T17:53:59-08:00,POINT (-122.3927399 37.7773074),8.931277628575758,2512.0988059448055,android,3.6911611036012317,-1.9439209387684073,1.7507780751929383
277,37.7772753,-122.3927506,1576115640.0,2019-12-11T17:54:00-08:00,POINT (-122.3927506 37.7772753),10.83045643540992,2515.255655600629,android,1.7472401648328244,-0.19314286357546906,-0.693726990661704
278,37.7772602,-122.3927561,1576115641.0,2019-12-11T17:54:01-08:00,POINT (-122.3927561 37.7772602),11.695214033365827,2516.7701419799037,android,1.5540973012573553,-0.886869854237173,0.4431730128093167
279,37.7772464,-122.3927589,1576115642.0,2019-12-11T17:54:02-08:00,POINT (-122.3927589 37.7772464),12.622095148620188,2518.0135516073674,android,0.6672274470201823,-0.4436968414278563,0.48463481609461295
280,37.7772404,-122.3927588,1576115643.0,2019-12-11T17:54:03-08:00,POINT (-122.3927588 37.7772404),13.105895761573366,2518.470919310861,android,0.22353060559232601,0.04093797466675663,-0.022266664591924626
281,37.7772551,-122.3927797,1576115654.0,2019-12-11T17:54:14-08:00,POINT (-122.3927797 37.7772551),10.653605720682563,2518.65554556668,android,0.673848326926649,-0.20399533584441426,-0.02440698045484957
282,37.7772543,-122.3927873,1576115655.0,2019-12-11T17:54:15-08:00,POINT (-122.3927873 37.7772543),10.251110200603273,2519.197609867701,android,0.4698529910822347,-0.22840231629926383,0.03875409753525849
283,37.7772567,-122.3927917,1576115656.0,2019-12-11T17:54:16-08:00,POINT (-122.3927917 37.7772567),9.790147380609136,2519.290168463321,android,0.2414506747829709,-0.18964821876400534,0.21624804129738356
284,37.7772581,-122.3927938,1576115657.0,2019-12-11T17:54:17-08:00,POINT (-122.3927938 37.7772581),9.549877762901323,2519.314672583606,android,0.051802456018965555,0.026599822533378226,-0.020956982893733038
285,37.7772584,-122.3927985,1576115665.0,2019-12-11T17:54:25-08:00,POINT (-122.3927985 37.7772584),9.237696178295106,2519.588478343502,android,0.26460103628599135,-0.14105604061648608,0.20207641523922404
286,37.7772586,-122.3928015,1576115666.0,2019-12-11T17:54:26-08:00,POINT (-122.3928015 37.7772586),9.037753788920867,2519.762590257498,android,0.12354499566950526,0.06102037462273795,-0.15699685490125748
287,37.7772587,-122.3928029,1576115667.0,2019-12-11T17:54:27-08:00,POINT (-122.3928029 37.7772587),8.943916598750114,2519.843327273034,android,0.1845653702922432,-0.09597648027851952,0.07637349764617177
288,37.7772587,-122.392805,1576115668.0,2019-12-11T17:54:28-08:00,POINT (-122.392805 37.7772587),8.815102472091434,2519.976024965169,android,0.08858889001372369,-0.01960298263234775,-0.014886091515865438
289,37.7772586,-122.392806,1576115669.0,2019-12-11T17:54:29-08:00,POINT (-122.392806 37.7772586),8.761723516091479,2520.0469424569415,android,0.06898590738137594,-0.034489074148213186,0.011111733709449775
290,37.7772582,-122.3928066,1576115670.0,2019-12-11T17:54:30-08:00,POINT (-122.3928066 37.7772582),8.75676390236909,2520.115768542615,android,0.03449683323316276,-0.02337734043876341,0.23785015215039662
291,37.7772579,-122.3928067,1576115671.0,2019-12-11T17:54:31-08:00,POINT (-122.3928067 37.7772579),8.774513214119917,2520.1452718240103,android,0.011119492794399348,0.2144728117116332,-0.3833713271699781
292,37.7772578,-122.3928067,1576115672.0,2019-12-11T17:54:32-08:00,POINT (-122.3928067 37.7772578),8.782474321056391,2520.152999939545,android,0.22559230450603257,-0.16889851545834492,0.1600300741889711
293,37.7772559,-122.3928076,1576115673.0,2019-12-11T17:54:33-08:00,POINT (-122.3928076 37.7772559),8.87852927923617,2520.356704559032,android,0.05669378904768765,-0.008868441269373806,0.36787816627194936
294,37.7772555,-122.3928072,1576115674.0,2019-12-11T17:54:34-08:00,POINT (-122.3928072 37.7772555),8.934909729848888,2520.3623412683746,android,0.04782534777831384,0.35900972500257555,-0.35192933615013844
295,37.7772551,-122.3928074,1576115675.0,2019-12-11T17:54:35-08:00,POINT (-122.3928074 37.7772551),8.954486141480661,2520.4058916033705,android,0.4068350727808894,0.007080388852437114,-0.2003105314871686
296,37.7772528,-122.392811,1576115676.0,2019-12-11T17:54:36-08:00,POINT (-122.392811 37.7772528),8.916767331535267,2520.8111200102835,android,0.4139154616333265,-0.19323014263473148,0.0632917999534883
297,37.7772504,-122.3928146,1576115677.0,2019-12-11T17:54:37-08:00,POINT (-122.3928146 37.7772504),8.887009604036319,2521.22407653771,android,0.220685318998595,-0.12993834268124319,0.056769022079807774
298,37.7772492,-122.3928166,1576115678.0,2019-12-11T17:54:38-08:00,POINT (-122.3928166 37.7772492),8.859862715740332,2521.443192679866,android,0.09074697631735182,-0.07316932060143541,0.10500966984557356
299,37.7772488,-122.3928175,1576115679.0,2019-12-11T17:54:39-08:00,POINT (-122.3928175 37.7772488),8.836501066135522,2521.530975582085,android,0.0175776557159164,0.03184034924413815,-0.023412646736249654
300,37.7772488,-122.3928177,1576115680.0,2019-12-11T17:54:40-08:00,POINT (-122.3928177 37.7772488),8.824233050533163,2521.5436134570778,android,0.04941800496005455,0.008427702507888496,-0.003150694289727698
301,37.7772484,-122.3928233,1576115690.0,2019-12-11T17:54:50-08:00,POINT (-122.3928233 37.7772484),8.512573020046771,2521.928386423475,android,0.1336950300389395,-0.02307924038938848,-0.04220741109169317
302,37.7772482,-122.3928248,1576115691.0,2019-12-11T17:54:51-08:00,POINT (-122.3928248 37.7772482),8.436485104700106,2522.0386267147874,android,0.11061578964955103,-0.06528665148108165,0.02874634253842516
303,37.7772479,-122.392826,1576115692.0,2019-12-11T17:54:52-08:00,POINT (-122.392826 37.7772479),8.386760317402391,2522.1376383108113,android,0.045329138168469375,-0.03654030894265649,0.031801036201622605
304,37.7772478,-122.3928265,1576115693.0,2019-12-11T17:54:53-08:00,POINT (-122.3928265 37.7772478),8.36405137997216,2522.1769611126383,android,0.008788829225812889,-0.00473927274103388,0.007927405421899106
305,37.7772478,-122.3928266,1576115694.0,2019-12-11T17:54:54-08:00,POINT (-122.3928266 37.7772478),8.357917370288051,2522.1832800513853,android,0.004049556484779009,0.0031881326808652264,-0.0017109943830696962
306,37.7772476,-122.3928264,1576115701.0,2019-12-11T17:55:01-08:00,POINT (-122.3928264 37.7772476),8.386107595834247,2522.186098410129,android,0.026366485250835594,-0.008788828000622646,0.0053846183808811034
307,37.7772476,-122.3928267,1576115702.0,2019-12-11T17:55:02-08:00,POINT (-122.3928267 37.7772476),8.367705570525766,2522.205055221235,android,0.017577657250212948,-0.003404209619741543,0.006808419263260496
308,37.7772476,-122.3928269,1576115703.0,2019-12-11T17:55:03-08:00,POINT (-122.3928269 37.7772476),8.355437553764107,2522.2176930954142,android,0.014173447630471405,0.0034042096435189535,-0.01219303890499796
309,37.7772475,-122.392827,1576115704.0,2019-12-11T17:55:04-08:00,POINT (-122.392827 37.7772475),8.357264649443547,2522.231740148639,android,0.017577657273990358,-0.008788829261479007,0.008788830510446662
310,37.7772475,-122.3928272,1576115705.0,2019-12-11T17:55:05-08:00,POINT (-122.3928272 37.7772475),8.344996632349876,2522.2443780224917,android,0.008788828012511352,1.2489676549931605e-09,0.0023306622839526867
311,37.7772475,-122.3928273,1576115706.0,2019-12-11T17:55:06-08:00,POINT (-122.3928273 37.7772475),8.338862623721413,2522.250696959501,android,0.008788829261479007,0.0023306635329203417,-0.004661328302919635
312,37.7772475,-122.3928274,1576115707.0,2019-12-11T17:55:07-08:00,POINT (-122.3928274 37.7772475),8.332728615506593,2522.257015896754,android,0.011119492794399348,-0.002330664769999293,0.5856266846498387
313,37.7772474,-122.3928274,1576115708.0,2019-12-11T17:55:08-08:00,POINT (-122.3928274 37.7772474),8.340689720728903,2522.2647440140317,android,0.008788828024400055,0.5832960198798394,-0.1949022763075215
314,37.7772474,-122.3928275,1576115709.0,2019-12-11T17:55:09-08:00,POINT (-122.3928275 37.7772474),8.334555712182071,2522.2710629509584,android,0.5920848479042394,0.3883937435723179,-0.04423608177098112
315,37.7772416,-122.3928388,1576115711.0,2019-12-11T17:55:11-08:00,POINT (-122.3928388 37.7772416),8.103156693594679,2523.4333336233562,android,1.3688723350488752,0.29992158003035563,-0.47115643756932934
316,37.7772356,-122.3928524,1576115712.0,2019-12-11T17:55:12-08:00,POINT (-122.3928524 37.7772356),7.746597429065085,2524.7563960987463,android,1.6687939150792308,-0.17123485753897372,0.05615405449514954
317,37.7772241,-122.3928646,1576115713.0,2019-12-11T17:55:13-08:00,POINT (-122.3928646 37.7772241),7.913774646577248,2526.4160400671667,android,1.497559057540257,-0.11508080304382418,-0.9918475355795131
318,37.7772162,-122.3928784,1576115714.0,2019-12-11T17:55:14-08:00,POINT (-122.3928784 37.7772162),7.696207688620155,2527.89857480831,android,1.382478254496433,-1.1069283386233373,1.4105335921273043
319,37.777213,-122.3928936,1576115715.0,2019-12-11T17:55:15-08:00,POINT (-122.3928936 37.777213),7.018592548804302,2529.10635297423,android,0.2755499158730955,0.30360525350396705,0.14024482292164342
320,37.7772122,-122.3929061,1576115719.0,2019-12-11T17:55:19-08:00,POINT (-122.3929061 37.7772122),6.315529288910999,2529.958044867635,android,1.4899709298889638,0.8645845451905407,-1.2355341835134173
321,37.7772042,-122.3929197,1576115720.0,2019-12-11T17:55:20-08:00,POINT (-122.3929197 37.7772042),6.102509433027799,2531.527885761015,android,2.3545554750795046,-0.37094963832287653,-1.0594218862656508
322,37.777196,-122.3929444,1576115721.0,2019-12-11T17:55:21-08:00,POINT (-122.3929444 37.777196),5.207197927973624,2533.709106126767,android,1.983605836756628,-1.4303715245885273,1.7803763847533838
323,37.7771946,-122.3929669,1576115722.0,2019-12-11T17:55:22-08:00,POINT (-122.3929669 37.7771946),3.9155545030522356,2535.219739820829,android,0.5532343121681007,0.3500048601648564,-0.09592894653796824
324,37.777202,-122.3929833,1576115725.0,2019-12-11T17:55:25-08:00,POINT (-122.3929833 37.777202),2.3136270771326073,2535.660038673904,android,1.6032488926626698,0.06221802055095166,-0.129928587855062
325,37.7771597,-122.3929337,1576115729.0,2019-12-11T17:55:29-08:00,POINT (-122.3929337 37.7771597),8.720880620716393,2535.8915628510554,android,1.8521209748664764,-0.4574963308692963,0.6077784834003312
326,37.7771435,-122.3929386,1576115730.0,2019-12-11T17:55:30-08:00,POINT (-122.3929386 37.7771435),9.68633252070536,2537.4678962068683,android,1.3946246439971801,0.15028215253103494,-0.8352468057872716
327,37.777131,-122.3929373,1576115731.0,2019-12-11T17:55:31-08:00,POINT (-122.3929373 37.777131),10.747750931396387,2538.367885961233,android,1.544906796528215,-0.6849646532562367,-0.13339043875253287
328,37.7771201,-122.3929264,1576115732.0,2019-12-11T17:55:32-08:00,POINT (-122.3929264 37.7771201),12.281626204838693,2538.544654777685,android,0.8599421432719784,-0.8183550920087695,0.8557363745596702
329,37.7771135,-122.3929213,1576115733.0,2019-12-11T17:55:33-08:00,POINT (-122.3929213 37.7771135),13.116964487562035,2538.7450737941426,android,0.04158705126320886,0.03738128255090073,-0.004639510477187655
330,37.7771339,-122.3929665,1576115843.0,2019-12-11T17:57:23-08:00,POINT (-122.3929665 37.7771339),8.701511170620487,2539.958201865947,android,4.153528131862289,-0.4729648699397413,1.0352085542175784
331,37.7771023,-122.3929917,1576115844.0,2019-12-11T17:57:24-08:00,POINT (-122.3929917 37.7771023),9.610446550510536,2544.0068407788003,android,3.6805632619225475,0.5622436842778371,-1.99149171447104
332,37.7770772,-122.393019,1576115845.0,2019-12-11T17:57:25-08:00,POINT (-122.393019 37.7770772),9.878746313965326,2547.676138757033,android,4.242806946200385,-1.429248030193203,2.261619753067393
333,37.777045,-122.3930449,1576115846.0,2019-12-11T17:57:26-08:00,POINT (-122.3930449 37.777045),10.79113858699012,2551.815443269762,android,2.8135589160071817,0.83237172287419,-0.38536183374412847
334,37.7770255,-122.3930653,1576115847.0,2019-12-11T17:57:27-08:00,POINT (-122.3930653 37.7770255),11.049976487751938,2554.6157184489175,android,3.6459306388813717,0.44700988913006157,-0.38860641317454725
335,37.7770016,-122.3930937,1576115848.0,2019-12-11T17:57:28-08:00,POINT (-122.3930937 37.7770016),11.155633154342329,2558.2593317378737,android,4.092940528011433,0.05840347595551432,-1.013341776768494
336,37.7769775,-122.3931289,1576115849.0,2019-12-11T17:57:29-08:00,POINT (-122.3931289 37.7769775),10.853422869533675,2562.341984764645,android,4.151344003966948,-0.9549383008129797,0.32193958921977783
337,37.7769548,-122.3931664,1576115850.0,2019-12-11T17:57:30-08:00,POINT (-122.3931664 37.7769548),10.298140237017998,2566.4579646855873,android,3.196405703153968,-0.6329987115932019,-0.3572811384715784
338,37.7769347,-122.3931924,1576115851.0,2019-12-11T17:57:31-08:00,POINT (-122.3931924 37.7769347),10.255225891054021,2569.653962609539,android,2.563406991560766,-0.9902798500647803,1.8222663063830722
339,37.7769177,-122.3932121,1576115852.0,2019-12-11T17:57:32-08:00,POINT (-122.3932121 37.7769177),10.361569957850145,2572.214475236863,android,1.5731271414959858,0.8319864563182919,-1.0752996118614153
340,37.77690986896571,-122.39322700689623,1576115853.0,2019-12-11T17:57:33-08:00,POINT (-122.39322700689623 37.77690986896571),10.04648687824583,2573.7654461726074,android,2.4051135978142777,-0.24331315554312338,-0.516944390508296
341,37.7768951,-122.393247,1576115854.0,2019-12-11T17:57:34-08:00,POINT (-122.393247 37.7768951),9.95757458151216,2576.169055035724,android,2.1618004422711543,-0.7602575460514194,1.348469186321694
342,37.7768816,-122.3932647,1576115855.0,2019-12-11T17:57:35-08:00,POINT (-122.3932647 37.7768816),9.912163213568956,2578.330358730285,android,1.401542896219735,0.5882116402702746,-0.7120606228286186
343,37.7768743,-122.3932777,1576115856.0,2019-12-11T17:57:36-08:00,POINT (-122.3932777 37.7768743),9.673852849574715,2579.712356065609,android,1.9897545364900096,-0.12384898255834398,0.29450543144615904
344,37.7768618,-122.3932939,1576115857.0,2019-12-11T17:57:37-08:00,POINT (-122.3932939 37.7768618),9.643579552098316,2581.7018137079663,android,1.8659055539316656,0.17065644888781506,-0.5439600528441408
345,37.7768474,-122.3933048,1576115858.0,2019-12-11T17:57:38-08:00,POINT (-122.3933048 37.7768474),10.092606537676192,2583.510812946972,android,2.0365620028194806,-0.3733036039563258,-0.19642557751492284
346,37.7768303,-122.3933131,1576115859.0,2019-12-11T17:57:39-08:00,POINT (-122.3933131 37.7768303),10.915313772405169,2585.3701376165573,android,1.6632583988631549,-0.5697291814712486,0.16609009338497083
347,37.7768156,-122.3933166,1576115860.0,2019-12-11T17:57:40-08:00,POINT (-122.3933166 37.7768156),11.849161983499725,2586.7423857225444,android,1.0935292173919062,-0.4036390880862778,0.28412855302962303
348,37.776806,-122.3933139,1576115861.0,2019-12-11T17:57:41-08:00,POINT (-122.3933139 37.776806),12.769828054599115,2587.3284138136783,android,0.6898901293056284,-0.11951053505665477,0.9204695968146371
349,37.7768003,-122.3933108,1576115862.0,2019-12-11T17:57:42-08:00,POINT (-122.3933108 37.7768003),13.409787732043698,2587.5832555624834,android,0.5703795942489737,0.8009590617579824,-1.5456491222942097
350,37.7767962,-122.3933069,1576115863.0,2019-12-11T17:57:43-08:00,POINT (-122.3933069 37.7767962),13.97422723307056,2587.662670274046,android,1.371338656006956,-0.7446900605362273,0.6228839952672777
351,37.7767842,-122.3933033,1576115864.0,2019-12-11T17:57:44-08:00,POINT (-122.3933033 37.7767842),15.139086304007732,2588.3812091851355,android,0.6266485954707287,-0.12180606526894966,0.5898477517132454
352,37.7767786,-122.3933025,1576115865.0,2019-12-11T17:57:45-08:00,POINT (-122.3933025 37.7767786),15.627828604386767,2588.771267325402,android,0.504842530201779,0.4680416864442958,-0.48506860970795557
353,37.776775,-122.393306,1576115866.0,2019-12-11T17:57:46-08:00,POINT (-122.393306 37.776775),15.691772150850285,2589.2717258446773,android,0.9728842166460748,-0.017026923263659805,-0.0332170041907057
354,37.7767905,-122.3933328,1576115869.0,2019-12-11T17:57:49-08:00,POINT (-122.3933328 37.7767905),12.806346088812147,2589.721443450319,android,0.9218034468550954,-0.1166779358357769,-0.15300372071381807
355,37.776788,-122.3933428,1576115870.0,2019-12-11T17:57:50-08:00,POINT (-122.3933428 37.776788),12.378876950478322,2590.539837754989,android,0.8051255110193185,-0.269681656549595,0.5350516754542713
356,37.7767907,-122.3933513,1576115871.0,2019-12-11T17:57:51-08:00,POINT (-122.3933513 37.7767907),11.637394054948023,2590.856519112731,android,0.5354438544697235,0.2653700189046764,-0.10400708547688375
357,37.776789,-122.393357,1576115872.0,2019-12-11T17:57:52-08:00,POINT (-122.393357 37.776789),11.415288250792964,2591.3446022214343,android,0.8008138733743999,0.16136293342779262,-0.2642005140819913
358,37.776789255669215,-122.39336610592495,1576115873.0,2019-12-11T17:57:53-08:00,POINT (-122.39336610592495 37.776789255669215),10.827593896099964,2591.8909516188146,android,0.9621768068021925,-0.10283758065419868,0.005608126543772518
359,37.7767907,-122.3933769,1576115874.0,2019-12-11T17:57:54-08:00,POINT (-122.3933769 37.7767907),10.04150617793614,2592.4489544003613,android,0.8593392261479939,-0.09722945411042616,-0.4314110607083076
360,37.7767939,-122.3933858,1576115875.0,2019-12-11T17:57:55-08:00,POINT (-122.3933858 37.7767939),9.235902574881708,2592.751247423848,android,0.7621097720375677,-0.5286405148187338,0.650089355327629
361,37.7767972,-122.3933934,1576115876.0,2019-12-11T17:57:56-08:00,POINT (-122.3933934 37.7767972),8.50350319701917,2592.9648205588855,android,0.23346925721883394,0.12144884050889532,-0.2531973258533676
362,37.7767981,-122.3933958,1576115877.0,2019-12-11T17:57:57-08:00,POINT (-122.3933958 37.7767981),8.283355932263923,2593.0434255921,android,0.35491809772772925,-0.13174848534447234,0.12906373177422992
363,37.7767958,-122.393393,1576115878.0,2019-12-11T17:57:58-08:00,POINT (-122.393393 37.7767958),8.638156550911338,2593.049894317436,android,0.22316961238325692,-0.0026847535702424117,0.07476412012694593
364,37.7767914,-122.3933878,1576115881.0,2019-12-11T17:58:01-08:00,POINT (-122.3933878 37.7767914),9.307148108607807,2593.072005580925,android,0.21511535167252968,0.22160760681059538,-0.08390889841827222
365,37.7767123,-122.3934338,1576115926.0,2019-12-11T17:58:46-08:00,POINT (-122.3934338 37.7767123),12.638577342377454,2602.1459024986343,android,10.187457658149322,-3.5542928220116545,4.51966842919651
366,37.7766303,-122.3934855,1576115927.0,2019-12-11T17:58:47-08:00,POINT (-122.3934855 37.7766303),15.841935167725401,2611.802135259622,android,6.633164836137667,0.9653756071848552,-3.360311078645598
367,37.7765864,-122.3935366,1576115928.0,2019-12-11T17:58:48-08:00,POINT (-122.3935366 37.7765864),16.096806396280506,2618.4286842125834,android,7.5985404433225225,-2.3949354714607427,2.5061348424109067
368,37.7765443,-122.3936047,1576115929.0,2019-12-11T17:58:49-08:00,POINT (-122.3936047 37.7765443),15.15083142629331,2625.9713407822205,android,5.20360497186178,0.11119937095016397,-0.4301593216518711
369,37.7765208,-122.3936559,1576115930.0,2019-12-11T17:58:50-08:00,POINT (-122.3936559 37.7765208),13.9604327902573,2630.2560213359848,android,5.314804342811944,-0.31895995070170713,-0.3399175922178683
370,37.7764975,-122.3937087,1576115931.0,2019-12-11T17:58:51-08:00,POINT (-122.3937087 37.7764975),12.771638338013188,2635.441715952718,android,4.995844392110237,-0.6588775429195755,1.317750884828973
371,37.7764775,-122.3937596,1576115932.0,2019-12-11T17:58:52-08:00,POINT (-122.3937596 37.7764775),11.422605455044105,2640.2581117204923,android,4.336966849190661,0.6588733419093975,-1.7448975827722077
372,37.77646,-122.3938037,1576115933.0,2019-12-11T17:58:53-08:00,POINT (-122.3938037 37.77646),10.091553304307562,2646.1490639304775,android,4.995840191100059,-1.0860242408628102,2.2114593366128936
373,37.7764415,-122.3938555,1576115934.0,2019-12-11T17:58:54-08:00,POINT (-122.3938555 37.7764415),7.794571337526284,2650.592867271296,android,3.9098159502372485,1.1254350957500834,-2.43622662595659
374,37.7764243,-122.3938943,1576115935.0,2019-12-11T17:58:55-08:00,POINT (-122.3938943 37.7764243),6.411327164801573,2653.6383276833003,android,5.035251045987332,-1.3107915302065067,2.7652309264424497
375,37.7763991,-122.3939419,1576115936.0,2019-12-11T17:58:56-08:00,POINT (-122.3939419 37.7763991),5.304300126167971,2658.554069460944,android,3.724459515780825,1.454439396235943,-2.6395240126045905
376,37.7763835,-122.3939794,1576115937.0,2019-12-11T17:58:57-08:00,POINT (-122.3939794 37.7763835),4.189511556291587,2661.866607892194,android,5.178898912016768,-1.1850846163686475,1.9639962131482411
377,37.776351893333334,-122.39402268,1576115938.0,2019-12-11T17:58:58-08:00,POINT (-122.39402268 37.776351893333334),5.17265133919706,2663.9187808174556,android,3.9938142956481206,0.7789115967795937,-1.7108292887381684
378,37.7763413,-122.3940661,1576115939.0,2019-12-11T17:58:59-08:00,POINT (-122.3940661 37.7763413),7.1122994910997095,2663.9187808174556,android,4.772725892427714,-0.9319176919585748,1.0452942778348309
379,37.7763167,-122.3941106,1576115940.0,2019-12-11T17:59:00-08:00,POINT (-122.3941106 37.7763167),11.55346284215077,2663.9187808174556,android,3.8408082004691395,0.1133765858762561,0.00212434870997269
380,37.776295,-122.3941446,1576115941.0,2019-12-11T17:59:01-08:00,POINT (-122.3941446 37.776295),15.324485437644565,2663.9187808174556,android,3.9541847863453956,0.11550093458622879,-4.185186655517853
381,37.7762741,-122.394181,1576115942.0,2019-12-11T17:59:02-08:00,POINT (-122.394181 37.7762741),19.20631236936298,2663.9187808174556,android,4.069685720931624,-4.069685720931624,4.069685720931624
382,37.776249,-122.3942147,1576115943.0,2019-12-11T17:59:03-08:00,POINT (-122.3942147 37.776249),23.27259464596067,2663.9187808174556,android,0.0,0.0,0.0
