,latitude,longitude,ts,fmt_time,geometry,gt_distance,gt_projection,source,speed,acceleration,jerk
0,37.7913199,-122.3908436,1564017267.0,2019-07-24T18:14:27-07:00,POINT (-122.3908436 37.7913199),22.391137632304527,715.2787161930244,android,1.0230750071009893,-0.009020560056789454,-0.11324642823038884
1,37.7913236,-122.3907739,1564017273.0,2019-07-24T18:14:33-07:00,POINT (-122.3907739 37.7913236),16.73659651208444,716.0968625857455,android,0.9689516467602526,-0.6884991294391225,0.887170310636663
2,37.791317,-122.3907667,1564017274.0,2019-07-24T18:14:34-07:00,POINT (-122.3907667 37.791317),16.577741073304377,716.6866004956469,android,0.2804525173211301,0.1986711811975405,-0.05659542946378342
3,37.7913241,-122.3907428,1564017282.0,2019-07-24T18:14:42-07:00,POINT (-122.3907428 37.7913241),14.373258705727702,717.1215325544933,android,1.869821966901454,-0.2540922545127269,0.26240288597231576
4,37.7913113,-122.390729,1564017283.0,2019-07-24T18:14:43-07:00,POINT (-122.390729 37.7913113),14.085213444115617,718.9682480963335,android,1.615729712388727,0.00831063145958888,0.6506733899574044
5,37.7912971,-122.3907251,1564017284.0,2019-07-24T18:14:44-07:00,POINT (-122.3907251 37.7912971),14.620518657414465,720.4893089691429,android,1.624040343848316,0.6589840214169933,0.572454419272046
6,37.7912825,-122.3907246,1564017285.0,2019-07-24T18:14:45-07:00,POINT (-122.3907246 37.7912825),15.433881632847596,721.8908992945134,android,2.2830243652653093,1.2314384406890393,0.29233498094145416
7,37.7912624,-122.3907299,1564017286.0,2019-07-24T18:14:46-07:00,POINT (-122.3907299 37.7912624),17.002330696959227,723.5435476099998,android,3.5144628059543486,1.5237734216304935,7.230802713145523
8,37.7912308,-122.3907291,1564017287.0,2019-07-24T18:14:47-07:00,POINT (-122.3907291 37.7912308),18.783903704292886,726.5640762925959,android,5.038236227584842,8.754576134776016,-20.57254595306545
9,37.7911894,-122.3907058,1564017288.0,2019-07-24T18:14:48-07:00,POINT (-122.3907058 37.7911894),19.530762969804687,731.1042991822254,android,13.792812362360857,-11.817969818289432,12.14834460153261
10,37.791071,-122.390659,1564017289.0,2019-07-24T18:14:49-07:00,POINT (-122.390659 37.791071),23.09270953728175,745.5808237457401,android,1.9748425440714243,0.3303747832431776,-1.183033986935394
11,37.7910538,-122.3906534,1564017290.0,2019-07-24T18:14:50-07:00,POINT (-122.3906534 37.7910538),23.61959650222483,747.4801418787575,android,2.305217327314602,-0.8526592036922165,1.0841169377291113
12,37.7910402,-122.3906336,1564017291.0,2019-07-24T18:14:51-07:00,POINT (-122.3906336 37.7910402),22.863939638664775,749.6585002915117,android,1.4525581236223855,0.23145773403689485,1.8910552953053978
13,37.7910278,-122.3906284,1564017292.0,2019-07-24T18:14:52-07:00,POINT (-122.3906284 37.7910278),23.155114283508745,751.0789542216547,android,1.6840158576592803,2.1225130293422927,-2.2245399110908055
14,37.7910166,-122.3906413,1564017293.0,2019-07-24T18:14:53-07:00,POINT (-122.3906413 37.7910166),24.76002874683,751.5874579745044,android,3.806528887001573,-0.1020268817485127,0.008990765097024421
15,37.7907172,-122.3903523,1564017304.0,2019-07-24T18:15:04-07:00,POINT (-122.3903523 37.7907172),24.71962611262881,788.5681275468334,android,2.6842331877679335,-0.0031284656812440564,0.35580784802718696
16,37.7904334,-122.3899772,1564017321.0,2019-07-24T18:15:21-07:00,POINT (-122.3899772 37.7904334),23.24199378699765,832.4251367069211,android,2.6310492711867846,6.045604950780934,-10.642869775250762
17,37.7904364,-122.3899475,1564017322.0,2019-07-24T18:15:22-07:00,POINT (-122.3899475 37.7904364),21.17382754617458,834.0597947431903,android,8.676654221967718,-4.597264824469828,6.745136816749431
18,37.7903982,-122.3898614,1564017323.0,2019-07-24T18:15:23-07:00,POINT (-122.3898614 37.7903982),18.832223284886876,842.6797542130207,android,4.07938939749789,2.147871992279603,-4.6445775053362155
19,37.7903856,-122.3898178,1564017324.0,2019-07-24T18:15:24-07:00,POINT (-122.3898178 37.7903856),17.096524823681776,846.3783259767104,android,6.227261389777492,-2.496705513056613,1.6349656347121724
20,37.7903624,-122.3897533,1564017325.0,2019-07-24T18:15:25-07:00,POINT (-122.3897533 37.7903624),14.885627259882849,852.2085319941826,android,3.7305558767208793,-0.8617398783444408,-0.9157140347947759
21,37.7903476,-122.3897152,1564017326.0,2019-07-24T18:15:26-07:00,POINT (-122.3897152 37.7903476),13.665399736049064,855.7386175006679,android,2.8688159983764385,-1.7774539131392166,1.5024182085417292
22,37.7903346,-122.389687,1564017327.0,2019-07-24T18:15:27-07:00,POINT (-122.389687 37.7903346),12.922310733386748,858.5123486187439,android,1.091362085237222,-0.2750357045974874,2.1199333956227826
23,37.7903258,-122.3896815,1564017328.0,2019-07-24T18:15:28-07:00,POINT (-122.3896815 37.7903258),13.267579406676864,859.546091954646,android,0.8163263806397345,1.8448976910252952,1.130179459935857
24,37.7903188,-122.3896787,1564017329.0,2019-07-24T18:15:29-07:00,POINT (-122.3896787 37.7903188),13.640541432076034,860.2705840158472,android,2.6612240716650297,2.975077150961152,15.235433289783135
25,37.790304,-122.3896549,1564017330.0,2019-07-24T18:15:30-07:00,POINT (-122.3896549 37.790304),13.312962128035007,862.9126735383237,android,5.636301222626182,18.210510440744287,-34.94976514144774
26,37.7902774,-122.3896003,1564017331.0,2019-07-24T18:15:31-07:00,POINT (-122.3896003 37.7902774),11.986088990704951,868.395557164965,android,23.84681166337047,-16.739254700703455,23.93087570909927
27,37.790116,-122.3894216,1564017332.0,2019-07-24T18:15:32-07:00,POINT (-122.3894216 37.790116),13.46048078590364,892.1881225063843,android,7.107556962667014,7.191621008395814,-12.873550147090164
28,37.7900682,-122.3893679,1564017333.0,2019-07-24T18:15:33-07:00,POINT (-122.3893679 37.7900682),13.848652071531712,899.2827169407545,android,14.299177971062829,-5.681929138694349,0.7880315016967732
29,37.7899738,-122.3892574,1564017334.0,2019-07-24T18:15:34-07:00,POINT (-122.3892574 37.7899738),14.33756321413035,913.5700235692742,android,8.61724883236848,-4.8938976369975755,5.599740682337779
30,37.7898987,-122.3892332,1564017335.0,2019-07-24T18:15:35-07:00,POINT (-122.3892332 37.7898987),18.70342243558711,920.9801659561717,android,3.7233511953709044,0.7058430453402031,-1.7823351804970426
31,37.7898944,-122.3890638,1564017339.0,2019-07-24T18:15:39-07:00,POINT (-122.3890638 37.7898944),8.465281430724437,931.8377498641023,android,6.546723376731717,-6.423497676647967,6.66830047045955
32,37.7898662,-122.3889984,1564017340.0,2019-07-24T18:15:40-07:00,POINT (-122.3889984 37.7898662),6.5893736595597305,938.1171547600616,android,0.12322570008374951,0.2448027938115826,0.09234780444472736
33,37.7898257,-122.389013,1564017378.0,2019-07-24T18:16:18-07:00,POINT (-122.389013 37.7898257),10.669849887261858,940.396274213124,android,9.425731864923888,3.7540193627112224,-10.025566060120399
34,37.7897464,-122.3889751,1564017379.0,2019-07-24T18:16:19-07:00,POINT (-122.3889751 37.7897464),14.50880665436938,949.0078279165805,android,13.17975122763511,-6.2715466974091765,7.382234687054503
35,37.7896631,-122.3888684,1564017380.0,2019-07-24T18:16:20-07:00,POINT (-122.3888684 37.7896631),14.347853353655578,962.1858519674527,android,6.908204530225934,1.1106879896453261,-6.494482691518183
36,37.7896268,-122.3888046,1564017381.0,2019-07-24T18:16:21-07:00,POINT (-122.3888046 37.7896268),13.23679500350358,968.5751133602008,android,8.01889251987126,-5.383794701872857,4.6856874059617555
37,37.7895547,-122.3888065,1564017382.0,2019-07-24T18:16:22-07:00,POINT (-122.3888065 37.7895547),18.075741212228586,977.53700696059,android,2.6350978179984033,-0.698107295911101,1.4204432843215145
38,37.7895394,-122.3887836,1564017383.0,2019-07-24T18:16:23-07:00,POINT (-122.3887836 37.7895394),17.595283217781418,978.4663221184044,android,1.9369905220873023,0.7223359884104134,-0.36602006344935784
39,37.7895046,-122.3887857,1564017385.0,2019-07-24T18:16:25-07:00,POINT (-122.3887857 37.7895046),20.273783818444237,981.2534645384501,android,3.381662498908129,-0.009704138488302316,1.2147506170977826
40,37.7894743,-122.3887824,1564017386.0,2019-07-24T18:16:26-07:00,POINT (-122.3887824 37.7894743),22.265745458231557,983.9771635598993,android,3.3719583604198267,1.2050464786094803,10.150626778387979
41,37.7894444,-122.388776,1564017387.0,2019-07-24T18:16:27-07:00,POINT (-122.388776 37.7894444),24.022890775459086,986.846934603829,android,4.577004839029307,11.35567325699746,-16.978043779951655
42,37.7894326,-122.3887261,1564017388.0,2019-07-24T18:16:28-07:00,POINT (-122.3887261 37.7894326),21.573905444895615,990.7226951638464,android,15.932678096026766,-5.622370522954194,5.55487138762368
43,37.7893215,-122.3886116,1564017389.0,2019-07-24T18:16:29-07:00,POINT (-122.3886116 37.7893215),20.397601277467697,1009.8376379301063,android,10.310307573072572,-0.06749913533051395,-0.18761354903409314
44,37.7890636,-122.3884797,1564017392.0,2019-07-24T18:16:32-07:00,POINT (-122.3884797 37.7890636),23.336146469704193,1043.2266068920835,android,10.10781016708103,-0.6303397824327934,-1.8567831175153406
45,37.7889752,-122.3884529,1564017393.0,2019-07-24T18:16:33-07:00,POINT (-122.3884529 37.7889752),24.40690998812066,1056.5156026693674,android,9.477470384648237,-2.487122899948134,2.2588949260176125
46,37.7888926,-122.3884263,1564017394.0,2019-07-24T18:16:34-07:00,POINT (-122.3884263 37.7888926),24.75605621361505,1066.6161986362551,android,6.990347484700103,-0.22822797393052152,-0.3760514045473396
47,37.7886498,-122.3883435,1564017398.0,2019-07-24T18:16:38-07:00,POINT (-122.3883435 37.7886498),24.39467948920673,1096.3836434014665,android,6.077435588978017,-1.73243359211988,0.7558702285010713
48,37.7885202,-122.3882164,1564017401.0,2019-07-24T18:16:41-07:00,POINT (-122.3882164 37.7885202),16.3792855302988,1112.7472499904081,android,0.8801348126183774,0.5351770933833341,-0.2703432217679574
49,37.7885238,-122.3881867,1564017404.0,2019-07-24T18:16:44-07:00,POINT (-122.3881867 37.7885238),13.73771543279104,1112.8908826178,android,2.48566609276838,-0.275852571920538,0.9767679121876283
50,37.7885063,-122.3881691,1564017405.0,2019-07-24T18:16:45-07:00,POINT (-122.3881691 37.7885063),12.61767023686612,1115.108350418074,android,2.2098135208478418,0.7009153402670902,-0.8469705906116127
51,37.7884881,-122.388159,1564017406.0,2019-07-24T18:16:46-07:00,POINT (-122.388159 37.7884881),12.159945072837237,1117.2668383760385,android,2.910728861114932,-0.1460552503445225,-0.7076603906299499
52,37.7884623,-122.3881646,1564017407.0,2019-07-24T18:16:47-07:00,POINT (-122.3881646 37.7884623),13.227826508115289,1119.9681407511964,android,2.7646736107704095,-0.8537156409744724,1.5662567475070612
53,37.7884376,-122.3881682,1564017408.0,2019-07-24T18:16:48-07:00,POINT (-122.3881682 37.7884376),14.09837275734115,1122.5859749597357,android,1.9109579697959371,0.7125411065325888,-0.30180614775054915
54,37.7884212,-122.3881617,1564017409.0,2019-07-24T18:16:49-07:00,POINT (-122.3881617 37.7884212),13.910111628839921,1124.4841643431885,android,2.623499076328526,0.4107349587820397,-1.4519872333092005
55,37.7884022,-122.3881794,1564017410.0,2019-07-24T18:16:50-07:00,POINT (-122.3881794 37.7884022),15.866683301504272,1126.2291168635543,android,3.0342340351105657,-1.0412522745271608,0.7286373590262516
56,37.7883813,-122.3882016,1564017411.0,2019-07-24T18:16:51-07:00,POINT (-122.3882016 37.7883813),18.239893816545298,1128.4485148568356,android,1.9929817605834048,-0.31261491550090925,0.6051355694885312
57,37.7883638,-122.3882065,1564017412.0,2019-07-24T18:16:52-07:00,POINT (-122.3882065 37.7883638),19.02435715582083,1130.2763053083136,android,1.6803668450824956,0.29252065398762195,0.7222163866176612
58,37.7883494,-122.3882123,1564017413.0,2019-07-24T18:16:53-07:00,POINT (-122.3882123 37.7883494),19.822827970624054,1131.7514111218475,android,1.9728874990701175,1.0147370406052831,-0.5672932268653035
59,37.7883319,-122.388216,1564017414.0,2019-07-24T18:16:54-07:00,POINT (-122.388216 37.7883319),20.50346629881192,1133.5988199259154,android,2.9876245396754006,0.44744381373997966,2.523073607286734
60,37.7883052,-122.3882198,1564017415.0,2019-07-24T18:16:55-07:00,POINT (-122.3882198 37.7883052),21.38228223121292,1136.4476036231865,android,3.4350683534153803,2.9705174210267136,-2.955141096202901
61,37.7882794,-122.3882413,1564017416.0,2019-07-24T18:16:56-07:00,POINT (-122.3882413 37.7882794),23.773983682297015,1138.9088934736599,android,6.405585774442094,0.01537632482381257,0.28534439676368956
62,37.7874774,-122.3881337,1564017430.0,2019-07-24T18:17:10-07:00,POINT (-122.3881337 37.7874774),22.64438855086069,1234.21552163054,android,6.62085432197547,4.0101978795154665,-7.38676243665387
63,37.7874308,-122.3880868,1564017431.0,2019-07-24T18:17:11-07:00,POINT (-122.3880868 37.7874308),18.247300530523596,1239.160488349178,android,10.631052201490936,-3.376564557138403,4.969948821952874
64,37.7873352,-122.3880883,1564017432.0,2019-07-24T18:17:12-07:00,POINT (-122.3880883 37.7873352),18.006160944494674,1249.4306617929547,android,7.254487644352533,1.5933842648144712,-5.0395479617328505
65,37.7872716,-122.3881067,1564017433.0,2019-07-24T18:17:13-07:00,POINT (-122.3881067 37.7872716),19.38205483664487,1256.5388819051,android,8.847871909167004,-3.4461636969183793,14.00650717726689
66,37.7871923,-122.388115,1564017434.0,2019-07-24T18:17:14-07:00,POINT (-122.388115 37.7871923),19.770148724319778,1266.2421809914479,android,5.401708212248625,10.56034348034851,-21.147588679316815
67,37.7871659,-122.3880634,1564017435.0,2019-07-24T18:17:15-07:00,POINT (-122.3880634 37.7871659),15.009096548191858,1268.8026875176995,android,15.962051692597136,-10.587245198968304,14.931483898252633
68,37.7870371,-122.3881436,1564017436.0,2019-07-24T18:17:16-07:00,POINT (-122.3881436 37.7870371),20.918323122587463,1283.6071974514941,android,5.374806493628831,4.34423869928433,-4.266033693896196
69,37.7869898,-122.3881562,1564017437.0,2019-07-24T18:17:17-07:00,POINT (-122.3881562 37.7869898),21.634499348772273,1288.5755636422748,android,9.71904519291316,0.07820500538813366,-0.0193049210705715
70,37.7861164,-122.388199,1564017447.0,2019-07-24T18:17:27-07:00,POINT (-122.388199 37.7861164),19.29858309761029,1385.526170847032,android,10.501095246794497,-0.11484420531758133,-1.54543953998874
71,37.7860231,-122.3881805,1564017448.0,2019-07-24T18:17:28-07:00,POINT (-122.3881805 37.7860231),17.021472937120684,1395.7549868916567,android,10.386251041476916,-1.6602837453063213,2.7208348346412308
72,37.7859366,-122.3881359,1564017449.0,2019-07-24T18:17:29-07:00,POINT (-122.3881359 37.7859366),12.498145746143724,1405.086220743299,android,8.725967296170595,1.0605510893349095,2.7269088805997175
73,37.7858591,-122.3881203,1564017450.0,2019-07-24T18:17:30-07:00,POINT (-122.3881203 37.7858591),10.586179205519885,1413.5815337503122,android,9.786518385505504,3.787459969934627,-6.537800928509439
74,37.7857792,-122.3880736,1564017451.0,2019-07-24T18:17:31-07:00,POINT (-122.3880736 37.7857792),5.924362981879707,1422.1702969415746,android,13.573978355440131,-2.750340958574812,0.22091811474288292
75,37.7856633,-122.3881221,1564017452.0,2019-07-24T18:17:32-07:00,POINT (-122.3881221 37.7856633),9.377481340911263,1435.2728632954809,android,10.823637396865319,-2.529422843831929,3.8250841715623825
76,37.785566,-122.3881256,1564017453.0,2019-07-24T18:17:33-07:00,POINT (-122.3881256 37.785566),9.005812286163492,1446.0664935303682,android,8.29421455303339,1.2956613277304534,-4.325161844229945
77,37.7854987,-122.3880849,1564017454.0,2019-07-24T18:17:34-07:00,POINT (-122.3880849 37.7854987),4.95922885004998,1453.2932731611616,android,9.589875880763843,-3.0295005164994917,4.439561692798323
78,37.7854127,-122.3880767,1564017455.0,2019-07-24T18:17:35-07:00,POINT (-122.3880767 37.7854127),3.638232061746477,1462.7708066895975,android,6.560375364264352,1.4100611762988313,3.040456515854294
79,37.7853622,-122.3880381,1564017456.0,2019-07-24T18:17:36-07:00,POINT (-122.3880381 37.7853622),0.10652903069799097,1468.1489186046751,android,7.970436540563183,4.4505176921531255,-7.407100000064887
80,37.7852951,-122.38807,1564017457.0,2019-07-24T18:17:37-07:00,POINT (-122.38807 37.7852951),2.228453879411236,1475.7557865065776,android,12.420954232716308,-2.956582307911761,4.186865687293384
81,37.785197,-122.3881376,1564017458.0,2019-07-24T18:17:38-07:00,POINT (-122.3881376 37.785197),7.484398763485844,1486.993142868865,android,9.464371924804547,1.230283379381623,-1.4570756872726331
82,37.785112,-122.3881432,1564017459.0,2019-07-24T18:17:39-07:00,POINT (-122.3881432 37.785112),7.383151633241291,1496.4364018315366,android,10.69465530418617,-0.22679230789101013,-0.8879239024205781
83,37.7850215,-122.388102,1564017460.0,2019-07-24T18:17:40-07:00,POINT (-122.388102 37.7850215),3.130647524045316,1506.229396088072,android,10.46786299629516,-1.1147162103115882,0.9685286703859841
84,37.7849278,-122.3881135,1564017461.0,2019-07-24T18:17:41-07:00,POINT (-122.3881135 37.7849278),3.48716594913701,1516.66871306923,android,9.353146785983572,-0.14618753992560407,-2.892990240828821
85,37.7848487,-122.3880773,1564017462.0,2019-07-24T18:17:42-07:00,POINT (-122.3880773 37.7848487),0.24751546477216518,1525.2248230672856,android,9.206959246057968,-3.039177780754425,9.904811044256109
86,37.784769,-122.3881057,1564017463.0,2019-07-24T18:17:43-07:00,POINT (-122.3881057 37.784769),1.610448766253514,1534.224733046087,android,6.167781465303543,6.8656332635016835,-7.438881594369757
87,37.7847179,-122.3880784,1564017464.0,2019-07-24T18:17:44-07:00,POINT (-122.3880784 37.7847179),1.1952624075779237,1539.7066861444855,android,13.033414728805226,-0.5732483308680738,-4.421118530492005
88,37.7846188,-122.3881576,1564017465.0,2019-07-24T18:17:45-07:00,POINT (-122.3881576 37.7846188),4.990864494065335,1551.1076034989346,android,12.460166397937153,-4.994366861360079,5.614853537637597
89,37.7845287,-122.3882419,1564017466.0,2019-07-24T18:17:46-07:00,POINT (-122.3882419 37.7845287),11.817779223963818,1561.5206859935324,android,7.465799536577074,0.6204866762775181,-0.49403643116340934
90,37.7844631,-122.38826,1564017467.0,2019-07-24T18:17:47-07:00,POINT (-122.38826 37.7844631),12.983982639828122,1568.8797675823746,android,8.086286212854592,0.12645024511410874,-0.7228745072333531
91,37.7843986,-122.3883025,1564017468.0,2019-07-24T18:17:48-07:00,POINT (-122.3883025 37.7843986),16.30223776577396,1576.2424406476682,android,8.2127364579687,-0.5964242621192444,2.365805251304506
92,37.7843327,-122.3882603,1564017469.0,2019-07-24T18:17:49-07:00,POINT (-122.3882603 37.7843327),12.165725986604055,1583.3247715758828,android,7.616312195849456,1.7693809891852617,-3.4925080176776424
93,37.7842648,-122.3882717,1564017470.0,2019-07-24T18:17:50-07:00,POINT (-122.3882717 37.7842648),12.728061676827215,1590.904165001708,android,9.385693185034718,-1.7231270284923808,0.6791642983101474
94,37.7841866,-122.3883119,1564017471.0,2019-07-24T18:17:51-07:00,POINT (-122.3883119 37.7841866),15.755405002571983,1599.7724641031684,android,7.662566156542337,-1.0439627301822334,1.6462510708051026
95,37.7841182,-122.3883225,1564017472.0,2019-07-24T18:17:52-07:00,POINT (-122.3883225 37.7841182),16.244182810090894,1607.4031259909402,android,6.618603426360104,0.6022883406228692,-2.830404153150339
96,37.7840597,-122.3883364,1564017473.0,2019-07-24T18:17:53-07:00,POINT (-122.3883364 37.7840597),17.087179420207224,1613.954200545803,android,7.220891766982973,-2.22811581252747,1.720707629225708
97,37.7839961,-122.388353,1564017474.0,2019-07-24T18:17:54-07:00,POINT (-122.388353 37.7839961),18.134494250091223,1621.0840444715782,android,4.992775954455503,-0.5074081833017621,0.12307237414194638
98,37.7839512,-122.3883534,1564017475.0,2019-07-24T18:17:55-07:00,POINT (-122.3883534 37.7839512),17.878835529139145,1626.05934779631,android,4.485367771153741,-0.3843358091598157,0.694067430900402
99,37.7839113,-122.3883609,1564017476.0,2019-07-24T18:17:56-07:00,POINT (-122.3883609 37.7839113),18.279704168329612,1630.5173354221674,android,4.101031961993925,0.3097316217405863,-2.63168037318791
100,37.7838745,-122.388364,1564017477.0,2019-07-24T18:17:57-07:00,POINT (-122.388364 37.7838745),18.31386017937444,1634.6093400287712,android,4.410763583734512,-2.321948751447324,2.5739447058263627
101,37.783835,-122.3883686,1564017478.0,2019-07-24T18:17:58-07:00,POINT (-122.3883686 37.783835),18.462389463170233,1639.0081148596782,android,2.088814832287188,0.2519959543790389,-1.2423236633248416
102,37.783817,-122.3883618,1564017479.0,2019-07-24T18:17:59-07:00,POINT (-122.3883618 37.783817),17.74803172198459,1640.9668883238119,android,2.3408107866662267,-0.9903277089458027,0.796305259499916
103,37.7837979,-122.3883506,1564017480.0,2019-07-24T18:18:00-07:00,POINT (-122.3883506 37.7837979),16.639756197327205,1643.0248821865177,android,1.350483077720424,-0.19402244944588665,-0.002678124072196919
104,37.7837865,-122.3883559,1564017481.0,2019-07-24T18:18:01-07:00,POINT (-122.3883559 37.7837865),17.03182676320383,1644.314822474303,android,1.1564606282745373,-0.19670057351808357,0.37215339627321486
105,37.7837761,-122.3883558,1564017482.0,2019-07-24T18:18:02-07:00,POINT (-122.3883558 37.7837761),16.95567428925542,1645.46624089494,android,0.9597600547564538,0.1754528227551313,-0.8056119334623989
106,37.7837681,-122.3883517,1564017483.0,2019-07-24T18:18:03-07:00,POINT (-122.3883517 37.7837681),16.543436956664422,1646.3312664222315,android,1.135212877511585,-0.6301591107072676,0.749269804069523
107,37.7837589,-122.3883461,1564017484.0,2019-07-24T18:18:04-07:00,POINT (-122.3883461 37.7837589),15.99156581544722,1647.321496331151,android,0.5050537668043175,0.11911069336225541,-0.08119748769972916
108,37.783756,-122.3883746,1564017489.0,2019-07-24T18:18:09-07:00,POINT (-122.3883746 37.783756),18.47814545783086,1647.7892146481756,android,1.1006072336155945,-0.2868767451363904,-0.10422164497957215
109,37.7837474,-122.3883808,1564017490.0,2019-07-24T18:18:10-07:00,POINT (-122.3883808 37.7837474),18.96746913644605,1648.7736456661105,android,0.8137304884792042,-0.39109839011596254,0.5060859932167773
110,37.7837408,-122.3883848,1564017491.0,2019-07-24T18:18:11-07:00,POINT (-122.3883848 37.7837408),19.27635054996474,1649.5252419620876,android,0.4226320983632416,0.11498760310081474,-0.09657507575526182
111,37.783737,-122.3883849,1564017492.0,2019-07-24T18:18:12-07:00,POINT (-122.3883849 37.783737),19.260528493395782,1649.9466544254992,android,0.5376197014640564,0.018412527345552914,-0.07990980164172017
112,37.7837359,-122.3883666,1564017495.0,2019-07-24T18:18:15-07:00,POINT (-122.3883666 37.7837359),17.64469636702381,1649.9744211667241,android,0.5928572835007151,-0.2213168775796076,0.360003396539052
113,37.783732,-122.388362,1564017496.0,2019-07-24T18:18:16-07:00,POINT (-122.388362 37.783732),17.215061221950005,1650.3827492121882,android,0.3715404059211075,0.1386865189594444,-0.3333244547198294
114,37.7837291,-122.3883599,1564017497.0,2019-07-24T18:18:17-07:00,POINT (-122.3883599 37.7837291),17.011671906377558,1650.6931659440738,android,0.5102269248805519,-0.19463793576038502,0.430637754066593
115,37.7837255,-122.3883635,1564017498.0,2019-07-24T18:18:18-07:00,POINT (-122.3883635 37.7837255),17.304821469825058,1651.1104178701307,android,0.31558898912016686,0.23599981830620798,-0.07469967679693013
116,37.783723,-122.3883652,1564017499.0,2019-07-24T18:18:19-07:00,POINT (-122.3883652 37.783723),17.43807155624805,1651.3960636866968,android,0.5515888074263748,0.16130014150927785,-0.432339764314599
117,37.7837199,-122.3883701,1564017500.0,2019-07-24T18:18:20-07:00,POINT (-122.3883701 37.7837199),17.84873949086661,1651.764616966147,android,0.7128889489356527,-0.2710396228053211,-0.040406699746257935
118,37.7837155,-122.388376,1564017501.0,2019-07-24T18:18:21-07:00,POINT (-122.388376 37.7837155),18.338894803694416,1652.2823023465612,android,0.44184932613033157,-0.31144632255157906,0.31508291965656215
119,37.7837132,-122.3883801,1564017502.0,2019-07-24T18:18:22-07:00,POINT (-122.3883801 37.7837132),18.684418443684184,1652.5581329424065,android,0.1304030035787525,0.0036365971049830805,-0.007183750241771002
120,37.7837141,-122.3884053,1564017519.0,2019-07-24T18:18:39-07:00,POINT (-122.3884053 37.7837141),20.905517628725992,1652.5879882529125,android,0.19222515436346488,-0.11848715700512395,0.11648633381483983
121,37.7837134,-122.3884073,1564017520.0,2019-07-24T18:18:40-07:00,POINT (-122.3884073 37.7837134),21.07679877761419,1652.6758032383204,android,0.07373799735834093,-0.0020008231902841206,-0.03523971216659677
122,37.7837132,-122.3884081,1564017521.0,2019-07-24T18:18:41-07:00,POINT (-122.3884081 37.7837132),21.145829400738762,1652.702068211852,android,0.0717371741680568,-0.03724053535688089,0.031089837984870344
123,37.7837126,-122.3884084,1564017522.0,2019-07-24T18:18:42-07:00,POINT (-122.3884084 37.7837126),21.168315444941353,1652.770068014853,android,0.034496638811175914,-0.0061506973720105475,-0.008022272252214696
124,37.7837123,-122.3884083,1564017523.0,2019-07-24T18:18:43-07:00,POINT (-122.3884083 37.7837123),21.15758158370578,1652.8027827840267,android,0.028345941439165367,-0.014172969624225243,0.007086483333259418
125,37.7837121,-122.3884081,1564017524.0,2019-07-24T18:18:44-07:00,POINT (-122.3884081 37.7837121),21.138704671699664,1652.8239072244282,android,0.014172971814940124,-0.0070864862909658256,0.038695483095086726
126,37.783712,-122.388408,1564017525.0,2019-07-24T18:18:45-07:00,POINT (-122.388408 37.783712),21.129266215517763,1652.8344694469513,android,0.007086485523974298,0.0316089968041209,-0.02898658816129732
127,37.7837119,-122.3884079,1564017527.0,2019-07-24T18:18:47-07:00,POINT (-122.3884079 37.7837119),21.119827759432436,1652.8450316676142,android,0.0703044791322161,-0.026364179518473738,0.14839392190849718
128,37.7837119,-122.3884087,1564017528.0,2019-07-24T18:18:48-07:00,POINT (-122.3884087 37.7837119),21.190153786985558,1652.8491440930636,android,0.043940299613742365,0.12202974239002344,0.4976510085288201
129,37.7837119,-122.3884092,1564017529.0,2019-07-24T18:18:49-07:00,POINT (-122.3884092 37.7837119),21.23410755649332,1652.851714359263,android,0.1659700420037658,0.6196807509188436,-0.14550991157724208
130,37.7836966,-122.3883941,1564017542.0,2019-07-24T18:19:02-07:00,POINT (-122.3883941 37.7836966),19.80760500599721,1654.4687621393687,android,8.221819803948732,-1.2719480995853036,1.965346524374592
131,37.7836227,-122.3883972,1564017543.0,2019-07-24T18:19:03-07:00,POINT (-122.3883972 37.7836227),19.521544163338646,1662.8753050652695,android,6.949871704363428,0.6933984247892884,-0.48881436676963563
132,37.7835607,-122.3883872,1564017544.0,2019-07-24T18:19:04-07:00,POINT (-122.3883872 37.7835607),18.169450361761452,1669.6773777221697,android,7.643270129152716,0.20458405801965274,1.4658336456301164
133,37.7834921,-122.3883817,1564017545.0,2019-07-24T18:19:05-07:00,POINT (-122.3883817 37.7834921),17.1622596750926,1677.2372771277528,android,7.847854187172369,1.6704177036497692,-2.0050068966535983
134,37.7834221,-122.3883703,1564017546.0,2019-07-24T18:19:06-07:00,POINT (-122.3883703 37.7834221),15.860047533624916,1684.8304856305886,android,9.518271890822138,-0.33458919300382917,2.336827823743258
135,37.7833371,-122.3883575,1564017547.0,2019-07-24T18:19:07-07:00,POINT (-122.3883575 37.7833371),14.141493834036444,1694.1717488167258,android,9.183682697818309,2.002238630739429,-2.6454157042448667
136,37.7832546,-122.3883624,1564017548.0,2019-07-24T18:19:08-07:00,POINT (-122.3883624 37.7832546),13.995938000918615,1703.3342926514458,android,11.185921328557738,-0.6431770735054378,-0.6381328538407676
137,37.7831541,-122.3883568,1564017549.0,2019-07-24T18:19:09-07:00,POINT (-122.3883568 37.7831541),12.801890995412547,1714.431809550351,android,10.5427442550523,-1.2813099273462054,2.3729537188512406
138,37.7830593,-122.3883588,1564017550.0,2019-07-24T18:19:10-07:00,POINT (-122.3883588 37.7830593),12.315569324665887,1724.9402810411493,android,9.261434327706095,1.0916437915050352,-1.8954811232200495
139,37.7829761,-122.3883637,1564017551.0,2019-07-24T18:19:11-07:00,POINT (-122.3883637 37.7829761),12.165126794274485,1734.1803368964156,android,10.35307811921113,-0.8038373317150143,1.3137080713311704
140,37.7828848,-122.3883868,1564017552.0,2019-07-24T18:19:12-07:00,POINT (-122.3883868 37.7828848),13.557604482960809,1744.4182034924925,android,9.549240787496116,0.5098707396161561,0.20809499261276088
141,37.7827991,-122.3883938,1564017553.0,2019-07-24T18:19:13-07:00,POINT (-122.3883938 37.7827991),13.5742626845179,1753.94672918896,android,10.059111527112272,0.717965732228917,-1.9597880243137809
142,37.78271,-122.3884136,1564017554.0,2019-07-24T18:19:14-07:00,POINT (-122.3884136 37.78271),14.692095470833973,1763.9226932885292,android,10.777077259341189,-1.2418222920848638,3.505530601045619
143,37.7826153,-122.3884397,1564017555.0,2019-07-24T18:19:15-07:00,POINT (-122.3884397 37.7826153),16.32449400197036,1774.5536763675893,android,9.535254967256325,2.263708308960755,-4.589800741362826
144,37.7825296,-122.3884435,1564017556.0,2019-07-24T18:19:16-07:00,POINT (-122.3884435 37.7825296),16.059929876994914,1784.0644642788602,android,11.79896327621708,-2.3260924324020706,1.2307234798683986
145,37.7824235,-122.3884416,1564017557.0,2019-07-24T18:19:17-07:00,POINT (-122.3884416 37.7824235),15.151951872370187,1795.8025881884005,android,9.47287084381501,-1.095368952533672,1.767048942882628
146,37.7823394,-122.3884244,1564017558.0,2019-07-24T18:19:18-07:00,POINT (-122.3884244 37.7823394),13.052984495546356,1805.0198025123163,android,8.377501891281337,0.6716799903489559,-1.347000096509836
147,37.7822646,-122.3884358,1564017559.0,2019-07-24T18:19:19-07:00,POINT (-122.3884358 37.7822646),13.532470168006302,1813.3657388909205,android,9.049181881630293,-0.6753201061608802,2.023470459750392
148,37.7821833,-122.3884404,1564017560.0,2019-07-24T18:19:20-07:00,POINT (-122.3884404 37.7821833),13.368945054133642,1822.3937403479542,android,8.373861775469413,1.3481503535895119,-1.086451694653391
149,37.7821081,-122.3884455,1564017561.0,2019-07-24T18:19:21-07:00,POINT (-122.3884455 37.7821081),13.291965487745038,1830.7490485958876,android,9.722012129058925,0.26169865893612076,-0.8726268174799916
150,37.7820207,-122.3884425,1564017562.0,2019-07-24T18:19:22-07:00,POINT (-122.3884425 37.7820207),12.417913707260563,1840.4103878644733,android,9.983710787995046,-0.6109281585438708,0.613954058886387
151,37.7819314,-122.3884543,1564017563.0,2019-07-24T18:19:23-07:00,POINT (-122.3884543 37.7819314),12.831292814905492,1850.364153672304,android,9.372782629451175,0.0030259003425161524,-0.7509091462631723
152,37.7818476,-122.3884428,1564017564.0,2019-07-24T18:19:24-07:00,POINT (-122.3884428 37.7818476),11.211949656134104,1859.6140290508195,android,9.37580852979369,-0.7478832459206561,0.5915430221076523
153,37.7817639,-122.3884557,1564017565.0,2019-07-24T18:19:25-07:00,POINT (-122.3884557 37.7817639),11.710360205538809,1869.025572502058,android,8.627925283873035,-0.15634022381300383,-0.044307139385088234
154,37.7816864,-122.3884509,1564017566.0,2019-07-24T18:19:26-07:00,POINT (-122.3884509 37.7816864),10.67012237840738,1877.5137140956256,android,8.47158506006003,-0.20064736319809207,-1.0128718160422574
155,37.7816103,-122.3884555,1564017567.0,2019-07-24T18:19:27-07:00,POINT (-122.3884555 37.7816103),10.436199357321383,1886.5540785587862,android,8.270937696861939,-1.2135191792403495,2.0062847444041383
156,37.7815372,-122.3884729,1564017568.0,2019-07-24T18:19:28-07:00,POINT (-122.3884729 37.7815372),10.974124477662924,1894.7905832652427,android,7.057418517621589,0.7927655651637888,1.7576645977485787
157,37.7814782,-122.3884433,1564017569.0,2019-07-24T18:19:29-07:00,POINT (-122.3884433 37.7814782),7.86096642067785,1900.5901819527294,android,7.850184082785378,2.5504301629123676,-4.8694525324759015
158,37.7814092,-122.3884622,1564017570.0,2019-07-24T18:19:30-07:00,POINT (-122.3884622 37.7814092),8.89483228639934,1908.98283943037,android,10.400614245697746,-2.319022369563534,3.280063426001261
159,37.7813161,-122.3884736,1564017571.0,2019-07-24T18:19:31-07:00,POINT (-122.3884736 37.7813161),8.413098712721451,1919.34994298731,android,8.081591876134212,0.9610410564377272,-2.701481438940138
160,37.7812435,-122.3884779,1564017572.0,2019-07-24T18:19:32-07:00,POINT (-122.3884779 37.7812435),7.53175154772595,1927.483549278913,android,9.042632932571939,-1.7404403825024106,0.446602503213132
161,37.7811649,-122.3885043,1564017573.0,2019-07-24T18:19:33-07:00,POINT (-122.3885043 37.7811649),7.575747129280989,1937.6658799409956,android,7.302192550069528,-1.2938378792892786,-0.3779644916281759
162,37.7811065,-122.3885423,1564017574.0,2019-07-24T18:19:34-07:00,POINT (-122.3885423 37.7811065),8.804526002453809,1944.8542797322818,android,6.00835467078025,-1.6718023709174545,4.083802453507584
163,37.7810538,-122.3885574,1564017575.0,2019-07-24T18:19:35-07:00,POINT (-122.3885574 37.7810538),8.302614148847827,1950.8296942439076,android,4.336552299862795,2.4120000825901293,-3.3186290084011576
164,37.7810158,-122.3885685,1564017576.0,2019-07-24T18:19:36-07:00,POINT (-122.3885685 37.7810158),7.890466787283428,1955.7018860605444,android,6.7485523824529245,-0.9066289258110283,2.901944542748211
165,37.7809574,-122.3885894,1564017577.0,2019-07-24T18:19:37-07:00,POINT (-122.3885894 37.7809574),7.211104815859849,1962.4034464206647,android,5.841923456641896,1.9953156169371828,-3.569560495868653
166,37.7809259,-122.3886426,1564017578.0,2019-07-24T18:19:38-07:00,POINT (-122.3886426 37.7809259),10.23222212416144,1967.7647199393766,android,7.837239073579079,-1.57424487893147,0.65820568046197
167,37.7808555,-122.3886383,1564017579.0,2019-07-24T18:19:39-07:00,POINT (-122.3886383 37.7808555),6.734344517664514,1974.7590156929996,android,6.262994194647609,-0.9160391984695,2.9667939291573884
168,37.7807992,-122.3886362,1564017580.0,2019-07-24T18:19:40-07:00,POINT (-122.3886362 37.7807992),3.6396975172715087,1980.8679855711123,android,5.346954996178109,2.0507547306878884,-4.519158274997891
169,37.7807568,-122.3886649,1564017581.0,2019-07-24T18:19:41-07:00,POINT (-122.3886649 37.7807568),3.405124354305781,1986.2031061273383,android,7.3977097268659975,-2.4684035443100028,5.065730400472113
170,37.7806947,-122.3886951,1564017582.0,2019-07-24T18:19:42-07:00,POINT (-122.3886951 37.7806947),2.071494136988345,1993.5181320702377,android,4.929306182555995,2.59732685616211,-6.007308341785746
171,37.780671,-122.3887425,1564017583.0,2019-07-24T18:19:43-07:00,POINT (-122.3887425 37.780671),4.242071258597302,1997.9482943299188,android,7.526633038718105,-3.4099814856236357,5.385978435647116
172,37.7806126,-122.3887858,1564017584.0,2019-07-24T18:19:44-07:00,POINT (-122.3887858 37.7806126),3.7484915090159916,2005.676230489953,android,4.116651553094469,1.9759969500234806,-2.2981251938729104
173,37.78058,-122.388808,1564017585.0,2019-07-24T18:19:45-07:00,POINT (-122.388808 37.78058),3.2910077052863658,2009.7622441315357,android,6.09264850311795,-0.32212824384942973,0.730295985826797
174,37.7805347,-122.388847,1564017586.0,2019-07-24T18:19:46-07:00,POINT (-122.388847 37.7805347),2.8763073260383667,2016.0450666747429,android,5.77052025926852,0.40816774197736727,1.958377178516936
175,37.7804983,-122.3888938,1564017587.0,2019-07-24T18:19:47-07:00,POINT (-122.3888938 37.7804983),3.57254759771421,2021.9784130990515,android,6.178688001245887,2.366544920494303,2.883958049818186
176,37.7804577,-122.3889418,1564017588.0,2019-07-24T18:19:48-07:00,POINT (-122.3889418 37.7804577),3.7252689416460494,2028.1538205547465,android,8.54523292174019,5.250502970312489,-11.567890200586852
177,37.7804115,-122.3890195,1564017589.0,2019-07-24T18:19:49-07:00,POINT (-122.3890195 37.7804115),5.415068230534761,2036.5346667452432,android,13.79573589205268,-6.317387230274364,7.848968864875264
178,37.7803205,-122.3891262,1564017590.0,2019-07-24T18:19:50-07:00,POINT (-122.3891262 37.7803205),5.442207300546008,2050.601908265662,android,7.478348661778315,1.5315816346009,-3.2190878317056804
179,37.7802806,-122.3891947,1564017591.0,2019-07-24T18:19:51-07:00,POINT (-122.3891947 37.7802806),6.626556876366201,2057.989957027703,android,9.009930296379215,-1.6875061971047804,0.8556270902519731
180,37.7802558,-122.3892923,1564017592.0,2019-07-24T18:19:52-07:00,POINT (-122.3892923 37.7802558),10.811728481203602,2065.9853798005356,android,7.322424099274435,-0.8318791068528073,-1.5751115648801548
181,37.7802374,-122.3893723,1564017593.0,2019-07-24T18:19:53-07:00,POINT (-122.3893723 37.7802374),14.392443593589638,2072.3867475260104,android,6.490544992421627,-2.406990671732962,2.4647038922237243
182,37.7802072,-122.3894355,1564017594.0,2019-07-24T18:19:54-07:00,POINT (-122.3894355 37.7802072),16.000518417591564,2078.6809099194447,android,4.083554320688665,0.05771322049076236,0.11199631317332324
183,37.7799145,-122.3899127,1564017607.0,2019-07-24T18:20:07-07:00,POINT (-122.3899127 37.7799145),22.997898893313497,2131.5779048008253,android,4.833826187068576,1.5136652917439646,-5.607272034241396
184,37.7798833,-122.389951,1564017608.0,2019-07-24T18:20:08-07:00,POINT (-122.389951 37.7798833),22.91524061158058,2136.4103147914293,android,6.3474914788125405,-4.093606742497432,4.185241120320031
185,37.7798264,-122.3899452,1564017609.0,2019-07-24T18:20:09-07:00,POINT (-122.3899452 37.7798264),18.073241853703312,2140.493441905235,android,2.253884736315108,0.09163437782259942,0.5041330986120109
186,37.7798069,-122.3899522,1564017610.0,2019-07-24T18:20:10-07:00,POINT (-122.3899522 37.7798069),16.971220479238475,2142.454701720689,android,2.3455191141377076,0.5957674764346104,-1.1566673902487894
187,37.7797899,-122.389968,1564017611.0,2019-07-24T18:20:11-07:00,POINT (-122.389968 37.7797899),16.61186125992897,2144.770839482989,android,2.941286590572318,-0.560899913814179,0.4731872506327437
188,37.7797676,-122.389986,1564017612.0,2019-07-24T18:20:12-07:00,POINT (-122.389986 37.7797676),15.971424405738361,2147.6386349213317,android,2.380386676758139,-0.08771266318143534,-0.8470863068784373
189,37.7797501,-122.3900016,1564017613.0,2019-07-24T18:20:13-07:00,POINT (-122.3900016 37.7797501),15.5602760954544,2149.9813350459913,android,2.2926740135767036,-0.9347989700598727,0.7282756035441453
190,37.7797334,-122.3900169,1564017614.0,2019-07-24T18:20:14-07:00,POINT (-122.3900169 37.7797334),15.193544412863512,2152.242771878976,android,1.357875043516831,-0.20652336651572734,1.2985097591922545
191,37.7797231,-122.3900252,1564017615.0,2019-07-24T18:20:15-07:00,POINT (-122.3900252 37.7797231),14.896876167875753,2153.5664903234333,android,1.1513516770011036,1.0919863926765272,-0.793872006206271
192,37.7797232,-122.3900383,1564017616.0,2019-07-24T18:20:16-07:00,POINT (-122.3900383 37.7797232),15.717138904980064,2154.3777400274703,android,2.243338069677631,0.29811438647025623,-1.5587539032228803
193,37.7797212,-122.3900637,1564017617.0,2019-07-24T18:20:17-07:00,POINT (-122.3900637 37.7797212),17.134747821512192,2156.122112705529,android,2.541452456147887,-1.260639516752624,1.1802539423495302
194,37.779724,-122.3900924,1564017618.0,2019-07-24T18:20:18-07:00,POINT (-122.3900924 37.779724),19.135125152293483,2157.69777498312,android,1.280812939395263,-0.0803855744030939,-0.30775884141551957
195,37.7797272,-122.3901064,1564017619.0,2019-07-24T18:20:19-07:00,POINT (-122.3901064 37.7797272),20.255404399834365,2158.323082956971,android,1.200427364992169,-0.3881444158186135,0.9432592580556305
196,37.7797336,-122.3901174,1564017620.0,2019-07-24T18:20:20-07:00,POINT (-122.3901174 37.7797336),21.44172180168029,2158.510793316752,android,0.8122829491735556,0.555114842237017,0.09172353267684319
197,37.7797329,-122.3901266,1564017621.0,2019-07-24T18:20:21-07:00,POINT (-122.3901266 37.7797329),21.95710969924169,2159.140705675561,android,1.3673977914105726,0.6468383749138602,-0.6410566551929342
198,37.7797226,-122.3901181,1564017622.0,2019-07-24T18:20:22-07:00,POINT (-122.3901181 37.7797226),20.618604437162645,2159.4140241047653,android,2.014236166324433,0.005781719720925951,-0.008563515217523533
199,37.7765655,-122.3941938,1564017871.0,2019-07-24T18:24:31-07:00,POINT (-122.3941938 37.7765655),23.455603709542814,2661.7218312953178,android,3.4538843768349947,-2.126533569442434,2.4677332723548835
200,37.7765363,-122.3942072,1564017872.0,2019-07-24T18:24:32-07:00,POINT (-122.3942072 37.7765363),21.929155926818545,2663.9187808174556,android,1.327350807392561,0.3411997029124498,0.06282639704277579
201,37.7764656,-122.3941927,1564017878.0,2019-07-24T18:24:38-07:00,POINT (-122.3941927 37.7764656),16.237638844087115,2663.9187808174556,android,3.3745490248672594,0.7181580851691045,10.65219433382088
202,37.7764378,-122.3941773,1564017879.0,2019-07-24T18:24:39-07:00,POINT (-122.3941773 37.7764378),13.777149070843985,2663.9187808174556,android,4.092707110036364,11.370352418989984,-20.928863311271975
203,37.7764077,-122.3941505,1564017880.0,2019-07-24T18:24:40-07:00,POINT (-122.3941505 37.7764077),10.75051438009351,2663.9187808174556,android,15.46305952902635,-9.558510892281989,11.701396199687213
204,37.7762904,-122.394056,1564017881.0,2019-07-24T18:24:41-07:00,POINT (-122.394056 37.7762904),12.199121146273262,2663.9187808174556,android,5.9045486367443605,2.1428853074052245,-10.19031925155481
205,37.7762552,-122.3940057,1564017882.0,2019-07-24T18:24:42-07:00,POINT (-122.3940057 37.7762552),16.003030521689013,2663.9187808174556,android,8.047433944149585,-8.047433944149585,8.047433944149585
206,37.7762006,-122.3939456,1564017883.0,2019-07-24T18:24:43-07:00,POINT (-122.3939456 37.7762006),23.126385142550465,2663.9187808174556,android,0.0,0.0,0.0
