,latitude,longitude,ts,fmt_time,geometry,gt_distance,gt_projection,source,speed,acceleration,jerk
0,37.7920667,-122.3909754,1564103624.0,2019-07-25T18:13:44-07:00,POINT (-122.3909754 37.7920667),3.1527908059901124,635.6107987252999,android,0.23906744388866813,0.2264849791612769,-0.011920229635384945
1,37.79203230477074,-122.39100328756331,1564103643.0,2019-07-25T18:14:03-07:00,POINT (-122.39100328756331 37.79203230477074),6.615318518188482,638.5439933451057,android,4.54228204795293,6.16088962956951e-07,-2.7355895326763857e-13
2,37.791997909541486,-122.39103117512659,1564103644.0,2019-07-25T18:14:04-07:00,POINT (-122.39103117512659 37.791997909541486),10.077848189080697,641.4771865525482,android,4.542282664041893,6.160886893979978e-07,-2.021277367703078e-09
3,37.79196351431223,-122.39105906268988,1564103645.0,2019-07-25T18:14:05-07:00,POINT (-122.39105906268988 37.79196351431223),13.566475898012198,644.2595134924285,android,4.542283280130582,6.140674120302947e-07,-0.5904964556476697
4,37.79192911908297,-122.39108695025318,1564103646.0,2019-07-25T18:14:06-07:00,POINT (-122.39108695025318 37.79192911908297),17.061443679220808,647.1539814761505,android,4.542283894197994,-0.5904958415802577,-2.7151244984989633
5,37.791894723853716,-122.39111483781646,1564103647.0,2019-07-25T18:14:07-07:00,POINT (-122.39111483781646 37.791894723853716),20.556413402993677,650.048448024909,android,3.9517880526177365,-3.305620340079221,3.305620351205809
6,37.7918648,-122.39113909999999,1564103648.0,2019-07-25T18:14:08-07:00,POINT (-122.39113909999999 37.7918648),23.59703907883199,652.566633112632,android,0.6461677125385156,1.1126587984300329e-08,0.05964449469755939
7,37.79185990825974,-122.39114306952693,1564103649.0,2019-07-25T18:14:09-07:00,POINT (-122.39114306952693 37.79185990825974),24.094377557760154,652.9781997722265,android,0.6461677236651036,0.059644505824147376,0.5850469402538355
8,37.791855016519484,-122.39114703905386,1564103650.0,2019-07-25T18:14:10-07:00,POINT (-122.39114703905386 37.791855016519484),24.591716074163998,653.3897664039893,android,0.7058122294892509,0.6446914460779829,-0.03393072546291552
9,37.79176551788476,-122.39104474173124,1564103669.0,2019-07-25T18:14:29-07:00,POINT (-122.39104474173124 37.79176551788476),19.26080161394654,664.7427485205615,android,12.954949704970925,7.662282587972413e-06,-1.3805561138724443e-09
10,37.791707235769515,-122.39091708346247,1564103670.0,2019-07-25T18:14:30-07:00,POINT (-122.39091708346247 37.791707235769515),10.93036478499865,674.6805059786802,android,12.954957367253513,7.66090203185854e-06,2.8223290371443e-10
11,37.791648953654274,-122.39078942519369,1564103671.0,2019-07-25T18:14:31-07:00,POINT (-122.39078942519369 37.791648953654274),2.860217071865084,684.5455113560945,android,12.954965028155545,7.661184264762255e-06,1.8631922671374923e-09
12,37.791590671539026,-122.39066176692492,1564103672.0,2019-07-25T18:14:32-07:00,POINT (-122.39066176692492 37.791590671539026),4.884015046280867,694.9832059059245,android,12.95497268933981,7.663047457029393e-06,-6.373856396484377
13,37.791532389423786,-122.39053410865615,1564103673.0,2019-07-25T18:14:33-07:00,POINT (-122.39053410865615 37.791532389423786),12.347857703442058,705.7072362844315,android,12.954980352387267,-6.37384873343692,3.3823527289906568
14,37.79147410730854,-122.39040645038737,1564103674.0,2019-07-25T18:14:34-07:00,POINT (-122.39040645038737 37.79147410730854),19.5697422910312,718.5132950129214,android,6.581131618950347,-2.991496004446263,1.3593842202675783
15,37.7914445,-122.39034159999999,1564103675.0,2019-07-25T18:14:35-07:00,POINT (-122.39034159999999 37.7914445),22.703329292723268,724.307746442192,android,3.589635614504084,-1.6321117841786847,5.312307694026712
16,37.7914207,-122.390314,1564103676.0,2019-07-25T18:14:36-07:00,POINT (-122.390314 37.7914207),23.378209856192708,728.3663908057522,android,1.9575238303253992,3.680195909848028,-6.696076152907643
17,37.7914031,-122.3903145,1564103677.0,2019-07-25T18:14:37-07:00,POINT (-122.3903145 37.7914031),22.277879195379864,729.9802274255372,android,5.637719740173427,-3.0158802430596148,3.3041011976299823
18,37.7913778,-122.3902589,1564103678.0,2019-07-25T18:14:38-07:00,POINT (-122.3902589 37.7913778),24.855175038085434,735.000507852421,android,2.6218394971138124,0.2882209545703674,-0.008477041354787919
19,37.79070964556704,-122.38969830633012,1564103712.0,2019-07-25T18:15:12-07:00,POINT (-122.38969830633012 37.79070964556704),15.836240701229006,828.5091467197519,android,12.421351952506305,1.548507578164049e-06,-0.9316022765311249
20,37.79060286075606,-122.38973980844015,1564103713.0,2019-07-25T18:15:13-07:00,POINT (-122.38973980844015 37.79060286075606),4.816800111106645,834.1924897467122,android,12.421353501013883,-0.9316007280235468,-10.131936129343835
21,37.79049607594507,-122.3897813105502,1564103714.0,2019-07-25T18:15:14-07:00,POINT (-122.3897813105502 37.79049607594507),6.174036176993306,839.9542293645769,android,11.489752772990336,-11.063536857367382,11.063536859566813
22,37.7903973,-122.3898197,1564103715.0,2019-07-25T18:15:15-07:00,POINT (-122.3898197 37.7903973),16.29960727470804,845.3400220233639,android,0.4262159156229551,2.199432469485174e-09,-7.804755730589363e-10
23,37.79039363461427,-122.389821118859,1564103716.0,2019-07-25T18:15:16-07:00,POINT (-122.389821118859 37.79039363461427),16.67499208696708,845.5402322485661,android,0.42621591782238755,1.4189568964262378e-09,3.902376755071657e-10
24,37.79038996922853,-122.38982253771799,1564103717.0,2019-07-25T18:15:17-07:00,POINT (-122.38982253771799 37.79038996922853),17.05037690545003,845.7404424655122,android,0.42621591924134444,1.8091945719334035e-09,-3.652896873873601e-10
25,37.790386303842794,-122.38982395657699,1564103718.0,2019-07-25T18:15:18-07:00,POINT (-122.38982395657699 37.790386303842794),17.425761732363036,845.940652669995,android,0.426215921050539,1.4439048845460434e-09,1.4861065711357924e-09
26,37.79038263845706,-122.38982537543599,1564103719.0,2019-07-25T18:15:19-07:00,POINT (-122.38982537543599 37.79038263845706),17.801146566230184,846.1408628635023,android,0.4262159224944439,2.9300114556818357e-09,-0.09973451546736001
27,37.79037897307133,-122.38982679429498,1564103720.0,2019-07-25T18:15:20-07:00,POINT (-122.38982679429498 37.79037897307133),18.176531405990687,846.3410730484254,android,0.42621592542445536,-0.09973451253734855,2.509696049042045
28,37.790375307685586,-122.38982821315398,1564103721.0,2019-07-25T18:15:21-07:00,POINT (-122.38982821315398 37.790375307685586),18.551916255421485,846.54128322228,android,0.3264814128871068,2.4099615365046962,-2.4099615345822376
29,37.7903725,-122.3898293,1564103722.0,2019-07-25T18:15:22-07:00,POINT (-122.3898293 37.7903725),18.839461064669297,846.6946442156402,android,2.736442949391803,1.9224586367272423e-09,-7.892770881312572e-10
30,37.7903479158085,-122.38982789021068,1564103723.0,2019-07-25T18:15:23-07:00,POINT (-122.38982789021068 37.7903479158085),20.67516321307189,848.7159735133623,android,2.736442951314262,1.133181548595985e-09,-2.0331387454078973
31,37.79032333161701,-122.38982648042135,1564103724.0,2019-07-25T18:15:24-07:00,POINT (-122.38982648042135 37.79032333161701),22.51086529974185,850.7373028547901,android,2.7364429524474434,-2.0331387442747157,2.842449298185848
32,37.790298747425524,-122.389825070632,1564103725.0,2019-07-25T18:15:25-07:00,POINT (-122.389825070632 37.790298747425524),24.346567324597185,852.7586322400065,android,0.7033042081727275,0.8093105539111322,-0.2540590608553935
33,37.790297367656834,-122.3897931036165,1564103729.0,2019-07-25T18:15:29-07:00,POINT (-122.3897931036165 37.790297367656834),22.459052186674132,854.8522446057651,android,3.9405464238172563,-0.20692568951044177,-0.04370324600812504
34,37.7904861,-122.3895254,1564103737.0,2019-07-25T18:15:37-07:00,POINT (-122.3895254 37.7904861),9.020077270609706,856.6303403426042,android,2.285140907733722,-0.5565516575754421,1.5480281662326365
35,37.790478,-122.3895015,1564103738.0,2019-07-25T18:15:38-07:00,POINT (-122.3895015 37.790478),9.87817106301702,858.7516140925096,android,1.72858925015828,0.9914765086571944,-0.7887040381400177
36,37.7904709,-122.389484,1564103739.0,2019-07-25T18:15:39-07:00,POINT (-122.389484 37.7904709),10.415006358925751,860.3968044466319,android,2.7200657588154744,0.20277247051717673,1.1730526131705545
37,37.7904541,-122.3894615,1564103740.0,2019-07-25T18:15:40-07:00,POINT (-122.3894615 37.7904541),10.504939151945617,863.1154837027831,android,2.922838229332651,1.3758250836877313,-2.0689735761960155
38,37.7904334,-122.389441,1564103741.0,2019-07-25T18:15:41-07:00,POINT (-122.389441 37.7904334),10.164853802270029,866.0167424824657,android,4.298663313020382,-0.6931484925082843,-2.3567182087773895
39,37.7904017,-122.389413,1564103742.0,2019-07-25T18:15:42-07:00,POINT (-122.389413 37.7904017),9.432201415205249,870.2489925896933,android,3.605514820512098,-3.0498667012856737,2.9241171617171844
40,37.7903733,-122.3893932,1564103743.0,2019-07-25T18:15:43-07:00,POINT (-122.3893932 37.7903733),8.44590223987956,873.7124666127784,android,0.5556481192264242,-0.12574953956848928,0.27046316966406125
41,37.7903707,-122.3893878,1564103744.0,2019-07-25T18:15:44-07:00,POINT (-122.3893878 37.7903707),8.5795401368023,874.2523088362749,android,0.42989857965793493,0.144713630095572,-0.07981254184749793
42,37.7903616,-122.3893787,1564103747.0,2019-07-25T18:15:47-07:00,POINT (-122.3893787 37.7903616),8.435523959087856,875.5332019071342,android,0.864039469944651,-0.09472399544692178,0.09472402342680408
43,37.7903542,-122.3893817,1564103748.0,2019-07-25T18:15:48-07:00,POINT (-122.3893817 37.7903542),7.669208816711301,875.9289940404072,android,0.7693154744977292,2.797988229996662e-08,0.3242767712728557
44,37.7903497,-122.38937505000001,1564103749.0,2019-07-25T18:15:49-07:00,POINT (-122.38937505000001 37.7903497),7.732202394259539,876.6959122405922,android,0.7693155024776115,0.324276799252738,0.23880659846952046
45,37.7903452,-122.38936840000001,1564103750.0,2019-07-25T18:15:50-07:00,POINT (-122.38936840000001 37.7903452),7.7951960527205175,877.4628304634844,android,1.0935923017303495,0.5630833977222585,-0.04872411425687573
46,37.7903406,-122.3893574,1564103751.0,2019-07-25T18:15:51-07:00,POINT (-122.3893574 37.7903406),8.121906695518792,878.5077385389434,android,1.656675699452608,0.5143592834653827,-0.28070435423256535
47,37.7903285,-122.3893464,1564103752.0,2019-07-25T18:15:52-07:00,POINT (-122.3893464 37.7903285),7.861747782999757,880.1425972597447,android,2.1710349829179907,0.2336549292328174,0.22712260540867657
48,37.7903118,-122.3893336,1564103753.0,2019-07-25T18:15:53-07:00,POINT (-122.3893336 37.7903118),7.354004667066743,882.2510679472513,android,2.404689912150808,0.46077753464149396,0.8958368907162977
49,37.7902929,-122.3893203,1564103754.0,2019-07-25T18:15:54-07:00,POINT (-122.3893203 37.7902929),6.705325351409681,884.5636398365376,android,2.865467446792302,1.3566144253577916,-0.6130464110765268
50,37.7902719,-122.3893014,1564103755.0,2019-07-25T18:15:55-07:00,POINT (-122.3893014 37.7902719),6.241894746861308,887.3891440068942,android,4.222081872150094,0.7435680142812648,0.5114645938698663
51,37.7902473,-122.3892648,1564103756.0,2019-07-25T18:15:56-07:00,POINT (-122.3892648 37.7902473),6.6016645218760335,891.5969500196993,android,4.9656498864313585,1.2550326081511312,-2.975937099139254
52,37.7902187,-122.3892214,1564103757.0,2019-07-25T18:15:57-07:00,POINT (-122.3892214 37.7902187),7.072920401470105,896.5416600176163,android,6.22068249458249,-1.720904490988123,3.9582358976686987
53,37.7901778,-122.3891731,1564103758.0,2019-07-25T18:15:58-07:00,POINT (-122.3891731 37.7901778),6.887590981333855,902.7581691004217,android,4.499778003594367,2.2373314066805756,-3.7199274895508205
54,37.7901505,-122.3891353,1564103759.0,2019-07-25T18:15:59-07:00,POINT (-122.3891353 37.7901505),7.111005243945868,907.252877171191,android,6.737109410274942,-1.482596082870245,0.7888682133695202
55,37.7901162,-122.3890721,1564103760.0,2019-07-25T18:16:00-07:00,POINT (-122.3890721 37.7901162),8.372242609045575,913.8754830261953,android,5.254513327404697,-0.6937278695007247,-0.7606844391343004
56,37.7900914,-122.3890212,1564103761.0,2019-07-25T18:16:01-07:00,POINT (-122.3890212 37.7900914),9.60903856439085,918.9870182190895,android,4.560785457903973,-1.4544123086350251,-1.2636341755061924
57,37.7900699,-122.388977,1564103762.0,2019-07-25T18:16:02-07:00,POINT (-122.388977 37.7900699),10.685819912680216,923.4229218957756,android,3.1063731492689475,-2.7180464841412175,3.854355042664391
58,37.7900537,-122.3889482,1564103763.0,2019-07-25T18:16:03-07:00,POINT (-122.3889482 37.7900537),11.215995070106695,926.4856256907786,android,0.3883266651277299,1.1363085585231736,-0.20342667272055037
59,37.7900524,-122.3889306,1564103767.0,2019-07-25T18:16:07-07:00,POINT (-122.3889306 37.7900524),12.212932619552737,927.6807984276696,android,4.933560899220424,0.3226018676409721,-3.2674697623952715
60,37.7900452,-122.3888752,1564103768.0,2019-07-25T18:16:08-07:00,POINT (-122.3888752 37.7900452),15.107827707605827,931.687348348448,android,5.256162766861396,-2.9448678947542994,2.944868139277978
61,37.7900288,-122.3888191,1564103769.0,2019-07-25T18:16:09-07:00,POINT (-122.3888191 37.7900288),17.326532856107363,936.4610418698303,android,2.311294872107097,2.4452367863858626e-07,0.33761627236356073
62,37.7900181,-122.38879655,1564103770.0,2019-07-25T18:16:10-07:00,POINT (-122.38879655 37.7900181),17.896932393529042,938.703004485066,android,2.3112951166307756,0.33761651688723937,1.7784653714173588
63,37.7900074,-122.388774,1564103771.0,2019-07-25T18:16:11-07:00,POINT (-122.388774 37.7900074),18.467332676577414,940.9449671675104,android,2.648911633518015,2.116081888304598,-4.0275622676429315
64,37.790013,-122.3887447,1564103772.0,2019-07-25T18:16:12-07:00,POINT (-122.3887447 37.790013),20.7345517728646,942.3239192617023,android,4.764993521822613,-1.9114803793383337,1.097453572949198
65,37.7899978,-122.388694,1564103773.0,2019-07-25T18:16:13-07:00,POINT (-122.388694 37.7899978),22.71007324277659,946.6678932036998,android,2.8535131424842795,-0.8140268063891356,14.681383827766025
66,37.7899855,-122.3886655,1564103774.0,2019-07-25T18:16:14-07:00,POINT (-122.3886655 37.7899855),23.52756397934469,949.3722980406064,android,2.039486336095144,13.86735702137689,-16.596184399921615
67,37.7899769,-122.388645,1564103775.0,2019-07-25T18:16:15-07:00,POINT (-122.388645 37.7899769),24.137045698988764,951.3209235508838,android,15.906843357472034,-2.728827378544725,0.02723050324771063
68,37.789639,-122.3883102,1564103778.0,2019-07-25T18:16:18-07:00,POINT (-122.3883102 37.789639),21.488315832927682,995.4778815812564,android,7.7203612218378606,-2.647135868801593,3.1130031759280605
69,37.7895761,-122.388273,1564103779.0,2019-07-25T18:16:19-07:00,POINT (-122.388273 37.7895761),20.097568913645677,1003.0607222014899,android,5.073225353036268,0.4658673071264676,-4.998213093133445
70,37.789532,-122.3882582,1564103780.0,2019-07-25T18:16:20-07:00,POINT (-122.3882582 37.789532),18.39052770043778,1006.7985309794906,android,5.539092660162735,-4.532345786006977,11.603220996496384
71,37.7894871,-122.3882309,1564103781.0,2019-07-25T18:16:21-07:00,POINT (-122.3882309 37.7894871),17.74976593028886,1012.2926578938367,android,1.0067468741557581,7.070875210489407,-8.803848349466897
72,37.789488,-122.3882195,1564103782.0,2019-07-25T18:16:22-07:00,POINT (-122.3882195 37.789488),18.652703374453495,1012.5100660404827,android,8.077622084645165,-1.7329731389774885,1.7329736928201225
73,37.7894199,-122.3881875,1564103783.0,2019-07-25T18:16:23-07:00,POINT (-122.3881875 37.7894199),17.081739458994907,1020.41966507975,android,6.344648945667677,5.538426339768421e-07,1.7122860662115702
74,37.7893664,-122.38816239999998,1564103784.0,2019-07-25T18:16:24-07:00,POINT (-122.38816239999998 37.7893664),16.027678878136665,1024.433013659747,android,6.344649499510311,1.7122866200542042,-7.991736160192563
75,37.7893129,-122.38813730000001,1564103785.0,2019-07-25T18:16:25-07:00,POINT (-122.38813730000001 37.7893129),15.655283444231543,1030.7560753465395,android,8.056936119564515,-6.2794495401383585,6.279449624507686
76,37.7892465,-122.3881006,1564103786.0,2019-07-25T18:16:26-07:00,POINT (-122.3881006 37.7892465),15.526140733185986,1039.2550172062574,android,1.777486579426157,8.436932730226943e-08,4.466672277679777
77,37.78923265,-122.3880905,1564103787.0,2019-07-25T18:16:27-07:00,POINT (-122.3880905 37.78923265),15.668446084159836,1041.0247735085502,android,1.7774866637954843,4.4666723620491044,-4.466672295612934
78,37.7892188,-122.38808039999999,1564103788.0,2019-07-25T18:16:28-07:00,POINT (-122.38808039999999 37.7892188),15.810751775040304,1042.7945298693664,android,6.2441590258445885,6.643617034285398e-08,-1.5691599131173462e-09
79,37.7891630375,-122.3880887875,1564103789.0,2019-07-25T18:16:29-07:00,POINT (-122.3880887875 37.7891630375),12.501329918052456,1047.4074533070755,android,6.244159092280759,6.486701042973664e-08,1.5690941879142883e-09
80,37.789107275,-122.388097175,1564103790.0,2019-07-25T18:16:30-07:00,POINT (-122.388097175 37.789107275),9.88083414365278,1052.0253061268509,android,6.244159157147769,6.643610461765093e-08,-1.5691625776526053e-09
81,37.7890515125,-122.3881055625,1564103791.0,2019-07-25T18:16:31-07:00,POINT (-122.3881055625 37.7890515125),7.3049908440088895,1057.6988399108925,android,6.244159223583874,6.486694203999832e-08,6.371294603013666e-10
82,37.78899575,-122.38811395,1564103792.0,2019-07-25T18:16:32-07:00,POINT (-122.38811395 37.78899575),4.8417652610450475,1063.2458890743408,android,6.244159288450816,6.550407150029969e-08,1.0793330673664059e-09
83,37.7889399875,-122.38812233750001,1564103793.0,2019-07-25T18:16:33-07:00,POINT (-122.38812233750001 37.7889399875),2.4167500835980205,1068.9855106404423,android,6.244159353954887,6.65834045676661e-08,-1.7165611154723592e-09
84,37.788884225000004,-122.388130725,1564103794.0,2019-07-25T18:16:34-07:00,POINT (-122.388130725 37.788884225000004),0.008268582666387796,1074.7251317467028,android,6.244159420538292,6.486684345219373e-08,3.0406168248094954
85,37.7888284625,-122.3881391125,1564103795.0,2019-07-25T18:16:35-07:00,POINT (-122.3881391125 37.7888284625),2.4332905735529993,1080.464750439183,android,6.244159485405135,3.040616889676339,-10.433025468727887
86,37.7887727,-122.3881475,1564103796.0,2019-07-25T18:16:36-07:00,POINT (-122.3881475 37.7887727),4.713350043471871,1086.5637834128918,android,9.284776375081474,-7.392408579051548,8.451333330171696
87,37.7886892,-122.3881475,1564103797.0,2019-07-25T18:16:37-07:00,POINT (-122.3881475 37.7886892),6.6073218598733146,1095.632618235205,android,1.8923677960299268,1.0589247511201494,-0.35297488007626726
88,37.78866023333333,-122.38820069999998,1564103800.0,2019-07-25T18:16:40-07:00,POINT (-122.38820069999998 37.78866023333333),11.849778642685482,1097.8210129125357,android,5.069142049390375,1.1089134765995823e-07,7.182317120127915
89,37.78861546666667,-122.3881898,1564103801.0,2019-07-25T18:16:41-07:00,POINT (-122.3881898 37.78861546666667),11.925696553147555,1102.8792747454804,android,5.069142160281722,7.182317231019263,-10.109816728265958
90,37.7885707,-122.3881789,1564103802.0,2019-07-25T18:16:42-07:00,POINT (-122.3881789 37.7885707),12.001613328403025,1107.9375366760714,android,12.251459391300985,-2.9274994972466946,2.2129418912939984
91,37.788461,-122.3881919,1564103803.0,2019-07-25T18:16:43-07:00,POINT (-122.3881919 37.788461),15.610367471720132,1119.6179100540348,android,9.32395989405429,-0.7145576059526961,-0.7767453837029201
92,37.7882934,-122.3881994,1564103805.0,2019-07-25T18:16:45-07:00,POINT (-122.3881994 37.7882934),19.860336191808653,1138.0675871650967,android,7.894844682148898,-2.2680483733585364,2.2680484267015304
93,37.7882224,-122.3881995,1564103806.0,2019-07-25T18:16:46-07:00,POINT (-122.3881995 37.7882224),21.331627838821284,1145.8065717829945,android,5.626796308790362,5.33429940219321e-08,-0.3213945122046189
94,37.78817215,-122.38819195,1564103807.0,2019-07-25T18:16:47-07:00,POINT (-122.38819195 37.78817215),21.71226626164739,1151.530398235452,android,5.626796362133356,-0.3213944588616249,-1.9884558419351772
95,37.7881219,-122.3881844,1564103808.0,2019-07-25T18:16:48-07:00,POINT (-122.3881844 37.7881219),22.062726650228033,1157.1342851349466,android,5.305401903271731,-2.309850300796802,11.83479384872167
96,37.7880745,-122.3881775,1564103809.0,2019-07-25T18:16:49-07:00,POINT (-122.3881775 37.7880745),22.41251914938637,1162.416821569018,android,2.995551602474929,9.524943547924869,-12.260027175703119
97,37.7880596,-122.3881491,1564103810.0,2019-07-25T18:16:50-07:00,POINT (-122.3881491 37.7880596),20.25055460920487,1164.4934517518732,android,12.520495150399798,-2.73508362777825,-6.221438978185171
98,37.7879501,-122.3881823,1564103811.0,2019-07-25T18:16:51-07:00,POINT (-122.3881823 37.7879501),24.786674509771405,1177.1607729979573,android,9.785411522621548,-8.956522605963421,9.730152456955684
99,37.7878635,-122.3881625,1564103812.0,2019-07-25T18:16:52-07:00,POINT (-122.3881625 37.7878635),24.172867444313653,1187.366183441457,android,0.8288889166581258,0.7736298509922629,-0.05157512798947021
100,37.787761700735345,-122.38810396878881,1564103827.0,2019-07-25T18:17:07-07:00,POINT (-122.38810396878881 37.787761700735345),20.078601118352708,1200.2188006673946,android,12.43333668154207,2.931150209661837e-06,-5.199769503860807e-10
101,37.78765990147069,-122.3880454375776,1564103828.0,2019-07-25T18:17:08-07:00,POINT (-122.3880454375776 37.78765990147069),15.447809984320665,1212.75419734946,android,12.43333961269228,2.930630232711451e-06,1.0298446539991346e-09
102,37.787558102206035,-122.3879869063664,1564103829.0,2019-07-25T18:17:09-07:00,POINT (-122.3879869063664 37.787558102206035),10.209851533718192,1224.5910675245511,android,12.433342543322512,2.93166007736545e-06,-5.199769503860807e-10
103,37.78745630294138,-122.3879283751552,1564103830.0,2019-07-25T18:17:10-07:00,POINT (-122.3879283751552 37.78745630294138),4.4664495946825,1235.5978346591642,android,12.43334547498259,2.931140100415064e-06,-5.199822794565989e-10
104,37.787354503676724,-122.38786984394399,1564103831.0,2019-07-25T18:17:11-07:00,POINT (-122.38786984394399 37.787354503676724),1.1443414666197456,1246.6268343126128,android,12.43334840612269,2.9306201181356073e-06,1.0298517594264922e-09
105,37.78725270441207,-122.38781131273278,1564103832.0,2019-07-25T18:17:12-07:00,POINT (-122.38781131273278 37.78725270441207),6.684654209059372,1257.7372197480893,android,12.433351336742808,2.931649969895034e-06,3.9312788686972713
106,37.78715090514741,-122.38775278152158,1564103833.0,2019-07-25T18:17:13-07:00,POINT (-122.38775278152158 37.78715090514741),12.387879445674377,1268.2973553173235,android,12.433354268392778,3.931281800347241,-7.0494965040059805
107,37.78704910588276,-122.38769425031037,1564103834.0,2019-07-25T18:17:14-07:00,POINT (-122.38769425031037 37.78704910588276),18.419205368713154,1279.1490324026001,android,16.36463606874002,-3.1182147036587393,1.1744125455817538
108,37.786936,-122.3880381,1564103836.0,2019-07-25T18:17:16-07:00,POINT (-122.3880381 37.786936),10.880362720880841,1293.8786428956748,android,10.12820666142254,-0.7693896124952317,1.1203079054135086
109,37.7867925,-122.3881801,1564103838.0,2019-07-25T18:17:18-07:00,POINT (-122.3881801 37.7867925),22.35747096195292,1310.5554354757655,android,8.589427436432077,1.4712261983317854,0.47466690803965284
110,37.78664,-122.3882114,1564103840.0,2019-07-25T18:17:20-07:00,POINT (-122.3882114 37.78664),24.043510652519185,1327.6155027593052,android,11.531879833095648,2.420560014411091,-2.5852735879875746
111,37.7861228,-122.3882586,1564103845.0,2019-07-25T18:17:25-07:00,POINT (-122.3882586 37.7861228),24.580932044014048,1385.1476838436383,android,23.634679905151103,-10.505807925526781,4.747507465142632
112,37.7860183,-122.3880244,1564103846.0,2019-07-25T18:17:26-07:00,POINT (-122.3880244 37.7860183),3.269817813789482,1395.4216487431327,android,13.128871979624321,-5.75830046038415,8.264823868586651
113,37.7859137,-122.3880937,1564103847.0,2019-07-25T18:17:27-07:00,POINT (-122.3880937 37.7859137),8.629718274734397,1407.388183674586,android,7.370571519240172,2.5065234082025016,-1.916416394241364
114,37.7858551,-122.3881329,1564103848.0,2019-07-25T18:17:28-07:00,POINT (-122.3881329 37.7858551),11.665551913448972,1414.0942709634276,android,9.877094927442673,0.5901070139611377,-1.1587706895916874
115,37.7857671,-122.3881482,1564103849.0,2019-07-25T18:17:29-07:00,POINT (-122.3881482 37.7857671),12.395799757591357,1423.9234685889949,android,10.467201941403811,-0.5686636756305496,-2.7043858746504448
116,37.7856934,-122.3882223,1564103850.0,2019-07-25T18:17:30-07:00,POINT (-122.3882223 37.7856934),18.393275251027827,1432.4949663529724,android,9.898538265773261,-3.2730495502809944,3.6746755219224956
117,37.7856054,-122.3882053,1564103851.0,2019-07-25T18:17:31-07:00,POINT (-122.3882053 37.7856054),16.284979417542537,1442.145211753477,android,6.625488715492267,0.401625971641501,-0.0973239151376093
118,37.7851902,-122.3882555,1564103858.0,2019-07-25T18:17:38-07:00,POINT (-122.3882555 37.7851902),17.798155614260466,1488.399327309799,android,9.436870516982774,-0.27964143432176414,-0.946580833007916
119,37.7851105,-122.3882924,1564103859.0,2019-07-25T18:17:39-07:00,POINT (-122.3882924 37.7851105),20.484612592416795,1497.4291161944493,android,9.15722908266101,-1.22622226732968,1.1063246513078455
120,37.785032,-122.3883239,1564103860.0,2019-07-25T18:17:40-07:00,POINT (-122.3883239 37.785032),22.704892541846135,1506.2961082426866,android,7.93100681533133,-0.11989761602183464,-0.11893652056929836
121,37.7843907,-122.388288,1564103869.0,2019-07-25T18:17:49-07:00,POINT (-122.388288 37.7843907),14.976420637769928,1577.0429276402008,android,6.851928271134818,-1.1903263011455198,0.32014964044087524
122,37.7843475,-122.3883436,1564103870.0,2019-07-25T18:17:50-07:00,POINT (-122.3883436 37.7843475),19.584223356541106,1582.1136946501183,android,5.661601969989298,-0.8701766607046446,1.819222734255372
123,37.7843,-122.3883668,1564103871.0,2019-07-25T18:17:51-07:00,POINT (-122.3883668 37.7843),21.315999081914054,1587.4941858797388,android,4.791425309284653,0.9490460735507273,-1.3589879147921755
124,37.7842675,-122.3884026,1564103872.0,2019-07-25T18:17:52-07:00,POINT (-122.3884026 37.7842675),24.25255999597946,1591.2780059057152,android,5.740471382835381,-0.4099418412414482,0.42624749713491555
125,37.7841151,-122.3883677,1564103875.0,2019-07-25T18:17:55-07:00,POINT (-122.3883677 37.7841151),20.197502604678892,1607.978844200995,android,4.510645859111036,0.8688006501632985,1.629224681295402
126,37.784081,-122.3883399,1564103876.0,2019-07-25T18:17:56-07:00,POINT (-122.3883399 37.784081),17.532816860805706,1611.6129461546623,android,5.379446509274334,2.4980253314587006,-3.2461965390232024
127,37.7840367,-122.3883153,1564103877.0,2019-07-25T18:17:57-07:00,POINT (-122.3883153 37.7840367),15.083364907423817,1616.3932771353352,android,7.877471840733035,-0.7481712075645017,-4.915648862171622
128,37.7839945,-122.3882433,1564103878.0,2019-07-25T18:17:58-07:00,POINT (-122.3882433 37.7839945),8.480711446503392,1620.6973388742147,android,7.129300633168533,-5.663820069736124,5.649015535343005
129,37.7839544,-122.38818,1564103879.0,2019-07-25T18:17:59-07:00,POINT (-122.38818 37.7839544),2.656446371460825,1624.8135180403162,android,1.465480563432409,-0.014804534393118685,1.1042039233260286
130,37.7839441,-122.3881493,1564103881.0,2019-07-25T18:18:01-07:00,POINT (-122.3881493 37.7839441),0.10902240969344211,1625.7965532051703,android,1.4358714946461717,2.1936033122589382,-5.558942497452987
131,37.7839356,-122.3881616,1564103882.0,2019-07-25T18:18:02-07:00,POINT (-122.3881616 37.7839356),0.9171795226394077,1626.8012677207184,android,3.62947480690511,-3.3653391851940495,3.5509551723488078
132,37.7839355,-122.3882029,1564103883.0,2019-07-25T18:18:03-07:00,POINT (-122.3882029 37.7839355),4.5471016759903335,1627.0246562286136,android,0.2641356217110604,0.18561598715475824,-0.12839728883110152
133,37.7839306,-122.388125,1564103909.0,2019-07-25T18:18:29-07:00,POINT (-122.388125 37.7839306),2.332612998410503,1627.1669292264887,android,5.090151287734775,-3.1527135224538814,3.1527136847466037
134,37.7839089,-122.388074,1564103910.0,2019-07-25T18:18:30-07:00,POINT (-122.388074 37.7839089),6.956443571544019,1629.3082990358753,android,1.9374377652808936,1.622927221500703e-07,2.4695854970389863
135,37.783901,-122.38805434999999,1564103911.0,2019-07-25T18:18:31-07:00,POINT (-122.38805434999999 37.783901),8.734993618313228,1630.0823069540338,android,1.9374379275736158,2.4695856593317083,-2.736543937512026
136,37.7838931,-122.3880347,1564103912.0,2019-07-25T18:18:32-07:00,POINT (-122.3880347 37.7838931),10.513544012441812,1630.8563144899872,android,4.407023586905324,-0.2669582781803177,0.4279377128585553
137,37.7838614,-122.3880648,1564103913.0,2019-07-25T18:18:33-07:00,POINT (-122.3880648 37.7838614),8.072868844009829,1634.5222326878945,android,4.140065308725006,0.1609794346782376,-2.811399291642824
138,37.7838274,-122.3880456,1564103914.0,2019-07-25T18:18:34-07:00,POINT (-122.3880456 37.7838274),9.980923420436644,1638.1894608037035,android,4.301044743403244,-2.6504198569645863,2.6504199313062187
139,37.7837941,-122.3880207,1564103915.0,2019-07-25T18:18:35-07:00,POINT (-122.3880207 37.7837941),12.385517577960119,1641.749851506196,android,1.6506248864386577,7.434163240560565e-08,-1.2689944650645657e-09
140,37.78378131415207,-122.38801115735647,1564103916.0,2019-07-25T18:18:36-07:00,POINT (-122.38801115735647 37.78378131415207),13.307207068297316,1643.1169890441856,android,1.65062496078029,7.307263794054109e-08,1.2689713724256535e-09
141,37.783768528304144,-122.38800161471293,1564103917.0,2019-07-25T18:18:37-07:00,POINT (-122.38800161471293 37.783768528304144),14.22889684551248,1644.4841264810184,android,1.650625033852928,7.434160931296674e-08,-1.2689951311983805e-09
142,37.783755742456215,-122.38799207206941,1564103918.0,2019-07-25T18:18:38-07:00,POINT (-122.38799207206941 37.783755742456215),15.150586902625639,1645.8512638147251,android,1.6506251081945373,7.307261418176836e-08,1.2689718165148633e-09
143,37.783742956608286,-122.38798252942587,1564103919.0,2019-07-25T18:18:39-07:00,POINT (-122.38798252942587 37.783742956608286),16.072277242102366,1647.218401045644,android,1.6506251812671515,7.434158599828322e-08,-1.2689957973321953e-09
144,37.78373017076036,-122.38797298678234,1564103920.0,2019-07-25T18:18:40-07:00,POINT (-122.38797298678234 37.78373017076036),16.993967863947116,1648.585538176106,android,1.6506252556087375,7.307259020095103e-08,1.268972926737888e-09
145,37.78371738491243,-122.3879634441388,1564103921.0,2019-07-25T18:18:41-07:00,POINT (-122.3879634441388 37.78371738491243),17.9156587703402,1649.9526752032007,android,1.6506253286813277,7.434156312768891e-08,-1.2689969075552199e-09
146,37.7837045990645,-122.38795390149528,1564103922.0,2019-07-25T18:18:42-07:00,POINT (-122.38795390149528 37.7837045990645),18.837349954538627,1651.3198121272778,android,1.6506254030228908,7.30725662201337e-08,6.344806902092159e-10
147,37.78369181321657,-122.38794435885174,1564103923.0,2019-07-25T18:18:43-07:00,POINT (-122.38794435885174 37.78369181321657),19.75904142542633,1652.6869489488088,android,1.650625476095457,7.370704691034291e-08,6.344815783876356e-10
148,37.78367902736864,-122.38793481620822,1564103924.0,2019-07-25T18:18:44-07:00,POINT (-122.38793481620822 37.78367902736864),20.680733176589403,1654.0540856699918,android,1.650625549802504,7.434152848873055e-08,-1.2689982398228494e-09
149,37.78366624152071,-122.38792527356469,1564103925.0,2019-07-25T18:18:45-07:00,POINT (-122.38792527356469 37.78366624152071),21.60402512157842,1655.1945595302607,android,1.6506256241440325,7.30725302489077e-08,1.2689751471839372e-09
150,37.783653455672784,-122.38791573092115,1564103926.0,2019-07-25T18:18:46-07:00,POINT (-122.38791573092115 37.783653455672784),22.540010417335836,1656.5519505942418,android,1.6506256972165627,7.434150539609163e-08,9.6683329584322
151,37.783640669824855,-122.38790618827763,1564103927.0,2019-07-25T18:18:47-07:00,POINT (-122.38790618827763 37.783640669824855),23.475995994449914,1657.9093415538728,android,1.6506257715580681,9.668333032773706,-4.54288503550535
152,37.783627883976926,-122.38789664563409,1564103928.0,2019-07-25T18:18:48-07:00,POINT (-122.38789664563409 37.783627883976926),24.41198185277544,1659.2667324086956,android,11.318958804331775,5.125447997268356,-2.562722105941729
153,37.78342915814561,-122.38795260516969,1564103930.0,2019-07-25T18:18:50-07:00,POINT (-122.38795260516969 37.78342915814561),20.904525213361207,1683.0474709567652,android,21.569854798868487,3.785384897980748e-06,-2.5176518647640478e-09
154,37.78324201629122,-122.38801721033934,1564103931.0,2019-07-25T18:18:51-07:00,POINT (-122.38801721033934 37.78324201629122),16.42846734083572,1702.81427584078,android,21.569858584253385,3.782867246115984e-06,1.412651329246728e-09
155,37.78305487443682,-122.38808181550903,1564103932.0,2019-07-25T18:18:52-07:00,POINT (-122.38808181550903 37.78305487443682),12.057803067871879,1723.8949727352233,android,21.56986236712063,3.7842798974452307e-06,-9.932108469001832e-10
156,37.78286773258243,-122.3881464206787,1564103933.0,2019-07-25T18:18:53-07:00,POINT (-122.3881464206787 37.78286773258243),7.687109323993578,1744.9756665777932,android,21.56986615140053,3.7832866865983306e-06,1.3078889082862588e-09
157,37.78268059072804,-122.38821102584838,1564103934.0,2019-07-25T18:18:54-07:00,POINT (-122.38821102584838 37.78268059072804),3.3163861096920035,1766.0563573689287,android,21.569869934687215,3.784594575506617e-06,-2.3099033796825097e-10
158,37.78249344887365,-122.38827563101803,1564103935.0,2019-07-25T18:18:55-07:00,POINT (-122.38827563101803 37.78249344887365),1.0543665727233718,1787.137045106167,android,21.56987371928179,3.7843635851686486e-06,1.974951846091976
159,37.78230630701926,-122.38834023618772,1564103936.0,2019-07-25T18:18:56-07:00,POINT (-122.38834023618772 37.78230630701926),5.4251487254195165,1808.2177297924293,android,21.569877503645376,1.974955630455561,-14.580640694209235
160,37.782119165164865,-122.38840484135739,1564103937.0,2019-07-25T18:18:57-07:00,POINT (-122.38840484135739 37.782119165164865),9.795960350413738,1829.2984114250307,android,23.544833134100937,-12.605685063753674,12.605686875236447
161,37.78191793972654,-122.38848823142175,1564103938.0,2019-07-25T18:18:58-07:00,POINT (-122.38848823142175 37.78191793972654),15.718951802871736,1852.090735397055,android,10.939148070347263,1.811482773561579e-06,-2.3869561168872337
162,37.78182637945307,-122.38853376284352,1564103939.0,2019-07-25T18:18:59-07:00,POINT (-122.38853376284352 37.78182637945307),19.049290180499874,1862.491978028364,android,10.939149881830037,-2.38695430540446,2.5243046127379456
163,37.78173481917961,-122.38857929426527,1564103940.0,2019-07-25T18:19:00-07:00,POINT (-122.38857929426527 37.78173481917961),22.333662083404626,1873.027008584097,android,8.552195576425577,0.13735030733348555,0.802004010758762
164,37.78120233647239,-122.38867986077878,1564103947.0,2019-07-25T18:19:07-07:00,POINT (-122.38867986077878 37.78120233647239),23.567854045690822,1938.384975859842,android,9.513647727759976,5.75137838264482,-13.662185825010287
165,37.781117348629856,-122.38866738103839,1564103948.0,2019-07-25T18:19:08-07:00,POINT (-122.38866738103839 37.781117348629856),19.667120884089435,1947.0399742383868,android,15.265026110404795,-7.910807442365467,7.910809137879113
166,37.780982871324156,-122.38870231003483,1564103949.0,2019-07-25T18:19:09-07:00,POINT (-122.38870231003483 37.780982871324156),17.49537631242303,1963.4441802150216,android,7.354218668039328,1.695513645927349e-06,-1.2283507544452732e-12
167,37.78092794264831,-122.38874892006966,1564103950.0,2019-07-25T18:19:10-07:00,POINT (-122.38874892006966 37.78092794264831),18.89047933873864,1971.3347635405225,android,7.354220363552974,1.6955124175765945e-06,-1.2256862191861728e-12
168,37.78087301397247,-122.38879553010449,1564103951.0,2019-07-25T18:19:11-07:00,POINT (-122.38879553010449 37.78087301397247),19.885200935040242,1981.0073866059695,android,7.354222059065392,1.6955111918903754e-06,-6.574092381583796e-10
169,37.78081808529662,-122.38884214013932,1564103952.0,2019-07-25T18:19:12-07:00,POINT (-122.38884214013932 37.78081808529662),20.280815155665326,1988.6707983478914,android,7.354223754576584,1.694853782652217e-06,-5.5965681602246775
170,37.78076315662078,-122.38888875017415,1564103953.0,2019-07-25T18:19:13-07:00,POINT (-122.38888875017415 37.78076315662078),20.572146444275283,1996.0127690661363,android,7.354225449430366,-5.596566465370895,11.519237217241267
171,37.78070822794494,-122.38893536020898,1564103954.0,2019-07-25T18:19:14-07:00,POINT (-122.38893536020898 37.78070822794494),20.61830375058247,2004.4741615325545,android,1.7576589840594714,5.922670751870372,-5.922668877515468
172,37.7806951,-122.38894650000002,1564103955.0,2019-07-25T18:19:15-07:00,POINT (-122.38894650000002 37.7806951),20.593196206412944,2006.2300934047933,android,7.680329735929844,1.8743549041744245e-06,2.8062716594945414e-09
173,37.78063797020223,-122.38899561639148,1564103956.0,2019-07-25T18:19:16-07:00,POINT (-122.38899561639148 37.78063797020223),20.250488847125737,2015.2063969322996,android,7.680331610284748,1.877161175833919e-06,-4.212961535188242e-09
174,37.780580840404454,-122.38904473278293,1564103957.0,2019-07-25T18:19:17-07:00,POINT (-122.38904473278293 37.780580840404454),19.586406526894248,2023.9997611998447,android,7.680333487445924,1.8729482142987308e-06,4.161694988624731e-09
175,37.78052371060668,-122.38909384917443,1564103958.0,2019-07-25T18:19:18-07:00,POINT (-122.38909384917443 37.78052371060668),18.59095328484392,2031.6086737046153,android,7.680335360394138,1.8771099092873555e-06,-2.712257973769283e-09
176,37.780466580808906,-122.38914296556588,1564103959.0,2019-07-25T18:19:19-07:00,POINT (-122.38914296556588 37.780466580808906),17.595497821826164,2039.2176155480838,android,7.680337237504047,1.8743976513135863e-06,-2.692167400078418
177,37.780409451011124,-122.38919208195736,1564103960.0,2019-07-25T18:19:20-07:00,POINT (-122.38919208195736 37.780409451011124),16.503831858820288,2047.6518863638435,android,7.680339111901699,-2.6921655256807666,-1.6395461592218412
178,37.78035232121335,-122.38924119834884,1564103961.0,2019-07-25T18:19:21-07:00,POINT (-122.38924119834884 37.78035232121335),15.130444259902747,2055.201744986854,android,4.988173586220932,-4.331711684902608,4.331711697312533
179,37.78031522426476,-122.38927311172462,1564103962.0,2019-07-25T18:19:22-07:00,POINT (-122.38927311172462 37.78031522426476),14.239892257983172,2060.105439939575,android,0.6564619013183246,1.240992508755312e-08,2.060916326485085e-09
180,37.78031034852952,-122.38927732344922,1564103963.0,2019-07-25T18:19:23-07:00,POINT (-122.38927732344922 37.78031034852952),14.123928242541028,2060.751012357878,android,0.6564619137282497,1.4470841414038205e-08,6.525147089320171e-10
181,37.78030547279428,-122.38928153517381,1564103964.0,2019-07-25T18:19:24-07:00,POINT (-122.38928153517381 37.78030547279428),14.007964274555237,2061.396584797701,android,0.6564619281990911,1.5123356122970222e-08,-0.4785608306526481
182,37.780300597059046,-122.38928574689841,1564103965.0,2019-07-25T18:19:25-07:00,POINT (-122.38928574689841 37.780300597059046),13.892000352116352,2062.0421572578334,android,0.6564619433224472,-0.47856081552929197,0.41568521465765174
183,37.7802957213238,-122.38928995862302,1564103966.0,2019-07-25T18:19:26-07:00,POINT (-122.38928995862302 37.7802957213238),13.776036480386308,2062.687729742652,android,0.17790112779315526,-0.06287560087164025,0.06287559993693281
184,37.7802944,-122.3892911,1564103967.0,2019-07-25T18:19:27-07:00,POINT (-122.3892911 37.7802944),13.744610287921455,2062.86267982869,android,0.115025526921515,-9.347074364507435e-10,2.711310870262551e-09
185,37.78029354461905,-122.38929183602546,1564103968.0,2019-07-25T18:19:28-07:00,POINT (-122.38929183602546 37.78029354461905),13.724086503546694,2062.975759539854,android,0.11502552598680757,1.7766034338118075e-09,-6.53319287557963e-10
186,37.7802926892381,-122.38929257205092,1564103969.0,2019-07-25T18:19:29-07:00,POINT (-122.38929257205092 37.7802926892381),13.703562721472288,2063.0888392506586,android,0.115025527763411,1.1232841462538445e-09,-2.057991652093527e-09
187,37.78029183385715,-122.38929330807639,1564103970.0,2019-07-25T18:19:30-07:00,POINT (-122.38929330807639 37.78029183385715),13.683038940157148,2063.2019189628522,android,0.11502552888669515,-9.347075058396825e-10,-0.10621863869285669
188,37.780290978476195,-122.38929404410187,1564103971.0,2019-07-25T18:19:31-07:00,POINT (-122.38929404410187 37.780290978476195),13.662515161919012,2063.314998677393,android,0.11502552795198764,-0.1062186396275642,0.10312563496554013
189,37.78029012309525,-122.38929478012734,1564103972.0,2019-07-25T18:19:32-07:00,POINT (-122.38929478012734 37.78029012309525),13.641991383746895,2063.428078390698,android,0.008806888324423442,-0.003093004662024075,0.003093006409366306
190,37.78029005453857,-122.38929483030763,1564103973.0,2019-07-25T18:19:33-07:00,POINT (-122.38929483030763 37.78029005453857),13.639794196256908,2063.436596510776,android,0.005713883662399367,1.7473422309760567e-09,-2.910964520645709e-09
191,37.780290009077135,-122.38929486061524,1564103974.0,2019-07-25T18:19:34-07:00,POINT (-122.38929486061524 37.780290009077135),13.638151149212208,2063.4420614797596,android,0.005713885409741598,-1.1636222896696524e-09,1.1643859374951826e-09
192,37.7802899636157,-122.38929489092288,1564103975.0,2019-07-25T18:19:35-07:00,POINT (-122.38929489092288 37.7802899636157),13.636508102860759,2063.4475264513685,android,0.005713884246119308,7.636478255301782e-13,-5.821926508595143e-10
193,37.78028991815427,-122.3892949212305,1564103976.0,2019-07-25T18:19:36-07:00,POINT (-122.3892949212305 37.78028991815427),13.63486505581606,2063.4529914203517,android,0.005713884246882956,-5.814290030339841e-10,2.440917936345045
194,37.78028987269283,-122.38929495153812,1564103977.0,2019-07-25T18:19:37-07:00,POINT (-122.38929495153812 37.78028987269283),13.63322200946461,2063.4584563919607,android,0.005713883665453953,2.4409179357636157,-2.442798858907802
195,37.7802898272314,-122.38929498184572,1564103978.0,2019-07-25T18:19:38-07:00,POINT (-122.38929498184572 37.7802898272314),13.631578961445216,2063.463921361945,android,2.4466318194290695,-0.0018809231441863083,0.0018809912699540021
196,37.780287685346096,-122.3893226887495,1564103979.0,2019-07-25T18:19:39-07:00,POINT (-122.3893226887495 37.780287685346096),15.201407955349538,2065.3468223293085,android,2.444750896284883,6.812576769377188e-08,1.167130392332183e-09
197,37.7802855706922,-122.38935037749901,1564103980.0,2019-07-25T18:19:40-07:00,POINT (-122.38935037749901 37.7802855706922),16.77222173569871,2067.2264493552166,android,2.444750964410651,6.929289808610406e-08,1.1671317245998125e-09
198,37.7802834560383,-122.38937806624851,1564103981.0,2019-07-25T18:19:41-07:00,POINT (-122.38937806624851 37.7802834560383),18.34303611728992,2069.106075958518,android,2.444751033703549,7.046002981070387e-08,-2.334272330983822e-09
199,37.780281341384395,-122.38940575499801,1564103982.0,2019-07-25T18:19:42-07:00,POINT (-122.38940575499801 37.780281341384395),19.91385110150616,2070.985702137959,android,2.4447511041635788,6.812575747972005e-08,2.5814514649578446
200,37.7802792267305,-122.38943344374752,1564103983.0,2019-07-25T18:19:43-07:00,POINT (-122.38943344374752 37.7802792267305),21.48466668590634,2072.8653278957127,android,2.4447511722893362,2.581451533083602,-2.540081191546246
201,37.7802771120766,-122.38946113249702,1564103984.0,2019-07-25T18:19:44-07:00,POINT (-122.38946113249702 37.7802771120766),23.055482872848163,2074.7449532295254,android,5.026202705372938,0.0413703415373563,-0.04136984261162446
202,37.78023564062352,-122.389438382341,1564103985.0,2019-07-25T18:19:45-07:00,POINT (-122.389438382341 37.78023564062352),18.397568582623283,2076.613057542855,android,5.067573046910295,4.989257318399609e-07,3.0074396306645212e-09
203,37.78019428124704,-122.389414164682,1564103986.0,2019-07-25T18:19:46-07:00,POINT (-122.389414164682 37.78019428124704),13.656399774291838,2078.3815397243197,android,5.0675735458360265,5.019331714706254e-07,-3.5324534408687214e-09
204,37.78015292187057,-122.389389947023,1564103987.0,2019-07-25T18:19:47-07:00,POINT (-122.389389947023 37.78015292187057),8.915229684421865,2080.1500198548515,android,5.067574047769198,4.984007180297567e-07,-4.010863343981633
205,37.780111562494085,-122.38936572936399,1564103988.0,2019-07-25T18:19:48-07:00,POINT (-122.38936572936399 37.780111562494085),4.174058308303172,2081.918497933114,android,5.067574546169916,-4.010862845580915,3.924713140793056
206,37.78007020311761,-122.389341511705,1564103989.0,2019-07-25T18:19:49-07:00,POINT (-122.389341511705 37.78007020311761),0.567114349595554,2083.6869739608583,android,1.0567117005890014,-0.08614970478785877,0.08614972288224798
207,37.780061582973,-122.38933645004309,1564103990.0,2019-07-25T18:19:50-07:00,POINT (-122.38933645004309 37.780061582973),1.55616272864367,2084.0546819343285,android,0.9705619958011427,1.8094389209188932e-08,6.70188349261025e-10
208,37.780053665946,-122.38933180008617,1564103991.0,2019-07-25T18:19:51-07:00,POINT (-122.38933180008617 37.780053665946),2.464610268874439,2084.392325405732,android,0.9705620138955319,1.8764577558449957e-08,-6.701920129970063e-10
209,37.780045748918994,-122.38932715012928,1564103992.0,2019-07-25T18:19:52-07:00,POINT (-122.38932715012928 37.780045748918994),3.373057852788089,2084.72996880469,android,0.9705620326601094,1.809438554545295e-08,-0.20867099405086487
210,37.780037831891995,-122.38932250017236,1564103993.0,2019-07-25T18:19:53-07:00,POINT (-122.38932250017236 37.780037831891995),4.281505487947693,2085.0676121257857,android,0.970562050754495,-0.20867097595647932,-0.25959317580970104
211,37.78002991486499,-122.38931785021546,1564103994.0,2019-07-25T18:19:54-07:00,POINT (-122.38931785021546 37.78002991486499),5.189953168049829,2085.4052553725587,android,0.7618910747980157,-0.46826415176618036,0.46826415469281196
212,37.7800237,-122.3893142,1564103995.0,2019-07-25T18:19:55-07:00,POINT (-122.3893142 37.7800237),5.903084491731458,2085.6703052165126,android,0.2936269230318353,2.9266316037279694e-09,-1.9589690980481578e-09
213,37.780021304434825,-122.3893127943378,1564103996.0,2019-07-25T18:19:56-07:00,POINT (-122.3893127943378 37.780021304434825),6.177882186089086,2085.7725534913066,android,0.2936269259584669,9.676625056798116e-10,9.080609597589273e-10
214,37.78001890886964,-122.38931138867558,1564103997.0,2019-07-25T18:19:57-07:00,POINT (-122.38931138867558 37.78001890886964),6.452679887618867,2085.874801759115,android,0.2936269269261294,1.875723465438739e-09,-3.826069461254633e-10
215,37.78001651330447,-122.38930998301336,1564103998.0,2019-07-25T18:19:58-07:00,POINT (-122.38930998301336 37.78001651330447),6.7274775926287695,2085.9770500189843,android,0.29362692880185287,1.4931165193132756e-09,-0.15769144176919195
216,37.780014117739285,-122.38930857735116,1564103999.0,2019-07-25T18:19:59-07:00,POINT (-122.38930857735116 37.780014117739285),7.002275301075332,2086.0792982742064,android,0.2936269302949694,-0.15769144027607543,0.14271733482218968
217,37.78001172217411,-122.38930717168894,1564104000.0,2019-07-25T18:20:00-07:00,POINT (-122.38930717168894 37.78001172217411),7.277073014094864,2086.181546519774,android,0.13593549001889396,-0.014974105453885764,0.014974106959780242
218,37.78001060786862,-122.38930653551145,1564104001.0,2019-07-25T18:20:01-07:00,POINT (-122.38930653551145 37.78001060786862),7.403788444567597,2086.2302006589703,android,0.1209613845650082,1.505894478559533e-09,-1.9533830664109075e-09
219,37.78000961573724,-122.38930597102292,1564104002.0,2019-07-25T18:20:02-07:00,POINT (-122.38930597102292 37.78000961573724),7.5164891584130995,2086.2736401230995,android,0.12096138607090268,-4.474885878513746e-10,1.953383108044271e-09
220,37.78000862360586,-122.38930540653438,1564104003.0,2019-07-25T18:20:03-07:00,POINT (-122.38930540653438 37.78000862360586),7.629189876793308,2086.3170795867118,android,0.12096138562341409,1.5058945201928964e-09,-0.018628061856237554
221,37.78000763147448,-122.38930484204583,1564104004.0,2019-07-25T18:20:04-07:00,POINT (-122.38930484204583 37.78000763147448),7.741890593206744,2086.3605190496396,android,0.12096138712930861,-0.018628060350343034,1.7026055240319296
222,37.7800066393431,-122.38930427755727,1564104005.0,2019-07-25T18:20:05-07:00,POINT (-122.38930427755727 37.7800066393431),7.854591312446995,2086.4039585104647,android,0.10233332677896557,1.6839774636815865,-1.6839774522130582
223,37.7800058,-122.38930380000001,1564104006.0,2019-07-25T18:20:06-07:00,POINT (-122.38930380000001 37.7800058),7.94993611391289,2086.440708293889,android,1.7863107904605522,1.1468528349212193e-08,-1.2850507324912996e-09
224,37.780005429317605,-122.38932412013497,1564104007.0,2019-07-25T18:20:07-07:00,POINT (-122.38932412013497 37.780005429317605),6.705095515002089,2087.726840597171,android,1.7863108019290805,1.0183477616720893e-08,-3.727534725328496e-09
225,37.780005058635204,-122.38934444026997,1564104008.0,2019-07-25T18:20:08-07:00,POINT (-122.38934444026997 37.780005058635204),5.4602546296314705,2089.0129726360306,android,1.7863108121125582,6.455942891392397e-09,3.763996447858631e-09
226,37.78000468795281,-122.38936476040497,1564104009.0,2019-07-25T18:20:09-07:00,POINT (-122.38936476040497 37.78000468795281),4.215413459144068,2090.29910440851,android,1.786310818568501,1.0219939339251027e-08,-0.11611030873995287
227,37.78000431727042,-122.38938508053995,1564104010.0,2019-07-25T18:20:10-07:00,POINT (-122.38938508053995 37.78000431727042),2.97057201024292,2091.585235911981,android,1.7863108287884404,-0.11611029852001353,2.273998722336878
228,37.78000394658802,-122.38940540067495,1564104011.0,2019-07-25T18:20:11-07:00,POINT (-122.38940540067495 37.78000394658802),1.7257302763083868,2092.8713671489904,android,1.6702005302684269,2.1578884238168645,-2.157888360672793
229,37.7800036,-122.3894244,1564104012.0,2019-07-25T18:20:12-07:00,POINT (-122.3894244 37.7800036),0.5618030696367936,2094.073899540001,android,3.8280889540852914,6.314407130503241e-08,-7.089222542333573e-10
230,37.77996979499297,-122.38941615866895,1564104013.0,2019-07-25T18:20:13-07:00,POINT (-122.38941615866895 37.77996979499297),3.71281850448482,2096.233941252372,android,3.8280890172293627,6.243514905079905e-08,2.3628077272519477e-10
231,37.779935989985944,-122.38940791733788,1564104014.0,2019-07-25T18:20:14-07:00,POINT (-122.38940791733788 37.779935989985944),6.8638343421782055,2098.393982457338,android,3.8280890796645117,6.267142982352425e-08,-2.042810365310288e-14
232,37.779902184978916,-122.38939967600682,1564104015.0,2019-07-25T18:20:15-07:00,POINT (-122.38939967600682 37.779902184978916),10.014850583366755,2100.5540231555665,android,3.8280891423359416,6.26714093954206e-08,-1.9539925233402755e-14
233,37.77986837997189,-122.38939143467576,1564104016.0,2019-07-25T18:20:16-07:00,POINT (-122.38939143467576 37.77986837997189),13.16586722874371,2102.7140633444315,android,3.828089205007351,6.267138985549536e-08,3.6049227038405407
234,37.77983457496486,-122.3893831933447,1564104017.0,2019-07-25T18:20:17-07:00,POINT (-122.3893831933447 37.77983457496486),16.30018162922394,2105.0130461268636,android,3.828089267678741,3.6049227665119306,-4.206518781224877
235,37.77980076995783,-122.38937495201364,1564104018.0,2019-07-25T18:20:18-07:00,POINT (-122.38937495201364 37.77980076995783),19.4326822655819,2107.1998520107436,android,7.433012034190671,-0.6015960147129462,0.6015980228513911
236,37.77975929523862,-122.38944128095102,1564104019.0,2019-07-25T18:20:19-07:00,POINT (-122.38944128095102 37.77975929523862),18.444264788622117,2114.5698521501204,android,6.831416019477725,2.0081384448644712e-06,2.936522136565145e-09
237,37.779732390477236,-122.38951116190205,1564104020.0,2019-07-25T18:20:20-07:00,POINT (-122.38951116190205 37.779732390477236),16.0674578837476,2121.144787565503,android,6.83141802761617,2.0110749670010364e-06,-4.061473823924189e-09
238,37.77970548571586,-122.38958104285307,1564104021.0,2019-07-25T18:20:21-07:00,POINT (-122.38958104285307 37.77970548571586),13.91782426410452,2126.01614892578,android,6.831420038691137,2.007013493177112e-06,-0.81977020599484
239,37.779678580954474,-122.3896509238041,1564104022.0,2019-07-25T18:20:22-07:00,POINT (-122.3896509238041 37.779678580954474),11.82050619650329,2133.643630415676,android,6.83142204570463,-0.8197681989813468,-3.540349902243679
240,37.7796516761931,-122.3897208047551,1564104023.0,2019-07-25T18:20:23-07:00,POINT (-122.3897208047551 37.7796516761931),9.606349793049318,2140.115021878574,android,6.011653846723283,-4.360118101225026,4.3601182201437
241,37.779628,-122.38978230000001,1564104024.0,2019-07-25T18:20:24-07:00,POINT (-122.38978230000001 37.779628),7.657886588483831,2145.8098469926545,android,1.6515357454982578,1.1891867401914169e-07,-6.91984469725071e-10
242,37.77962149593481,-122.38979919430933,1564104025.0,2019-07-25T18:20:25-07:00,POINT (-122.38979919430933 37.77962149593481),7.122562722993503,2147.3743301114205,android,1.6515358644169318,1.1822668954941662e-07,-3.022465167035193e-09
243,37.779614991869614,-122.38981608861867,1564104026.0,2019-07-25T18:20:26-07:00,POINT (-122.38981608861867 37.779614991869614),6.58723847992673,2148.9388132229305,android,1.6515359826436213,1.1520422438238143e-07,3.7144045617054644e-09
244,37.779608487804424,-122.38983298292803,1564104027.0,2019-07-25T18:20:27-07:00,POINT (-122.38983298292803 37.779608487804424),6.051913861590805,2150.5032963262024,android,1.6515360978478457,1.1891862894408689e-07,-2.9376081567278334e-09
245,37.779601983739234,-122.38984987723735,1564104028.0,2019-07-25T18:20:28-07:00,POINT (-122.38984987723735 37.779601983739234),5.5165888684856395,2152.0677794187686,android,1.6515362167664747,1.1598102078735906e-07,-1.2214023240789846
246,37.779595479674036,-122.38986677154669,1564104029.0,2019-07-25T18:20:29-07:00,POINT (-122.38986677154669 37.779595479674036),4.981263499857371,2153.632262505977,android,1.6515363327474955,-1.2214022080979638,0.9736724596136495
247,37.779588975608846,-122.38988366585602,1564104030.0,2019-07-25T18:20:30-07:00,POINT (-122.38988366585602 37.779588975608846),4.44593775645986,2155.1967455824797,android,0.4301341246495316,-0.24772974848431434,0.24772975069463393
248,37.77958727722455,-122.3898880631545,1564104031.0,2019-07-25T18:20:31-07:00,POINT (-122.3898880631545 37.77958727722455),4.307033907901463,2155.6043824323133,android,0.18240437616521726,2.2103195940204046e-09,-1.894204321173376e-09
249,37.7795865544491,-122.38988992630898,1564104032.0,2019-07-25T18:20:32-07:00,POINT (-122.38988992630898 37.7795865544491),4.248428875343706,2155.7773470440598,android,0.18240437837553686,3.1611527284702845e-10,3.7116050510821452e-09
250,37.77958583167365,-122.38989178946348,1564104033.0,2019-07-25T18:20:33-07:00,POINT (-122.38989178946348 37.77958583167365),4.189823836279838,2155.950311657025,android,0.18240437869165213,4.027720323929174e-09,-4.059724501015438e-09
251,37.7795851088982,-122.38989365261796,1564104034.0,2019-07-25T18:20:34-07:00,POINT (-122.38989365261796 37.7795851088982),4.131218792614171,2156.1232762666864,android,0.18240438271937245,-3.200417708626446e-11,-0.1411809797084147
252,37.77958438612275,-122.38989551577247,1564104035.0,2019-07-25T18:20:35-07:00,POINT (-122.38989551577247 37.77958438612275),4.072613745398642,2156.2962408805374,android,0.18240438268736828,-0.14118097974041888,13.454172320654305
253,37.7795836633473,-122.38989737892696,1564104036.0,2019-07-25T18:20:36-07:00,POINT (-122.38989737892696 37.7795836633473),4.014008693006888,2156.469205490342,android,0.04122340294694939,13.312991340913886,-13.312983651061673
254,37.7795835,-122.3898978,1564104037.0,2019-07-25T18:20:37-07:00,POINT (-122.3898978 37.7795835),4.000763946282671,2156.5082955049265,android,13.354214743860835,7.689852212777737e-06,-4.497072936260338e-09
255,37.77953079773947,-122.39003433783283,1564104038.0,2019-07-25T18:20:38-07:00,POINT (-122.39003433783283 37.77953079773947),0.31488715510368426,2169.162981668851,android,13.354222433713048,7.685355139841477e-06,2.236436813518594e-09
256,37.779478095478936,-122.39017087566569,1564104039.0,2019-07-25T18:20:39-07:00,POINT (-122.39017087566569 37.779478095478936),4.630562812375243,2181.8176673265525,android,13.354230119068188,7.687591576654995e-06,3.3864466786326375e-10
257,37.7794253932184,-122.39030741349852,1564104040.0,2019-07-25T18:20:40-07:00,POINT (-122.39030741349852 37.7794253932184),8.946263022962762,2194.4723524708747,android,13.354237806659764,7.687930221322858e-06,1.543016381333473e-09
258,37.77937269095787,-122.39044395133135,1564104041.0,2019-07-25T18:20:41-07:00,POINT (-122.39044395133135 37.77937269095787),13.26198778694875,2207.1270371019004,android,13.354245494589986,7.689473237704192e-06,-4.132282799626456
259,37.77931998869733,-122.39058048916418,1564104042.0,2019-07-25T18:20:42-07:00,POINT (-122.39058048916418 37.77931998869733),17.577737105169593,2219.78172122506,android,13.354253184063223,-4.132275110153218,2.8612839012301334
260,37.7792672864368,-122.39071702699704,1564104043.0,2019-07-25T18:20:43-07:00,POINT (-122.39071702699704 37.7792672864368),21.893510978685217,2232.436404836153,android,9.221978073910005,-1.2709912089230846,1.270993334093606
261,37.779203623921234,-122.39078427832948,1564104044.0,2019-07-25T18:20:44-07:00,POINT (-122.39078427832948 37.779203623921234),21.049110908604582,2241.615398150767,android,7.950986864986921,2.1251705213387595e-06,1.6293499882635842e-09
262,37.779145547842475,-122.39083705665895,1564104045.0,2019-07-25T18:20:45-07:00,POINT (-122.39083705665895 37.779145547842475),19.785614898555114,2249.2941914600847,android,7.950988990157442,2.126799871327023e-06,-9.040999060516697e-10
263,37.77908747176371,-122.3908898349884,1564104046.0,2019-07-25T18:20:46-07:00,POINT (-122.3908898349884 37.77908747176371),18.546765686742035,2257.142001767062,android,7.950991116957313,2.1258957714209714e-06,-2.3556556015829067
264,37.77902939568495,-122.39094261331788,1564104047.0,2019-07-25T18:20:47-07:00,POINT (-122.39094261331788 37.77902939568495),17.317300636746115,2264.887433450791,android,7.950993242853085,-2.3556534756871352,2.18896468203726
265,37.778971319606185,-122.39099539164734,1564104048.0,2019-07-25T18:20:48-07:00,POINT (-122.39099539164734 37.778971319606185),16.124896669862775,2272.7424389363873,android,5.5953397671659495,-0.16668879364987532,0.16668990021241914
266,37.77893219708633,-122.39103543203991,1564104049.0,2019-07-25T18:20:49-07:00,POINT (-122.39103543203991 37.77893219708633),15.603774579688809,2278.310522404371,android,5.428650973516074,1.1065625438178017e-06,-2.188373038336522e-09
267,37.77889429417265,-122.39107436407983,1564104050.0,2019-07-25T18:20:50-07:00,POINT (-122.39107436407983 37.77889429417265),15.107696621077016,2283.7136509582656,android,5.428652080078618,1.1043741707794652e-06,2.8005660013263878e-09
268,37.77885639125898,-122.39111329611976,1564104051.0,2019-07-25T18:20:51-07:00,POINT (-122.39111329611976 37.77885639125898),14.611622216395842,2289.1167809064027,android,5.428653184452789,1.1071747367807916e-06,-0.08349244047479853
269,37.77881848834531,-122.39115222815967,1564104052.0,2019-07-25T18:20:52-07:00,POINT (-122.39115222815967 37.77881848834531),14.017684218218504,2294.8013070519437,android,5.4286542916275256,-0.08349133330006175,-0.5356304647730923
270,37.77878058543163,-122.3911911601996,1564104053.0,2019-07-25T18:20:53-07:00,POINT (-122.3911911601996 37.77878058543163),13.41364032901239,2300.193436227936,android,5.345162958327464,-0.619121798073154,0.6191218141041004
271,37.7787325314024,-122.39119273787071,1564104054.0,2019-07-25T18:20:54-07:00,POINT (-122.39119273787071 37.7787325314024),9.85929043803443,2303.4955592548354,android,4.72604116025431,1.6030946348166708e-08,1.9711601240146592e-09
272,37.778690162804786,-122.3911884757414,1564104055.0,2019-07-25T18:20:55-07:00,POINT (-122.3911884757414 37.778690162804786),6.4075904397467776,2306.7087905746716,android,4.726041176285256,1.8002106472181367e-08,-1.773192259690859e-09
273,37.77864779420718,-122.39118421361212,1564104056.0,2019-07-25T18:20:56-07:00,POINT (-122.39118421361212 37.77864779420718),2.95589018335191,2309.9220215915234,android,4.726041194287363,1.622891421249051e-08,-0.3024661241487516
274,37.77860542560957,-122.39117995148281,1564104057.0,2019-07-25T18:20:57-07:00,POINT (-122.39117995148281 37.77860542560957),0.4958103410090138,2313.135252302757,android,4.726041210516277,-0.3024661079198374,4.781573840811333
275,37.778563057011965,-122.3911756893535,1564104058.0,2019-07-25T18:20:58-07:00,POINT (-122.3911756893535 37.778563057011965),3.947511126991587,2316.348482711596,android,4.423575102596439,4.479107732891496,-4.479104433512175
276,37.7785234,-122.39117170000002,1564104059.0,2019-07-25T18:20:59-07:00,POINT (-122.39117170000002 37.7785234),7.17830367582296,2319.3560664485426,android,8.902682835487935,3.2993793208646593e-06,-2.2762893792105388e-09
277,37.77846509851427,-122.39124112675103,1564104060.0,2019-07-25T18:21:00-07:00,POINT (-122.39124112675103 37.77846509851427),7.585095237184984,2327.727481513722,android,8.902686134867256,3.297103031485449e-06,1.414386829878822e-09
278,37.778406797028545,-122.39131055350207,1564104061.0,2019-07-25T18:21:01-07:00,POINT (-122.39131055350207 37.778406797028545),8.08762269479587,2336.614094351237,android,8.902689431970288,3.2985174183153276e-06,-2.5883400971409545
279,37.778348495542815,-122.39137998025308,1564104062.0,2019-07-25T18:21:02-07:00,POINT (-122.39137998025308 37.778348495542815),8.191635474668109,2346.0606773215045,android,8.902692730487706,-2.588336798623536,-3.6090114867189262
280,37.77829019405709,-122.3914494070041,1564104063.0,2019-07-25T18:21:03-07:00,POINT (-122.3914494070041 37.77829019405709),8.100635601829417,2354.9610286524485,android,6.31435593186417,-6.197348285342462,6.197348285901383
281,37.77824956968622,-122.39149960783503,1564104064.0,2019-07-25T18:21:04-07:00,POINT (-122.39149960783503 37.77824956968622),8.241303796667571,2360.363053872257,android,0.11700764652170728,5.589207568990062e-10,-2.828705991664293e-09
282,37.77825033937244,-122.39150051567005,1564104065.0,2019-07-25T18:21:05-07:00,POINT (-122.39150051567005 37.77825033937244),8.124421500993535,2360.3678497162487,android,0.11700764708062804,-2.269785234765287e-09,3.4066151149980683e-09
283,37.77825110905866,-122.39150142350509,1564104066.0,2019-07-25T18:21:06-07:00,POINT (-122.39150142350509 37.77825110905866),8.007539204509287,2360.37264556046,android,0.1170076448108428,1.1368298802327814e-09,-0.10916814629856215
284,37.778251878744875,-122.3915023313401,1564104067.0,2019-07-25T18:21:07-07:00,POINT (-122.3915023313401 37.778251878744875),7.890656909173778,2360.377441403356,android,0.11700764594767268,-0.10916814516173227,0.1341776237564856
285,37.77825264843109,-122.39150323917515,1564104068.0,2019-07-25T18:21:08-07:00,POINT (-122.39150323917515 37.77825264843109),7.773774614559704,2360.3822372447185,android,0.007839500785940411,0.025009478594753325,0.24824122042138747
286,37.7782527,-122.3915033,1564104069.0,2019-07-25T18:21:09-07:00,POINT (-122.3915033 37.7782527),7.765943511520896,2360.382558564004,android,0.032848979380693734,0.2732506990161408,-0.011880448240039336
287,37.7782565293955,-122.39151040121082,1564104092.0,2019-07-25T18:21:32-07:00,POINT (-122.39151040121082 37.7782565293955),7.035816771948964,2360.5788092693983,android,6.317615056751931,3.894952360639081e-07,-7.229816745280004e-10
288,37.77820214409325,-122.39148960181623,1564104093.0,2019-07-25T18:21:33-07:00,POINT (-122.39148960181623 37.77820214409325),12.802171120494744,2363.1312895779583,android,6.317615446247167,3.887722543893801e-07,-3.576178322900626
289,37.778147758791,-122.39146880242163,1564104094.0,2019-07-25T18:21:34-07:00,POINT (-122.39146880242163 37.778147758791),18.56852686500051,2365.683767600944,android,6.317615835019422,-3.5761779341283715,4.875205422638051
290,37.77809337348875,-122.39144800302704,1564104095.0,2019-07-25T18:21:35-07:00,POINT (-122.39144800302704 37.77809337348875),24.33488400430972,2368.236243343219,android,2.74143790089105,1.2990274885096795,-1.2990282383751603
291,37.7781015411066,-122.39147743425902,1564104096.0,2019-07-25T18:21:36-07:00,POINT (-122.39147743425902 37.7781015411066),21.95622275503995,2369.607678954516,android,4.04046538940073,-7.498654808202332e-07,1.0147376272584552e-09
292,37.7781248822132,-122.39151266851802,1564104097.0,2019-07-25T18:21:37-07:00,POINT (-122.39151266851802 37.7781248822132),17.96874913858394,2370.266972497478,android,4.040464639535249,-7.488507431929747e-07,-1.1434509625855132
293,37.77814822331979,-122.39154790277702,1564104098.0,2019-07-25T18:21:38-07:00,POINT (-122.39154790277702 37.77814822331979),13.981275921596582,2370.9262638063433,android,4.040463890684506,-1.1434517114362563,-1.6193849873328157
294,37.77817156442639,-122.39158313703602,1564104099.0,2019-07-25T18:21:39-07:00,POINT (-122.39158313703602 37.77817156442639),9.993803102299893,2371.585552876777,android,2.8970121792482493,-2.762836698769072,2.906614572805186
295,37.7781883,-122.3916084,1564104100.0,2019-07-25T18:21:40-07:00,POINT (-122.3916084 37.7781883),7.1347853070879586,2372.0582617694186,android,0.1341754804791774,0.14377787403611408,-0.003423317701597891
296,37.77814312778761,-122.39157932944826,1564104142.0,2019-07-25T18:22:22-07:00,POINT (-122.39157932944826 37.77814312778761),12.60247941836078,2373.3916194714534,android,6.172846189995969,-1.4694309973251052e-06,1.7399370833004468e-09
297,37.778163441681414,-122.3916446941724,1564104143.0,2019-07-25T18:22:23-07:00,POINT (-122.3916446941724 37.778163441681414),7.136923297692365,2376.2799664540735,android,6.172844720564972,-1.4676910602418047e-06,-2.4259274256907437
298,37.77818375557521,-122.39171005889654,1564104144.0,2019-07-25T18:22:24-07:00,POINT (-122.39171005889654 37.77818375557521),1.6713662312119955,2379.168308412793,android,6.1728432528739114,-2.425928893381804,9.595666723305513
299,37.77820406946902,-122.39177542362069,1564104145.0,2019-07-25T18:22:25-07:00,POINT (-122.39177542362069 37.77820406946902),3.8819823153658217,2381.8814242404574,android,3.7469143594921075,7.169737829923708,-7.169735707825229
300,37.7782164,-122.3918151,1564104146.0,2019-07-25T18:22:26-07:00,POINT (-122.3918151 37.7782164),7.276118690584718,2383.481435840381,android,10.916652189415815,2.1220984791625597e-06,-1.4989449681479527e-09
301,37.778126398386995,-122.39186472102905,1564104147.0,2019-07-25T18:22:27-07:00,POINT (-122.39186472102905 37.778126398386995),3.019250753595631,2393.5159561097107,android,10.916654311514295,2.1205995341944117e-06,9.95752813537365e-10
302,37.77803639677399,-122.39191434205813,1564104148.0,2019-07-25T18:22:28-07:00,POINT (-122.39191434205813 37.77803639677399),1.2376250701004055,2403.5504800204085,android,10.916656432113829,2.121595287007949e-06,-1.4989556262889892e-09
303,37.77794639516099,-122.39196396308719,1564104149.0,2019-07-25T18:22:29-07:00,POINT (-122.39196396308719 37.77794639516099),5.347800119020899,2413.759866042717,android,10.916658553709116,2.12009633138166e-06,1.4946994753017862e-09
304,37.777856393547985,-122.39201358411627,1564104150.0,2019-07-25T18:22:30-07:00,POINT (-122.39201358411627 37.777856393547985),9.794373260776132,2423.330700354926,android,10.916660673805447,2.121591030856962e-06,-4.246364263545028
305,37.77776639193498,-122.39206320514532,1564104151.0,2019-07-25T18:22:31-07:00,POINT (-122.39206320514532 37.77776639193498),14.352245406754493,2433.2321391785304,android,10.916662795396478,-4.246362141953997,3.3426244033085153
306,37.77767639032198,-122.39211282617438,1564104152.0,2019-07-25T18:22:32-07:00,POINT (-122.39211282617438 37.77767639032198),18.321909180058984,2444.440890364222,android,6.670300653442481,-0.9037377386454821,0.9037371317329974
307,37.7776662684763,-122.39218763362477,1564104153.0,2019-07-25T18:22:33-07:00,POINT (-122.39218763362477 37.7776662684763),14.394189444007946,2449.847805746745,android,5.766562914796999,-6.06912484713007e-07,-1.2342358246542062e-09
308,37.777674236952606,-122.39225246724956,1564104154.0,2019-07-25T18:22:34-07:00,POINT (-122.39225246724956 37.777674236952606),9.692183487399356,2453.205171939954,android,5.766562307884514,-6.081467205376612e-07,3.702277595607484e-09
309,37.77768220542891,-122.39231730087435,1564104155.0,2019-07-25T18:22:35-07:00,POINT (-122.39231730087435 37.77768220542891),5.014625267423872,2456.4297308701944,android,5.766561699737793,-6.044444429420537e-07,-1.672302263128116
310,37.777690173905214,-122.39238213449913,1564104156.0,2019-07-25T18:22:36-07:00,POINT (-122.39238213449913 37.777690173905214),0.403387632649296,2459.9107135261474,android,5.76656109529335,-1.6723028675725589,2.045030860588434
311,37.77769814238152,-122.39244696812393,1564104157.0,2019-07-25T18:22:37-07:00,POINT (-122.39244696812393 37.77769814238152),4.207851951249314,2463.3916925263825,android,4.0942582277207915,0.3727279930158751,-0.37272741870267634
312,37.7777038,-122.392493,1564104158.0,2019-07-25T18:22:38-07:00,POINT (-122.392493 37.7777038),7.481833413188366,2465.8631855263593,android,4.466986220736667,5.743131987756556e-07,-6.713403166713761e-10
313,37.77766967790843,-122.39246617558186,1564104159.0,2019-07-25T18:22:39-07:00,POINT (-122.39246617558186 37.77766967790843),3.1199317611712307,2466.8051561672796,android,4.466986795049865,5.736418584589842e-07,6.827667320408182e-10
314,37.77763555581686,-122.39243935116372,1564104160.0,2019-07-25T18:22:40-07:00,POINT (-122.39243935116372 37.77763555581686),1.2419709104583834,2467.747124787178,android,4.466987368691724,5.74324625191025e-07,6.46988240760038e-10
315,37.777601433725295,-122.39241252674557,1564104161.0,2019-07-25T18:22:41-07:00,POINT (-122.39241252674557 37.777601433725295),5.603874601286837,2468.689091385812,android,4.466987943016349,5.74971613431785e-07,2.871657744958611
316,37.777567311633725,-122.39238570232745,1564104162.0,2019-07-25T18:22:42-07:00,POINT (-122.39238570232745 37.777567311633725),9.96577931109126,2469.6310559660647,android,4.4669885179879625,2.8716583199302246,-2.903079422536347
317,37.777533189542154,-122.3923588779093,1564104163.0,2019-07-25T18:22:43-07:00,POINT (-122.3923588779093 37.777533189542154),14.327685042723104,2470.5730185243715,android,7.338646837918187,-0.03142110260612263,0.03142338283128421
318,37.77748540801032,-122.39241647760458,1564104164.0,2019-07-25T18:22:44-07:00,POINT (-122.39241647760458 37.77748540801032),14.598499806106156,2477.9053059579746,android,7.307225735312064,2.2802251615772207e-06,-1.6706636074559356e-12
319,37.77743861602064,-122.39247485520919,1564104165.0,2019-07-25T18:22:45-07:00,POINT (-122.39247485520919 37.77743861602064),14.742812201254823,2485.2102788059706,android,7.307228015537226,2.280223490913613e-06,-0.7745663721671283
320,37.77739182403096,-122.39253323281379,1564104166.0,2019-07-25T18:22:46-07:00,POINT (-122.39253323281379 37.77739182403096),14.887117695386127,2492.515253991931,android,7.307230295760717,-0.7745640919436374,-4.733942489572839
321,37.777345032041275,-122.39259161041839,1564104167.0,2019-07-25T18:22:47-07:00,POINT (-122.39259161041839 37.777345032041275),15.03141629337111,2499.8202315175436,android,6.5326662038170795,-5.508506581516476,5.508506626366085
322,37.7773032,-122.3926438,1564104168.0,2019-07-25T18:22:48-07:00,POINT (-122.3926438 37.7773032),15.160413411008948,2506.350883792062,android,1.0241596223006029,4.484960869355348e-08,-4.218847493575595e-15
323,37.7772966497062,-122.39265199218802,1564104169.0,2019-07-25T18:22:49-07:00,POINT (-122.39265199218802 37.7772966497062),15.179381952314289,2507.374756967116,android,1.0241596671502116,4.4849604474705984e-08,-4.884981308350689e-15
324,37.777290099412404,-122.39266018437604,1564104170.0,2019-07-25T18:22:50-07:00,POINT (-122.39266018437604 37.777290099412404),15.198350359252847,2508.398630189145,android,1.024159711999816,4.4849599589724676e-08,8.78034756013335e-10
325,37.77728354911861,-122.39266837656406,1564104171.0,2019-07-25T18:22:51-07:00,POINT (-122.39266837656406 37.77728354911861),15.21731862975093,2509.4225034562737,android,1.0241597568494156,4.572763434573801e-08,0.15635731288666266
326,37.77727699882481,-122.39267656875208,1564104172.0,2019-07-25T18:22:52-07:00,POINT (-122.39267656875208 37.77727699882481),15.236286766105087,2510.446376767495,android,1.02415980257705,0.156357358614297,-0.961346536786672
327,37.77727044853101,-122.39268476094011,1564104173.0,2019-07-25T18:22:53-07:00,POINT (-122.39268476094011 37.77727044853101),15.255254764909004,2511.47025012893,android,1.180517161191347,-0.804989178172375,0.8049891845036907
328,37.77726289368834,-122.39269419802766,1564104174.0,2019-07-25T18:22:54-07:00,POINT (-122.39269419802766 37.77726289368834),15.27783381056105,2512.6504206393106,android,0.3755279830189719,6.331315693941519e-09,1.1258994847551662e-09
329,37.777260487376665,-122.3926971960553,1564104175.0,2019-07-25T18:22:55-07:00,POINT (-122.3926971960553 37.777260487376665),15.285504087400374,2513.0258266516453,android,0.3755279893502876,7.457215178696686e-09,-3.75493658388848e-09
330,37.777258081065,-122.39270019408295,1564104176.0,2019-07-25T18:22:56-07:00,POINT (-122.39270019408295 37.777258081065),15.293174343303667,2513.4012326706584,android,0.37552799680750276,3.702278594808206e-09,-0.3492410685420601
331,37.77725567475333,-122.39270319211062,1564104177.0,2019-07-25T18:22:57-07:00,POINT (-122.39270319211062 37.77725567475333),15.30084458247795,2513.776638697385,android,0.37552800050978136,-0.3492410648397815,0.4250547294269824
332,37.77725326844166,-122.39270619013826,1564104178.0,2019-07-25T18:22:58-07:00,POINT (-122.39270619013826 37.77725326844166),15.308514802571622,2514.1520447262465,android,0.026286935669999865,0.07581366458720093,-0.07581366558076667
333,37.7772531,-122.3927064,1564104179.0,2019-07-25T18:22:59-07:00,POINT (-122.3927064 37.7772531),15.30905171631726,2514.178323125058,android,0.1021006002572008,-9.935657435677925e-10,2.883138089382342e-09
334,37.777252450205204,-122.39270722079343,1564104180.0,2019-07-25T18:23:00-07:00,POINT (-122.39270722079343 37.777252450205204),15.310435155045946,2514.2804054423887,android,0.10210059926363506,1.8895723458145497e-09,-2.88313810326013e-09
335,37.77725180041041,-122.39270804158684,1564104181.0,2019-07-25T18:23:01-07:00,POINT (-122.39270804158684 37.77725180041041),15.311818591521172,2514.3824877560337,android,0.1021006011532074,-9.935657574455803e-10,3.76558327574994e-09
336,37.77725115061561,-122.39270886238027,1564104182.0,2019-07-25T18:23:02-07:00,POINT (-122.39270886238027 37.77725115061561),15.313202027458024,2514.4845700742108,android,0.10210060015964165,2.7720175183043594e-09,12.49946663843237
337,37.77725050082082,-122.39270968317369,1564104183.0,2019-07-25T18:23:03-07:00,POINT (-122.39270968317369 37.77725050082082),15.314585460504901,2514.586652391342,android,0.10210060293165917,12.499466641204387,-12.577673673156577
338,37.77724985102602,-122.39271050396714,1564104184.0,2019-07-25T18:23:04-07:00,POINT (-122.39271050396714 37.77724985102602),15.31596889339953,2514.6887347099564,android,12.601567244136046,-0.07820703195218925,0.0782127064046847
339,37.777211589499196,-122.39284546679063,1564104185.0,2019-07-25T18:23:05-07:00,POINT (-122.39284546679063 37.777211589499196),10.083381912367662,2526.173850836707,android,12.523360212183857,5.6744524954410736e-06,-2.3582433783531087e-09
340,37.77717387899839,-122.39297973358124,1564104186.0,2019-07-25T18:23:06-07:00,POINT (-122.39297973358124 37.77717387899839),4.741455785766904,2537.64477062836,android,12.523365886636352,5.6720942520627204e-06,-9.168239500922937e-10
341,37.777136168497584,-122.39311400037188,1564104187.0,2019-07-25T18:23:07-07:00,POINT (-122.39311400037188 37.777136168497584),0.6637635964589891,2548.9630333791943,android,12.523371558730604,5.671177428112628e-06,-8.95421827678785
342,37.77709845799678,-122.39324826716252,1564104188.0,2019-07-25T18:23:08-07:00,POINT (-122.39324826716252 37.77709845799678),6.069003472476779,2560.2812923892834,android,12.523377229908032,-8.954212605610422,10.151883397099159
343,37.777060747495966,-122.39338253395314,1564104189.0,2019-07-25T18:23:09-07:00,POINT (-122.39338253395314 37.777060747495966),11.474263843146215,2571.599547664055,android,3.56916462429761,1.1976707914887363,-1.197670746518848
344,37.77705,-122.3934208,1564104190.0,2019-07-25T18:23:10-07:00,POINT (-122.3934208 37.77705),13.016455002429213,2574.8143864089725,android,4.766835415786346,4.496988825763992e-08,-1.261817317299574e-09
345,37.77700748134245,-122.39341387835809,1564104191.0,2019-07-25T18:23:11-07:00,POINT (-122.39341387835809 37.77700748134245),9.252790911958247,2577.7232332935364,android,4.766835460756234,4.370807094034035e-08,1.886020228880625e-09
346,37.7769649626849,-122.39340695671615,1564104192.0,2019-07-25T18:23:12-07:00,POINT (-122.39340695671615 37.7769649626849),5.489126396852747,2580.6320796526525,android,4.766835504464305,4.5594091169220974e-08,-1.2618208700132527e-09
347,37.776922444027356,-122.39340003507422,1564104193.0,2019-07-25T18:23:13-07:00,POINT (-122.39340003507422 37.776922444027356),1.7254614599376163,2583.540925489757,android,4.7668355500583965,4.433227029920772e-08,-1.9165933516642841
348,37.776879925369805,-122.39339311343228,1564104194.0,2019-07-25T18:23:14-07:00,POINT (-122.39339311343228 37.776879925369805),2.038203900933585,2586.449770804043,android,4.766835594390667,-1.9165933073320138,0.20053303175332893
349,37.776837406712254,-122.39338619179037,1564104195.0,2019-07-25T18:23:15-07:00,POINT (-122.39338619179037 37.776837406712254),5.801869685190254,2589.3586155947655,android,2.850242287058653,-1.716060275578685,1.7160602782509409
350,37.77681198297489,-122.39338205787091,1564104196.0,2019-07-25T18:23:16-07:00,POINT (-122.39338205787091 37.77681198297489),8.052026821459762,2591.0982393324484,android,1.134182011479968,2.672255972058224e-09,-3.178646235113547e-10
351,37.776801865949786,-122.39338041574185,1564104197.0,2019-07-25T18:23:17-07:00,POINT (-122.39338041574185 37.776801865949786),8.947264588823508,2591.79067935181,android,1.134182014152224,2.3543913485468693e-09,3.1786417942214484e-10
352,37.77679174892468,-122.39337877361277,1564104198.0,2019-07-25T18:23:18-07:00,POINT (-122.39337877361277 37.77679174892468),9.842502380796939,2592.4831193390883,android,1.1341820165066154,2.672255527969014e-09,3.3345341467987213
353,37.776781631899574,-122.3933771314837,1564104199.0,2019-07-25T18:23:19-07:00,POINT (-122.3933771314837 37.776781631899574),10.737740196515775,2593.17555929971,android,1.134182019178871,3.3345341494709766,-3.6504144479840805
354,37.77677151487447,-122.39337548935463,1564104200.0,2019-07-25T18:23:20-07:00,POINT (-122.39337548935463 37.77677151487447),11.632978036351657,2593.86799922808,android,4.4687161686498476,-0.31588029851310395,0.31588072883338203
355,37.77673582324503,-122.39335211974922,1564104201.0,2019-07-25T18:23:21-07:00,POINT (-122.39335211974922 37.77673582324503),15.886968928400476,2595.217512040165,android,4.152835870136744,4.30320278077545e-07,-3.8782892849039676
356,37.77670314649006,-122.39332923949844,1564104202.0,2019-07-25T18:23:22-07:00,POINT (-122.39332923949844 37.77670314649006),19.874179753111637,2596.360676099608,android,4.152836300457022,-3.8782888545836895,3.93655677676325
357,37.77667046973509,-122.39330635924765,1564104203.0,2019-07-25T18:23:23-07:00,POINT (-122.39330635924765 37.77667046973509),23.861391474354924,2597.503838562894,android,0.27454744587333235,0.05826792217956053,0.008777452770525457
358,37.7765508,-122.3934463,1564104269.0,2019-07-25T18:24:29-07:00,POINT (-122.3934463 37.7765508),24.5160347972796,2615.607624124073,android,4.120230309724327,0.6375798050342407,-0.5708956497689268
359,37.7765378,-122.3934902,1564104270.0,2019-07-25T18:24:30-07:00,POINT (-122.3934902 37.7765378),22.798129642457898,2619.359424332893,android,4.757810114758568,0.0666841552653139,-0.8863376184186125
360,37.7765214,-122.3935402,1564104271.0,2019-07-25T18:24:31-07:00,POINT (-122.3935402 37.7765214),20.96640660277929,2623.7577076139205,android,4.824494270023882,-0.8196534631532986,-0.04908888030782865
361,37.776502,-122.3935893,1564104272.0,2019-07-25T18:24:32-07:00,POINT (-122.3935893 37.776502),19.437754170604894,2627.6567345636136,android,4.004840806870583,-0.8687423434611272,0.37274901714069
362,37.7764759,-122.3936207,1564104273.0,2019-07-25T18:24:33-07:00,POINT (-122.3936207 37.7764759),19.73712570427213,2631.2841555360906,android,3.136098463409456,-0.49599332632043724,0.701728874062383
363,37.7764565,-122.3936466,1564104274.0,2019-07-25T18:24:34-07:00,POINT (-122.3936466 37.7764565),19.8113554637737,2634.4194655010256,android,2.640105137089019,0.2057355477419458,-0.5391743076613942
364,37.7764437,-122.3936719,1564104275.0,2019-07-25T18:24:35-07:00,POINT (-122.3936719 37.7764437),19.376603124550826,2637.0256569775756,android,2.8458406848309648,-0.3334387599194484,0.5216935596661214
365,37.7764317,-122.3937005,1564104276.0,2019-07-25T18:24:36-07:00,POINT (-122.3937005 37.7764317),18.681468578334858,2639.7884993741636,android,2.5124019249115164,0.18825479974667303,0.4443369472130647
366,37.7764198,-122.3937248,1564104277.0,2019-07-25T18:24:37-07:00,POINT (-122.3937248 37.7764198),18.231397712362412,2642.2624322403763,android,2.7006567246581894,0.6325917469597377,0.7730238331180819
367,37.7764142,-122.3937547,1564104278.0,2019-07-25T18:24:38-07:00,POINT (-122.3937547 37.7764142),16.63071785248274,2647.4464652134557,android,3.333248471617927,1.4056155800778196,-3.49510772578724
368,37.7764153,-122.3937926,1564104279.0,2019-07-25T18:24:39-07:00,POINT (-122.3937926 37.7764153),13.940556988136553,2649.425924554611,android,4.738864051695747,-2.0894921457094204,2.2477576279812004
369,37.7764206,-122.3938461,1564104280.0,2019-07-25T18:24:40-07:00,POINT (-122.3938461 37.7764206),9.884620663842068,2651.8944981555323,android,2.6493719059863263,0.15826548227177994,0.6096085083836793
370,37.776415,-122.3938754,1564104281.0,2019-07-25T18:24:41-07:00,POINT (-122.3938754 37.776415),8.328220810012665,2653.2375284226564,android,2.8076373882581063,0.7678739906554592,0.8703435504803032
371,37.7764083,-122.3939062,1564104282.0,2019-07-25T18:24:42-07:00,POINT (-122.3939062 37.7764083),6.876841436027086,2655.6465636930984,android,3.5755113789135655,1.6382175411357625,-3.0384230516060846
372,37.7763997,-122.3939454,1564104283.0,2019-07-25T18:24:43-07:00,POINT (-122.3939454 37.7763997),5.03519521309527,2658.71845104816,android,5.213728920049328,-1.4002055104703222,1.7457620155431535
373,37.7763967,-122.3940046,1564104284.0,2019-07-25T18:24:44-07:00,POINT (-122.3940046 37.7763967),1.6008049083659763,2662.4738226538466,android,3.813523409579006,0.3455565050728313,-0.47540358700086083
374,37.7763836,-122.3940447,1564104285.0,2019-07-25T18:24:45-07:00,POINT (-122.3940447 37.7763836),2.132756021906625,2663.9187808174556,android,4.159079914651837,-0.12984708192802952,0.8180855881640756
375,37.7763524,-122.3940708,1564104286.0,2019-07-25T18:24:46-07:00,POINT (-122.3940708 37.7763524),6.2781470657169764,2663.9187808174556,android,4.029232832723808,0.6882385062360461,-0.0929243244175515
376,37.776325,-122.3941008,1564104287.0,2019-07-25T18:24:47-07:00,POINT (-122.3941008 37.776325),10.29609180036768,2663.9187808174556,android,4.717471338959854,0.5953141818184946,-3.4150924187077236
377,37.7762893,-122.3941298,1564104288.0,2019-07-25T18:24:48-07:00,POINT (-122.3941298 37.7762893),14.996385769406821,2663.9187808174556,android,5.312785520778348,-2.819778236889229,0.3267709530001097
378,37.7762524,-122.3941682,1564104289.0,2019-07-25T18:24:49-07:00,POINT (-122.3941682 37.7762524),20.300202004700765,2663.9187808174556,android,2.4930072838891193,-2.4930072838891193,2.4930072838891193
379,37.7762442,-122.3941946,1564104290.0,2019-07-25T18:24:50-07:00,POINT (-122.3941946 37.7762442),22.46717047690932,2663.9187808174556,android,0.0,0.0,0.0
