,latitude,longitude,ts,fmt_time,geometry,gt_distance,gt_projection,source,speed,acceleration,jerk
0,37.791337396875335,-122.39030813870822,1574214281.0,2019-11-19T17:44:41-08:00,POINT (-122.39030813870822 37.791337396875335),18.777809550735594,736.3994049791345,android,0.7265484820099187,0.03647618586041794,0.004528404886842407
1,37.791188,-122.3905162,1574214315.0,2019-11-19T17:45:15-08:00,POINT (-122.3905162 37.791188),5.6137880406775595,740.3256554539687,android,1.9667388012641287,0.1904419520130598,-0.7337112696743617
2,37.7911742,-122.3905022,1574214316.0,2019-11-19T17:45:16-08:00,POINT (-122.3905022 37.7911742),5.411635159366206,742.5649696161245,android,2.1571807532771885,-0.5432693176613019,-0.23200160049882457
3,37.791156,-122.3904937,1574214317.0,2019-11-19T17:45:17-08:00,POINT (-122.3904937 37.791156),5.772829107369979,744.6880212715986,android,1.6139114356158866,-0.7752709181601265,0.8713793664952973
4,37.7911416,-122.3904914,1574214318.0,2019-11-19T17:45:18-08:00,POINT (-122.3904914 37.7911416),6.396076892006658,746.173029693087,android,0.8386405174557601,0.09610844833517085,-0.36669498905061215
5,37.791134521950774,-122.39048810403672,1574214319.0,2019-11-19T17:45:19-08:00,POINT (-122.39048810403672 37.791134521950774),6.537287597705614,746.9982648562158,android,0.9347489657909309,-0.2705865407154413,0.4392806145987176
6,37.7911262,-122.3904866,1574214320.0,2019-11-19T17:45:20-08:00,POINT (-122.3904866 37.7911262),6.884137790630917,747.8641659648966,android,0.6641624250754896,0.16869407388327629,-0.6209434180697884
7,37.7911229,-122.3904929,1574214321.0,2019-11-19T17:45:21-08:00,POINT (-122.3904929 37.7911229),7.547593873251964,747.9040011768947,android,0.8328564989587659,-0.4522493441865121,0.47101973244832135
8,37.7911168,-122.3904984,1574214322.0,2019-11-19T17:45:22-08:00,POINT (-122.3904984 37.7911168),8.305334468753644,748.2481147167543,android,0.3806071547722538,0.018770388261809268,-0.18759139501767827
9,37.7911134,-122.3904979,1574214323.0,2019-11-19T17:45:23-08:00,POINT (-122.3904979 37.7911134),8.455773585750205,748.596846707218,android,0.3993775430340631,-0.168821006755869,0.406075698063899
10,37.7911125,-122.3904935,1574214324.0,2019-11-19T17:45:24-08:00,POINT (-122.3904935 37.7911125),8.170147954513444,748.8769893746291,android,0.23055653627819409,0.23725469130803,-0.0030590862459199245
11,37.7910893,-122.3904438,1574214346.0,2019-11-19T17:45:46-08:00,POINT (-122.3904438 37.7910893),5.66676362784671,753.293848621302,android,5.4501597450548545,0.16995479389779167,-0.48471500957827907
12,37.7910477,-122.390411,1574214347.0,2019-11-19T17:45:47-08:00,POINT (-122.390411 37.7910477),5.745224465658193,757.906979885714,android,5.620114538952646,-0.3147602156804874,0.5055333311285937
13,37.7910045,-122.3903778,1574214348.0,2019-11-19T17:45:48-08:00,POINT (-122.3903778 37.7910045),6.434931294021522,763.4786627223489,android,5.305354323272159,0.19077311544810627,-0.6564502471291149
14,37.7909637,-122.3903465,1574214349.0,2019-11-19T17:45:49-08:00,POINT (-122.3903465 37.7909637),7.090149735831691,768.7377680704172,android,5.496127438720265,-0.46567713168100866,0.9985137402276383
15,37.7909202,-122.3903168,1574214350.0,2019-11-19T17:45:50-08:00,POINT (-122.3903168 37.7909202),8.041943652492105,774.14394622001,android,5.030450307039256,0.5328366085466296,-0.5181703304228966
16,37.7908844,-122.3902818,1574214351.0,2019-11-19T17:45:51-08:00,POINT (-122.3902818 37.7908844),8.097122971283135,779.1710136959894,android,5.563286915585886,0.014666278123733001,-0.9984750020053665
17,37.7908453,-122.3902423,1574214352.0,2019-11-19T17:45:52-08:00,POINT (-122.3902423 37.7908453),8.069534604471011,784.7311874758274,android,5.577953193709619,-0.9838087238816335,2.439542397716685
18,37.790805,-122.3902045,1574214353.0,2019-11-19T17:45:53-08:00,POINT (-122.3902045 37.790805),8.51578473967278,789.8682256789731,android,4.594144469827985,1.4557336738350513,-0.9176264174643451
19,37.7907688,-122.3901793,1574214354.0,2019-11-19T17:45:54-08:00,POINT (-122.3901793 37.7907688),9.507888242153268,794.3482904849141,android,6.049878143663037,0.5381072563707061,0.3189548941056408
20,37.7907214,-122.3901455,1574214355.0,2019-11-19T17:45:55-08:00,POINT (-122.3901455 37.7907214),10.861218059836437,799.6263477075424,android,6.587985400033743,0.8570621504763469,-3.6302431524615173
21,37.7906708,-122.3901065,1574214356.0,2019-11-19T17:45:56-08:00,POINT (-122.3901065 37.7906708),12.377105276705427,806.0304786849557,android,7.44504755051009,-2.7731810019851704,3.5849178271400692
22,37.7906272,-122.3900422,1574214357.0,2019-11-19T17:45:57-08:00,POINT (-122.3900422 37.7906272),11.849738800919216,813.0711736227297,android,4.671866548524919,0.8117368251548989,-1.7868968124378632
23,37.7906174,-122.3899905,1574214358.0,2019-11-19T17:45:58-08:00,POINT (-122.3899905 37.7906174),9.48150629365274,817.2990029195323,android,5.483603373679818,-0.9751599872829644,1.89829652424529
24,37.7905947,-122.3899351,1574214359.0,2019-11-19T17:45:59-08:00,POINT (-122.3899351 37.7905947),7.865897099666627,822.545672346409,android,4.508443386396854,0.9231365369623257,-1.567503320956348
25,37.79057080945974,-122.38989364594633,1574214360.0,2019-11-19T17:46:00-08:00,POINT (-122.38989364594633 37.79057080945974),7.204126441326224,827.0078322470195,android,5.4315799233591795,-0.6443667839940224,0.9290487891200803
26,37.7905353,-122.3898512,1574214361.0,2019-11-19T17:46:01-08:00,POINT (-122.3898512 37.7905353),7.401904727616287,832.4347145830162,android,4.787213139365157,0.2846820051260579,0.6728263729020743
27,37.7905004,-122.3898193,1574214362.0,2019-11-19T17:46:02-08:00,POINT (-122.3898193 37.7905004),8.201345320649743,837.1511006990945,android,5.071895144491215,0.9575083780281322,-0.8184239954579988
28,37.7904632,-122.3897859,1574214363.0,2019-11-19T17:46:03-08:00,POINT (-122.3897859 37.7904632),9.033054965842883,842.2552481835454,android,6.029403522519347,0.13908438257013334,-2.6336655169936263
29,37.7904192,-122.3897458,1574214364.0,2019-11-19T17:46:04-08:00,POINT (-122.3897458 37.7904192),9.972874900927144,848.2063907806784,android,6.1684879050894805,-2.494581134423493,2.6334624518217455
30,37.7903785,-122.3896981,1574214365.0,2019-11-19T17:46:05-08:00,POINT (-122.3896981 37.7903785),10.180051222603293,854.3698999231208,android,3.6739067706659876,0.1388813173982526,-0.897456854272265
31,37.7903519,-122.3896733,1574214366.0,2019-11-19T17:46:06-08:00,POINT (-122.3896733 37.7903519),10.713395371726442,858.0022716979712,android,3.81278808806424,-0.7585755368740124,0.7926642459386732
32,37.7903236,-122.3896488,1574214367.0,2019-11-19T17:46:07-08:00,POINT (-122.3896488 37.7903236),11.398489210390778,861.7497365847315,android,3.054212551190228,0.03408870906466088,1.3561359263078026
33,37.7903046,-122.3896237,1574214368.0,2019-11-19T17:46:08-08:00,POINT (-122.3896237 37.7903046),11.318406930463356,864.802924209908,android,3.0883012602548887,1.3902246353724634,-1.5572727763283365
34,37.790286,-122.3895976,1574214369.0,2019-11-19T17:46:09-08:00,POINT (-122.3895976 37.790286),11.144600333705613,867.8867459052394,android,4.478525895627352,-0.16704814095587306,-0.1489268068402243
35,37.7902499,-122.389575,1574214370.0,2019-11-19T17:46:10-08:00,POINT (-122.389575 37.7902499),12.558640121796458,872.1297743204968,android,4.311477754671479,-0.31597494779609736,0.22945518368858941
36,37.7902126,-122.3895616,1574214371.0,2019-11-19T17:46:11-08:00,POINT (-122.3895616 37.7902126),14.64087270081932,875.8958970743233,android,3.9955028068753817,-0.08651976410750795,-0.14565453710614928
37,37.7901768,-122.3895577,1574214372.0,2019-11-19T17:46:12-08:00,POINT (-122.3895577 37.7901768),17.19875258638952,878.9541025288718,android,3.908983042767874,-0.23217430121365723,-1.1705817553577837
38,37.790142,-122.3895514,1574214373.0,2019-11-19T17:46:13-08:00,POINT (-122.3895514 37.790142),19.52856648701915,882.0826828172908,android,3.6768087415542166,-1.402756056571441,-0.4853792770074792
39,37.7901092,-122.3895461,1574214374.0,2019-11-19T17:46:14-08:00,POINT (-122.3895461 37.7901092),21.764304553064765,884.9918458461603,android,2.2740526849827756,-1.8881353335789202,2.069708768006972
40,37.7900897,-122.3895539,1574214375.0,2019-11-19T17:46:15-08:00,POINT (-122.3895539 37.7900897),23.777072282214515,886.0413515056856,android,0.38591735140385547,0.18157343442805182,0.04138739607126604
41,37.7901383,-122.38938,1574214417.0,2019-11-19T17:46:57-08:00,POINT (-122.38938 37.7901383),9.118700393516065,893.0172655220692,android,8.012001597382032,1.9198440694212255,-0.9142488211229409
42,37.7900835,-122.3893208,1574214418.0,2019-11-19T17:46:58-08:00,POINT (-122.3893208 37.7900835),9.711284407993222,901.0040167890431,android,9.931845666803257,1.0055952482982846,0.2445193032034556
43,37.7900164,-122.3892462,1574214419.0,2019-11-19T17:46:59-08:00,POINT (-122.3892462 37.7900164),10.305000369850406,910.914594581742,android,10.937440915101542,1.2501145515017402,-4.666097237930863
44,37.7899424,-122.3891642,1574214420.0,2019-11-19T17:47:00-08:00,POINT (-122.3891642 37.7899424),10.976686745811937,921.8274551502125,android,12.187555466603282,-3.415982686429123,2.119585118294909
45,37.7898601,-122.3890726,1574214421.0,2019-11-19T17:47:01-08:00,POINT (-122.3890726 37.7898601),11.698555430639729,933.9893393303511,android,8.771572780174159,-1.2963975681342141,-0.1593187445032802
46,37.7898034,-122.3890032,1574214422.0,2019-11-19T17:47:02-08:00,POINT (-122.3890032 37.7898034),11.803046865114489,942.7589571270205,android,7.475175212039945,-1.4557163126374943,0.8108078965121424
47,37.7897671,-122.3889316,1574214423.0,2019-11-19T17:47:03-08:00,POINT (-122.3889316 37.7897671),10.172105786730738,950.0747435049676,android,6.0194588994024505,-0.644908416125352,0.6140069121197609
48,37.78974,-122.3888723,1574214424.0,2019-11-19T17:47:04-08:00,POINT (-122.3888723 37.78974),8.582769078721462,955.8866144391538,android,5.3745504832770985,-0.030901504005591107,-1.1379334194034403
49,37.7897143,-122.3888205,1574214425.0,2019-11-19T17:47:05-08:00,POINT (-122.3888205 37.7897143),7.352865918616498,961.1231309685573,android,5.343648979271507,-1.1688349234090314,-0.1952637887205313
50,37.7896808,-122.3887769,1574214426.0,2019-11-19T17:47:06-08:00,POINT (-122.3887769 37.7896808),7.245032190956526,966.4655688557061,android,4.174814055862476,-1.3640987121295627,0.573445181643141
51,37.7896563,-122.3887409,1574214427.0,2019-11-19T17:47:07-08:00,POINT (-122.3887409 37.7896563),7.005461733013472,970.4033702913911,android,2.8107153437329133,-0.7906535304864217,0.22570945130665554
52,37.7896418,-122.3887147,1574214428.0,2019-11-19T17:47:08-08:00,POINT (-122.3887147 37.7896418),6.117335259874669,974.9547702483611,android,2.0200618132464916,-0.5649440791797662,0.5183726753682565
53,37.7896305,-122.3886967,1574214429.0,2019-11-19T17:47:09-08:00,POINT (-122.3886967 37.7896305),5.396647892983292,976.8427496380983,android,1.4551177340667254,-0.046571403811509704,-0.6236554175656287
54,37.7896214,-122.3886848,1574214430.0,2019-11-19T17:47:10-08:00,POINT (-122.3886848 37.7896214),5.062588887065339,977.53700696059,android,1.4085463302552157,-0.6702268213771384,0.7266713954234421
55,37.7896115,-122.3886748,1574214431.0,2019-11-19T17:47:11-08:00,POINT (-122.3886748 37.7896115),5.117529802981939,978.7399283601395,android,0.7383195088780773,0.05644457404630365,-0.23570994078078755
56,37.7896076,-122.388668,1574214432.0,2019-11-19T17:47:12-08:00,POINT (-122.388668 37.7896076),4.95103668472177,979.4596616239718,android,0.7947640829243809,-0.1792653667344839,-0.23280288860896958
57,37.7896014,-122.3886635,1574214433.0,2019-11-19T17:47:13-08:00,POINT (-122.3886635 37.7896014),5.1049280976915,980.2384584357877,android,0.615498716189897,-0.4120682553434535,1.23887961435753
58,37.7895967,-122.3886598,1574214434.0,2019-11-19T17:47:14-08:00,POINT (-122.3886598 37.7895967),5.202436936409509,980.8455543823685,android,0.20343046084644353,0.8268113590140765,-0.251081651524932
59,37.7895984,-122.3886557,1574214436.0,2019-11-19T17:47:16-08:00,POINT (-122.3886557 37.7895984),4.806433722210812,980.940870394205,android,1.8570531788745965,0.3246480559642125,-0.4685821998643043
60,37.7896274,-122.388604,1574214439.0,2019-11-19T17:47:19-08:00,POINT (-122.388604 37.7896274),0.7389379898906469,981.5105942705834,android,2.830997346767234,-1.0810985436287006,0.8821785782526217
61,37.7896356,-122.3885735,1574214440.0,2019-11-19T17:47:20-08:00,POINT (-122.3885735 37.7896356),3.3603859608923647,982.5912956499028,android,1.7498988031385334,-0.19891996537607892,0.6468663652951667
62,37.7896333,-122.3885538,1574214441.0,2019-11-19T17:47:21-08:00,POINT (-122.3885538 37.7896333),4.499309683346188,983.9242645528791,android,1.5509788377624545,0.4479463999190878,-1.1218585171511068
63,37.7896199,-122.3885489,1574214442.0,2019-11-19T17:47:22-08:00,POINT (-122.3885489 37.7896199),3.8466011403218974,985.3280336316192,android,1.9989252376815423,-0.673912117232019,0.20700196751955635
64,37.789602,-122.388551,1574214443.0,2019-11-19T17:47:23-08:00,POINT (-122.388551 37.789602),2.4012228543330694,986.7026007114761,android,1.3250131204495232,-0.4669101497124627,0.9760308751163269
65,37.7895902,-122.3885489,1574214444.0,2019-11-19T17:47:24-08:00,POINT (-122.3885489 37.7895902),1.6795288495113003,987.8105008820789,android,0.8581029707370605,0.5091207254038642,-0.9640969676203928
66,37.7895827,-122.3885466,1574214445.0,2019-11-19T17:47:25-08:00,POINT (-122.3885466 37.7895827),1.2848525387780394,988.5705675909894,android,1.3672236961409248,-0.45497624221652855,1.123674688553624
67,37.7895718,-122.3885538,1574214446.0,2019-11-19T17:47:26-08:00,POINT (-122.3885538 37.7895718),0.01193749764182541,989.0647268031335,android,0.9122474539243962,0.6686984463370954,0.4123179533854452
68,37.7895639,-122.3885566,1574214447.0,2019-11-19T17:47:27-08:00,POINT (-122.3885566 37.7895639),0.7502194968814894,989.5629128388107,android,1.5809459002614916,1.0810163997225406,-1.1678887612295281
69,37.7895707,-122.3885408,1574214448.0,2019-11-19T17:47:28-08:00,POINT (-122.3885408 37.7895707),0.7939949076966542,989.9094325581761,android,2.661962299984032,-0.08687236150698752,0.6866050915161832
70,37.7895851,-122.3885166,1574214449.0,2019-11-19T17:47:29-08:00,POINT (-122.3885166 37.7895851),3.44993713256343,990.1071077988117,android,2.5750899384770447,0.5997327300091957,0.3805073784630233
71,37.78958932231689,-122.38848778671253,1574214450.0,2019-11-19T17:47:30-08:00,POINT (-122.38848778671253 37.78958932231689),5.6692707932321165,991.4226129637904,android,3.1748226684862404,0.980240108472219,0.32633498672552896
72,37.7895775,-122.3884549,1574214451.0,2019-11-19T17:47:31-08:00,POINT (-122.3884549 37.7895775),7.154413721712224,993.6254196197183,android,4.155062776958459,1.306575095197748,-1.1681422598800317
73,37.7895443,-122.3884332,1574214452.0,2019-11-19T17:47:32-08:00,POINT (-122.3884332 37.7895443),6.568303662492117,997.7334882421749,android,5.461637872156207,0.13843283531771622,-1.6216724611420235
74,37.7894953,-122.3884289,1574214453.0,2019-11-19T17:47:33-08:00,POINT (-122.3884289 37.7894953),3.7165701079917293,1002.3776397731868,android,5.6000707074739235,-1.4832396258243072,1.1957955371912998
75,37.7894452,-122.3884354,1574214454.0,2019-11-19T17:47:34-08:00,POINT (-122.3884354 37.7894452),0.0564945542938636,1006.5663180185285,android,4.116831081649616,-0.2874440886330074,2.5768260506939047
76,37.789408205341005,-122.38843725048953,1574214455.0,2019-11-19T17:47:35-08:00,POINT (-122.38843725048953 37.789408205341005),2.2810681528111068,1009.9442415094412,android,3.829386993016609,2.2893819620608973,-3.384837325073997
77,37.7893755,-122.3884236,1574214456.0,2019-11-19T17:47:36-08:00,POINT (-122.3884236 37.7893755),3.1960627342173535,1013.692523174441,android,6.118768955077506,-1.0954553630130999,2.707426321815543
78,37.7893254,-122.3883948,1574214457.0,2019-11-19T17:47:37-08:00,POINT (-122.3883948 37.7893254),3.957825708471429,1019.7546578520305,android,5.023313592064406,1.6119709588024431,-1.1115387873629157
79,37.7892868,-122.3883651,1574214458.0,2019-11-19T17:47:38-08:00,POINT (-122.3883651 37.7892868),3.8663755172211522,1025.3140559632131,android,6.635284550866849,0.5004321714395275,1.0962962932097078
80,37.7892329,-122.3883327,1574214459.0,2019-11-19T17:47:39-08:00,POINT (-122.3883327 37.7892329),3.6685388676621837,1031.937033460084,android,7.135716722306377,1.5967284646492352,-3.212049131412831
81,37.7891753,-122.3882969,1574214460.0,2019-11-19T17:47:40-08:00,POINT (-122.3882969 37.7891753),3.4756963055685803,1038.956767834201,android,8.732445186955612,-1.615320666763596,1.913497606857475
82,37.7891042,-122.3882547,1574214461.0,2019-11-19T17:47:41-08:00,POINT (-122.3882547 37.7891042),3.442577117537187,1048.1538908591333,android,7.117124520192016,0.29817694009387896,0.5327049173389398
83,37.7890485,-122.3882148,1574214462.0,2019-11-19T17:47:42-08:00,POINT (-122.3882148 37.7890485),1.963832235523489,1055.107235109714,android,7.415301460285895,0.8308818574328187,-2.1499637067433763
84,37.7889875,-122.3881807,1574214463.0,2019-11-19T17:47:43-08:00,POINT (-122.3881807 37.7889875),1.0590292749626233,1062.4957367642228,android,8.246183317718714,-1.3190818493105576,2.4176277650562152
85,37.7889165,-122.3881536,1574214464.0,2019-11-19T17:47:44-08:00,POINT (-122.3881536 37.7889165),0.9505886782229225,1070.7260884555349,android,6.927101468408156,1.0985459157456576,-4.188224340246762
86,37.7888556,-122.388137,1574214465.0,2019-11-19T17:47:45-08:00,POINT (-122.388137 37.7888556),1.4197321186635483,1077.6234149791344,android,8.025647384153814,-3.0896784245011046,3.950707301119335
87,37.7887847,-122.3881199,1574214466.0,2019-11-19T17:47:46-08:00,POINT (-122.3881199 37.7887847),2.0622609065643864,1085.7572967518129,android,4.935968959652709,0.8610288766182306,-1.0345736969983772
88,37.7887419,-122.388105,1574214467.0,2019-11-19T17:47:47-08:00,POINT (-122.388105 37.7887419),1.7487989530422252,1090.6739638400406,android,5.79699783627094,-0.17354482038014662,0.7764511601782251
89,37.7886917,-122.3880872,1574214468.0,2019-11-19T17:47:48-08:00,POINT (-122.3880872 37.7886917),1.3532266210866133,1096.446538175297,android,5.623453015890793,0.6029063397980785,-3.2149939932148257
90,37.7886431,-122.3880695,1574214469.0,2019-11-19T17:47:49-08:00,POINT (-122.3880695 37.7886431),0.9299798780871683,1102.0435384442349,android,6.226359355688872,-2.612087653416747,2.523250935722266
91,37.7885892,-122.3880503,1574214470.0,2019-11-19T17:47:50-08:00,POINT (-122.3880503 37.7885892),0.49765820921658177,1108.2431665599727,android,3.6142717022721245,-0.08883671769448132,-0.09273459368528547
92,37.7885569,-122.3880457,1574214471.0,2019-11-19T17:47:51-08:00,POINT (-122.3880457 37.7885569),0.8338079411811993,1111.8340345628683,android,3.525434984577643,-0.1815713113797668,0.18179183933641374
93,37.7885258,-122.3880379,1574214472.0,2019-11-19T17:47:52-08:00,POINT (-122.3880379 37.7885258),0.8669230282670402,1115.3521741454383,android,3.3438636731978764,0.00022052795664695424,-0.010205208468317739
94,37.7884964,-122.3880299,1574214473.0,2019-11-19T17:47:53-08:00,POINT (-122.3880299 37.7884964),0.8442393877795323,1118.6892789034378,android,3.3440842011545233,-0.009984680511670785,-0.0010662289933449642
95,37.7884669,-122.3880225,1574214474.0,2019-11-19T17:47:54-08:00,POINT (-122.3880225 37.7884669),0.8755388982132767,1122.0264441887607,android,3.3340995206428525,-0.011050909505015749,0.1325317780305877
96,37.7884371,-122.3880183,1574214475.0,2019-11-19T17:47:55-08:00,POINT (-122.3880183 37.7884371),1.1894585877053767,1125.338590027607,android,3.323048611137837,0.12148086852557194,-0.13331415412476133
97,37.7884074,-122.3880141,1574214476.0,2019-11-19T17:47:56-08:00,POINT (-122.3880141 37.7884074),1.4795119204609843,1128.6683868551195,android,3.4445294796634087,-0.011833285599189391,-0.031242435823982007
98,37.7883768,-122.388008,1574214477.0,2019-11-19T17:47:57-08:00,POINT (-122.388008 37.7883768),1.5821032303963785,1132.1042123614175,android,3.4326961940642193,-0.0430757214231714,0.37849565650735295
99,37.788347,-122.3879978,1574214478.0,2019-11-19T17:47:58-08:00,POINT (-122.3879978 37.788347),1.3134769449730102,1135.5198486297704,android,3.389620472641048,0.33541993508418155,0.08614335406911167
100,37.7883169,-122.3879917,1574214479.0,2019-11-19T17:47:59-08:00,POINT (-122.3879917 37.7883169),1.4057670936877942,1138.9011627780658,android,3.7250404077252295,0.4215632891532932,-0.21472150164838766
101,37.7882834,-122.3879916,1574214480.0,2019-11-19T17:48:00-08:00,POINT (-122.3879916 37.7882834),2.087225497779892,1142.555063412,android,4.146603696878523,0.20684178750490556,1.8778059651443337
102,37.7882462,-122.3879883,1574214481.0,2019-11-19T17:48:01-08:00,POINT (-122.3879883 37.7882462),2.5680368637022144,1146.6646639742082,android,4.353445484383428,2.0846477526492393,-3.229796829352985
103,37.7882077,-122.3879793,1574214482.0,2019-11-19T17:48:02-08:00,POINT (-122.3879793 37.7882077),2.582456600615031,1151.0091810423392,android,6.438093237032668,-1.1451490767037455,4.356178345848441
104,37.7881514,-122.3879622,1574214483.0,2019-11-19T17:48:03-08:00,POINT (-122.3879622 37.7881514),2.2279262830523043,1157.4393441100226,android,5.292944160328922,3.2110292691446958,-2.2075415457427567
105,37.7881038,-122.3879625,1574214484.0,2019-11-19T17:48:04-08:00,POINT (-122.3879625 37.7881038),3.205310169874954,1162.6295012381538,android,8.503973429473618,1.003487723401939,-0.9653216101175079
106,37.7880275,-122.3879691,1574214485.0,2019-11-19T17:48:05-08:00,POINT (-122.3879691 37.7880275),5.049861078058,1171.1088780668197,android,9.507461152875557,0.03816611328443109,0.08566312003977927
107,37.7879421,-122.3879638,1574214486.0,2019-11-19T17:48:06-08:00,POINT (-122.3879638 37.7879421),5.805732581966317,1180.6718554919723,android,9.545627266159988,0.12382923332421036,-0.7182906884611917
108,37.7878569,-122.3879505,1574214487.0,2019-11-19T17:48:07-08:00,POINT (-122.3879505 37.7878569),5.706998292722337,1190.1967224705215,android,9.669456499484198,-0.5944614551369813,0.5168086525518891
109,37.7877727,-122.387923,1574214488.0,2019-11-19T17:48:08-08:00,POINT (-122.387923 37.7877727),4.099020916797566,1199.9716687200314,android,9.074995044347217,-0.07765280258509222,-0.8691767500523131
110,37.7876922,-122.387906,1574214489.0,2019-11-19T17:48:09-08:00,POINT (-122.387906 37.7876922),3.149143809797671,1208.9779231397927,android,8.997342241762125,-0.9468295526374053,2.0889015593441567
111,37.7876119,-122.3878934,1574214490.0,2019-11-19T17:48:10-08:00,POINT (-122.3878934 37.7876119),2.0604421879233685,1218.0800724246324,android,8.05051268912472,1.1420720067067514,-3.5759779537588745
112,37.7875395,-122.3878934,1574214491.0,2019-11-19T17:48:11-08:00,POINT (-122.3878934 37.7875395),1.8787747452502956,1226.2171345393574,android,9.19258469583147,-2.433905947052123,4.929824129869289
113,37.7874575,-122.3879067,1574214492.0,2019-11-19T17:48:12-08:00,POINT (-122.3879067 37.7874575),2.567564035542466,1235.3643680572386,android,6.758678748779348,2.4959181828171655,-2.8510153955512028
114,37.7873968,-122.3879107,1574214493.0,2019-11-19T17:48:13-08:00,POINT (-122.3879107 37.7873968),2.6128632982182953,1242.0608210639748,android,9.254596931596513,-0.35509721273403727,1.8748622919929598
115,37.7873138,-122.3879185,1574214494.0,2019-11-19T17:48:14-08:00,POINT (-122.3879185 37.7873138),2.9817049846377266,1251.2880467983384,android,8.899499718862476,1.5197650792589226,-4.919460976659156
116,37.7872338,-122.3879215,1574214495.0,2019-11-19T17:48:15-08:00,POINT (-122.3879215 37.7872338),2.9396209911816475,1260.1680393033603,android,10.419264798121398,-3.3996958974002336,5.985191002385642
117,37.7871401,-122.3879224,1574214496.0,2019-11-19T17:48:16-08:00,POINT (-122.3879224 37.7871401),2.405985205743389,1270.6740563275612,android,7.019568900721165,2.5854951049854087,-3.197692816628958
118,37.787077,-122.3879248,1574214497.0,2019-11-19T17:48:17-08:00,POINT (-122.3879248 37.787077),2.0627764731363696,1277.669904745824,android,9.605064005706573,-0.6121977116435495,1.404583610280648
119,37.7869909,-122.3879336,1574214498.0,2019-11-19T17:48:18-08:00,POINT (-122.3879336 37.7869909),2.0802356267624424,1287.2204720529498,android,8.992866294063024,0.7923858986370984,-2.5936053845086926
120,37.7869101,-122.387938,1574214499.0,2019-11-19T17:48:19-08:00,POINT (-122.387938 37.7869101),1.9028192587435182,1296.1920094222412,android,9.785252192700122,-1.8012194858715942,3.7806397492598016
121,37.7868221,-122.3879375,1574214500.0,2019-11-19T17:48:20-08:00,POINT (-122.3879375 37.7868221),1.2445291004590204,1305.9336699642486,android,7.984032706828528,1.9794202633882074,-1.5191068265495256
122,37.7867503,-122.3879368,1574214501.0,2019-11-19T17:48:21-08:00,POINT (-122.3879368 37.7867503),0.6817593515059878,1313.8803611817907,android,9.963452970216736,0.46031343683868187,-0.41468909518353847
123,37.7866607,-122.3879358,1574214502.0,2019-11-19T17:48:22-08:00,POINT (-122.3879358 37.7866607),0.031640653235600516,1323.79642267981,android,10.423766407055417,0.0456243416551434,-1.4093562886785431
124,37.786567,-122.3879394,1574214503.0,2019-11-19T17:48:23-08:00,POINT (-122.3879394 37.786567),0.36941658047892095,1334.1919721752204,android,10.46939074871056,-1.3637319470233997,2.5070156763986837
125,37.786473,-122.3879462,1574214504.0,2019-11-19T17:48:24-08:00,POINT (-122.3879462 37.786473),0.42807006454407504,1344.6384707791235,android,9.105658801687161,1.143283729375284,-1.9687422727539996
126,37.7863914,-122.3879549,1574214505.0,2019-11-19T17:48:25-08:00,POINT (-122.3879549 37.7863914),0.2331825458766143,1353.7224174057253,android,10.248942531062445,-0.8254585433787156,0.6681131230375641
127,37.7862994,-122.387962,1574214506.0,2019-11-19T17:48:26-08:00,POINT (-122.387962 37.7862994),0.25150611310545773,1363.9491136090903,android,9.42348398768373,-0.1573454203411515,1.5078354268082084
128,37.786215,-122.3879717,1574214507.0,2019-11-19T17:48:27-08:00,POINT (-122.3879717 37.786215),0.011717869737091616,1373.3486505603805,android,9.266138567342578,1.3504900064670569,-4.838133360559547
129,37.7861322,-122.3879836,1574214508.0,2019-11-19T17:48:28-08:00,POINT (-122.3879836 37.7861322),0.4794506239836758,1382.5832050028898,android,10.616628573809635,-3.48764335409249,5.354821615744667
130,37.7860378,-122.3880017,1574214509.0,2019-11-19T17:48:29-08:00,POINT (-122.3880017 37.7860378),1.411063193624807,1393.1366032562419,android,7.128985219717145,1.8671782616521773,-2.1263645872749306
131,37.785974,-122.3880097,1574214510.0,2019-11-19T17:48:30-08:00,POINT (-122.3880097 37.785974),1.6687093449195491,1400.2456386032775,android,8.996163481369322,-0.25918632562275334,0.10883667411254194
132,37.7858932,-122.3880149,1574214511.0,2019-11-19T17:48:31-08:00,POINT (-122.3880149 37.7858932),1.561611538504722,1409.221607232042,android,8.736977155746569,-0.1503496515102114,0.33701946490031
133,37.7858147,-122.3880192,1574214512.0,2019-11-19T17:48:32-08:00,POINT (-122.3880192 37.7858147),1.3914787933729356,1417.9379053964412,android,8.586627504236358,0.18666981339009858,-0.18647176253335296
134,37.7857375,-122.3880215,1574214513.0,2019-11-19T17:48:33-08:00,POINT (-122.3880215 37.7857375),1.0546607677598838,1426.4991707410572,android,8.773297317626456,0.00019805085674562406,-0.004833508989737112
135,37.7856586,-122.3880217,1574214514.0,2019-11-19T17:48:34-08:00,POINT (-122.3880217 37.7856586),0.5214253995292824,1435.237045664018,android,8.773495368483202,-0.004635458132991488,1.2567410599754698
136,37.7855797,-122.3880224,1574214515.0,2019-11-19T17:48:35-08:00,POINT (-122.3880224 37.7855797),0.03213068842366094,1443.9776907186488,android,8.76885991035021,1.2521056018424783,-5.796749988089142
137,37.7855011,-122.3880305,1574214516.0,2019-11-19T17:48:36-08:00,POINT (-122.3880305 37.7855011),0.19525078740866048,1452.7261155614256,android,10.020965512192689,-4.544644386246664,5.641266328483273
138,37.7854111,-122.3880364,1574214517.0,2019-11-19T17:48:37-08:00,POINT (-122.3880364 37.7854111),0.08544917098074922,1462.7246977644863,android,5.476321125946025,1.0966219422366095,-1.9282344589633205
139,37.7853619,-122.3880392,1574214518.0,2019-11-19T17:48:38-08:00,POINT (-122.3880392 37.7853619),0.011953957640523042,1468.1882327727008,android,6.572943068182634,-0.831612516726711,0.22971710448356575
140,37.7853029,-122.3880438,1574214519.0,2019-11-19T17:48:39-08:00,POINT (-122.3880438 37.7853029),0.01958510763622419,1474.746915641331,android,5.741330551455923,-0.6018954122431452,-0.2011353295293361
141,37.7852515,-122.38805,1574214520.0,2019-11-19T17:48:40-08:00,POINT (-122.38805 37.7852515),0.16645102789350444,1480.4728989087798,android,5.139435139212778,-0.8030307417724813,0.3318494337322351
142,37.7852055,-122.3880557,1574214521.0,2019-11-19T17:48:41-08:00,POINT (-122.3880557 37.7852055),0.3462450913577123,1485.5981583100468,android,4.336404397440297,-0.47118130804024627,-0.2770016786131553
143,37.7851666,-122.3880592,1574214522.0,2019-11-19T17:48:42-08:00,POINT (-122.3880592 37.7851666),0.3822661503917971,1489.9250304151349,android,3.8652230894000503,-0.7481829866534015,0.1728904568737657
144,37.7851319,-122.3880618,1574214523.0,2019-11-19T17:48:43-08:00,POINT (-122.3880618 37.7851319),0.36851468235212587,1493.7818410673945,android,3.1170401027466488,-0.5752925297796359,0.06279931712218767
145,37.7851039,-122.3880635,1574214524.0,2019-11-19T17:48:44-08:00,POINT (-122.3880635 37.7851039),0.32244321883643623,1496.8917599152412,android,2.541747572967013,-0.5124932126574482,-0.5966998192611972
146,37.7850812,-122.3880669,1574214525.0,2019-11-19T17:48:45-08:00,POINT (-122.3880669 37.7850812),0.462770304852147,1499.424217183846,android,2.0292543603095647,-1.1091930319186454,0.26618850751031886
147,37.785063,-122.3880686,1574214526.0,2019-11-19T17:48:46-08:00,POINT (-122.3880686 37.785063),0.48511360207401394,1501.4489610010862,android,0.9200613283909194,-0.8430045244083265,0.8539547924995357
148,37.7850548,-122.38807,1574214527.0,2019-11-19T17:48:47-08:00,POINT (-122.38807 37.7850548),0.5509031445627325,1502.364721235294,android,0.07705680398259286,0.010950268091209081,-0.012833206389928353
149,37.7850531,-122.3880803,1574214539.0,2019-11-19T17:48:59-08:00,POINT (-122.3880803 37.7850531),1.4442162832047867,1502.6100326201752,android,0.20846002107710182,-0.14304820858793116,0.09290041533468404
150,37.7850514,-122.3880813,1574214540.0,2019-11-19T17:49:00-08:00,POINT (-122.3880813 37.7850514),1.5202301396403408,1502.8038177211163,android,0.06541181248917065,-0.05014779325324711,0.10779727224348572
151,37.7850512,-122.388082,1574214541.0,2019-11-19T17:49:01-08:00,POINT (-122.388082 37.7850512),1.5803510815428305,1502.8298424687912,android,0.01526401923592354,0.05764947899023861,0.03860869393553138
152,37.7850496,-122.388083,1574214554.0,2019-11-19T17:49:14-08:00,POINT (-122.388083 37.7850496),1.6570630490262563,1503.012554352882,android,0.7647072461090255,0.5595625001521466,0.7413095781986615
153,37.7850428,-122.3880843,1574214555.0,2019-11-19T17:49:15-08:00,POINT (-122.3880843 37.7850428),1.7238380594735294,1503.7727355263514,android,1.324269746261172,1.300872078350808,-0.7411633643797759
154,37.7850309,-122.3880837,1574214556.0,2019-11-19T17:49:16-08:00,POINT (-122.3880837 37.7850309),1.5880345736778672,1505.0871237758984,android,2.62514182461198,0.5597087139710322,-0.4274901181952
155,37.7850073,-122.3880845,1574214557.0,2019-11-19T17:49:17-08:00,POINT (-122.3880845 37.7850073),1.4935871681186215,1507.7048347441878,android,3.1848505385830124,0.13221859577583217,2.3202817694791107
156,37.78497871275449,-122.38808674085026,1574214558.0,2019-11-19T17:49:18-08:00,POINT (-122.38808674085026 37.78497871275449),1.4909480392734638,1510.882777056684,android,3.3170691343588445,2.452500365254943,-0.2690637695258107
157,37.784949,-122.3880901,1574214559.0,2019-11-19T17:49:19-08:00,POINT (-122.3880901 37.784949),1.5787299917418145,1514.1915452655146,android,5.769569499613787,2.183436595729132,-2.2969631260633125
158,37.7848972,-122.3880939,1574214560.0,2019-11-19T17:49:20-08:00,POINT (-122.3880939 37.7848972),1.5510630694218837,1519.9485239959931,android,7.95300609534292,-0.11352653033418036,-0.5941121595098249
159,37.7848257,-122.3880962,1574214561.0,2019-11-19T17:49:21-08:00,POINT (-122.3880962 37.7848257),1.2287945855990907,1527.8898670236213,android,7.839479565008739,-0.7076386898440052,2.4426227670714535
160,37.7847553,-122.388101,1574214562.0,2019-11-19T17:49:22-08:00,POINT (-122.388101 37.7847553),1.088270752664765,1535.7110515559502,android,7.131840875164734,1.7349840772274483,-3.8361688435217243
161,37.7846912,-122.3881038,1574214563.0,2019-11-19T17:49:23-08:00,POINT (-122.3881038 37.7846912),0.8223914363969359,1542.8223775188287,android,8.866824952392182,-2.101184766294276,5.769185898493957
162,37.7846119,-122.3881144,1574214564.0,2019-11-19T17:49:24-08:00,POINT (-122.3881144 37.7846119),1.148611895785615,1551.649786557963,android,6.765640186097906,3.668001132199681,-3.597060192987028
163,37.7845513,-122.3881213,1574214565.0,2019-11-19T17:49:25-08:00,POINT (-122.3881213 37.7845513),1.3626371265663904,1558.3974797677436,android,10.433641318297587,0.07094093921265276,-1.486546201685858
164,37.7844575,-122.3881244,1574214566.0,2019-11-19T17:49:26-08:00,POINT (-122.3881244 37.7844575),1.0275694538662603,1568.8029609399712,android,10.50458225751024,-1.4156052624732052,2.6403900654192043
165,37.7843631,-122.388129,1574214567.0,2019-11-19T17:49:27-08:00,POINT (-122.388129 37.7843631),0.8204763292415399,1579.2826107588485,android,9.088976995037035,1.2247848029459991,-2.142144098795006
166,37.7842814,-122.3881322,1574214568.0,2019-11-19T17:49:28-08:00,POINT (-122.3881322 37.7842814),0.572577293771953,1588.3483766574493,android,10.313761797983034,-0.9173592958490069,1.346922797836184
167,37.7841887,-122.3881362,1574214569.0,2019-11-19T17:49:29-08:00,POINT (-122.3881362 37.7841887),0.32375362218685405,1598.636645130307,android,9.396402502134027,0.4295635019871771,-2.5121365765538037
168,37.7841043,-122.3881415,1574214570.0,2019-11-19T17:49:30-08:00,POINT (-122.3881415 37.7841043),0.24297216984867553,1608.0122657932432,android,9.825966004121204,-2.0825730745666267,2.851332938451323
169,37.7840167,-122.3881562,1574214571.0,2019-11-19T17:49:31-08:00,POINT (-122.3881562 37.7840167),0.9677917460886739,1617.7906502021096,android,7.743392929554577,0.7687598638846964,-4.919369770836577
170,37.7839477,-122.3881681,1574214572.0,2019-11-19T17:49:32-08:00,POINT (-122.3881681 37.7839477),1.5669522234132578,1625.494453546659,android,8.512152793439274,-4.150609906951881,5.2895982117563
171,37.7838722,-122.3881841,1574214573.0,2019-11-19T17:49:33-08:00,POINT (-122.3881841 37.7838722),2.48443236884859,1633.9392915244675,android,4.361542886487393,1.1389883048044194,-2.48249773387759
172,37.7838332,-122.3881894,1574214574.0,2019-11-19T17:49:34-08:00,POINT (-122.3881894 37.7838332),2.697727015730265,1638.2862838810374,android,5.500531191291812,-1.3435094290731708,-0.01898001274152028
173,37.783784,-122.3881959,1574214575.0,2019-11-19T17:49:35-08:00,POINT (-122.3881959 37.783784),2.9504428495147454,1643.7692249167355,android,4.157021762218641,-1.3624894418146911,-0.8164430505066025
174,37.7837468,-122.3882006,1574214576.0,2019-11-19T17:49:36-08:00,POINT (-122.3882006 37.7837468),3.1226532585409577,1647.913759856729,android,2.7945323204039503,-2.1789324923212936,1.5953087759499331
175,37.7837217,-122.3882022,1574214577.0,2019-11-19T17:49:37-08:00,POINT (-122.3882022 37.7837217),3.1007257367863934,1650.702129509047,android,0.6155998280826568,-0.5836237163713605,0.6904201984933277
176,37.7837162,-122.388203,1574214578.0,2019-11-19T17:49:38-08:00,POINT (-122.388203 37.7837162),3.135426766986109,1651.3154370969078,android,0.031976111711296384,0.1067964821219672,0.06038999596605996
177,37.78370861229056,-122.38820737826948,1574214607.0,2019-11-19T17:50:07-08:00,POINT (-122.38820737826948 37.78370861229056),3.4711619873678488,1652.1783799681343,android,3.129074093248345,1.858106365137706,-1.231637547724401
178,37.7836808,-122.3882128,1574214608.0,2019-11-19T17:50:08-08:00,POINT (-122.3882128 37.7836808),3.7660394302529823,1655.3263386614517,android,4.987180458386051,0.6264688174133051,0.08704840401311742
179,37.783636,-122.3882155,1574214609.0,2019-11-19T17:50:09-08:00,POINT (-122.3882155 37.783636),3.661004115776123,1660.301560647866,android,5.613649275799356,0.7135172214264225,0.8455198781368649
180,37.7835856,-122.3882192,1574214610.0,2019-11-19T17:50:10-08:00,POINT (-122.3882192 37.7835856),3.601039671120565,1665.9027019221635,android,6.327166497225779,1.5590370995632874,-0.9231693284353888
181,37.7835288,-122.3882235,1574214611.0,2019-11-19T17:50:11-08:00,POINT (-122.3882235 37.7835288),3.5448955896482133,1672.215888311262,android,7.886203596789066,0.6358677711278986,0.5199423416221531
182,37.7834581,-122.3882306,1574214612.0,2019-11-19T17:50:12-08:00,POINT (-122.3882306 37.7834581),3.628547695519643,1680.0846228683067,android,8.522071367916965,1.1558101127500517,-3.541199553571375
183,37.783382,-122.3882421,1574214613.0,2019-11-19T17:50:13-08:00,POINT (-122.3882421 37.783382),4.313326296663963,1688.5602200930632,android,9.677881480667017,-2.3853894408213234,3.7213420080369684
184,37.7832954,-122.3882531,1574214614.0,2019-11-19T17:50:14-08:00,POINT (-122.3882531 37.7832954),4.675213380881127,1698.2105775579894,android,7.292492039845693,1.335952567215645,-0.22849292494133078
185,37.7832301,-122.3882608,1574214615.0,2019-11-19T17:50:15-08:00,POINT (-122.3882608 37.7832301),4.895849796335904,1705.4840530483898,android,8.628444607061338,1.1074596422743141,-1.346731597174836
186,37.7831527,-122.3882678,1574214616.0,2019-11-19T17:50:16-08:00,POINT (-122.3882678 37.7831527),4.9704603996912935,1714.0935044304845,android,9.735904249335652,-0.23927195490052178,1.7338366300294705
187,37.7830652,-122.3882718,1574214617.0,2019-11-19T17:50:17-08:00,POINT (-122.3882718 37.7830652),4.710880835483738,1723.8047187874204,android,9.49663229443513,1.4945646751289487,-6.388943812413161
188,37.7829798,-122.388273,1574214618.0,2019-11-19T17:50:18-08:00,POINT (-122.388273 37.7829798),4.219893925892422,1733.2678754131346,android,10.99119696956408,-4.894379137284212,8.141705011620779
189,37.7828811,-122.3882798,1574214619.0,2019-11-19T17:50:19-08:00,POINT (-122.3882798 37.7828811),4.128168809123414,1744.2348075211355,android,6.096817832279867,3.2473258743365667,-3.41434835194896
190,37.7828266,-122.3882874,1574214620.0,2019-11-19T17:50:20-08:00,POINT (-122.3882874 37.7828266),4.415451878560568,1750.3118237595786,android,9.344143706616434,-0.16702247761239342,0.520901380733175
191,37.7827427,-122.3882934,1574214621.0,2019-11-19T17:50:21-08:00,POINT (-122.3882934 37.7827427),4.356787734854063,1759.6354890193702,android,9.17712122900404,0.35387890312078163,-0.060349893171032676
192,37.7826603,-122.3882993,1574214622.0,2019-11-19T17:50:22-08:00,POINT (-122.3882993 37.7826603),4.29981266507142,1768.7925020201626,android,9.531000132124822,0.29352900994974895,-0.38468863698392575
193,37.7825747,-122.3883049,1574214623.0,2019-11-19T17:50:23-08:00,POINT (-122.3883049 37.7825747),4.194124364045776,1778.3021940930241,android,9.82452914207457,-0.0911596270341768,0.09766404020665576
194,37.7824865,-122.3883115,1574214624.0,2019-11-19T17:50:24-08:00,POINT (-122.3883115 37.7824865),4.1581631773056715,1788.1053320822507,android,9.733369515040394,0.006504413172478962,1.214442257334948
195,37.782399,-122.3883146,1574214625.0,2019-11-19T17:50:25-08:00,POINT (-122.3883146 37.782399),3.8194961589418406,1797.811556875116,android,9.739873928212873,1.220946670507427,-5.106079603919698
196,37.7823115,-122.3883197,1574214626.0,2019-11-19T17:50:26-08:00,POINT (-122.3883197 37.7823115),3.6565993915503894,1807.5288677102862,android,10.9608205987203,-3.8851329334122706,5.6545827724444795
197,37.782213,-122.3883245,1574214627.0,2019-11-19T17:50:27-08:00,POINT (-122.3883245 37.782213),3.3905133979592934,1818.4625663837896,android,7.075687665308029,1.7694498390322089,-1.2128964339949295
198,37.7821494,-122.3883271,1574214628.0,2019-11-19T17:50:28-08:00,POINT (-122.3883271 37.7821494),3.174826265793407,1825.5195269920102,android,8.845137504340238,0.5565534050372793,-0.6918116463704802
199,37.78207,-122.3883332,1574214629.0,2019-11-19T17:50:29-08:00,POINT (-122.3883332 37.78207),3.156388731444097,1834.3454522606376,android,9.401690909377518,-0.13525824133320086,1.8111653033414346
200,37.7819856,-122.3883396,1574214630.0,2019-11-19T17:50:30-08:00,POINT (-122.3883396 37.7819856),3.1293976599647655,1843.7266998336254,android,9.266432668044317,1.6759070620082337,-6.650440921834674
201,37.7819024,-122.3883456,1574214631.0,2019-11-19T17:50:31-08:00,POINT (-122.3883456 37.7819024),3.072446760449462,1852.9822425328061,android,10.94233973005255,-4.97453385982644,8.052001528573246
202,37.7818041,-122.3883514,1574214632.0,2019-11-19T17:50:32-08:00,POINT (-122.3883514 37.7818041),2.8622998197770313,1863.8987463260905,android,5.96780587022611,3.077467668746806,-2.9629892675835414
203,37.7817507,-122.3883582,1574214633.0,2019-11-19T17:50:33-08:00,POINT (-122.3883582 37.7817507),3.0413722069979805,1869.8684634019132,android,9.045273538972916,0.11447840116326446,0.13752922736555462
204,37.7816696,-122.3883662,1574214634.0,2019-11-19T17:50:34-08:00,POINT (-122.3883662 37.7816696),3.187776784112232,1878.6676134313852,android,9.15975194013618,0.2520076285288191,-0.9348895799025811
205,37.7815878,-122.3883785,1574214635.0,2019-11-19T17:50:35-08:00,POINT (-122.3883785 37.7815878),3.4029772301117487,1888.2102555456795,android,9.411759568665,-0.6828819513737621,0.6543196667489344
206,37.7815037,-122.3883906,1574214636.0,2019-11-19T17:50:36-08:00,POINT (-122.3883906 37.7815037),3.4358279265376233,1897.4342701167352,android,8.728877617291237,-0.028562284624827683,0.9565786215636187
207,37.7814257,-122.3884018,1574214637.0,2019-11-19T17:50:37-08:00,POINT (-122.3884018 37.7814257),3.796741616089403,1906.1370577309856,android,8.70031533266641,0.928016336938791,-0.19455511835581163
208,37.7813483,-122.3884163,1574214638.0,2019-11-19T17:50:38-08:00,POINT (-122.3884163 37.7813483),3.929226886068664,1915.093239945443,android,9.6283316696052,0.7334612185829794,-4.650539368711375
209,37.7812624,-122.3884301,1574214639.0,2019-11-19T17:50:39-08:00,POINT (-122.3884301 37.7812624),3.703254752785314,1924.7525837577186,android,10.36179288818818,-3.917078150128396,6.276585443271172
210,37.7811698,-122.3884433,1574214640.0,2019-11-19T17:50:40-08:00,POINT (-122.3884433 37.7811698),2.6203714538271567,1935.5222777589256,android,6.444714738059784,2.3595072931427756,-3.0644906030060097
211,37.7811131,-122.3884585,1574214641.0,2019-11-19T17:50:41-08:00,POINT (-122.3884585 37.7811131),1.9925585154181669,1941.9233588282832,android,8.80422203120256,-0.7049833098632341,0.5804572288793413
212,37.781039,-122.3884938,1574214642.0,2019-11-19T17:50:42-08:00,POINT (-122.3884938 37.781039),2.4676183051828464,1950.700093565878,android,8.099238721339326,-0.12452608098389284,1.5112640017550145
213,37.7809713,-122.3885278,1574214643.0,2019-11-19T17:50:43-08:00,POINT (-122.3885278 37.7809713),2.737926411056913,1958.969067909161,android,7.974712640355433,1.3867379207711217,-5.70736289829329
214,37.780905,-122.3885624,1574214644.0,2019-11-19T17:50:44-08:00,POINT (-122.3885624 37.780905),2.8344751549760256,1967.0370962520715,android,9.361450561126555,-4.320624977522169,6.632444376082983
215,37.7808262,-122.3885999,1574214645.0,2019-11-19T17:50:45-08:00,POINT (-122.3885999 37.7808262),2.328640473050932,1976.36927036081,android,5.040825583604386,2.3118193985608144,-2.406612121751622
216,37.7807844,-122.3886221,1574214646.0,2019-11-19T17:50:46-08:00,POINT (-122.3886221 37.7807844),1.7328283490915204,1981.643890877182,android,7.3526449821652005,-0.09479272319080767,1.8862715038306952
217,37.7807259,-122.3886611,1574214647.0,2019-11-19T17:50:47-08:00,POINT (-122.3886611 37.7807259),1.3421417314125261,1988.99973196204,android,7.257852258974393,1.7914787806398875,-3.612476534205771
218,37.7806697,-122.3887031,1574214648.0,2019-11-19T17:50:48-08:00,POINT (-122.3887031 37.7806697),1.2139221014097559,1996.248485307212,android,9.04933103961428,-1.8209977535658837,2.688057002801015
219,37.7806008,-122.3887579,1574214649.0,2019-11-19T17:50:49-08:00,POINT (-122.3887579 37.7806008),0.9836839647387918,2005.3501188251091,android,7.228333286048397,0.8670592492351314,-1.393449250117727
220,37.7805498,-122.3888089,1574214650.0,2019-11-19T17:50:50-08:00,POINT (-122.3888089 37.7805498),1.2898541797479681,2012.6469761052176,android,8.095392535283528,-0.5263900008825955,0.8847125222221051
221,37.7804923,-122.3888654,1574214651.0,2019-11-19T17:50:51-08:00,POINT (-122.3888654 37.7804923),1.2208793607429536,2020.7371916561408,android,7.569002534400933,0.3583225213395096,-2.0390938426183984
222,37.7804394,-122.3889196,1574214652.0,2019-11-19T17:50:52-08:00,POINT (-122.3889196 37.7804394),0.9146886477826943,2028.3662770486696,android,7.927325055740442,-1.6807713212788888,2.564399850957604
223,37.7803848,-122.3889776,1574214653.0,2019-11-19T17:50:53-08:00,POINT (-122.3889776 37.7803848),0.6897116478711477,2036.2868673960068,android,6.246553734461553,0.883628529678715,-0.7038152113723211
224,37.780346,-122.389029,1574214654.0,2019-11-19T17:50:54-08:00,POINT (-122.389029 37.780346),1.198786133622211,2042.5127261915534,android,7.130182264140268,0.1798133183063939,-0.022969368199970752
225,37.7803031,-122.3890893,1574214655.0,2019-11-19T17:50:55-08:00,POINT (-122.3890893 37.7803031),1.7732314468957455,2049.693725315218,android,7.309995582446662,0.15684395010642316,0.5508081895667427
226,37.7802591,-122.3891511,1574214656.0,2019-11-19T17:50:56-08:00,POINT (-122.3891511 37.7802591),2.2180911063791076,2056.9911639646216,android,7.466839532553085,0.7076521396731659,-3.3638216814014728
227,37.7802086,-122.3892071,1574214657.0,2019-11-19T17:50:57-08:00,POINT (-122.3892071 37.7802086),1.7928517378379343,2064.4432029473073,android,8.174491672226251,-2.656169541728307,3.8984921339452754
228,37.7801572,-122.3892736,1574214658.0,2019-11-19T17:50:58-08:00,POINT (-122.3892736 37.7801572),1.9556525055593064,2072.615776337115,android,5.518322130497944,1.2423225922169685,-1.7902919380364777
229,37.780123,-122.3893191,1574214659.0,2019-11-19T17:50:59-08:00,POINT (-122.3893191 37.780123),2.1425166758475545,2078.1310564676855,android,6.760644722714913,-0.5479693458195092,1.3598215188626428
230,37.7800827,-122.3893767,1574214660.0,2019-11-19T17:51:00-08:00,POINT (-122.3893767 37.7800827),2.612476270996575,2084.8765098922395,android,6.212675376895404,0.8118521730431336,-2.271762684622737
231,37.7800476,-122.3894317,1574214661.0,2019-11-19T17:51:01-08:00,POINT (-122.3894317 37.7800476),3.3247017808804644,2091.0504716602977,android,7.024527549938537,-1.4599105115796034,2.293822574576823
232,37.7800043,-122.3894899,1574214662.0,2019-11-19T17:51:02-08:00,POINT (-122.3894899 37.7800043),3.5984934494563867,2098.0699683524504,android,5.564617038358934,0.8339120629972196,-0.4336891142649506
233,37.7799713,-122.3895375,1574214663.0,2019-11-19T17:51:03-08:00,POINT (-122.3895375 37.7799713),4.015810812739724,2103.5861818985218,android,6.398529101356154,0.40022294873226905,0.7113003240559568
234,37.7799355,-122.3895945,1574214664.0,2019-11-19T17:51:04-08:00,POINT (-122.3895945 37.7799355),4.852963540240145,2109.9322343227045,android,6.798752050088423,1.1115232727882258,-3.0489094056048645
235,37.7798934,-122.3896506,1574214665.0,2019-11-19T17:51:05-08:00,POINT (-122.3896506 37.7798934),5.146533865990317,2116.7248189605834,android,7.9102753228766485,-1.9373861328166386,2.2429274357208886
236,37.7798433,-122.3897145,1574214666.0,2019-11-19T17:51:06-08:00,POINT (-122.3897145 37.7798433),5.34955262000218,2125.180823537524,android,5.97288919006001,0.30554130290424997,-0.610896566538849
237,37.7798042,-122.3897611,1574214667.0,2019-11-19T17:51:07-08:00,POINT (-122.3897611 37.7798042),4.907660478391666,2130.7173351358915,android,6.27843049296426,-0.3053552636345991,-0.08453419861250122
238,37.7797654,-122.389813,1574214668.0,2019-11-19T17:51:08-08:00,POINT (-122.389813 37.7797654),5.069694135916623,2136.993884667553,android,5.973075229329661,-0.3898894622471003,1.8058665408534065
239,37.779731,-122.3898652,1574214669.0,2019-11-19T17:51:09-08:00,POINT (-122.3898652 37.779731),5.5969490803953,2142.9454082363245,android,5.58318576708256,1.4159770786063062,-3.2043052202013547
240,37.7796982,-122.3899133,1574214670.0,2019-11-19T17:51:10-08:00,POINT (-122.3899133 37.7796982),5.995991757486553,2148.515571901209,android,6.999162845688867,-1.7883281415950485,2.9389774825211923
241,37.7796569,-122.3899734,1574214671.0,2019-11-19T17:51:11-08:00,POINT (-122.3899734 37.7796569),6.4696180874736795,2155.5001547946363,android,5.210834704093818,1.1506493409261438,-1.7478120682003047
242,37.7796232,-122.3900146,1574214672.0,2019-11-19T17:51:12-08:00,POINT (-122.3900146 37.7796232),6.369874444160979,2160.709225110639,android,6.361484045019962,-0.5971627272741609,0.9810932350272079
243,37.7795801,-122.3900622,1574214673.0,2019-11-19T17:51:13-08:00,POINT (-122.3900622 37.7795801),5.926538244558953,2167.0529008223816,android,5.764321317745801,0.38393050775304705,-3.1825300427817305
244,37.7795392,-122.3901025,1574214674.0,2019-11-19T17:51:14-08:00,POINT (-122.3901025 37.7795392),5.203807819646052,2172.7682604470465,android,6.148251825498848,-2.7985995350286834,2.7779805076743203
245,37.7794972,-122.390148,1574214675.0,2019-11-19T17:51:15-08:00,POINT (-122.390148 37.7794972),4.716903494414557,2178.8946929889985,android,3.3496522904701647,-0.020619027354363162,-0.9752614754232503
246,37.7794746,-122.3901732,1574214676.0,2019-11-19T17:51:16-08:00,POINT (-122.3901732 37.7794746),4.499348200590411,2182.2361067811553,android,3.3290332631158015,-0.9958805027776134,-0.5584877054638289
247,37.7794517,-122.3901976,1574214677.0,2019-11-19T17:51:17-08:00,POINT (-122.3901976 37.7794517),4.208550178107971,2185.5509418365573,android,2.333152760338188,-1.5543682082414423,0.9879012811806266
248,37.7794352,-122.390214,1574214678.0,2019-11-19T17:51:18-08:00,POINT (-122.390214 37.7794352),3.9257981984766404,2187.8655329605467,android,0.7787845520967458,-0.5664669270608157,0.4255281773044543
249,37.7794287,-122.3902173,1574214679.0,2019-11-19T17:51:19-08:00,POINT (-122.3902173 37.7794287),3.618407793490466,2188.5797278841355,android,0.2123176250359301,-0.1409387497563614,0.19601611881340814
250,37.779427,-122.3902162,1574214680.0,2019-11-19T17:51:20-08:00,POINT (-122.3902162 37.779427),3.4162741324061323,2188.643777876895,android,0.07137887527956872,0.05507736905704674,-0.03417979312666399
251,37.7794211,-122.390213,1574214690.0,2019-11-19T17:51:30-08:00,POINT (-122.390213 37.7794211),2.753054489156717,2188.9046867777292,android,0.6221525658500362,-0.2867205622095932,0.06283025760300853
252,37.7794156,-122.3902143,1574214691.0,2019-11-19T17:51:31-08:00,POINT (-122.3902143 37.7794156),2.4004101982281045,2189.415700499633,android,0.335432003640443,-0.22389030460658466,0.15005462666485814
253,37.7794126,-122.3902147,1574214692.0,2019-11-19T17:51:32-08:00,POINT (-122.3902147 37.7794126),2.1888906477842123,2189.6751096548364,android,0.11154169903385835,-0.07383567794172652,0.14268367120175515
254,37.7794116,-122.3902148,1574214693.0,2019-11-19T17:51:33-08:00,POINT (-122.3902148 37.7794116),2.1163169813629086,2189.7594952378304,android,0.03770602109213184,0.06884799326002863,0.06160368301081917
255,37.7794113,-122.3902146,1574214694.0,2019-11-19T17:51:34-08:00,POINT (-122.3902146 37.7794113),2.080281539354306,2189.7704303850965,android,0.10655401435216047,0.1304516762708478,0.0051943024622750555
256,37.7794089,-122.3902313,1574214708.0,2019-11-19T17:51:48-08:00,POINT (-122.3902313 37.7794089),2.9268639020425957,2191.002101272474,android,1.9328774821440298,0.20317191074269858,1.224689460476858
257,37.7793995,-122.3902498,1574214709.0,2019-11-19T17:51:49-08:00,POINT (-122.3902498 37.7793995),3.3336470808222605,2192.8932477342587,android,2.1360493928867283,1.4278613712195565,-0.985346809432146
258,37.7793887,-122.3902699,1574214710.0,2019-11-19T17:51:50-08:00,POINT (-122.3902699 37.7793887),3.7293690012986356,2194.9938191900674,android,3.563910764106285,0.44251456178741044,-0.23799546743036615
259,37.779365,-122.3902972,1574214711.0,2019-11-19T17:51:51-08:00,POINT (-122.3902972 37.779365),3.5553985725433788,2198.552482494233,android,4.006425325893695,0.2045190943570443,-0.4423502389200924
260,37.7793372,-122.3903262,1574214712.0,2019-11-19T17:51:52-08:00,POINT (-122.3903262 37.7793372),3.163877059886574,2202.5377836226467,android,4.21094442025074,-0.2378311445630481,-0.13416965235716471
261,37.7793063,-122.3903539,1574214713.0,2019-11-19T17:51:53-08:00,POINT (-122.3903539 37.7793063),2.447535876570668,2206.684017520281,android,3.9731132756876915,-0.3720007969202128,1.3666282067312676
262,37.7792754,-122.3903766,1574214714.0,2019-11-19T17:51:54-08:00,POINT (-122.3903766 37.7792754),1.4211229418372942,2210.5176321590484,android,3.6011124787674786,0.9946274098110548,-0.5952854204760021
263,37.7792505,-122.3904028,1574214715.0,2019-11-19T17:51:55-08:00,POINT (-122.3904028 37.7792505),1.0844130478678138,2214.1012817559813,android,4.595739888578533,0.3993419893350527,0.9018550167703623
264,37.7792203,-122.3904385,1574214716.0,2019-11-19T17:51:56-08:00,POINT (-122.3904385 37.7792203),0.9193384467086546,2218.6930171892113,android,4.995081877913586,1.301197006105415,-0.9549206838728548
265,37.779188,-122.390478,1574214717.0,2019-11-19T17:51:57-08:00,POINT (-122.390478 37.779188),0.8244958124585012,2223.686425053504,android,6.296278884019001,0.3462763222325602,0.6187402765002945
266,37.7791423,-122.3905203,1574214718.0,2019-11-19T17:51:58-08:00,POINT (-122.3905203 37.7791423),0.15228482855628728,2229.901889336403,android,6.642555206251561,0.9650165987328547,-3.7391918726656845
267,37.7790949,-122.3905663,1574214719.0,2019-11-19T17:51:59-08:00,POINT (-122.3905663 37.7790949),1.033522581739974,2236.481521558492,android,7.607571804984416,-2.77417527393283,4.190824645133994
268,37.7790444,-122.3906247,1574214720.0,2019-11-19T17:52:00-08:00,POINT (-122.3906247 37.7790444),1.3899697657507617,2244.0786682919434,android,4.833396531051586,1.4166493712011645,-0.3528100832505894
269,37.7790174,-122.3906678,1574214721.0,2019-11-19T17:52:01-08:00,POINT (-122.3906678 37.7790174),0.8095799974503215,2248.8897035204827,android,6.250045902252751,1.0638392879505751,-1.662069746830391
270,37.7789801,-122.390721,1574214722.0,2019-11-19T17:52:02-08:00,POINT (-122.390721 37.7789801),0.39854216274598475,2255.127264661506,android,7.313885190203326,-0.598230458879816,0.7913922418612227
271,37.7789374,-122.3907843,1574214723.0,2019-11-19T17:52:03-08:00,POINT (-122.3907843 37.7789374),0.22192912471067747,2262.4165931176763,android,6.71565473132351,0.19316178298140674,1.0576626450635969
272,37.778897,-122.3908411,1574214724.0,2019-11-19T17:52:04-08:00,POINT (-122.3908411 37.778897),0.6498905054380713,2269.1178689564827,android,6.908816514304917,1.2508244280450036,-1.438168033417769
273,37.7788538,-122.3908976,1574214725.0,2019-11-19T17:52:05-08:00,POINT (-122.3908976 37.7788538),0.8470389996053689,2276.023776084834,android,8.15964094234992,-0.1873436053727655,2.379349030578405
274,37.7788035,-122.3909652,1574214726.0,2019-11-19T17:52:06-08:00,POINT (-122.3909652 37.7788035),1.1906718570968606,2284.1765301129017,android,7.972297336977155,2.1920054252056396,-5.240550632788905
275,37.7787523,-122.3910287,1574214727.0,2019-11-19T17:52:07-08:00,POINT (-122.3910287 37.7787523),1.158752923214996,2292.1714704807355,android,10.164302762182794,-3.048545207583265,4.450423717571397
276,37.7786884,-122.3911114,1574214728.0,2019-11-19T17:52:08-08:00,POINT (-122.3911114 37.7786884),1.269900692970052,2302.2688008598084,android,7.115757554599529,1.4018785099881317,-1.6595960950998627
277,37.778645,-122.3911709,1574214729.0,2019-11-19T17:52:09-08:00,POINT (-122.3911709 37.778645),1.8818679354917764,2309.3587993683514,android,8.517636064587661,-0.25771758511173104,0.18556763344471783
278,37.7785939,-122.3912431,1574214730.0,2019-11-19T17:52:10-08:00,POINT (-122.3912431 37.7785939),2.74162931059814,2317.8341945714824,android,8.25991847947593,-0.07214995166701321,-1.4822330749535189
279,37.7785502,-122.3913191,1574214731.0,2019-11-19T17:52:11-08:00,POINT (-122.3913191 37.7785502),3.9938894703917835,2326.233451745923,android,8.187768527808917,-1.554383026620532,1.911400632094871
280,37.7785091,-122.3913964,1574214732.0,2019-11-19T17:52:12-08:00,POINT (-122.3913964 37.7785091),5.354758805741366,2334.3132116928773,android,6.633385501188385,0.35701760547433903,-1.2728218197631254
281,37.7784685,-122.3914517,1574214733.0,2019-11-19T17:52:13-08:00,POINT (-122.3914517 37.7784685),5.489085532684615,2340.5825060443676,android,6.990403106662724,-0.9158042142887863,0.7034249868155174
282,37.7784237,-122.3915075,1574214734.0,2019-11-19T17:52:14-08:00,POINT (-122.3915075 37.7784237),5.717391137096511,2347.5683649078433,android,6.074598892373937,-0.21237922747326898,-3.29624813961325
283,37.7783864,-122.391558,1574214735.0,2019-11-19T17:52:15-08:00,POINT (-122.391558 37.7783864),6.168625839638022,2353.626537256835,android,5.862219664900668,-3.508627367086519,3.9750371149794677
284,37.7783528,-122.3916094,1574214736.0,2019-11-19T17:52:16-08:00,POINT (-122.3916094 37.7783528),6.7468713711108235,2360.2080599508035,android,2.3535922978141492,0.46640974789294853,-0.768970208866421
285,37.7783412,-122.3916318,1574214737.0,2019-11-19T17:52:17-08:00,POINT (-122.3916318 37.7783412),7.060019297752712,2362.5425191854424,android,2.820002045707098,-0.30256046097347244,-0.6117403048505148
286,37.7783284,-122.3916595,1574214738.0,2019-11-19T17:52:18-08:00,POINT (-122.3916595 37.7783284),7.5770690798693865,2365.3174294426367,android,2.5174415847336253,-0.9143007658239872,0.5567330380025481
287,37.7783148,-122.3916824,1574214739.0,2019-11-19T17:52:19-08:00,POINT (-122.3916824 37.7783148),7.75089357447265,2367.830126324848,android,1.603140818909638,-0.3575677278214391,-0.3314058978147808
288,37.7783043,-122.3916949,1574214740.0,2019-11-19T17:52:20-08:00,POINT (-122.3916949 37.7783043),7.587242142433346,2369.4245516913174,android,1.245573091088199,-0.6889736256362199,0.22598582530448885
289,37.778295,-122.3917028,1574214741.0,2019-11-19T17:52:21-08:00,POINT (-122.3917028 37.778295),7.259939080101041,2370.625217455225,android,0.5565994654519791,-0.46298780033173104,0.5796861178127202
290,37.77829,-122.3917025,1574214742.0,2019-11-19T17:52:22-08:00,POINT (-122.3917025 37.77829),6.822502498202099,2370.967423275365,android,0.09361166512024811,0.11669831748098909,0.030306981498628673
291,37.7782491,-122.3916957,1574214791.0,2019-11-19T17:53:11-08:00,POINT (-122.3916957 37.7782491),2.994379118202014,2373.4767810117314,android,5.811829221688713,1.601740410913794,-1.9604093294854197
292,37.7782129,-122.3917434,1574214792.0,2019-11-19T17:53:12-08:00,POINT (-122.3917434 37.7782129),2.6949467272655085,2379.28090111475,android,7.413569632602507,-0.35866891857162564,0.02393714453778273
293,37.7781629,-122.3917992,1574214793.0,2019-11-19T17:53:13-08:00,POINT (-122.3917992 37.7781629),1.9999727024116294,2386.5405320473888,android,7.0549007140308815,-0.3347317740338429,0.41503961853916227
294,37.7781161,-122.3918534,1574214794.0,2019-11-19T17:53:14-08:00,POINT (-122.3918534 37.7781161),1.5040138291508107,2393.576075870184,android,6.720168939997039,0.08030784450531936,1.3852720721844873
295,37.7780715,-122.391905,1574214795.0,2019-11-19T17:53:15-08:00,POINT (-122.391905 37.7780715),1.02821078453241,2400.2775559987736,android,6.800476784502358,1.4655799166898067,-2.764568845505422
296,37.7780265,-122.3919574,1574214796.0,2019-11-19T17:53:16-08:00,POINT (-122.3919574 37.7780265),0.5685403698924941,2407.060723415638,android,8.266056701192165,-1.2989889288156151,1.007671057802213
297,37.7779721,-122.3920215,1574214797.0,2019-11-19T17:53:17-08:00,POINT (-122.3920215 37.7779721),0.257878255732501,2415.303996856518,android,6.9670677723765495,-0.2913178710134021,0.46925847661741305
298,37.7779266,-122.392076,1574214798.0,2019-11-19T17:53:18-08:00,POINT (-122.392076 37.7779266),0.32090878797250205,2422.2614922467815,android,6.675749901363147,0.17794060560401093,-1.5138671954298255
299,37.7778847,-122.3921304,1574214799.0,2019-11-19T17:53:19-08:00,POINT (-122.3921304 37.7778847),0.6110868211031466,2428.930735618984,android,6.853690506967158,-1.3359265898258146,2.422842673380835
300,37.7778423,-122.392187,1574214800.0,2019-11-19T17:53:20-08:00,POINT (-122.392187 37.7778423),0.7859828017588266,2435.8377980953396,android,5.517763917141344,1.0869160835550202,-2.6088527728869773
301,37.7778087,-122.3922332,1574214801.0,2019-11-19T17:53:21-08:00,POINT (-122.3922332 37.7778087),0.4807049714440453,2441.3476114258547,android,6.604680000696364,-1.521936689331957,3.486307765664309
302,37.7777699,-122.3922901,1574214802.0,2019-11-19T17:53:22-08:00,POINT (-122.3922901 37.7777699),0.09545530722010627,2447.928598336795,android,5.082743311364407,1.9643710763323519,-1.3140669469549229
303,37.7777423,-122.3923362,1574214803.0,2019-11-19T17:53:23-08:00,POINT (-122.3923362 37.7777423),0.859635427506775,2452.9560600733917,android,7.047114387696759,0.650304129377429,-0.280945218122703
304,37.7777035,-122.3923996,1574214804.0,2019-11-19T17:53:24-08:00,POINT (-122.3923996 37.7777035),1.728845363424861,2459.9844947515858,android,7.697418517074188,0.369358911254726,-0.27404293757160847
305,37.7776592,-122.3924669,1574214805.0,2019-11-19T17:53:25-08:00,POINT (-122.3924669 37.7776592),2.330206710309999,2467.6606734097973,android,8.066777428328914,0.0953159736831175,-0.7376753627741923
306,37.7776103,-122.3925347,1574214806.0,2019-11-19T17:53:26-08:00,POINT (-122.3925347 37.7776103),2.596033938604801,2475.723940940592,android,8.162093402012031,-0.6423593890910748,0.3577949666483278
307,37.7775585,-122.3926005,1574214807.0,2019-11-19T17:53:27-08:00,POINT (-122.3926005 37.7775585),2.508317894955252,2483.8849473191012,android,7.5197340129209564,-0.28456442244274704,0.8067824298797133
308,37.7775124,-122.3926631,1574214808.0,2019-11-19T17:53:28-08:00,POINT (-122.3926631 37.7775124),2.6781070425883486,2491.403249069348,android,7.235169590478209,0.5222180074369662,-2.7992682819174872
309,37.7774667,-122.3927217,1574214809.0,2019-11-19T17:53:29-08:00,POINT (-122.3927217 37.7774667),2.634388807862546,2498.6378836254053,android,7.757387597915176,-2.277050274480521,3.5152631810276596
310,37.777418,-122.3927849,1574214810.0,2019-11-19T17:53:30-08:00,POINT (-122.3927849 37.777418),2.6340077339259245,2506.395034374979,android,5.480337323434655,1.2382129065471386,-1.5788000280870005
311,37.7773838,-122.3928298,1574214811.0,2019-11-19T17:53:31-08:00,POINT (-122.3928298 37.7773838),2.6654728338716462,2511.8752472443252,android,6.718550229981793,-0.3405871215398619,-0.17540264668682237
312,37.7773477,-122.3928911,1574214812.0,2019-11-19T17:53:32-08:00,POINT (-122.3928911 37.7773477),3.551657610918791,2518.538599357624,android,6.377963108441931,-0.5159897682266843,0.8747181019193739
313,37.7773121,-122.392948,1574214813.0,2019-11-19T17:53:33-08:00,POINT (-122.392948 37.7773121),4.20775759758264,2524.8852794323216,android,5.861973340215247,0.35872833369268964,-2.3951103246251657
314,37.7772786,-122.3929995,1574214814.0,2019-11-19T17:53:34-08:00,POINT (-122.3929995 37.7772786),4.703585837156951,2530.6574913379086,android,6.220701673907937,-2.036381990932476,2.61738326109343
315,37.7772417,-122.3930527,1574214815.0,2019-11-19T17:53:35-08:00,POINT (-122.3930527 37.7772417),5.122971372404803,2536.865217508845,android,4.1843196829754605,0.5810012701609537,-1.408987126310182
316,37.7772145,-122.3930856,1574214816.0,2019-11-19T17:53:36-08:00,POINT (-122.3930856 37.7772145),5.038762626944626,2541.047943423803,android,4.765320953136414,-0.8279858561492284,0.24992566764195434
317,37.7771831,-122.3931225,1574214817.0,2019-11-19T17:53:37-08:00,POINT (-122.3931225 37.7771831),4.874274809050683,2545.809286347962,android,3.937335096987186,-0.578060188507274,-0.04049298399917056
318,37.7771584,-122.3931546,1574214818.0,2019-11-19T17:53:38-08:00,POINT (-122.3931546 37.7771584),4.936329920353613,2549.7460237094515,android,3.359274908479912,-0.6185531725064446,0.2699119014458633
319,37.777139,-122.3931839,1574214819.0,2019-11-19T17:53:39-08:00,POINT (-122.3931839 37.777139),5.239691209973342,2553.0925313730368,android,2.7407217359734672,-0.3486412710605813,0.5765125110066083
320,37.7771191,-122.3932023,1574214820.0,2019-11-19T17:53:40-08:00,POINT (-122.3932023 37.7771191),4.824907557280125,2555.7996822301952,android,2.392080464912886,0.22787123994602698,0.17658192324063027
321,37.7771023,-122.3932193,1574214821.0,2019-11-19T17:53:41-08:00,POINT (-122.3932193 37.7771023),4.566072601725285,2558.1764048815676,android,2.619951704858913,0.40445316318665725,-1.863635458358111
322,37.7770849,-122.3932394,1574214822.0,2019-11-19T17:53:42-08:00,POINT (-122.3932394 37.7770849),4.453267086003245,2560.7932069844846,android,3.02440486804557,-1.4591822951714537,2.549498733861638
323,37.7770636,-122.3932608,1574214823.0,2019-11-19T17:53:43-08:00,POINT (-122.3932608 37.7770636),4.1155377731342675,2563.796991750825,android,1.5652225728741165,1.0903164386901842,-0.7267125356859325
324,37.7770548,-122.3932747,1574214824.0,2019-11-19T17:53:44-08:00,POINT (-122.3932747 37.7770548),4.2910977854020995,2565.3529275027504,android,2.6555390115643007,0.3636039030042517,-0.15918569872735633
325,37.7770343,-122.3932902,1574214825.0,2019-11-19T17:53:45-08:00,POINT (-122.3932902 37.7770343),3.648624121233445,2567.926621051928,android,3.0191429145685524,0.2044182042768954,0.8126945905522907
326,37.7770092,-122.3933033,1574214826.0,2019-11-19T17:53:46-08:00,POINT (-122.3933033 37.7770092),2.4958593857814657,2570.7118808127775,android,3.223561118845448,1.017112794829186,-2.4076132495240543
327,37.776983,-122.393319,1574214827.0,2019-11-19T17:53:47-08:00,POINT (-122.393319 37.776983),1.4195536465283083,2573.7441446148464,android,4.240673913674634,-1.3905004546948683,1.1881555774353472
328,37.7769515,-122.3933462,1574214828.0,2019-11-19T17:53:48-08:00,POINT (-122.3933462 37.7769515),0.6465320965888391,2577.910102007886,android,2.8501734589797656,-0.2023448772595211,0.5412025044975222
329,37.7769312,-122.393366,1574214829.0,2019-11-19T17:53:49-08:00,POINT (-122.393366 37.7769312),0.2899430631749077,2580.736103667388,android,2.6478285817202445,0.33885762723800106,0.4013197258953012
330,37.7769166,-122.3933898,1574214830.0,2019-11-19T17:53:50-08:00,POINT (-122.3933898 37.7769166),0.6294195234009493,2583.363247125392,android,2.9866862089582455,0.7401773531333022,-1.1546457718107277
331,37.7768969,-122.3934129,1574214831.0,2019-11-19T17:53:51-08:00,POINT (-122.3934129 37.7768969),0.5255739618459172,2586.347400159653,android,3.726863562091548,-0.41446841867742545,0.8224706619167539
332,37.7768696,-122.3934375,1574214832.0,2019-11-19T17:53:52-08:00,POINT (-122.3934375 37.7768696),0.08037101365212339,2590.0217620002945,android,3.3123951434141223,0.40800224323932843,-0.5392468632274001
333,37.7768453,-122.3934593,1574214833.0,2019-11-19T17:53:53-08:00,POINT (-122.3934593 37.7768453),0.6257557442829526,2593.286333035165,android,3.7203973866534508,-0.1312446199880717,0.031786939253665825
334,37.7768183,-122.3934843,1574214834.0,2019-11-19T17:53:54-08:00,POINT (-122.3934843 37.7768183),1.1832511180862983,2596.9620160375525,android,3.589152766665379,-0.09945768073440586,-0.7053776705950261
335,37.7767923,-122.3935085,1574214835.0,2019-11-19T17:53:55-08:00,POINT (-122.3935085 37.7767923),1.7122468735821275,2600.5093964387047,android,3.489695085930973,-0.804835351329432,0.6560855141173998
336,37.776769,-122.3935351,1574214836.0,2019-11-19T17:53:56-08:00,POINT (-122.3935351 37.776769),1.8800284467599542,2603.9940106202544,android,2.6848597346015413,-0.14874983721203217,-0.8037394758792897
337,37.7767532,-122.3935582,1574214837.0,2019-11-19T17:53:57-08:00,POINT (-122.3935582 37.7767532),1.6782250655587796,2606.671861305785,android,2.536109897389509,-0.9524893130913219,0.20499711625955985
338,37.7767379,-122.3935796,1574214838.0,2019-11-19T17:53:58-08:00,POINT (-122.3935796 37.7767379),1.5432131814440266,2609.2046948352977,android,1.5836205842981872,-0.747492196831762,1.7277324942806098
339,37.7767312,-122.3935955,1574214839.0,2019-11-19T17:53:59-08:00,POINT (-122.3935955 37.7767312),1.0770900745005227,2610.7199617117194,android,0.8361283874664251,0.9802402974488478,-0.630497323066443
340,37.7767308,-122.393605,1574214840.0,2019-11-19T17:54:00-08:00,POINT (-122.393605 37.7767308),0.5162119152835289,2611.342319392305,android,1.816368684915273,0.34974297438240476,-0.7644854488764321
341,37.7767225,-122.3936228,1574214841.0,2019-11-19T17:54:01-08:00,POINT (-122.3936228 37.7767225),0.05703429951604266,2613.1014383526694,android,2.1661116592976777,-0.41474247449402735,0.6684811374713093
342,37.7767109,-122.3936426,1574214842.0,2019-11-19T17:54:02-08:00,POINT (-122.3936426 37.7767109),0.2682036594938118,2615.2441477250954,android,1.7513691848036503,0.253738662977282,0.1268145581253901
343,37.7767011,-122.3936582,1574214843.0,2019-11-19T17:54:03-08:00,POINT (-122.3936582 37.7767011),0.47268084824816586,2616.984227001973,android,2.0051078477809323,0.3805532211026721,-0.5016873795873913
344,37.7766889,-122.393675,1574214844.0,2019-11-19T17:54:04-08:00,POINT (-122.393675 37.7766889),0.5638793136865586,2618.987447409045,android,2.3856610688836044,-0.1211341584847192,-0.3717111447193613
345,37.7766732,-122.3936935,1574214845.0,2019-11-19T17:54:05-08:00,POINT (-122.3936935 37.7766732),0.4867626789222741,2621.371305151701,android,2.264526910398885,-0.4928453032040805,0.15251138332652414
346,37.7766573,-122.3937096,1574214846.0,2019-11-19T17:54:06-08:00,POINT (-122.3937096 37.7766573),0.2443575702981707,2623.621580619988,android,1.7716816071948047,-0.34033391987755635,-0.18830370499394955
347,37.776644,-122.3937207,1574214847.0,2019-11-19T17:54:07-08:00,POINT (-122.3937207 37.776644),0.10598506358678651,2625.356630543033,android,1.4313476873172484,-0.5286376248715059,0.5213156521088365
348,37.7766327,-122.3937285,1574214848.0,2019-11-19T17:54:08-08:00,POINT (-122.3937285 37.7766327),0.5053096752927311,2626.7293262281946,android,0.9027100624457425,-0.0073219727626694375,-0.06839310272976584
349,37.776626,-122.3937343,1574214849.0,2019-11-19T17:54:09-08:00,POINT (-122.3937343 37.776626),0.6688142713275282,2627.6163294109783,android,0.895388089683073,-0.07571507549243528,-0.23849482311021064
350,37.7766187,-122.3937386,1574214850.0,2019-11-19T17:54:10-08:00,POINT (-122.3937386 37.7766187),1.014426185592758,2628.403756444173,android,0.8196730141906378,-0.3142098986026459,0.27715172162134627
351,37.7766115,-122.3937406,1574214851.0,2019-11-19T17:54:11-08:00,POINT (-122.3937406 37.7766115),1.4904174184109091,2629.0690536694883,android,0.5054631155879918,-0.03705817698129965,-0.18485093313367826
352,37.7766073,-122.3937384,1574214852.0,2019-11-19T17:54:12-08:00,POINT (-122.3937384 37.7766073),1.9664081648007932,2629.2367546631986,android,0.4684049386066922,-0.2219091101149779,0.6144819035139736
353,37.7766035,-122.3937361,1574214853.0,2019-11-19T17:54:13-08:00,POINT (-122.3937361 37.7766035),2.415300413776655,2629.3682220384626,android,0.24649582849171428,0.39257279339899565,-0.5603387848215459
354,37.7766018,-122.3937343,1574214854.0,2019-11-19T17:54:14-08:00,POINT (-122.3937343 37.7766018),2.6615430872349264,2629.376561654203,android,0.6390686218907099,-0.16776599142255022,0.09360269861059056
355,37.7765969,-122.3937381,1574214855.0,2019-11-19T17:54:15-08:00,POINT (-122.3937381 37.7765969),2.841807425037279,2629.9889881892987,android,0.4713026304681597,-0.07416329281195966,-0.14162402239506292
356,37.776593,-122.3937402,1574214856.0,2019-11-19T17:54:16-08:00,POINT (-122.3937402 37.776593),3.039744489644703,2630.415910682775,android,0.3971393376562,-0.21578731520702257,0.15800631216294797
357,37.7765895,-122.3937411,1574214857.0,2019-11-19T17:54:17-08:00,POINT (-122.3937411 37.7765895),3.275383679596368,2630.734591259288,android,0.18135202244917745,-0.05778100304407459,-0.03471458966091366
358,37.7765879,-122.3937407,1574214858.0,2019-11-19T17:54:18-08:00,POINT (-122.3937407 37.7765879),3.4309054505319962,2630.827155979473,android,0.12357101940510286,-0.09249559270498825,0.1233952485968241
359,37.7765868,-122.3937405,1574214859.0,2019-11-19T17:54:19-08:00,POINT (-122.3937405 37.7765868),3.5334084405166926,2630.895703885747,android,0.031075426700114605,0.030899655891835857,0.005467616510034944
360,37.7765901,-122.3937631,1574214924.0,2019-11-19T17:55:24-08:00,POINT (-122.3937631 37.7765901),1.929886340787037,2632.1302264915576,android,2.0395530596694456,0.3862947290441072,-0.7729542785909969
361,37.7765836,-122.3937848,1574214925.0,2019-11-19T17:55:25-08:00,POINT (-122.3937848 37.7765836),1.1876245206381135,2634.0331742390235,android,2.4258477887135528,-0.38665954954688964,-0.3115602921279821
362,37.7765747,-122.39381,1574214926.0,2019-11-19T17:55:26-08:00,POINT (-122.39381 37.7765747),0.43711477955007955,2636.3433637109756,android,2.039188239166663,-0.6982198416748717,2.5294911184785267
363,37.7765676653197,-122.39383142693636,1574214927.0,2019-11-19T17:55:27-08:00,POINT (-122.39383142693636 37.7765676653197),0.2449651333894875,2638.268119257602,android,1.3409683974917914,1.831271276803655,-4.326773720796778
364,37.7765632,-122.3938456,1574214928.0,2019-11-19T17:55:28-08:00,POINT (-122.3938456 37.7765632),0.711625993538896,2639.5273269861195,android,3.1722396742954464,-2.4955024439931233,2.9043825446647595
365,37.7765459,-122.3938743,1574214929.0,2019-11-19T17:55:29-08:00,POINT (-122.3938743 37.7765459),0.9755438938475075,2642.6900698128306,android,0.6767372303023231,0.4088801006716365,0.27501059419203827
366,37.7764791,-122.3938687,1574214940.0,2019-11-19T17:55:40-08:00,POINT (-122.3938687 37.7764791),4.290462823118553,2648.047996521874,android,5.174418337690325,3.433996636784057,-6.22443354090469
367,37.776437320477974,-122.39389462663965,1574214941.0,2019-11-19T17:55:41-08:00,POINT (-122.39389462663965 37.776437320477974),5.39571167675297,2652.7425388139104,android,8.608414974474382,-2.790436904120633,7.669818042599857
368,37.7763796,-122.3939599,1574214942.0,2019-11-19T17:55:42-08:00,POINT (-122.3939599 37.7763796),5.683461218406781,2660.9155811329124,android,5.817978070353749,4.879381138479224,-12.662444490871952
369,37.7763413,-122.394005,1574214943.0,2019-11-19T17:55:43-08:00,POINT (-122.394005 37.7763413),6.662320309156341,2663.9187808174556,android,10.697359208832973,-7.783063352392727,10.91806332053563
370,37.77627325822894,-122.39409104507564,1574214944.0,2019-11-19T17:55:44-08:00,POINT (-122.39409104507564 37.77627325822894),14.904584807443134,2663.9187808174556,android,2.9142958564402455,3.134999968142903,-7.253617292847959
371,37.776256,-122.394116,1574214945.0,2019-11-19T17:55:45-08:00,POINT (-122.394116 37.776256),17.54316815489371,2663.9187808174556,android,6.049295824583148,-4.118617324705056,2.187938824826964
372,37.77622890382424,-122.39417568377637,1574214946.0,2019-11-19T17:55:46-08:00,POINT (-122.39417568377637 37.77622890382424),22.80032544773507,2663.9187808174556,android,1.9306784998780921,-1.9306784998780921,1.9306784998780921
373,37.7762223,-122.39419599999998,1574214947.0,2019-11-19T17:55:47-08:00,POINT (-122.39419599999998 37.7762223),24.440691356855982,2663.9187808174556,android,0.0,0.0,0.0
