,latitude,longitude,ts,fmt_time,geometry,gt_distance,gt_projection,source,speed,acceleration,jerk
0,37.79101853684211,-122.39558675263156,1575941225.0,2019-12-09T17:27:05-08:00,POINT (-122.39558675263156 37.79101853684211),24.415174477152426,0.0,android,2.0502439818905853,-1.8527339440410628e-07,3.566071882232791e-09
1,37.791031447368425,-122.39560341052632,1575941226.0,2019-12-09T17:27:06-08:00,POINT (-122.39560341052632 37.791031447368425),22.366752920435847,0.0,android,2.050243796617191,-1.817073225218735e-07,-8.91564599925232e-10
2,37.79104435789474,-122.39562006842104,1575941227.0,2019-12-09T17:27:07-08:00,POINT (-122.39562006842104 37.79104435789474),20.318681817967278,0.0,android,2.0502436149098684,-1.8259888712179873e-07,1.783016401191162e-09
3,37.791057268421056,-122.39563672631577,1575941228.0,2019-12-09T17:27:08-08:00,POINT (-122.39563672631577 37.791057268421056),18.27107895472957,0.0,android,2.0502434323109813,-1.8081587072060756e-07,-4.457671121116391e-09
4,37.79107017894737,-122.3956533842105,1575941229.0,2019-12-09T17:27:09-08:00,POINT (-122.3956533842105 37.79107017894737),16.22412155025472,0.0,android,2.0502432514951106,-1.8527354184172395e-07,0.03264565293055144
5,37.79108308947369,-122.39567004210527,1575941230.0,2019-12-09T17:27:10-08:00,POINT (-122.39567004210527 37.79108308947369),14.178089087241414,0.0,android,2.0502430662215687,0.0326454676570096,-1.7341921499867765
6,37.791096,-122.39568669999998,1575941231.0,2019-12-09T17:27:11-08:00,POINT (-122.39568669999998 37.791096),12.133449399389358,0.0,android,2.0828885338785783,-1.701546682329767,11.334175980467315
7,37.7911072,-122.3957057,1575941232.0,2019-12-09T17:27:12-08:00,POINT (-122.3957057 37.7911072),10.106736999760038,0.0,android,0.38134185154881134,9.632629298137548,-11.152854318469549
8,37.7911096,-122.3957088,1575941233.0,2019-12-09T17:27:13-08:00,POINT (-122.3957088 37.7911096),9.72843735676118,0.0,android,10.013971149686359,-1.520225020332001,-6.254298205618579
9,37.79106013638065,-122.39561356695572,1575941234.0,2019-12-09T17:27:14-08:00,POINT (-122.39561356695572 37.79106013638065),19.48151182996268,0.7117148447490218,android,8.493746129354358,-7.77452322595058,16.345414060214225
10,37.7911025,-122.395694,1575941235.0,2019-12-09T17:27:15-08:00,POINT (-122.395694 37.7911025),11.16745490136417,0.0,android,0.7192229034037776,8.570890834263643,-9.378047620108257
11,37.7910989,-122.3956872,1575941236.0,2019-12-09T17:27:16-08:00,POINT (-122.3956872 37.7910989),11.863482527005287,0.0,android,9.29011373766742,-0.8071567858446134,1.8287041686040215
12,37.79105468866614,-122.3955974921725,1575941237.0,2019-12-09T17:27:17-08:00,POINT (-122.3955974921725 37.79105468866614),20.91580533847671,1.2697543748201126,android,8.482956951822807,1.0215473827594082,0.3461892716839543
13,37.7910904,-122.3956828,1575941238.0,2019-12-09T17:27:18-08:00,POINT (-122.3956828 37.7910904),12.828193717535047,0.0,android,9.504504334582215,1.3677366544433625,-10.696000030135409
14,37.79105105685646,-122.39558677565034,1575941239.0,2019-12-09T17:27:19-08:00,POINT (-122.39558677565034 37.79105105685646),21.872001000944483,1.641780907082312,android,10.872240989025578,-9.328263375692046,8.233576524332484
15,37.7910809,-122.3957046,1575941240.0,2019-12-09T17:27:20-08:00,POINT (-122.3957046 37.7910809),12.568837731818592,0.0,android,1.5439776133335317,-1.094686851359561,1.200353058092128
16,37.7910771,-122.3957215,1575941241.0,2019-12-09T17:27:21-08:00,POINT (-122.3957215 37.7910771),12.26476744935091,0.0,android,0.44929076197397083,0.10566620673256716,-0.021758070935193878
17,37.7910468,-122.3955467,1575941276.0,2019-12-09T17:27:56-08:00,POINT (-122.3955467 37.7910468),24.72413488934243,3.772403243849183,android,4.147607997613822,-0.6558662759992187,0.1273688175806762
18,37.7910841,-122.3955465,1575941277.0,2019-12-09T17:27:57-08:00,POINT (-122.3955465 37.7910841),21.841956445436598,6.742356059192927,android,3.491741721614603,-0.5284974584185425,0.038744655008005946
19,37.7911154,-122.3955497,1575941278.0,2019-12-09T17:27:58-08:00,POINT (-122.3955497 37.7911154),19.211478013245273,9.027152230284848,android,2.9632442631960605,-0.4897528034105365,2.010334679708966
20,37.7911418,-122.3955543,1575941279.0,2019-12-09T17:27:59-08:00,POINT (-122.3955543 37.7911418),16.873181748263672,10.837189500442229,android,2.473491459785524,1.5205818762984293,-1.1031295143240523
21,37.7911636,-122.3955599,1575941280.0,2019-12-09T17:28:00-08:00,POINT (-122.3955599 37.7911636),14.828955455542635,12.22089086148818,android,3.9940733360839533,0.4174523619743771,-0.55053855649401
22,37.7911995,-122.3955584,1575941281.0,2019-12-09T17:28:01-08:00,POINT (-122.3955584 37.7911995),12.137230562093137,15.159897305642145,android,4.41152569805833,-0.13308619451963288,-1.4107660947565468
23,37.7912376,-122.3955444,1575941282.0,2019-12-09T17:28:02-08:00,POINT (-122.3955444 37.7912376),10.061332066599961,19.043191531947286,android,4.2784395035386975,-1.5438522892761797,0.57781023905321
24,37.7912755,-122.395536,1575941283.0,2019-12-09T17:28:03-08:00,POINT (-122.395536 37.7912755),7.648573934355737,22.565736888780147,android,2.734587214262518,-0.9660420502229696,3.3047923454122334
25,37.7913,-122.3955333,1575941284.0,2019-12-09T17:28:04-08:00,POINT (-122.3955333 37.7913),5.9170848594909025,24.674705342175205,android,1.7685451640395482,2.338750295189264,-2.893578878507125
26,37.7913159,-122.3955338,1575941285.0,2019-12-09T17:28:05-08:00,POINT (-122.3955338 37.7913159),4.651661251849951,25.90467291745887,android,4.107295459228812,-0.5548285833178612,-1.2178105119106746
27,37.7913489,-122.3955128,1575941286.0,2019-12-09T17:28:06-08:00,POINT (-122.3955128 37.7913489),3.4120337212606984,29.814681743036754,android,3.552466875910951,-1.7726390952285358,1.5695240473244463
28,37.7913771,-122.3954938,1575941287.0,2019-12-09T17:28:07-08:00,POINT (-122.3954938 37.7913771),2.4190716318463017,33.22090801572542,android,1.779827780682415,-0.20311504790408952,-0.2743432606228793
29,37.7913914,-122.3954847,1575941288.0,2019-12-09T17:28:08-08:00,POINT (-122.3954847 37.7913914),1.8818986597417677,34.915244597812425,android,1.5767127327783255,-0.4774583085269688,2.195387862225985
30,37.7914055,-122.3954828,1575941289.0,2019-12-09T17:28:09-08:00,POINT (-122.3954828 37.7914055),0.9071878896542084,36.15029355249525,android,1.0992544242513567,1.7179295536990165,-0.9093574407219538
31,37.7914143,-122.3954771,1575941290.0,2019-12-09T17:28:10-08:00,POINT (-122.3954771 37.7914143),0.5829121620314652,37.19912080333421,android,2.817183977950373,0.8085721129770627,-2.7079002686812808
32,37.79143395484213,-122.39545686989422,1575941291.0,2019-12-09T17:28:11-08:00,POINT (-122.39545686989422 37.79143395484213),0.33052177534830374,40.00353256948082,android,3.625756090927436,-1.899328155704218,1.009708827480456
33,37.791458,-122.395429,1575941292.0,2019-12-09T17:28:12-08:00,POINT (-122.395429 37.791458),0.21814021199454758,43.626579792319255,android,1.7264279352232177,-0.8896193282237621,1.4849128164434198
34,37.7914695,-122.3954158,1575941293.0,2019-12-09T17:28:13-08:00,POINT (-122.3954158 37.7914695),0.1579632691041205,45.35123833537816,android,0.8368086069994556,0.5952934882196577,0.39356249489495365
35,37.791475,-122.3954093,1575941294.0,2019-12-09T17:28:14-08:00,POINT (-122.3954093 37.791475),0.14100774546984898,46.18768604382295,android,1.4321020952191132,0.9888559831146113,-1.369204269097802
36,37.7914838,-122.3953974,1575941295.0,2019-12-09T17:28:15-08:00,POINT (-122.3953974 37.7914838),0.20836254120320907,47.61828441346886,android,2.4209580783337246,-0.3803482859831906,-0.6129961239774184
37,37.7914978,-122.3953763,1575941296.0,2019-12-09T17:28:16-08:00,POINT (-122.3953763 37.7914978),0.45208934351660646,50.027625793863244,android,2.040609792350534,-0.993344409960609,0.8327830777323273
38,37.7915058,-122.3953554,1575941297.0,2019-12-09T17:28:17-08:00,POINT (-122.3953554 37.7915058),1.1483656609078008,51.94841722262723,android,1.047265382389925,-0.16056133222828173,-0.3380724956484634
39,37.7915108,-122.3953453,1575941298.0,2019-12-09T17:28:18-08:00,POINT (-122.3953453 37.7915108),1.3969327001225353,52.96665468916354,android,0.8867040501616432,-0.49863382787674515,1.6387846292109534
40,37.7915137,-122.3953359,1575941299.0,2019-12-09T17:28:19-08:00,POINT (-122.3953359 37.7915137),1.7642090716714753,53.77514126673153,android,0.38807022228489807,1.140150801334208,-1.926628043225521
41,37.7915134,-122.3953315,1575941300.0,2019-12-09T17:28:20-08:00,POINT (-122.3953315 37.7915134),2.0646187226450854,54.02202323539033,android,1.528221023619106,-0.7864772418913127,1.0799884560491164
42,37.7915163,-122.3953145,1575941301.0,2019-12-09T17:28:21-08:00,POINT (-122.3953145 37.7915163),2.910612360565525,55.298072684110956,android,0.7417437817277933,0.2935112141578037,-0.47887179802316826
43,37.7915164493652,-122.39530606086623,1575941302.0,2019-12-09T17:28:22-08:00,POINT (-122.39530606086623 37.7915164493652),3.430606533925267,55.829116017776876,android,1.035254995885597,-0.18536058386536458,0.8513620302246336
44,37.791517,-122.3952943,1575941303.0,2019-12-09T17:28:23-08:00,POINT (-122.3952943 37.791517),4.128725331295944,56.59636761823572,android,0.8498944120202324,0.6660014463592691,-0.6146697013242305
45,37.7915152,-122.3952849,1575941304.0,2019-12-09T17:28:24-08:00,POINT (-122.3952849 37.7915152),4.860367548493382,57.03179565748762,android,1.5158958583795015,0.05133174503503857,0.36177297752572524
46,37.7915039,-122.3952535,1575941306.0,2019-12-09T17:28:26-08:00,POINT (-122.3952535 37.7915039),7.7142553336630515,58.06664144897573,android,1.6185593484495786,0.774877700086489,-1.9420394311461366
47,37.7915012,-122.3952354,1575941307.0,2019-12-09T17:28:27-08:00,POINT (-122.3952354 37.7915012),9.063674896845724,58.965870147174186,android,2.3934370485360676,-1.1671617310596476,1.502163156487852
48,37.7914956,-122.3952091,1575941308.0,2019-12-09T17:28:28-08:00,POINT (-122.3952091 37.7914956),11.154426748986914,60.13939057563603,android,1.22627531747642,0.3350014254282043,-0.08517208829977818
49,37.7914935,-122.3951954,1575941309.0,2019-12-09T17:28:29-08:00,POINT (-122.3951954 37.7914935),12.180179209646715,60.81554977965634,android,1.5612767429046244,0.24982933712842614,0.21521024353351148
50,37.79149221259845,-122.39517770708684,1575941310.0,2019-12-09T17:28:30-08:00,POINT (-122.39517770708684 37.79149221259845),13.39444489332154,61.801858600879726,android,1.8111060800330505,0.4650395806619376,-1.0292680468645032
51,37.7914919,-122.3951571,1575941311.0,2019-12-09T17:28:31-08:00,POINT (-122.3951571 37.7914919),14.71669996982157,63.044826275755966,android,2.276145660694988,-0.5642284662025656,0.8781477923396594
52,37.7914992,-122.3951329,1575941312.0,2019-12-09T17:28:32-08:00,POINT (-122.3951329 37.7914992),15.675103115033188,65.1130788034992,android,1.7119171944924225,0.31391932613709383,-1.2168173622449976
53,37.7915013,-122.3951136,1575941313.0,2019-12-09T17:28:33-08:00,POINT (-122.3951136 37.7915013),16.727988916503623,66.46713066195804,android,2.0258365206295164,-0.9028980361079038,2.4805108288562088
54,37.791504,-122.3950908,1575941314.0,2019-12-09T17:28:34-08:00,POINT (-122.3950908 37.791504),17.954820942656845,68.08413269268202,android,1.1229384845216126,1.577612792748305,-1.9132804463433324
55,37.7915061,-122.3950783,1575941315.0,2019-12-09T17:28:35-08:00,POINT (-122.3950783 37.7915061),18.57938097848041,69.01983807676582,android,2.7005512772699176,-0.33566765359502737,0.07440066540019963
56,37.7915171,-122.3950509,1575941316.0,2019-12-09T17:28:36-08:00,POINT (-122.3950509 37.7915171),19.45250444338174,71.57864409336212,android,2.3648836236748902,-0.26126698819482774,-0.21327274689310394
57,37.7915284,-122.3950281,1575941317.0,2019-12-09T17:28:37-08:00,POINT (-122.3950281 37.7915284),20.01262032133731,73.87826288935571,android,2.1036166354800625,-0.4745397350879317,-0.44086551642383487
58,37.7915397,-122.3950089,1575941318.0,2019-12-09T17:28:38-08:00,POINT (-122.3950089 37.7915397),20.345975338880802,75.95640379161897,android,1.6290769003921308,-0.9154052515117665,2.4463913957870087
59,37.7915508,-122.3949968,1575941319.0,2019-12-09T17:28:39-08:00,POINT (-122.3949968 37.7915508),20.247613615827667,77.58186630355368,android,0.7136716488803643,1.530986144275242,-2.105922107315921
60,37.79155602707773,-122.39499208706106,1575941320.0,2019-12-09T17:28:40-08:00,POINT (-122.39499208706106 37.79155602707773),20.13924719669204,78.2867077426354,android,2.244657793155606,-0.574935963040679,0.5167581065378495
61,37.7915722,-122.3949768,1575941321.0,2019-12-09T17:28:41-08:00,POINT (-122.3949768 37.7915722),19.84835598639886,80.51090104320195,android,1.6697218301149273,-0.05817785650282947,0.4288424791357981
62,37.7915845,-122.3949659,1575941322.0,2019-12-09T17:28:42-08:00,POINT (-122.3949659 37.7915845),19.581376709081155,82.15778598605354,android,1.6115439736120978,0.3706646226329686,-0.6857665435861169
63,37.7915967,-122.394956,1575941323.0,2019-12-09T17:28:43-08:00,POINT (-122.394956 37.7915967),19.259160800353147,83.73521179393651,android,1.9822085962450664,-0.31510192095314826,0.3497342296942676
64,37.7916126,-122.3949458,1575941324.0,2019-12-09T17:28:44-08:00,POINT (-122.3949458 37.7916126),18.66899859064622,85.62477742658129,android,1.6671066752919181,0.03463230874111933,-0.47104168009219927
65,37.7916269,-122.3949401,1575941325.0,2019-12-09T17:28:45-08:00,POINT (-122.3949401 37.7916269),17.91942656255482,87.11049744443702,android,1.7017389840330375,-0.43640937135107993,-0.11860273643060604
66,37.7916401,-122.3949303,1575941326.0,2019-12-09T17:28:46-08:00,POINT (-122.3949303 37.7916401),17.513385907556867,88.76114456663109,android,1.2653296126819575,-0.555012107781686,1.0659320242378134
67,37.79165,-122.3949232,1575941327.0,2019-12-09T17:28:47-08:00,POINT (-122.3949232 37.79165),17.193108036659705,89.9837494140971,android,0.7103175049002716,0.5109199164561274,-0.22573037318163214
68,37.7916561,-122.3949208,1575941328.0,2019-12-09T17:28:48-08:00,POINT (-122.3949208 37.7916561),16.87137814665107,90.61558196335284,android,1.221237421356399,0.2851895432744953,-0.5552047740634447
69,37.791667080392365,-122.39492109411766,1575941329.0,2019-12-09T17:28:49-08:00,POINT (-122.39492109411766 37.791667080392365),16.00159637922072,91.46904386183124,android,1.5064269646308943,-0.2700152307889494,-0.08345945370019014
70,37.79168016267024,-122.3949255487431,1575941330.0,2019-12-09T17:28:50-08:00,POINT (-122.3949255487431 37.79168016267024),14.706800676459574,92.23337967017048,android,1.236411733841945,-0.35347468448913955,0.5558481438210181
71,37.791691,-122.3949224,1575941331.0,2019-12-09T17:28:51-08:00,POINT (-122.3949224 37.791691),14.064971303972621,93.28729631766444,android,0.8829370493528054,0.20237345933187856,-0.8213616925373043
72,37.7916985,-122.3949191,1575941332.0,2019-12-09T17:28:52-08:00,POINT (-122.3949191 37.7916985),13.691396066179319,94.08562162564823,android,1.085310508684684,-0.6189882332054257,0.588164950427548
73,37.79170800626303,-122.39492190029455,1575941333.0,2019-12-09T17:28:53-08:00,POINT (-122.39492190029455 37.79170800626303),12.7780354176558,94.6678922788458,android,0.46632227547925814,-0.030823282777877714,1.6062647577566986
74,37.7917122,-122.3949219,1575941334.0,2019-12-09T17:28:54-08:00,POINT (-122.3949219 37.7917122),12.452934226111536,95.00078363011548,android,0.4354989927013804,1.575441474978821,-1.4757208734487477
75,37.791716,-122.3949231,1575941335.0,2019-12-09T17:28:55-08:00,POINT (-122.3949231 37.791716),12.082752522453152,95.22857858623756,android,2.0109404676802014,0.09972060153007334,-1.0482466306703857
76,37.7917312,-122.3949107,1575941336.0,2019-12-09T17:28:56-08:00,POINT (-122.3949107 37.7917312),11.685431212232015,97.19792866282323,android,2.1106610692102747,-0.9485260291403124,0.8912022649049036
77,37.7917469,-122.3948972,1575941337.0,2019-12-09T17:28:57-08:00,POINT (-122.3948972 37.7917469),11.318634454153052,99.27463914918377,android,1.1621350400699624,-0.05732376423540875,-0.10649214443748001
78,37.7917551,-122.394889,1575941338.0,2019-12-09T17:28:58-08:00,POINT (-122.394889 37.7917551),11.19943565005866,100.42998136862613,android,1.1048112758345536,-0.16381590867288875,1.1127205855044584
79,37.7917633,-122.3948819,1575941339.0,2019-12-09T17:28:59-08:00,POINT (-122.3948819 37.7917633),11.010949184881069,101.51764985113417,android,0.9409953671616649,0.9489046768315696,-1.964135177099159
80,37.7917702,-122.3948757,1575941340.0,2019-12-09T17:29:00-08:00,POINT (-122.3948757 37.7917702),10.866555466555697,102.44676289466054,android,1.8899000439932345,-1.0152305002675894,1.036072695702409
81,37.7917856,-122.3948666,1575941341.0,2019-12-09T17:29:01-08:00,POINT (-122.3948666 37.7917856),10.24588314495363,104.20975444234708,android,0.874669543725645,0.020842195434819556,-0.02002131195970179
82,37.7921219,-122.3949124,1575941384.0,2019-12-09T17:29:44-08:00,POINT (-122.3949124 37.7921219),23.862404236969002,122.9619613811179,android,1.770883947422886,-0.8400742188323573,0.5998971479689355
83,37.7921136,-122.3949296,1575941385.0,2019-12-09T17:29:45-08:00,POINT (-122.3949296 37.7921136),22.144674076483184,123.39891773808596,android,0.9308097285905286,-0.24017707086342188,0.34571205176726855
84,37.7921085,-122.394938,1575941386.0,2019-12-09T17:29:46-08:00,POINT (-122.394938 37.7921085),21.222858028505048,123.53104003768814,android,0.6906326577271067,0.10553498090384666,-0.45089297558927244
85,37.7921176,-122.3949273,1575941388.0,2019-12-09T17:29:48-08:00,POINT (-122.3949273 37.7921176),22.60338052848101,123.5649424021885,android,0.9017026195348,-0.7962509702746983,1.3291653581220557
86,37.79211511381691,-122.39493706753025,1575941389.0,2019-12-09T17:29:49-08:00,POINT (-122.39493706753025 37.79211511381691),21.804399108354026,123.9860534399098,android,0.10545164926010171,0.5329143878473573,-0.03410308992164934
87,37.7921148,-122.39493819999998,1575941390.0,2019-12-09T17:29:50-08:00,POINT (-122.39493819999998 37.7921148),21.709737779670064,124.03289270789092,android,0.6383660371074591,0.498811297925708,-0.7697018271849967
88,37.7921204,-122.3949366,1575941391.0,2019-12-09T17:29:51-08:00,POINT (-122.3949366 37.7921204),22.252085271115774,124.36719494373601,android,1.137177335033167,-0.2708905292592887,0.2833798729705014
89,37.7921302,-122.3949329,1575941392.0,2019-12-09T17:29:52-08:00,POINT (-122.3949329 37.7921302),23.256660876892543,124.89563070757322,android,0.8662868057738784,0.012489343711212686,-0.34926463119574636
90,37.7921379,-122.3949344,1575941393.0,2019-12-09T17:29:53-08:00,POINT (-122.3949344 37.7921379),23.774355485833233,125.58795720901898,android,0.8787761494850911,-0.33677528748453367,1.0525220210481638
91,37.7921378,-122.3949444,1575941394.0,2019-12-09T17:29:54-08:00,POINT (-122.3949444 37.7921378),23.150125855422928,126.20900407840742,android,0.5420008620005574,0.71574673356363,-1.4985761404949653
92,37.7921417,-122.3949481,1575941395.0,2019-12-09T17:29:55-08:00,POINT (-122.3949481 37.7921417),23.231124990313855,126.74455032804097,android,1.2577475955641875,-0.7828294069313353,1.1433479400866442
93,37.792142,-122.39496240860268,1575941396.0,2019-12-09T17:29:56-08:00,POINT (-122.39496240860268 37.792142),22.37304952251473,127.66759306782977,android,0.47491818863285223,0.36051853315530896,-0.3422736335273579
94,37.7921417,-122.3949678,1575941397.0,2019-12-09T17:29:57-08:00,POINT (-122.3949678 37.7921417),22.017003014722388,127.98331243040039,android,0.8354367217881612,0.01824489962795106,0.24499893242599724
95,37.7921414,-122.3949773,1575941398.0,2019-12-09T17:29:58-08:00,POINT (-122.3949773 37.7921414),21.407741097642177,128.55738624034026,android,0.8536816214161123,0.2632438320539483,0.2677693449030689
96,37.79213820111258,-122.39498613171094,1575941399.0,2019-12-09T17:29:59-08:00,POINT (-122.39498613171094 37.79213820111258),20.609961121674996,128.86430125260904,android,1.1169254534700606,0.5310131769570172,-1.3177731016048324
97,37.7921367,-122.3949987,1575941400.0,2019-12-09T17:30:00-08:00,POINT (-122.3949987 37.7921367),19.71642394704572,129.53803152918857,android,1.6479386304270778,-0.7867599246478152,0.6267835685572982
98,37.7921277,-122.3950136,1575941401.0,2019-12-09T17:30:01-08:00,POINT (-122.3950136 37.7921277),18.084977272496435,129.7759980883253,android,0.8611787057792626,-0.15997635609051702,0.20822766246776234
99,37.7921167,-122.3950274,1575941403.0,2019-12-09T17:30:03-08:00,POINT (-122.3950274 37.7921167),16.362845908579768,129.78946980332478,android,0.5412259935982285,0.25647896884500765,-0.24312184666603076
100,37.7921156,-122.3950334,1575941404.0,2019-12-09T17:30:04-08:00,POINT (-122.3950334 37.7921156),15.90589972209799,130.08132904043325,android,0.7977049624432362,0.013357122178976888,0.15288968007294912
101,37.7921118,-122.3950411,1575941405.0,2019-12-09T17:30:05-08:00,POINT (-122.3950411 37.7921118),15.130236059639817,130.27039704574835,android,0.8110620846222131,0.166246802251926,-0.3865605714273106
102,37.7921079,-122.3950489,1575941406.0,2019-12-09T17:30:06-08:00,POINT (-122.3950489 37.7921079),14.340485423316357,130.457986999653,android,0.9773088868741391,-0.2203137691753846,0.016296541405503073
103,37.7921058,-122.3950597,1575941407.0,2019-12-09T17:30:07-08:00,POINT (-122.3950597 37.7921058),13.508473648082745,130.9740143841131,android,0.7569951176987545,-0.20401722776988152,0.19921706402743655
104,37.7921054,-122.3950683,1575941408.0,2019-12-09T17:30:08-08:00,POINT (-122.3950683 37.7921054),12.946755569165989,131.48372951267714,android,0.552977889928873,-0.004800163742444963,0.24259209086707434
105,37.7921039,-122.3950743,1575941409.0,2019-12-09T17:30:09-08:00,POINT (-122.3950743 37.7921039),12.45811380297619,131.74452388630874,android,0.548177726186428,0.23779192712462938,-0.2724697796675908
106,37.7921012,-122.3950863,1575941411.0,2019-12-09T17:30:11-08:00,POINT (-122.3950863 37.7921012),11.504602041283327,132.28941158616965,android,1.0237615804356868,-0.3071476322105522,0.2760146764105229
107,37.7921063,-122.395096,1575941412.0,2019-12-09T17:30:12-08:00,POINT (-122.395096 37.7921063),11.310905891760381,133.29544182578053,android,0.7166139482251346,-0.031132955800029283,-0.17150337186409825
108,37.7921079,-122.3951039,1575941413.0,2019-12-09T17:30:13-08:00,POINT (-122.3951039 37.7921079),10.950807683576558,133.916465711289,android,0.6854809924251053,-0.20263632766412754,0.5598575253112203
109,37.792108,-122.3951117,1575941414.0,2019-12-09T17:30:14-08:00,POINT (-122.3951117 37.792108),10.47801383197082,134.41470731139103,android,0.48284466476097776,0.3572211976470928,-0.9280123699255965
110,37.7921052,-122.3951159,1575941415.0,2019-12-09T17:30:15-08:00,POINT (-122.3951159 37.7921052),9.997296137668219,134.46135367029837,android,0.8400658624080706,-0.5707911722785037,0.4761253559598576
111,37.7921085,-122.3951245,1575941416.0,2019-12-09T17:30:16-08:00,POINT (-122.3951245 37.7921085),9.728763331274308,135.25842135654779,android,0.2692746901295668,-0.09466581631864615,0.43185542394890497
112,37.7921104,-122.3951264,1575941417.0,2019-12-09T17:30:17-08:00,POINT (-122.3951264 37.7921104),9.762219880838561,135.5254553797018,android,0.17460887381092063,0.33718960763025885,-0.31726793406050674
113,37.7921118,-122.3951255,1575941418.0,2019-12-09T17:30:18-08:00,POINT (-122.3951255 37.7921118),9.92862215553459,135.5775899320187,android,0.5117984814411795,0.019921673569752107,0.04250623437328975
114,37.792121,-122.3951251,1575941420.0,2019-12-09T17:30:20-08:00,POINT (-122.3951251 37.792121),10.682274803528191,136.26693475147528,android,0.5516418285806837,0.10493414231633161,-0.07169491555581795
115,37.7921386,-122.3951135,1575941424.0,2019-12-09T17:30:24-08:00,POINT (-122.3951135 37.7921386),12.791797602090625,136.90437473857702,android,0.9713783978460101,-0.1818455199069402,1.414932163896697
116,37.7921473,-122.3951145,1575941425.0,2019-12-09T17:30:25-08:00,POINT (-122.3951145 37.7921473),13.419547943289903,137.64292227729516,android,0.7895328779390699,1.2330866439897568,0.03614351643235336
117,37.7921544,-122.3951144,1575941426.0,2019-12-09T17:30:26-08:00,POINT (-122.3951144 37.7921544),13.98830910751873,138.18803981250696,android,2.0226195219288265,1.2692301604221101,-2.1760306650776626
118,37.7921674,-122.3951305,1575941427.0,2019-12-09T17:30:27-08:00,POINT (-122.3951305 37.7921674),14.026168511528805,140.21004654679095,android,3.2918496823509367,-0.9068005046555525,0.17726018153063716
119,37.79218,-122.3951644,1575941428.0,2019-12-09T17:30:28-08:00,POINT (-122.3951644 37.79218),12.935311790471422,143.320277294027,android,2.385049177695384,-0.7295403231249153,0.08753572925947806
120,37.7921869,-122.3951901,1575941429.0,2019-12-09T17:30:29-08:00,POINT (-122.3951901 37.7921869),11.898161825135881,145.47220285700251,android,1.6555088545704688,-0.6420045938654373,3.7669190844660063
121,37.7921901,-122.3952085,1575941430.0,2019-12-09T17:30:30-08:00,POINT (-122.3952085 37.7921901),11.017728875104895,146.87774203286585,android,1.0135042607050315,3.124914490600569,-4.193792124358586
122,37.7921908,-122.39522,1575941431.0,2019-12-09T17:30:31-08:00,POINT (-122.39522 37.7921908),10.36444740917763,147.6552425921705,android,4.1384187513056006,-1.0688776337580168,-0.22552834687292367
123,37.7922007,-122.3952654,1575941432.0,2019-12-09T17:30:32-08:00,POINT (-122.3952654 37.7922007),8.35089976505922,151.27892143178542,android,3.0695411175475837,-1.2944059806309405,0.3585673329844904
124,37.7922045,-122.3953,1575941433.0,2019-12-09T17:30:33-08:00,POINT (-122.3953 37.7922045),6.519601233772805,153.7497387849366,android,1.7751351369166433,-0.9358386476464501,1.343039318378782
125,37.7922029,-122.3953201,1575941434.0,2019-12-09T17:30:34-08:00,POINT (-122.3953201 37.7922029),5.1540499378237,154.88939679490116,android,0.8392964892701932,0.407200670732332,-0.2786496018875907
126,37.7921989,-122.3953282,1575941435.0,2019-12-09T17:30:35-08:00,POINT (-122.3953282 37.7921989),4.337887460248773,155.08808667731068,android,1.2464971600025252,0.12855106884474132,-0.5987106076210208
127,37.7921936,-122.3953407,1575941436.0,2019-12-09T17:30:36-08:00,POINT (-122.3953407 37.7921936),3.147540684373831,155.4624940272441,android,1.3750482288472665,-0.4701595387762795,-0.21280388352527613
128,37.7921953,-122.3953562,1575941437.0,2019-12-09T17:30:37-08:00,POINT (-122.3953562 37.7921953),2.3269787553445545,156.56918418336647,android,0.904888690070987,-0.6829634223015556,1.2014046875136333
129,37.7921978,-122.395366,1575941438.0,2019-12-09T17:30:38-08:00,POINT (-122.395366 37.7921978),1.9211008589542091,157.37957968564808,android,0.22192526776943142,0.5184412652120776,-0.5086545227737203
130,37.7921964,-122.3953678,1575941439.0,2019-12-09T17:30:39-08:00,POINT (-122.3953678 37.7921964),1.6992313061684943,157.38403888650603,android,0.740366532981509,0.00978674243835731,0.11250128694164052
131,37.7922017,-122.3953729,1575941440.0,2019-12-09T17:30:40-08:00,POINT (-122.3953729 37.7922017),1.8048858611858523,158.1163462974911,android,0.7501532754198663,0.12228802937999783,-0.4864347684929078
132,37.7922081,-122.3953756,1575941441.0,2019-12-09T17:30:41-08:00,POINT (-122.3953756 37.7922081),2.1456163279988973,158.78316678244767,android,0.8724413047998641,-0.36414673911290996,0.6365853559023177
133,37.7922155,-122.3953789,1575941442.0,2019-12-09T17:30:42-08:00,POINT (-122.3953789 37.7922155),2.528608089225653,159.56537871242318,android,0.5082945656869542,0.27243861678940773,-0.15286163207538273
134,37.7922235,-122.3953733,1575941444.0,2019-12-09T17:30:44-08:00,POINT (-122.3953733 37.7922235),3.490132558145041,160.0678233824626,android,1.0531717992657696,-0.03328464736135772,0.7363492110579404
135,37.7922324,-122.3953692,1575941445.0,2019-12-09T17:30:45-08:00,POINT (-122.3953692 37.7922324),4.417057450367088,160.5640395999435,android,1.019887151904412,0.7030645636965827,-0.3819871656389511
136,37.7922394,-122.3953617,1575941446.0,2019-12-09T17:30:46-08:00,POINT (-122.3953617 37.7922394),5.426905048565665,160.7036306947648,android,1.7229517156009946,0.3210773980576316,-0.20728075637582188
137,37.7922547,-122.3953586,1575941447.0,2019-12-09T17:30:47-08:00,POINT (-122.3953586 37.7922547),6.761052420070439,161.7881957402719,android,2.044029113658626,0.1137966416818097,0.35516194094489384
138,37.792273,-122.3953564,1575941448.0,2019-12-09T17:30:48-08:00,POINT (-122.3953564 37.792273),8.257760300452999,163.17383667313774,android,2.157825755340436,0.46895858262670354,0.22737221036934985
139,37.7922924,-122.3953558,1575941449.0,2019-12-09T17:30:49-08:00,POINT (-122.3953558 37.7922924),9.730658589241003,164.74434157925262,android,2.6267843379671394,0.6963307929960534,1.5474803903149645
140,37.7923158,-122.3953599,1575941450.0,2019-12-09T17:30:50-08:00,POINT (-122.3953599 37.7923158),11.190420366410104,166.92151156057872,android,3.3231151309631928,2.243811183311018,-3.952937946274679
141,37.7923446,-122.39537,1575941451.0,2019-12-09T17:30:51-08:00,POINT (-122.39537 37.7923446),12.65510827760038,169.89744921552835,android,5.566926314274211,-1.709126762963661,-0.8142659990045487
142,37.792390650050436,-122.39539485732625,1575941452.0,2019-12-09T17:30:52-08:00,POINT (-122.39539485732625 37.792390650050436),14.602235367282853,174.35681074777125,android,3.8577995513105496,-2.5233927619682097,4.126794968656956
143,37.7924158,-122.3954251,1575941453.0,2019-12-09T17:30:53-08:00,POINT (-122.3954251 37.7924158),14.689306991228683,178.21289608265442,android,1.3344067893423401,1.603402206688746,-0.7490761640237273
144,37.7924249,-122.395435,1575941454.0,2019-12-09T17:30:54-08:00,POINT (-122.395435 37.7924249),14.785783487990944,179.54327881370736,android,2.937808996031086,0.8543260426650185,4.076931061305533
145,37.792444,-122.3954581,1575941455.0,2019-12-09T17:30:55-08:00,POINT (-122.3954581 37.792444),14.843664135954937,182.479995939886,android,3.7921350386961046,4.931257103970552,-7.360661371971697
146,37.7924648,-122.3954923,1575941456.0,2019-12-09T17:30:56-08:00,POINT (-122.3954923 37.7924648),14.343164972404645,186.24069740280282,android,8.723392142666656,-2.4294042680011456,-1.4762398604576608
147,37.7925162,-122.3955673,1575941457.0,2019-12-09T17:30:57-08:00,POINT (-122.3955673 37.7925162),13.699148357878373,194.94216054102782,android,6.29398787466551,-3.9056441284588064,3.112082815958538
148,37.79254689207941,-122.39562748415882,1575941458.0,2019-12-09T17:30:58-08:00,POINT (-122.39562748415882 37.79254689207941),12.355021188302649,201.0959883115521,android,2.388343746206704,-0.7935613125002683,2.1571015582071063
149,37.7925568,-122.3956516,1575941459.0,2019-12-09T17:30:59-08:00,POINT (-122.3956516 37.7925568),11.629044420802856,203.3741369243689,android,1.5947824337064356,1.363540245706838,-0.6368879108652936
150,37.792562160133976,-122.39566843417077,1575941460.0,2019-12-09T17:31:00-08:00,POINT (-122.39566843417077 37.792562160133976),11.000287903678583,204.84222165816135,android,2.9583226794132735,0.7266523348415443,-0.9820920187468953
151,37.7925686,-122.3957011,1575941461.0,2019-12-09T17:31:01-08:00,POINT (-122.3957011 37.7925686),9.469700856142385,207.37993215078484,android,3.684975014254818,-0.255439683905351,-1.4699269774259114
152,37.7925783,-122.3957412,1575941462.0,2019-12-09T17:31:02-08:00,POINT (-122.3957412 37.7925783),7.7314543531494895,210.6360875601037,android,3.429535330349467,-1.7253666613312624,2.202189985903154
153,37.7925823,-122.3957799,1575941463.0,2019-12-09T17:31:03-08:00,POINT (-122.3957799 37.7925823),5.6336189510152055,213.35759168879147,android,1.7041686690182045,0.4768233245718916,-0.8959201338023635
154,37.7925869,-122.3957984,1575941464.0,2019-12-09T17:31:04-08:00,POINT (-122.3957984 37.7925869),4.84147994777058,214.86961846903964,android,2.180991993590096,-0.4190968092304719,1.6371070410342572
155,37.7925877,-122.3958232,1575941465.0,2019-12-09T17:31:05-08:00,POINT (-122.3958232 37.7925877),3.3589055301824122,216.47517798294575,android,1.7618951843596242,1.2180102318037853,-1.9926418569771716
156,37.7925852,-122.395843,1575941466.0,2019-12-09T17:31:06-08:00,POINT (-122.395843 37.7925852),1.9291930777399706,217.51058640369263,android,2.9799054161634095,-0.7746316251733862,1.0603091901223047
157,37.7925917,-122.3958759,1575941467.0,2019-12-09T17:31:07-08:00,POINT (-122.3958759 37.7925917),0.3887341918452132,220.0675879245923,android,2.2052737909900233,0.2856775649489185,-0.8219894444673508
158,37.792596,-122.3959004,1575941468.0,2019-12-09T17:31:08-08:00,POINT (-122.3959004 37.792596),0.781826299073178,221.93790172230345,android,2.490951355938942,-0.5363118795184323,-0.28201086783491647
159,37.7925995,-122.3959284,1575941469.0,2019-12-09T17:31:09-08:00,POINT (-122.3959284 37.7925995),2.230139701086291,223.9703842281854,android,1.9546394764205095,-0.8183227473533488,2.006881936825277
160,37.7926021,-122.3959504,1575941470.0,2019-12-09T17:31:10-08:00,POINT (-122.3959504 37.7926021),3.3799855741483875,225.55568554617147,android,1.1363167290671607,1.188559189471928,0.20854744589959306
161,37.7925998,-122.395963,1575941471.0,2019-12-09T17:31:11-08:00,POINT (-122.395963 37.7925998),4.338776794447377,226.16935852884572,android,2.324875918539089,1.3971066353715211,-2.4084559066028897
162,37.79260773650776,-122.39598747786079,1575941472.0,2019-12-09T17:31:12-08:00,POINT (-122.39598747786079 37.79260773650776),5.218474321596975,228.324919610392,android,3.72198255391061,-1.0113492712313685,-0.3482677792450859
163,37.7926283,-122.3960209,1575941473.0,2019-12-09T17:31:13-08:00,POINT (-122.3960209 37.7926283),5.648860522236824,232.02355404506426,android,2.7106332826792414,-1.3596170504764544,1.134709887973285
164,37.7926387,-122.3960488,1575941474.0,2019-12-09T17:31:14-08:00,POINT (-122.3960488 37.7926387),6.544258759471136,234.58562418537736,android,1.351016232202787,-0.22490716250316933,1.8956658386126903
165,37.7926399,-122.3960641,1575941475.0,2019-12-09T17:31:15-08:00,POINT (-122.3960641 37.7926399),7.392114117061772,235.6408964607226,android,1.1261090696996177,1.670758676109521,-2.30522323255001
166,37.7926404,-122.3960769,1575941476.0,2019-12-09T17:31:16-08:00,POINT (-122.3960769 37.7926404),8.141361099544117,236.48460267459478,android,2.7968677458091387,-0.6344645564404892,-0.5361150550363805
167,37.7926516,-122.3961054,1575941477.0,2019-12-09T17:31:17-08:00,POINT (-122.3961054 37.7926516),9.010344417442393,239.1465319133233,android,2.1624031893686495,-1.1705796114768696,1.167131796811605
168,37.7926559,-122.3961294,1575941478.0,2019-12-09T17:31:18-08:00,POINT (-122.3961294 37.7926559),10.148740279142459,240.9896230963812,android,0.9918235778917799,-0.003447814665264448,0.47486999709892874
169,37.7926579,-122.3961404,1575941479.0,2019-12-09T17:31:19-08:00,POINT (-122.3961404 37.7926579),10.668193721776264,241.83663845783576,android,0.9883757632265154,0.4714221824336643,1.0524111344978828
170,37.79265450429679,-122.39615079500982,1575941480.0,2019-12-09T17:31:20-08:00,POINT (-122.39615079500982 37.79265450429679),11.577911742826789,242.22656555704197,android,1.4597979456601797,1.5238333169315472,-4.059296405176645
171,37.792656,-122.3961673,1575941481.0,2019-12-09T17:31:21-08:00,POINT (-122.3961673 37.792656),12.516613416385665,242.38051994817218,android,2.983631262591727,-2.535463088245098,3.0073545431247934
172,37.7926803,-122.3961817,1575941482.0,2019-12-09T17:31:22-08:00,POINT (-122.3961817 37.7926803),11.821339224569654,244.7217987121677,android,0.44816817434662903,0.4718914548796953,-0.9402325765373556
173,37.7926841,-122.3961834,1575941483.0,2019-12-09T17:31:23-08:00,POINT (-122.3961834 37.7926841),11.676503877490518,245.14510506070056,android,0.9200596292263243,-0.46834112165766034,1.1157942426952256
174,37.7926923,-122.3961848,1575941484.0,2019-12-09T17:31:24-08:00,POINT (-122.3961848 37.7926923),11.207512938933894,245.93440220997778,android,0.451718507568664,0.6474531210375654,-0.9798591674933543
175,37.7926952,-122.3961812,1575941485.0,2019-12-09T17:31:25-08:00,POINT (-122.3961812 37.7926952),10.759212511975802,245.98941303666928,android,1.0991716286062294,-0.3324060464557889,0.9233206883485742
176,37.79270903985454,-122.39616333436882,1575941487.0,2019-12-09T17:31:27-08:00,POINT (-122.39616333436882 37.79270903985454),8.57250761193157,246.2144475322682,android,0.4343595356946516,1.5142353302413594,-3.0827942894237887
177,37.7927126,-122.39616129999999,1575941488.0,2019-12-09T17:31:28-08:00,POINT (-122.39616129999999 37.7927126),8.186658029247488,246.4125214794343,android,1.948594865936011,-1.5685589591824296,1.979450155484123
178,37.79273008442103,-122.39615980788703,1575941489.0,2019-12-09T17:31:29-08:00,POINT (-122.39615980788703 37.79273008442103),6.8778606991909985,247.8504522960589,android,0.3800359067535815,0.4108911963016934,-0.08968136299537631
179,37.792739,-122.3961534,1575941492.0,2019-12-09T17:31:32-08:00,POINT (-122.3961534 37.792739),5.821012499993673,248.2746070681209,android,1.6127094956586616,0.1418471073155645,-1.08701714563888
180,37.7927535,-122.396153,1575941493.0,2019-12-09T17:31:33-08:00,POINT (-122.396153 37.7927535),4.793370816002198,249.51293030240086,android,1.754556602974226,-0.9451700383233154,0.94872246824174
181,37.7927691,-122.39615,1575941494.0,2019-12-09T17:31:34-08:00,POINT (-122.39615 37.7927691),3.51054288322992,250.70455526317352,android,0.8093865646509107,0.0035524299184246746,0.9438127791796972
182,37.792786,-122.3961325,1575941497.0,2019-12-09T17:31:37-08:00,POINT (-122.3961325 37.792786),1.1380007368147607,251.21556454639838,android,0.8200438544061848,2.8349907674575165,-4.608774924339184
183,37.7927927,-122.3961286,1575941498.0,2019-12-09T17:31:38-08:00,POINT (-122.3961286 37.7927927),0.4069268469943582,251.58442005487154,android,3.6550346218637015,-1.7737841568816675,1.9174198893912453
184,37.7928227,-122.3961116,1575941499.0,2019-12-09T17:31:39-08:00,POINT (-122.3961116 37.7928227),2.834626706053105,253.26133583558718,android,1.881250464982034,0.14363573250957784,1.0332511875840338
185,37.7928355,-122.3960976,1575941500.0,2019-12-09T17:31:40-08:00,POINT (-122.3960976 37.7928355),4.683001783073111,253.60756831105908,android,2.024886197491612,1.1768869200936116,-0.7727193963854027
186,37.79286636540723,-122.39607313459204,1575941502.0,2019-12-09T17:31:42-08:00,POINT (-122.39607313459204 37.79286636540723),8.499123936735272,254.95111054252973,android,4.378660037678835,-0.3685518726771937,-1.2818237401822197
187,37.7929034,-122.3960562,1575941503.0,2019-12-09T17:31:43-08:00,POINT (-122.3960562 37.7929034),12.221334104301452,257.24299611379246,android,4.0101081650016415,-1.6503756128594134,1.5214745077321403
188,37.7929383,-122.3960447,1575941504.0,2019-12-09T17:31:44-08:00,POINT (-122.3960447 37.7929383),15.421502920066471,259.6468022419362,android,2.359732552142228,-0.12890110512727304,1.0871597874335817
189,37.7929587,-122.3960373,1575941505.0,2019-12-09T17:31:45-08:00,POINT (-122.3960373 37.7929587),17.33884514024249,261.01478861153157,android,2.230831447014955,0.9582586823063086,0.5275726681454964
190,37.7929787,-122.3960353,1575941506.0,2019-12-09T17:31:46-08:00,POINT (-122.3960353 37.7929787),18.856166071711396,262.6435572620829,android,3.1890901293212637,1.485831350451805,-5.742773826893503
191,37.79300732930555,-122.39603313929769,1575941507.0,2019-12-09T17:31:47-08:00,POINT (-122.39603313929769 37.79300732930555),20.979726107255612,265.01351669943983,android,4.674921479773069,-4.256942476441697,4.258534160545848
192,37.793049,-122.3960402,1575941508.0,2019-12-09T17:31:48-08:00,POINT (-122.3960402 37.793049),23.493885143194134,267.2378479754796,android,0.41797900333137183,0.0015916841041507357,0.0035983440594485744
193,37.793345293394765,-122.39629244402221,1575941603.0,2019-12-09T17:33:23-08:00,POINT (-122.39629244402221 37.793345293394765),24.63772838980188,298.78488588180346,android,0.5691889932256917,0.3434343697517653,-0.14864023108240565
194,37.7932988631339,-122.39640058970988,1575941622.0,2019-12-09T17:33:42-08:00,POINT (-122.39640058970988 37.7932988631339),17.52650778221174,298.78488588180346,android,7.094442018509232,-2.480730020813942,2.3103351542508888
195,37.7932466,-122.3964469,1575941623.0,2019-12-09T17:33:43-08:00,POINT (-122.3964469 37.7932466),12.380945048734148,298.78488588180346,android,4.61371199769529,-0.17039486656305325,-0.6875794542626048
196,37.7932116,-122.3964751,1575941624.0,2019-12-09T17:33:44-08:00,POINT (-122.3964751 37.7932116),10.156763589464168,298.78488588180346,android,4.443317131132237,-0.857974320825658,-2.1541166987541125
197,37.7931766,-122.3964995,1575941625.0,2019-12-09T17:33:45-08:00,POINT (-122.3964995 37.7931766),9.46863424903064,298.78488588180346,android,3.585342810306579,-3.0120910195797705,4.139998377956287
198,37.7931462,-122.3965131,1575941626.0,2019-12-09T17:33:46-08:00,POINT (-122.3965131 37.7931462),9.768867387859082,297.82971268176476,android,0.5732517907268083,1.1279073583765165,0.31588250216186164
199,37.7931472,-122.3965067,1575941627.0,2019-12-09T17:33:47-08:00,POINT (-122.3965067 37.7931472),9.22972730931031,298.0276201553411,android,1.7011591491033249,1.443789860538378,-3.4406093899832575
200,37.7931341,-122.3965167,1575941628.0,2019-12-09T17:33:48-08:00,POINT (-122.3965167 37.7931341),9.871479457253303,296.454104572115,android,3.144949009641703,-1.9968195294448792,1.9968195445569783
201,37.7931097,-122.3965348,1575941629.0,2019-12-09T17:33:49-08:00,POINT (-122.3965348 37.7931097),11.040780556125132,294.1899906443338,android,1.1481294801968238,1.5112099127634337e-08,-0.6556670656426594
202,37.79309991739212,-122.39653898060168,1575941630.0,2019-12-09T17:33:50-08:00,POINT (-122.39653898060168 37.79309991739212),11.356292385534232,294.1899906443338,android,1.148129495308923,-0.6556670505305603,0.35784271529670664
203,37.79309013478423,-122.39654316120331,1575941631.0,2019-12-09T17:33:51-08:00,POINT (-122.39654316120331 37.79309013478423),11.775359188297337,294.1899906443338,android,0.49246244477836265,-0.29782433523385365,0.6837617846920239
204,37.793086367430895,-122.39654021469934,1575941632.0,2019-12-09T17:33:52-08:00,POINT (-122.39654021469934 37.793086367430895),11.564292759740658,294.1899906443338,android,0.194638109544509,0.3859374494581702,0.5976866818734786
205,37.7930864,-122.39653800000002,1575941633.0,2019-12-09T17:33:53-08:00,POINT (-122.39653800000002 37.7930864),11.370519887578272,294.1899906443338,android,0.5805755590026792,0.9836241313316488,-2.4191004685367394
206,37.7930816,-122.3965354,1575941634.0,2019-12-09T17:33:54-08:00,POINT (-122.3965354 37.7930816),11.228185558770079,294.1899906443338,android,1.564199690334328,-1.4354763372050905,2.913536806888281
207,37.79307538550995,-122.39651942987507,1575941635.0,2019-12-09T17:33:55-08:00,POINT (-122.39651942987507 37.79307538550995),10.014496858641746,294.1899906443338,android,0.12872335312923747,1.4780604696831905,-2.265975136933719
208,37.7930749,-122.3965181,1575941636.0,2019-12-09T17:33:56-08:00,POINT (-122.3965181 37.7930749),9.916888141634619,294.1899906443338,android,1.606783822812428,-0.7879146672505285,0.6811354997548243
209,37.79307786413321,-122.39650020281815,1575941637.0,2019-12-09T17:33:57-08:00,POINT (-122.39650020281815 37.79307786413321),8.313126197481928,294.1899906443338,android,0.8188691555618995,-0.10677916749570415,0.3620718806513116
210,37.7930783,-122.3964909,1575941638.0,2019-12-09T17:33:58-08:00,POINT (-122.3964909 37.7930783),7.518869988639118,294.1899906443338,android,0.7120899880661954,0.2552927131556074,-0.25529275100355087
211,37.7930785,-122.3964828,1575941639.0,2019-12-09T17:33:59-08:00,POINT (-122.3964828 37.7930785),6.839283987785026,294.1899906443338,android,0.9673827012218028,-3.784794344596776e-08,-3.773882872870615e-09
212,37.79308475202451,-122.39647514423942,1575941640.0,2019-12-09T17:34:00-08:00,POINT (-122.39647514423942 37.79308475202451),5.980022786175476,294.1899906443338,android,0.9673826633738594,-4.162182631883837e-08,2.337759430481867e-09
213,37.793091004049025,-122.3964674884788,1575941641.0,2019-12-09T17:34:01-08:00,POINT (-122.3964674884788 37.793091004049025),5.159130919040851,294.1899906443338,android,0.967382621752033,-3.9284066888356506e-08,-3.005530269106771e-10
214,37.793097256073544,-122.39645983271824,1575941642.0,2019-12-09T17:34:02-08:00,POINT (-122.39645983271824 37.793097256073544),4.398145431936786,294.1899906443338,android,0.9673825824679662,-3.958461991526718e-08,8.683282981536422e-10
215,37.793103508098056,-122.39645217695765,1575941643.0,2019-12-09T17:34:03-08:00,POINT (-122.39645217695765 37.793103508098056),3.73387553151219,294.1899906443338,android,0.9673825428833462,-3.871629161711354e-08,-1.1688846557333932e-09
216,37.79310976012257,-122.39644452119707,1575941644.0,2019-12-09T17:34:04-08:00,POINT (-122.39644452119707 37.79310976012257),3.1716415660334936,294.7830767482024,android,0.9673825041670546,-3.9885176272846934e-08,-1.135570415478071e-09
217,37.79311601214708,-122.39643686543647,1575941645.0,2019-12-09T17:34:05-08:00,POINT (-122.39643686543647 37.79311601214708),2.614643797224874,295.57383507913494,android,0.9673824642818784,-4.1020746688325005e-08,3.1727750426924217e-09
218,37.7931222641716,-122.39642920967589,1575941646.0,2019-12-09T17:34:06-08:00,POINT (-122.39642920967589 37.7931222641716),2.057646149958746,296.36459345045813,android,0.9673824232611317,-3.784797164563258e-08,-0.35126390430485865
219,37.79312851619611,-122.39642155391532,1575941647.0,2019-12-09T17:34:07-08:00,POINT (-122.39642155391532 37.79312851619611),1.50064862376991,297.15535185988756,android,0.96738238541316,-0.3512639421528303,1.3372481021858307
220,37.793134768220625,-122.39641389815472,1575941648.0,2019-12-09T17:34:08-08:00,POINT (-122.39641389815472 37.793134768220625),0.9436512188684303,297.9461103088044,android,0.6161184432603297,0.9859841600330004,-2.1399689070284778
221,37.7931403,-122.3964143,1575941649.0,2019-12-09T17:34:09-08:00,POINT (-122.3964143 37.7931403),1.0748014143354534,298.54673949399387,android,1.60210260329333,-1.1539847469954774,1.5017948314624163
222,37.7931537,-122.396421,1575941650.0,2019-12-09T17:34:10-08:00,POINT (-122.396421 37.7931537),2.206439691623316,298.78488588180346,android,0.4481178562978526,0.34781008446693895,-0.8881637744164468
223,37.7931569,-122.3964241,1575941651.0,2019-12-09T17:34:11-08:00,POINT (-122.3964241 37.7931569),2.645591767115543,298.78488588180346,android,0.7959279407647916,-0.5403536899495078,0.5403536872638115
224,37.7931632,-122.3964284,1575941652.0,2019-12-09T17:34:12-08:00,POINT (-122.3964284 37.7931632),3.4055888458419297,298.78488588180346,android,0.2555742508152837,-2.6856963875054873e-09,-1.1102230246251565e-16
225,37.79316488986083,-122.39643037150431,1575941653.0,2019-12-09T17:34:13-08:00,POINT (-122.39643037150431 37.79316488986083),3.6610848063886436,298.78488588180346,android,0.2555742481295873,-2.68569649852779e-09,-1.1102230246251565e-16
226,37.793166579721664,-122.39643234300861,1575941654.0,2019-12-09T17:34:14-08:00,POINT (-122.39643234300861 37.793166579721664),3.9165825474342744,298.78488588180346,android,0.2555742454438908,-2.6856966095500923e-09,-8.464000611496658e-10
227,37.793168269582495,-122.39643431451292,1575941655.0,2019-12-09T17:34:15-08:00,POINT (-122.39643431451292 37.793168269582495),4.1720817417073945,298.78488588180346,android,0.2555742427581942,-3.532096670699758e-09,1.6928001222993316e-09
228,37.793169959443325,-122.39643628601722,1575941656.0,2019-12-09T17:34:16-08:00,POINT (-122.39643628601722 37.793169959443325),4.427582139579818,298.78488588180346,android,0.2555742392260975,-1.8392965484004264e-09,-0.08530700757148882
229,37.793171649304156,-122.39643825752151,1575941657.0,2019-12-09T17:34:17-08:00,POINT (-122.39643825752151 37.793171649304156),4.6830835364565155,298.78488588180346,android,0.25557423738680096,-0.08530700941078537,0.07922619470106076
230,37.79317333916499,-122.39644022902581,1575941658.0,2019-12-09T17:34:18-08:00,POINT (-122.39644022902581 37.79317333916499),4.938585784552841,298.78488588180346,android,0.1702672279760156,-0.006080814709724602,0.006080816100011127
231,37.79317333562923,-122.39644216675242,1575941659.0,2019-12-09T17:34:19-08:00,POINT (-122.39644216675242 37.79317333562923),5.05666405478814,298.78488588180346,android,0.164186413266291,1.3902865247938934e-09,0.01970283467711112
232,37.79317327125845,-122.39644403350485,1575941660.0,2019-12-09T17:34:20-08:00,POINT (-122.39644403350485 37.79317327125845),5.168488016761074,298.78488588180346,android,0.16418641465657752,0.019702836067397644,0.8401077355324167
233,37.79317320688768,-122.39644590025729,1575941661.0,2019-12-09T17:34:21-08:00,POINT (-122.39644590025729 37.79317320688768),5.2830688435333295,298.78488588180346,android,0.18388925072397516,0.8598105715998143,-1.088245391310004
234,37.7931747,-122.3964468,1575941662.0,2019-12-09T17:34:22-08:00,POINT (-122.3964468 37.7931747),5.454085912011983,298.78488588180346,android,1.0436998223237894,-0.22843481971018964,0.1874906357210302
235,37.7931831,-122.3964521,1575941663.0,2019-12-09T17:34:23-08:00,POINT (-122.3964521 37.7931831),6.4435712920789445,298.78488588180346,android,0.8152650026135998,-0.040944183989159444,-0.7000238565288157
236,37.793186187301444,-122.39646051549902,1575941664.0,2019-12-09T17:34:24-08:00,POINT (-122.39646051549902 37.793186187301444),7.2079086287603715,298.78488588180346,android,0.7743208186244404,-0.7409680405179752,1.4784929524656947
237,37.79318591722482,-122.39646932105393,1575941665.0,2019-12-09T17:34:25-08:00,POINT (-122.39646932105393 37.79318591722482),7.763259978095855,298.78488588180346,android,0.033352778106465225,0.7375249119477195,-0.11853010051372193
238,37.7931859,-122.3964697,1575941666.0,2019-12-09T17:34:26-08:00,POINT (-122.3964697 37.7931859),7.787607010197912,298.78488588180346,android,0.7708776900541847,0.6189948114339976,-1.1505592264505151
239,37.7931839,-122.3964781,1575941667.0,2019-12-09T17:34:27-08:00,POINT (-122.3964781 37.7931839),8.238188692224615,298.78488588180346,android,1.3898725014881823,-0.5315644150165174,0.17080758495242682
240,37.79318112336014,-122.3964935222829,1575941668.0,2019-12-09T17:34:28-08:00,POINT (-122.3964935222829 37.79318112336014),9.225320890603808,298.78488588180346,android,0.8583080864716649,-0.3607568300640906,0.22346985834957545
241,37.793181624200336,-122.39650326970397,1575941669.0,2019-12-09T17:34:29-08:00,POINT (-122.39650326970397 37.793181624200336),10.010041341842859,298.78488588180346,android,0.4975512564075743,-0.13728697171451515,0.38674390019455546
242,37.7931821,-122.3965089,1575941670.0,2019-12-09T17:34:30-08:00,POINT (-122.3965089 37.7931821),10.477713780562837,298.78488588180346,android,0.36026428469305916,0.2494569284800403,-0.11108183944285266
243,37.7931821,-122.396513,1575941671.0,2019-12-09T17:34:31-08:00,POINT (-122.396513 37.7931821),10.803687242479004,298.78488588180346,android,0.6097212131730995,0.13837508903718765,0.15180101222024722
244,37.79318126589434,-122.39651985820207,1575941672.0,2019-12-09T17:34:32-08:00,POINT (-122.39651985820207 37.79318126589434),11.316748341705908,298.78488588180346,android,0.7480963022102871,0.29017610125743487,-0.9290969523610437
245,37.7931783,-122.3965275,1575941673.0,2019-12-09T17:34:33-08:00,POINT (-122.3965275 37.7931783),11.818104846389808,298.78488588180346,android,1.038272403467722,-0.6389208511036089,0.7438767315309376
246,37.7931726358928,-122.3965368938451,1575941674.0,2019-12-09T17:34:34-08:00,POINT (-122.3965368938451 37.7931726358928),12.403064143657668,298.78488588180346,android,0.39935155236411307,0.10495588042732878,-0.1049558670392648
247,37.7931708,-122.3965408,1575941675.0,2019-12-09T17:34:35-08:00,POINT (-122.3965408 37.7931708),12.678397321569552,298.78488588180346,android,0.5043074327914419,1.3388063990760202e-08,-0.2552683228985287
248,37.79316815164301,-122.39654545914655,1575941676.0,2019-12-09T17:34:36-08:00,POINT (-122.39654545914655 37.79316815164301),13.003322207715971,298.78488588180346,android,0.5043074461795058,-0.2552683095104647,0.23583435178753243
249,37.79316550328601,-122.39655011829312,1575941677.0,2019-12-09T17:34:37-08:00,POINT (-122.39655011829312 37.79316550328601),13.339425266069922,298.78488588180346,android,0.24903913666904115,-0.01943395772293227,0.019433963203368265
250,37.793163941286785,-122.39655214943998,1575941678.0,2019-12-09T17:34:38-08:00,POINT (-122.39655214943998 37.793163941286785),13.48059050016568,298.78488588180346,android,0.22960517894610888,5.4804359939097935e-09,-0.03696644375834762
251,37.79316248257358,-122.39655399887992,1575941679.0,2019-12-09T17:34:39-08:00,POINT (-122.39655399887992 37.79316248257358),13.611104855448575,298.78488588180346,android,0.22960518442654487,-0.03696643827791163,0.44560937464249695
252,37.793161023860364,-122.3965558483199,1575941680.0,2019-12-09T17:34:40-08:00,POINT (-122.3965558483199 37.793161023860364),13.744215196219352,298.78488588180346,android,0.19263874614863324,0.4086429363645853,-0.4100859944237078
253,37.7931598,-122.39655739999999,1575941681.0,2019-12-09T17:34:41-08:00,POINT (-122.39655739999999 37.7931598),13.85763303373391,298.708620612836,android,0.6012816825132186,-0.0014430580591224818,-0.40737309590399495
254,37.7931572,-122.3965514,1575941682.0,2019-12-09T17:34:42-08:00,POINT (-122.3965514 37.7931572),13.290666996159823,298.50651752645314,android,0.5998386244540961,-0.40881615396311743,0.4088161559499325
255,37.79315197519347,-122.39654970136549,1575941683.0,2019-12-09T17:34:43-08:00,POINT (-122.39654970136549 37.79315197519347),13.05209011761574,297.9574234499623,android,0.19102247049097865,1.9868150735735668e-09,-2.3007182547996052e-09
256,37.79315045038693,-122.39655070273096,1575941684.0,2019-12-09T17:34:44-08:00,POINT (-122.39655070273096 37.79315045038693),13.112648325916936,297.77651446538243,android,0.19102247247779372,-3.1390318122603844e-10,-0.11575960721356361
257,37.7931489255804,-122.39655170409647,1575941685.0,2019-12-09T17:34:45-08:00,POINT (-122.39655170409647 37.7931489255804),13.17320654180935,297.59560547729285,android,0.19102247216389054,-0.11575960752746679,0.6623599565171857
258,37.79314740077386,-122.39655270546194,1575941686.0,2019-12-09T17:34:46-08:00,POINT (-122.39655270546194 37.79314740077386),13.233764759713058,297.41469649313655,android,0.07526286463642375,0.5466003489897189,-1.0477020063031577
259,37.7931468,-122.39655309999999,1575941687.0,2019-12-09T17:34:47-08:00,POINT (-122.39655309999999 37.7931468),13.257624702687412,297.34341834299613,android,0.6218632136261426,-0.5011016573134389,0.5011016569640829
260,37.79314264796701,-122.3965483588001,1575941688.0,2019-12-09T17:34:48-08:00,POINT (-122.3965483588001 37.79314264796701),12.773129287499703,296.9538699497791,android,0.12076155631270366,-3.493560024603326e-10,-0.058327835712445805
261,37.79314159593401,-122.39654801760022,1575941689.0,2019-12-09T17:34:49-08:00,POINT (-122.39654801760022 37.79314159593401),12.725162829980158,296.8432965449971,android,0.12076155596334766,-0.05832783606180181,0.3975843628287223
262,37.79314054390102,-122.39654767640033,1575941690.0,2019-12-09T17:34:50-08:00,POINT (-122.39654767640033 37.79314054390102),12.677196369448113,296.7327231420863,android,0.06243371990154585,0.3392565267669205,0.31360904379880367
263,37.79314,-122.3965475,1575941691.0,2019-12-09T17:34:51-08:00,POINT (-122.3965475 37.79314),12.65239771160382,296.6755566969575,android,0.4016902466684663,0.6528655705657241,-1.2214371384404008
264,37.79314040677962,-122.39654295762755,1575941692.0,2019-12-09T17:34:52-08:00,POINT (-122.39654295762755 37.79314040677962),12.264476257194326,296.78282135457675,android,1.0545558172341905,-0.5685715678746766,0.5483281769819884
265,37.7931439,-122.3965318,1575941693.0,2019-12-09T17:34:53-08:00,POINT (-122.3965318 37.7931439),11.354982735208186,297.31959737029206,android,0.48598424935951384,-0.020243390892688118,-0.18928298670700594
266,37.79314687297325,-122.39652774594559,1575941694.0,2019-12-09T17:34:54-08:00,POINT (-122.39652774594559 37.79314687297325),11.054154389491035,297.7013275994608,android,0.4657408584668257,-0.20952637759969406,0.6634739714668034
267,37.7931507,-122.3965299,1575941695.0,2019-12-09T17:34:55-08:00,POINT (-122.3965299 37.7931507),11.308024394221984,298.0909669064801,android,0.25621448086713167,0.4539475938671094,-0.9980030122369472
268,37.79315187554857,-122.39653240783696,1575941696.0,2019-12-09T17:34:56-08:00,POINT (-122.39653240783696 37.79315187554857),11.546545529690814,298.1851733000411,android,0.7101620747342411,-0.5440554183698378,0.5053785785113194
269,37.79315389651293,-122.39654007455316,1575941697.0,2019-12-09T17:34:57-08:00,POINT (-122.39654007455316 37.79315389651293),12.248375773042481,298.30082279149957,android,0.16610665636440328,-0.03867683985851844,0.0386768395109143
270,37.79315414566642,-122.39654193845591,1575941698.0,2019-12-09T17:34:58-08:00,POINT (-122.39654193845591 37.79315414566642),12.41479026902982,298.3024013296666,android,0.12742981650588484,-3.4760413991641315e-10,1.004265837156737e-10
271,37.79315429133285,-122.39654337691182,1575941699.0,2019-12-09T17:34:59-08:00,POINT (-122.39654337691182 37.79315429133285),12.542408944858481,298.29851132246364,android,0.1274298161582807,-2.4717755620073945e-10,1.0042652820452247e-10
272,37.79315443699927,-122.39654481536773,1575941700.0,2019-12-09T17:35:00-08:00,POINT (-122.39654481536773 37.79315443699927),12.67002762055193,298.2946213166943,android,0.12742981591110314,-1.4675102799621698e-10,-0.06473433422082969
273,37.793154582665686,-122.39654625382364,1575941701.0,2019-12-09T17:35:01-08:00,POINT (-122.39654625382364 37.793154582665686),12.797646297856662,298.29073131067986,android,0.1274298157643521,-0.06473433436758072,0.07146039002229303
274,37.79315472833211,-122.39654769227955,1575941702.0,2019-12-09T17:35:02-08:00,POINT (-122.39654769227955 37.79315472833211),12.92526497281932,298.28684130784774,android,0.06269548139677139,0.006726055654712307,-0.006726056388150686
275,37.7931548,-122.3965484,1575941703.0,2019-12-09T17:35:03-08:00,POINT (-122.3965484 37.7931548),12.988053372845908,298.2849274273337,android,0.0694215370514837,-7.334383794743715e-10,1.399380070155054e-09
276,37.79315439742351,-122.39654900386475,1575941704.0,2019-12-09T17:35:04-08:00,POINT (-122.39654900386475 37.79315439742351),13.033562888200771,298.23247891787037,android,0.06942153631804532,6.659416906806825e-10,-8.899151276997586e-10
277,37.79315399484701,-122.39654960772948,1575941705.0,2019-12-09T17:35:05-08:00,POINT (-122.39654960772948 37.79315399484701),13.079072404481202,298.1800304106214,android,0.06942153698398701,-2.2397343701907602e-10,-0.002221492031761002
278,37.79315359227052,-122.39655021159423,1575941706.0,2019-12-09T17:35:06-08:00,POINT (-122.39655021159423 37.79315359227052),13.124581921382163,298.12758190280704,android,0.06942153676001357,-0.002221492255734439,0.15234991916980095
279,37.793153189694024,-122.39655081545897,1575941707.0,2019-12-09T17:35:07-08:00,POINT (-122.39655081545897 37.793153189694024),13.170091438463404,298.07513339308116,android,0.06720004450427913,0.15012842691406653,-0.31033155329050793
280,37.7931528,-122.3965514,1575941708.0,2019-12-09T17:35:08-08:00,POINT (-122.3965514 37.7931528),13.214144649788185,298.02436324096016,android,0.21732847141834566,-0.1602031263764414,0.1602031262246674
281,37.79315192283465,-122.3965536102362,1575941709.0,2019-12-09T17:35:09-08:00,POINT (-122.3965536102362 37.79315192283465),13.391087325119747,297.8977394320933,android,0.05712534504190426,-1.5177401002652857e-10,1.4445638851778853e-09
282,37.7931517456693,-122.3965542204724,1575941710.0,2019-12-09T17:35:10-08:00,POINT (-122.3965542204724 37.7931517456693),13.441071117692863,297.8699036630517,android,0.05712534489013025,1.2927898751513567e-09,-2.3441985644301333e-09
283,37.79315156850395,-122.3965548307086,1575941711.0,2019-12-09T17:35:11-08:00,POINT (-122.3965548307086 37.79315156850395),13.491054912822944,297.8420678945632,android,0.057125346182920124,-1.0514086892787766e-09,0.08391449337725687
284,37.793151391338604,-122.39655544094481,1575941712.0,2019-12-09T17:35:12-08:00,POINT (-122.39655544094481 37.793151391338604),13.541038708438345,297.8142321269429,android,0.057125345131511435,0.08391449232584819,-0.1118408383332504
285,37.79315121417326,-122.39655605118101,1575941713.0,2019-12-09T17:35:13-08:00,POINT (-122.39655605118101 37.79315121417326),13.591022504143883,297.7863963583669,android,0.14103983745735962,-0.02792634600740221,0.00551515278388047
286,37.7931521,-122.3965572,1575941714.0,2019-12-09T17:35:14-08:00,POINT (-122.3965572 37.7931521),13.706327372581553,297.8676108131439,android,0.11311349144995742,-0.02241119322352174,0.022411192095046842
287,37.793153,-122.3965578,1575941715.0,2019-12-09T17:35:15-08:00,POINT (-122.3965578 37.793153),13.774154497347542,297.9579526555989,android,0.09070229822643568,-1.1284748968609648e-09,-0.01986381040449281
288,37.793153791082375,-122.39655805170803,1575941716.0,2019-12-09T17:35:16-08:00,POINT (-122.39655805170803 37.793153791082375),13.80980059591939,298.0411660417899,android,0.09070229709796078,-0.019863811532967707,-0.009768049592747123
289,37.793154582164746,-122.39655830341604,1575941717.0,2019-12-09T17:35:17-08:00,POINT (-122.39655830341604 37.793154582164746),13.845446691588995,298.1243794274803,android,0.07083848556499307,-0.02963186112571483,0.02963186300563564
290,37.7931552,-122.3965585,1575941718.0,2019-12-09T17:35:18-08:00,POINT (-122.3965585 37.7931552),13.873286292834115,298.18936907151203,android,0.04120662443927824,1.8799208093001063e-09,-0.04120662819911986
291,37.79315542988506,-122.39655813218391,1575941719.0,2019-12-09T17:35:19-08:00,POINT (-122.39655813218391 37.79315542988506),13.845299752835363,298.2196362419838,android,0.04120662631919905,-0.04120662631919905,0.04120662631919905
292,37.79315565977012,-122.3965577643678,1575941720.0,2019-12-09T17:35:20-08:00,POINT (-122.3965577643678 37.79315565977012),13.817313208368155,298.2499034117221,android,0.0,0.0,0.0
