,latitude,longitude,ts,fmt_time,geometry,gt_distance,gt_projection,source,speed,acceleration,jerk
0,37.79105738730158,-122.39555100830279,1574213418.0,2019-11-19T17:30:18-08:00,POINT (-122.39555100830279 37.79105738730158),23.6313789607242,4.346566028864916,android,0.7921398135326141,0.18063483899169863,-0.054715718118938994
1,37.7910683,-122.3955626,1574213420.0,2019-11-19T17:30:20-08:00,POINT (-122.3955626 37.7910683),22.055060710294313,4.497964139027007,android,1.1534094915160114,0.07120340275382064,-0.04106264581474628
2,37.7910774,-122.3955563,1574213421.0,2019-11-19T17:30:21-08:00,POINT (-122.3955563 37.7910774),21.74526044392664,5.607533718081261,android,1.224612894269832,0.030140756939074365,0.33517165530564874
3,37.7910881,-122.3955596,1574213422.0,2019-11-19T17:30:22-08:00,POINT (-122.3955596 37.7910881),20.707206074238005,6.252731834079238,android,1.2547536512089064,0.3653124122447231,-0.7090111598201647
4,37.7910975,-122.3955675,1574213423.0,2019-11-19T17:30:23-08:00,POINT (-122.3955675 37.7910975),19.480585752502172,6.511546215385511,android,1.6200660634536295,-0.3436987475754416,0.11315455995355927
5,37.791112,-122.3955657,1574213424.0,2019-11-19T17:30:24-08:00,POINT (-122.3955657 37.791112),18.468541114495196,7.772154994515751,android,1.2763673158781879,-0.23054418762188233,0.4441482417778224
6,37.7911231,-122.395562,1574213425.0,2019-11-19T17:30:25-08:00,POINT (-122.395562 37.7911231),17.839920032911444,8.880183177426453,android,1.0458231282563055,0.21360405415594008,-0.9825126269948152
7,37.7911325,-122.3955624,1574213426.0,2019-11-19T17:30:26-08:00,POINT (-122.3955624 37.7911325),17.085238638960377,9.600904108558694,android,1.2594271824122456,-0.7689085728388751,1.4042397788444083
8,37.7911432,-122.3955671,1574213427.0,2019-11-19T17:30:27-08:00,POINT (-122.3955671 37.7911432),15.959089243996486,10.159879947626195,android,0.4905186095733705,0.6353312060055332,-0.25522177225804876
9,37.7911476,-122.3955675,1574213428.0,2019-11-19T17:30:28-08:00,POINT (-122.3955675 37.7911476),15.59244581221385,10.484134979965491,android,1.1258498155789036,0.3801094337474844,-1.3034189677173573
10,37.7911577,-122.3955666,1574213429.0,2019-11-19T17:30:29-08:00,POINT (-122.3955666 37.7911577),14.865241835022735,11.340424923818567,android,1.505959249326388,-0.9233095339698729,3.435564039122347
11,37.7911705,-122.395561,1574213430.0,2019-11-19T17:30:30-08:00,POINT (-122.395561 37.7911705),14.22424544091294,12.700267596957891,android,0.5826497153565151,2.512254505152474,-4.882540381506695
12,37.79117524020105,-122.3955581741109,1574213431.0,2019-11-19T17:30:31-08:00,POINT (-122.3955581741109 37.79117524020105),14.034189263695923,13.250172602323795,android,3.0949042205089894,-2.3702858763542216,3.4556220327516165
13,37.7911976,-122.3955372,1574213432.0,2019-11-19T17:30:32-08:00,POINT (-122.3955372 37.7911976),13.61869692050772,16.314894503039522,android,0.7246183441547677,1.085336156397395,-0.05815344753889673
14,37.79120315555603,-122.39553288965482,1574213433.0,2019-11-19T17:30:33-08:00,POINT (-122.39553288965482 37.79120315555603),13.458772292890531,17.020875367456956,android,1.8099545005521624,1.0271827088584982,-1.5892018462931714
15,37.79121641257296,-122.39552093810413,1574213434.0,2019-11-19T17:30:34-08:00,POINT (-122.39552093810413 37.79121641257296),13.18197888218814,18.808131825579764,android,2.8371372094106606,-0.5620191374346732,1.3757956295365736
16,37.7912361,-122.3955004,1574213435.0,2019-11-19T17:30:35-08:00,POINT (-122.3955004 37.7912361),12.946445304238162,21.634099572384542,android,2.2751180719759874,0.8137764921019004,-1.3929770160480976
17,37.7912488,-122.3954801,1574213436.0,2019-11-19T17:30:36-08:00,POINT (-122.3954801 37.7912488),13.238205921963194,23.89134783978432,android,3.0888945640778878,-0.5792005239461973,0.4147671945677165
18,37.7912663,-122.3954528,1574213437.0,2019-11-19T17:30:37-08:00,POINT (-122.3954528 37.7912663),13.597923771727231,26.96031513971182,android,2.5096940401316905,-0.16443332937848076,0.31747069927495275
19,37.7912805,-122.3954306,1574213438.0,2019-11-19T17:30:38-08:00,POINT (-122.3954306 37.7912805),13.8928285468939,29.453518886841074,android,2.3452607107532097,0.153037369896472,0.6274340723619343
20,37.7912941,-122.3954102,1574213439.0,2019-11-19T17:30:39-08:00,POINT (-122.3954102 37.7912941),14.121032236582304,31.788289153727646,android,2.4982980806496817,0.7804714422584063,-1.485301559377608
21,37.7913103,-122.3953905,1574213440.0,2019-11-19T17:30:40-08:00,POINT (-122.3953905 37.7913103),14.103407625511373,34.286109927868196,android,3.278769522908088,-0.7048301171192017,0.4511572048400567
22,37.791334,-122.3953683,1574213441.0,2019-11-19T17:30:41-08:00,POINT (-122.3953683 37.791334),13.661036174049181,37.53259683403006,android,2.5739394057888862,-0.253672912279145,2.189425887078265
23,37.7913522,-122.3953502,1574213442.0,2019-11-19T17:30:42-08:00,POINT (-122.3953502 37.7913522),13.387514472250297,40.09046303096143,android,2.3202664935097412,1.93575297479912,-0.3040436453706401
24,37.7913681,-122.3953331,1574213443.0,2019-11-19T17:30:43-08:00,POINT (-122.3953331 37.7913681),13.229565099852483,42.40436754822122,android,4.256019468308861,1.63170932942848,-3.910684214030091
25,37.7914053,-122.3953217,1574213444.0,2019-11-19T17:30:44-08:00,POINT (-122.3953217 37.7914053),11.062334423210608,46.044579937743876,android,5.887728797737341,-2.278974884601611,1.2079837184350026
26,37.7914582,-122.3953188,1574213445.0,2019-11-19T17:30:45-08:00,POINT (-122.3953188 37.7914582),7.143945455870843,50.42188847138564,android,3.6087539131357302,-1.0709911661666083,-0.5336062970656092
27,37.7914905,-122.3953148,1574213446.0,2019-11-19T17:30:46-08:00,POINT (-122.3953148 37.7914905),4.891853552862978,53.23176151064336,android,2.537762746969122,-1.6045974632322175,5.840921728567089
28,37.7915127,-122.3953081,1574213447.0,2019-11-19T17:30:47-08:00,POINT (-122.3953081 37.7915127),3.592831814833327,55.406062687703425,android,0.9331652837369044,4.236324265334872,-6.007016432412351
29,37.791520567298086,-122.39530440331778,1574213448.0,2019-11-19T17:30:48-08:00,POINT (-122.39530440331778 37.791520567298086),3.2157723999310783,56.25794843158745,android,5.169489549071776,-1.7706921670774793,2.594554036336934
30,37.7915625,-122.395279,1574213449.0,2019-11-19T17:30:49-08:00,POINT (-122.395279 37.7915625),1.5650822611249675,61.14917120407085,android,3.3987973819942967,0.8238618692594546,-3.9335698895313946
31,37.7915893,-122.3952604,1574213450.0,2019-11-19T17:30:50-08:00,POINT (-122.3952604 37.7915893),0.6590148419961394,64.42069740798806,android,4.222659251253751,-3.10970802027194,4.827361208068876
32,37.7916226,-122.3952373,1574213451.0,2019-11-19T17:30:51-08:00,POINT (-122.3952373 37.7916226),0.4675143657747877,68.48500130488551,android,1.1129512309818113,1.717653187796936,-2.378252563024038
33,37.79163136068348,-122.39523117464407,1574213452.0,2019-11-19T17:30:52-08:00,POINT (-122.39523117464407 37.79163136068348),0.7608546452808227,69.55721352863164,android,2.8306044187787474,-0.6605993752271018,-0.8225352452247996
34,37.7916536,-122.3952155,1574213453.0,2019-11-19T17:30:53-08:00,POINT (-122.3952155 37.7916536),1.4976238219032738,72.28676600115297,android,2.1700050435516456,-1.4831346204519014,2.006535352621891
35,37.79166963384317,-122.39520142217977,1574213454.0,2019-11-19T17:30:54-08:00,POINT (-122.39520142217977 37.79166963384317),1.8538977251753561,74.42552527386972,android,0.6868704230997442,0.5234007321699898,-0.38464624795176783
36,37.7916743,-122.3951963,1574213455.0,2019-11-19T17:30:55-08:00,POINT (-122.3951963 37.7916743),1.8930001600345505,75.11102093357306,android,1.210271155269734,0.138754484218222,-0.2418924551114845
37,37.7916824,-122.3951871,1574213456.0,2019-11-19T17:30:56-08:00,POINT (-122.3951871 37.7916824),1.9414533492195933,76.31994794903875,android,1.349025639487956,-0.10313797089326249,0.182558141002384
38,37.7916911,-122.3951764,1574213457.0,2019-11-19T17:30:57-08:00,POINT (-122.3951764 37.7916911),1.9419382970846222,77.66878143027267,android,1.2458876685946936,0.0794201701091215,-0.6832626548250575
39,37.7916988,-122.3951661,1574213458.0,2019-11-19T17:30:58-08:00,POINT (-122.3951661 37.7916988),1.8900941725454936,78.91363219246823,android,1.325307838703815,-0.603842484715936,1.0881986172284837
40,37.7917072,-122.3951554,1574213459.0,2019-11-19T17:30:59-08:00,POINT (-122.3951554 37.7917072),1.8673221171520737,80.23865330776823,android,0.721465353987879,0.4843561325125476,-0.5456454207497334
41,37.7917118070456,-122.39514961860944,1574213460.0,2019-11-19T17:31:00-08:00,POINT (-122.39514961860944 37.7917118070456),1.860319536699913,80.96001245133934,android,1.2058214865004266,-0.061289288237185824,0.01571657530012649
42,37.79171983101145,-122.39514038763409,1574213461.0,2019-11-19T17:31:01-08:00,POINT (-122.39514038763409 37.79171983101145),1.9009279939067532,82.16480967292294,android,1.1445321982632408,-0.045572712937059334,-0.014629432417170962
43,37.7917275,-122.3951317,1574213462.0,2019-11-19T17:31:02-08:00,POINT (-122.3951317 37.7917275),1.94824148979091,83.30800373669723,android,1.0989594853261815,-0.060202145354230296,-0.6796663562566436
44,37.7917346,-122.395123,1574213463.0,2019-11-19T17:31:03-08:00,POINT (-122.395123 37.7917346),1.9506654585907128,84.40679557877561,android,1.0387573399719512,-0.7398685016108739,1.1619205379246988
45,37.79174120373828,-122.39511463862934,1574213464.0,2019-11-19T17:31:04-08:00,POINT (-122.39511463862934 37.79174120373828),1.9359468000535234,85.44536412497033,android,0.29888883836107727,0.4220520363138248,-0.2777039537827487
46,37.7917429,-122.39511200000001,1574213465.0,2019-11-19T17:31:05-08:00,POINT (-122.39511200000001 37.7917429),1.9012452184825148,85.74233540630415,android,0.7209408746749021,0.14434808253107612,0.4828625926504836
47,37.7917457,-122.3951046,1574213466.0,2019-11-19T17:31:06-08:00,POINT (-122.3951046 37.7917457),1.6521978412543865,86.41984096239733,android,0.8652889572059782,0.6272106751815597,-1.5687712751525793
48,37.7917510228362,-122.39509741675863,1574213467.0,2019-11-19T17:31:07-08:00,POINT (-122.39509741675863 37.7917510228362),1.6123865741411867,87.2842589242078,android,1.492499632387538,-0.9415605999710197,1.7562681330767285
49,37.7917615,-122.3950868,1574213468.0,2019-11-19T17:31:08-08:00,POINT (-122.3950868 37.7917615),1.755891227960501,88.76903134334867,android,0.5509390324165182,0.8147075331057088,-1.8929523120844216
50,37.7917655,-122.3950831,1574213469.0,2019-11-19T17:31:09-08:00,POINT (-122.3950831 37.7917655),1.8329325019083151,89.3141565666823,android,1.365646565522227,-1.0782447789787128,1.2088911611345032
51,37.79177493693458,-122.39507315359225,1574213470.0,2019-11-19T17:31:10-08:00,POINT (-122.39507315359225 37.79177493693458),1.9380183740863377,90.67512075626685,android,0.287401786543514,0.13064638215579039,-0.08144926689531151
52,37.7917762,-122.3950703,1574213471.0,2019-11-19T17:31:11-08:00,POINT (-122.3950703 37.7917762),1.8561932403674457,90.95093226748062,android,0.4180481686993044,0.04919711526047888,-0.006913707434235735
53,37.7917504,-122.3950294,1574213482.0,2019-11-19T17:31:22-08:00,POINT (-122.3950294 37.7917504),2.720190425443264,91.41930862472176,android,0.9592164365645721,-0.026853666516114205,-0.07172956400182973
54,37.7917542,-122.3950196,1574213483.0,2019-11-19T17:31:23-08:00,POINT (-122.3950196 37.7917542),3.042885136470775,92.32383977592937,android,0.9323627700484579,-0.09858323051794393,0.08969521317588725
55,37.791759,-122.3950109,1574213484.0,2019-11-19T17:31:24-08:00,POINT (-122.3950109 37.791759),3.2187671308142023,93.24007131624671,android,0.833779539530514,-0.008888017342056687,0.2369256975705526
56,37.7917616,-122.395002,1574213485.0,2019-11-19T17:31:25-08:00,POINT (-122.395002 37.7917616),3.5778017483356708,93.99398442010218,android,0.8248915221884573,0.2280376802284959,-0.755096613069336
57,37.79176244189725,-122.39499267312289,1574213486.0,2019-11-19T17:31:26-08:00,POINT (-122.39499267312289 37.79176244189725),4.100021643432752,94.6346120730089,android,1.0529292024169532,-0.52705893284084,1.301830864978063
58,37.79176724314199,-122.39498234497118,1574213487.0,2019-11-19T17:31:27-08:00,POINT (-122.39498234497118 37.79176724314199),4.378361970648359,95.65110866099258,android,0.5258702695761132,0.774771932137223,-1.5017611809285571
59,37.7917667,-122.3949764,1574213488.0,2019-11-19T17:31:28-08:00,POINT (-122.3949764 37.7917667),4.794935050783603,95.97374059322411,android,1.300642201713336,-0.7269892487913341,1.2230302446247014
60,37.79177200135352,-122.39496320580409,1574213489.0,2019-11-19T17:31:29-08:00,POINT (-122.39496320580409 37.79177200135352),5.215032564386073,97.2062560099466,android,0.573652952922002,0.49604099583336736,-1.0550384761358458
61,37.7917742,-122.3949573,1574213490.0,2019-11-19T17:31:30-08:00,POINT (-122.3949573 37.7917742),5.4165812152024175,97.74410489543482,android,1.0696939487553694,-0.5589974803024784,1.302761466016966
62,37.7917792,-122.3949469,1574213491.0,2019-11-19T17:31:31-08:00,POINT (-122.3949469 37.7917792),5.684038170128861,98.78079768925716,android,0.510696468452891,0.7437639857144875,-0.8337157146027485
63,37.79178207037057,-122.39494236296264,1574213492.0,2019-11-19T17:31:32-08:00,POINT (-122.39494236296264 37.79178207037057),5.747294462155417,99.28775540864095,android,1.2544604541673785,-0.08995172888826097,1.720932954177666
64,37.7917889,-122.394931,1574213493.0,2019-11-19T17:31:33-08:00,POINT (-122.394931 37.7917889),5.933564760463754,100.52891587692554,android,1.1645087252791175,1.630981225289405,-3.552365008036012
65,37.7917952163742,-122.39492042923987,1574213494.0,2019-11-19T17:31:34-08:00,POINT (-122.39492042923987 37.7917952163742),6.109725235541516,101.68059977936863,android,2.7954899505685225,-1.9213837827466067,1.9196935398211674
66,37.7918175,-122.3949057,1574213495.0,2019-11-19T17:31:35-08:00,POINT (-122.3949057 37.7918175),5.3119597601768245,104.20975444234708,android,0.8741061678219157,-0.00169024292543936,-0.007687708243812638
67,37.7919708,-122.3948044,1574213517.0,2019-11-19T17:31:57-08:00,POINT (-122.3948044 37.7919708),18.545513127507032,104.43589896675272,android,0.8369208234622498,-0.1708198242893174,0.8776105459981869
68,37.791977,-122.3948098,1574213518.0,2019-11-19T17:31:58-08:00,POINT (-122.3948098 37.791977),18.703988117163227,105.25696915439232,android,0.6661009991729324,0.7067907217088695,-0.9277868246670754
69,37.7919817,-122.3948145,1574213519.0,2019-11-19T17:31:59-08:00,POINT (-122.3948145 37.7919817),18.78674634689731,105.91752781031045,android,1.372891720881802,-0.22099610295820593,-0.11804506286222227
70,37.7919931,-122.3948205,1574213520.0,2019-11-19T17:32:00-08:00,POINT (-122.3948205 37.7919931),19.320285443936488,107.18017445031467,android,1.151895617923596,-0.3390411658204282,0.1563355421416811
71,37.7920034,-122.3948219,1574213521.0,2019-11-19T17:32:01-08:00,POINT (-122.3948219 37.7920034),20.05016335346084,108.06813744840709,android,0.8128544521031678,-0.1827056236787471,0.14976383186547915
72,37.7920106,-122.3948235,1574213522.0,2019-11-19T17:32:02-08:00,POINT (-122.3948235 37.7920106),20.5220744472125,108.72792133842556,android,0.6301488284244207,-0.03294179181326795,-0.42279251829245046
73,37.7920162,-122.3948246,1574213523.0,2019-11-19T17:32:03-08:00,POINT (-122.3948246 37.7920162),20.898018642418172,109.2320037143075,android,0.5972070366111527,-0.4557343101057184,0.5231163718375608
74,37.7920215,-122.3948257,1574213524.0,2019-11-19T17:32:04-08:00,POINT (-122.3948257 37.7920215),21.25019116910529,109.71278717731573,android,0.1414727265054343,0.06738206173184234,0.12410141066887542
75,37.7920275,-122.3948417,1574213535.0,2019-11-19T17:32:15-08:00,POINT (-122.3948417 37.7920275),20.739533008636016,111.18486674047352,android,0.8826754055557,1.432497579089472,-3.2269789595403333
76,37.79203487033682,-122.39484543066433,1574213536.0,2019-11-19T17:32:16-08:00,POINT (-122.39484543066433 37.79203487033682),21.093627203863594,111.99185840224719,android,2.315172984645172,-1.7944813804508613,2.5815954310344726
77,37.7920543,-122.3948549,1574213537.0,2019-11-19T17:32:17-08:00,POINT (-122.3948549 37.7920543),22.0496115163236,114.096268735507,android,0.5206916041943109,0.7871140505836115,-0.747257990509873
78,37.79205857184478,-122.39485732718452,1574213538.0,2019-11-19T17:32:18-08:00,POINT (-122.39485732718452 37.79205857184478),22.23851897894659,114.58065757126404,android,1.3078056547779224,0.03985606007373854,0.006699755533600138
79,37.7920696,-122.3948625,1574213539.0,2019-11-19T17:32:19-08:00,POINT (-122.3948625 37.7920696),22.79357438386987,115.76241055262714,android,1.347661714851661,0.04655581560733868,-1.1265816959329988
80,37.7920814,-122.394866,1574213540.0,2019-11-19T17:32:20-08:00,POINT (-122.394866 37.7920814),23.512886821684162,116.89891838491309,android,1.3942175304589997,-1.0800258803256602,1.5912767005712158
81,37.7920934,-122.3948706,1574213541.0,2019-11-19T17:32:21-08:00,POINT (-122.3948706 37.7920934),24.18025340657487,118.12012819271925,android,0.31419165013333944,0.5112508202455557,-0.9574552429752214
82,37.792096,-122.394872,1574213542.0,2019-11-19T17:32:22-08:00,POINT (-122.394872 37.792096),24.299991817780352,118.41008576850486,android,0.8254424703788951,-0.4462044227296658,1.0882016663380272
83,37.7921026,-122.3948763,1574213543.0,2019-11-19T17:32:23-08:00,POINT (-122.3948763 37.7921026),24.557957257115863,119.19305102871067,android,0.37923804764922925,0.6419972436083614,-0.6290203591330759
84,37.79210570834833,-122.39487807619903,1574213544.0,2019-11-19T17:32:24-08:00,POINT (-122.39487807619903 37.79210570834833),24.69479130944971,119.5461443140119,android,1.0212352912575906,0.012976884475285567,0.009815441213004452
85,37.7924801,-122.3953411,1574213601.0,2019-11-19T17:33:21-08:00,POINT (-122.3953411 37.7924801),24.963849931971268,178.03631420684513,android,1.760917706348868,0.5724570336165393,-2.1609129331174257
86,37.7924811,-122.3953611,1574213602.0,2019-11-19T17:33:22-08:00,POINT (-122.3953611 37.7924811),23.79603297558189,179.35897816219708,android,2.3333747399654072,-1.5884558995008862,1.973732781721122
87,37.792484,-122.3953874,1574213603.0,2019-11-19T17:33:23-08:00,POINT (-122.3953874 37.792484),22.384602207935956,181.2227355943643,android,0.7449188404645211,0.38527688222023593,0.08001319937304263
88,37.7924857,-122.3953956,1574213604.0,2019-11-19T17:33:24-08:00,POINT (-122.3953956 37.7924857),22.00692056307685,181.86631860611192,android,1.130195722684757,0.46529008159327856,0.9929074964193543
89,37.792483,-122.395408,1574213605.0,2019-11-19T17:33:25-08:00,POINT (-122.395408 37.792483),21.02261986117681,182.42568470718732,android,1.5954858042780355,1.4581975780126328,-2.41516757070874
90,37.7924798,-122.3954257,1574213606.0,2019-11-19T17:33:26-08:00,POINT (-122.3954257 37.7924798),19.668879649471005,183.27548948051202,android,3.0536833822906684,-0.9569699926961075,-0.07555286436595976
91,37.7924759,-122.3954601,1574213607.0,2019-11-19T17:33:27-08:00,POINT (-122.3954601 37.7924759),17.219684880094835,185.10919215396996,android,2.096713389594561,-1.0325228570620673,2.2226902914791857
92,37.792472411628125,-122.39548354961093,1574213608.0,2019-11-19T17:33:28-08:00,POINT (-122.39548354961093 37.792472411628125),15.485079794709836,186.29402263220248,android,1.0641905325324936,1.1901674344171185,-0.47151731067858105
93,37.79247126729771,-122.39549557366666,1574213609.0,2019-11-19T17:33:29-08:00,POINT (-122.39549557366666 37.79247126729771),14.646153678162127,186.95215412943827,android,2.254357966949612,0.7186501237385374,-1.9475343990220595
94,37.7924703,-122.3955212,1574213610.0,2019-11-19T17:33:30-08:00,POINT (-122.3955212 37.7924703),12.973544020135748,188.47034754058782,android,2.9730080906881495,-1.228884275283522,1.750021440863088
95,37.7924715,-122.395555,1574213611.0,2019-11-19T17:33:31-08:00,POINT (-122.395555 37.7924715),10.961526469259617,190.6671791313387,android,1.7441238154046275,0.521137165579566,-2.0562660186562205
96,37.7924726,-122.3955748,1574213612.0,2019-11-19T17:33:32-08:00,POINT (-122.3955748 37.7924726),9.814013475902442,191.9852563710948,android,2.2652609809841935,-1.5351288530766543,2.7000581149196403
97,37.7924742,-122.3956005,1574213613.0,2019-11-19T17:33:33-08:00,POINT (-122.3956005 37.7924742),8.338065761535448,193.70961716114863,android,0.7301321279075392,1.1649292618429863,-0.36321220933173337
98,37.792474764440286,-122.3956087784575,1574213614.0,2019-11-19T17:33:34-08:00,POINT (-122.3956087784575 37.792474764440286),7.8664801447463075,194.26891794531102,android,1.8950613897505255,0.8017170525112529,-1.0868699660705856
99,37.79247637801147,-122.39563024818352,1574213615.0,2019-11-19T17:33:35-08:00,POINT (-122.39563024818352 37.79247637801147),6.655185996539483,195.73119051275714,android,2.6967784422617784,-0.2851529135593327,0.6040018359974595
100,37.7924813,-122.3956603,1574213616.0,2019-11-19T17:33:36-08:00,POINT (-122.3956603 37.7924813),5.168488372854529,197.98710861929658,android,2.4116255287024457,0.3188489224381268,-1.1686166861168348
101,37.7924875,-122.3956866,1574213617.0,2019-11-19T17:33:37-08:00,POINT (-122.3956866 37.7924875),4.015751281985666,200.1099852053273,android,2.7304744511405725,-0.849767763678708,0.80218811711395
102,37.7924939,-122.3957166,1574213618.0,2019-11-19T17:33:38-08:00,POINT (-122.3957166 37.7924939),2.648145644332016,202.4787333879622,android,1.8807066874618645,-0.047579646564757994,0.360566095849981
103,37.7924982,-122.3957373,1574213619.0,2019-11-19T17:33:39-08:00,POINT (-122.3957373 37.7924982),1.6954050255773678,204.1040615185136,android,1.8331270408971065,0.312986449285223,-0.581567867961928
104,37.792502,-122.3957576,1574213620.0,2019-11-19T17:33:40-08:00,POINT (-122.3957576 37.792502),0.7283937350424391,205.66524702704493,android,2.1461134901823296,-0.26858141867670504,0.16774657358194944
105,37.7925133,-122.3957774,1574213621.0,2019-11-19T17:33:41-08:00,POINT (-122.3957774 37.7925133),0.3804649271697695,207.78422543476384,android,1.8775320715056245,-0.1008348450947556,0.27330555562861036
106,37.7925231,-122.3957948,1574213622.0,2019-11-19T17:33:42-08:00,POINT (-122.3957948 37.7925231),0.06449534004256346,209.63612654635406,android,1.776697226410869,0.17247071053385477,-1.4922129112847016
107,37.7925315,-122.395812,1574213623.0,2019-11-19T17:33:43-08:00,POINT (-122.395812 37.7925315),0.34875818435799977,211.36565877370393,android,1.9491679369447237,-1.3197422007508468,2.100033100404761
108,37.79254,-122.3958314,1574213624.0,2019-11-19T17:33:44-08:00,POINT (-122.3958314 37.79254),0.8912541801897078,213.2398993331721,android,0.629425736193877,0.7802908996539143,-0.4593486256136222
109,37.7925422,-122.395838,1574213625.0,2019-11-19T17:33:45-08:00,POINT (-122.395838 37.7925422),1.1300412607210428,213.82321150396578,android,1.4097166358477913,0.3209422740402921,0.5026970377919171
110,37.7925469,-122.3958529,1574213626.0,2019-11-19T17:33:46-08:00,POINT (-122.3958529 37.7925469),1.690025080495389,215.11914441066756,android,1.7306589098880834,0.8236393118322092,-2.468739132280357
111,37.792551,-122.3958719,1574213627.0,2019-11-19T17:33:47-08:00,POINT (-122.3958719 37.792551),2.552513586377452,216.62301636490338,android,2.5542982217202925,-1.645099820448148,2.6281275807359297
112,37.7925559,-122.3959003,1574213628.0,2019-11-19T17:33:48-08:00,POINT (-122.3959003 37.7925559),3.9380026234328898,218.77445445546422,android,0.9091984012721446,0.9830277602877817,0.24801208001361563
113,37.792558,-122.3959103,1574213629.0,2019-11-19T17:33:49-08:00,POINT (-122.3959103 37.792558),4.396481901012937,219.5614202858917,android,1.8922261615599263,1.2310398403013973,-3.4098001469220387
114,37.7925621,-122.3959312,1574213630.0,2019-11-19T17:33:50-08:00,POINT (-122.3959312 37.7925621),5.366237743717246,221.24185076450715,android,3.1232660018613236,-2.1787603066206414,3.0857429598647386
115,37.792569384745654,-122.39596552791576,1574213631.0,2019-11-19T17:33:51-08:00,POINT (-122.39596552791576 37.792569384745654),6.9046437557278395,223.96617409106747,android,0.9445056952406823,0.9069826532440972,-1.0235603984384758
116,37.7925713,-122.395976,1574213632.0,2019-11-19T17:33:52-08:00,POINT (-122.395976 37.7925713),7.39827901514426,224.7734119786012,android,1.8514883484847795,-0.11657774519437858,0.03425636726305026
117,37.7925748,-122.3959966,1574213633.0,2019-11-19T17:33:53-08:00,POINT (-122.3959966 37.7925748),8.390527152061305,226.34057794989573,android,1.734910603290401,-0.08232137793132832,-0.5052755757239737
118,37.7925777,-122.396016,1574213634.0,2019-11-19T17:33:54-08:00,POINT (-122.396016 37.7925777),9.356361900314162,227.78568923904623,android,1.6525892253590726,-0.5875969536553021,1.9673068273489758
119,37.7925799,-122.3960346,1574213635.0,2019-11-19T17:33:55-08:00,POINT (-122.3960346 37.7925799),10.328359344100008,229.12613187881286,android,1.0649922717037705,1.3797098736936737,-1.8692211127481067
120,37.79258310460146,-122.39604602152828,1574213636.0,2019-11-19T17:33:56-08:00,POINT (-122.39604602152828 37.79258310460146),10.778341884120916,230.09320645697755,android,2.4447021453974442,-0.48951123905443295,0.43054014842034904
121,37.7925955,-122.396069,1574213637.0,2019-11-19T17:33:57-08:00,POINT (-122.396069 37.7925955),11.212312225647151,232.50077645966755,android,1.9551909063430113,-0.0589710906340839,-1.054852295334487
122,37.7926027,-122.3960893,1574213638.0,2019-11-19T17:33:58-08:00,POINT (-122.3960893 37.7926027),11.892885078138999,234.33643165383162,android,1.8962198157089274,-1.113823385968571,4.252132698094508
123,37.7926087,-122.3961095,1574213639.0,2019-11-19T17:33:59-08:00,POINT (-122.3961095 37.7926087),12.662381191845512,236.072603250462,android,0.7823964297403564,3.1383093121259376,-4.184124526719826
124,37.79261076362836,-122.39611801246699,1574213640.0,2019-11-19T17:34:00-08:00,POINT (-122.39611801246699 37.79261076362836),13.023486280665113,236.7681422092367,android,3.920705741866294,-1.0458152145938882,2.3721583442446827
125,37.7926315,-122.3961541,1574213641.0,2019-11-19T17:34:01-08:00,POINT (-122.3961541 37.7926315),13.604437033058757,240.64780578004672,android,2.874890527272406,1.3263431296507946,-4.045312748890654
126,37.7926475,-122.3961798,1574213642.0,2019-11-19T17:34:02-08:00,POINT (-122.3961798 37.7926475),13.965966627744628,242.38051994817218,android,4.2012336569232005,-2.71896961923986,2.2185285289464747
127,37.7926664,-122.3962212,1574213643.0,2019-11-19T17:34:03-08:00,POINT (-122.3962212 37.7926664),15.504300741349011,245.67561308388125,android,1.482264037683341,-0.500441090293385,4.513979960532043
128,37.7926747,-122.3962344,1574213644.0,2019-11-19T17:34:04-08:00,POINT (-122.3962344 37.7926747),15.842250449341075,247.11942965489715,android,0.9818229473899559,4.0135388702386585,-7.164114795835347
129,37.792679051852154,-122.3962441222229,1574213645.0,2019-11-19T17:34:05-08:00,POINT (-122.3962441222229 37.792679051852154),16.21264110606842,248.02976428025067,android,4.9953618176286145,-3.150575925596688,2.592885628988242
130,37.79271472222146,-122.39627868135516,1574213646.0,2019-11-19T17:34:06-08:00,POINT (-122.39627868135516 37.79271472222146),16.135997486309027,253.02138794325694,android,1.8447858920319267,-0.5576902966084465,2.4508072099780627
131,37.7927278,-122.3962916,1574213647.0,2019-11-19T17:34:07-08:00,POINT (-122.3962916 37.7927278),16.12502050921173,254.8650483811582,android,1.2870955954234802,1.8931169133696164,-3.1638564855960647
132,37.792734506908396,-122.39630353829696,1574213648.0,2019-11-19T17:34:08-08:00,POINT (-122.39630353829696 37.792734506908396),16.48582425632925,256.10135235119606,android,3.1802125087930966,-1.270739572226448,2.6548644686025766
133,37.7927573,-122.3963254,1574213649.0,2019-11-19T17:34:09-08:00,POINT (-122.3963254 37.7927573),16.42158273574192,259.27884771556154,android,1.9094729365666485,1.3841248963761286,-2.215686096395191
134,37.7927698,-122.3963403,1574213650.0,2019-11-19T17:34:10-08:00,POINT (-122.3963403 37.7927698),16.587105772398857,261.18073427968744,android,3.293597832942777,-0.8315612000190629,0.8181929875303218
135,37.7927947,-122.3963606,1574213651.0,2019-11-19T17:34:11-08:00,POINT (-122.3963606 37.7927947),16.269840728278538,264.4558691991886,android,2.462036632923714,-0.013368212488741094,-0.3981106812405013
136,37.7928109,-122.3963797,1574213652.0,2019-11-19T17:34:12-08:00,POINT (-122.3963797 37.7928109),16.38801816168438,268.1599470043533,android,2.448668420434973,-0.4114788937292424,-0.07014024896105053
137,37.792824,-122.3964021,1574213653.0,2019-11-19T17:34:13-08:00,POINT (-122.3964021 37.792824),16.847817380042127,270.5663820181015,android,2.0371895267057307,-0.48161914269029293,1.767759388096298
138,37.7928334,-122.396422,1574213654.0,2019-11-19T17:34:14-08:00,POINT (-122.396422 37.7928334),17.424988616457128,272.522035553931,android,1.5555703840154378,1.2861402454060051,-2.8496150054565037
139,37.7928403,-122.3964374,1574213655.0,2019-11-19T17:34:15-08:00,POINT (-122.3964374 37.7928403),17.8998623651023,274.00497577118887,android,2.841710629421443,-1.5634747600504988,1.5932143700769301
140,37.79285177828094,-122.39646629457123,1574213656.0,2019-11-19T17:34:16-08:00,POINT (-122.39646629457123 37.79285177828094),18.901505760367886,276.66785469445966,android,1.2782358693709441,0.02973961002643133,-0.4671218008436572
141,37.7928566,-122.3964795,1574213657.0,2019-11-19T17:34:17-08:00,POINT (-122.3964795 37.7928566),19.39124476027406,277.8503179973433,android,1.3079754793973755,-0.43738219081722585,0.7090865194244487
142,37.7928612,-122.3964932,1574213658.0,2019-11-19T17:34:18-08:00,POINT (-122.3964932 37.7928612),19.92964965833743,279.04431297088007,android,0.8705932885801496,0.2717043286072228,-0.8545441931100296
143,37.7928639,-122.3965025,1574213659.0,2019-11-19T17:34:19-08:00,POINT (-122.3965025 37.7928639),20.326992489449776,279.8204262262848,android,1.1422976171873724,-0.5828398645028068,3.233700207897942
144,37.79287150502667,-122.39651123956241,1574213660.0,2019-11-19T17:34:20-08:00,POINT (-122.39651123956241 37.79287150502667),20.318399720489428,280.9623667081046,android,0.5594577526845657,2.650860343395135,-5.071200066305566
145,37.792876,-122.3965141,1574213661.0,2019-11-19T17:34:21-08:00,POINT (-122.3965141 37.792876),20.164391012594283,281.4994317673472,android,3.210318096079701,-2.4203397229104304,3.724674227033208
146,37.7929037,-122.3965244,1574213662.0,2019-11-19T17:34:22-08:00,POINT (-122.3965244 37.7929037),18.741916032031245,284.37077437075203,android,0.7899783731692707,1.3043345041227776,-1.2991245578001207
147,37.792909662854335,-122.39652928758554,1574213663.0,2019-11-19T17:34:23-08:00,POINT (-122.39652928758554 37.792909662854335),18.61620288498234,284.60395654272213,android,2.0943128772920483,0.005209946322657033,-0.04103066567261224
148,37.7929739,-122.3965791,1574213667.0,2019-11-19T17:34:27-08:00,POINT (-122.3965791 37.7929739),19.09521982849269,285.2988349147724,android,2.1151526625826764,-0.15891271636779192,0.15891254790378495
149,37.7929909,-122.3965899,1574213668.0,2019-11-19T17:34:28-08:00,POINT (-122.3965899 37.7929909),19.430896935393815,287.3843156899392,android,1.9562399462148845,-1.6846400696657327e-07,2.3501045415050488
150,37.79300322829242,-122.39657401751606,1574213669.0,2019-11-19T17:34:29-08:00,POINT (-122.39657401751606 37.79300322829242),17.684195226945185,288.26497640189353,android,1.9562397777508775,2.350104373041042,-0.17681353946748457
151,37.793015556584834,-122.39655813503215,1574213670.0,2019-11-19T17:34:30-08:00,POINT (-122.39655813503215 37.793015556584834),15.91012964651337,292.00753772471364,android,4.30634415079192,2.1732908335735575,-2.3566367179497245
152,37.793035817633374,-122.39659990154325,1574213671.0,2019-11-19T17:34:31-08:00,POINT (-122.39659990154325 37.793035817633374),18.17347184403054,294.1899906443338,android,6.479634984365477,-0.18334588437616706,0.6058188227528394
153,37.793040213169675,-122.3965263700643,1574213672.0,2019-11-19T17:34:32-08:00,POINT (-122.3965263700643 37.793040213169675),12.158678854086517,293.1178220274317,android,6.29628909998931,0.4224729383766723,0.12319777510485874
154,37.7930877,-122.3965654,1574213673.0,2019-11-19T17:34:33-08:00,POINT (-122.3965654 37.7930877),13.750315857536517,294.1899906443338,android,6.718762038365982,0.5456707134815311,-2.708097944211537
155,37.79306486975451,-122.39649460509644,1574213674.0,2019-11-19T17:34:34-08:00,POINT (-122.39649460509644 37.79306486975451),8.40731565225779,294.1899906443338,android,7.264432751847513,-2.162427230730006,-1.8005831098408578
156,37.79310960448489,-122.39655485586147,1574213675.0,2019-11-19T17:34:35-08:00,POINT (-122.39655485586147 37.79310960448489),12.798489755024631,294.1899906443338,android,5.1020055211175075,-3.9630103405708637,5.671294637596663
157,37.7931496,-122.3965264,1574213676.0,2019-11-19T17:34:36-08:00,POINT (-122.3965264 37.7931496),10.984540579468941,298.0187320854594,android,1.1389951805466438,1.708284297025799,5.237366998402965
158,37.7931585160835,-122.39652001888142,1574213677.0,2019-11-19T17:34:37-08:00,POINT (-122.39652001888142 37.7931585160835),10.588935419771131,298.78488588180346,android,2.847279477572443,6.945651295428764,-5.4532600461319305
159,37.793180448405565,-122.3965032951681,1574213678.0,2019-11-19T17:34:38-08:00,POINT (-122.3965032951681 37.793180448405565),9.953849819511094,298.78488588180346,android,9.792930773001206,1.4923912492968334,-8.506677296410118
160,37.7931265112166,-122.3964151926768,1574213679.0,2019-11-19T17:34:39-08:00,POINT (-122.3964151926768 37.7931265112166),0.9126178177352483,297.0234377857465,android,11.28532202229804,-7.014286047113285,3.86146783160346
161,37.79321437799682,-122.3964794689583,1574213680.0,2019-11-19T17:34:40-08:00,POINT (-122.3964794689583 37.79321437799682),10.639651358016208,298.78488588180346,android,4.271035975184755,-3.152818215509825,5.696375888675844
162,37.7932413,-122.3964448,1574213681.0,2019-11-19T17:34:41-08:00,POINT (-122.3964448 37.7932413),11.764668821700694,298.78488588180346,android,1.1182177596749299,2.5435576731660188,-4.257671237733964
163,37.7932479761364,-122.39643528295449,1574213682.0,2019-11-19T17:34:42-08:00,POINT (-122.39643528295449 37.7932479761364),12.240053981701234,298.78488588180346,android,3.6617754328409484,-1.714113564567946,1.6232878847856493
164,37.7932728,-122.3964079,1574213683.0,2019-11-19T17:34:43-08:00,POINT (-122.3964079 37.7932728),14.644204086646807,298.78488588180346,android,1.9476618682730025,-0.09082567978229661,0.08314209804126427
165,37.7932871,-122.3963951,1574213684.0,2019-11-19T17:34:44-08:00,POINT (-122.3963951 37.7932871),16.231815865524393,298.78488588180346,android,1.8568361884907059,-0.0076835817410323415,0.16700393720728468
166,37.7933015,-122.3963844,1574213685.0,2019-11-19T17:34:45-08:00,POINT (-122.3963844 37.7933015),17.884625247900093,298.78488588180346,android,1.8491526067496735,0.15932035546625234,0.696315695929622
167,37.7933147,-122.3963716,1574213686.0,2019-11-19T17:34:46-08:00,POINT (-122.3963716 37.7933147),19.46600605240613,298.78488588180346,android,2.008472962215926,0.8556360513958743,-3.0200833709152186
168,37.7933272,-122.3963551,1574213687.0,2019-11-19T17:34:47-08:00,POINT (-122.3963551 37.7933272),21.075537961385148,298.78488588180346,android,2.8641090136118,-2.1644473195193443,2.0655777037885326
169,37.7933476,-122.3963352,1574213688.0,2019-11-19T17:34:48-08:00,POINT (-122.3963352 37.7933476),23.67185634870494,298.78488588180346,android,0.699661694092456,-0.09886961573081154,-0.3871903089222644
170,37.793351,-122.3963285,1574213689.0,2019-11-19T17:34:49-08:00,POINT (-122.3963285 37.793351),24.18822617695747,298.78488588180346,android,0.6007920783616445,-0.48605992465307596,0.503664762701543
171,37.7933541,-122.3963229,1574213690.0,2019-11-19T17:34:50-08:00,POINT (-122.3963229 37.7933541),24.654273834760847,298.78488588180346,android,0.11473215370856853,0.017604838048467058,-0.000366766568825603
172,37.79333740791866,-122.39626389246949,1574213738.0,2019-11-19T17:35:38-08:00,POINT (-122.39626389246949 37.79333740791866),24.95672880031278,298.78488588180346,android,0.9597643800349872,4.274483811350649e-08,6.390917794973916e-10
173,37.79333282752894,-122.39627315029108,1574213739.0,2019-11-19T17:35:39-08:00,POINT (-122.39627315029108 37.79333282752894),24.1205917492397,298.78488588180346,android,0.9597644227798253,4.338392989300388e-08,-1.2781946612250294e-09
174,37.79332824713922,-122.39628240811267,1574213740.0,2019-11-19T17:35:40-08:00,POINT (-122.39628240811267 37.79332824713922),23.29405399914726,298.78488588180346,android,0.9597644661637552,4.210573523177885e-08,6.390918905196941e-10
175,37.79332366674951,-122.39629166593427,1574213741.0,2019-11-19T17:35:41-08:00,POINT (-122.39629166593427 37.79332366674951),22.47817450168053,298.78488588180346,android,0.9597645082694904,4.2744827122298545e-08,2.116736008694886e-09
176,37.79331908635979,-122.39630092375586,1574213742.0,2019-11-19T17:35:42-08:00,POINT (-122.39630092375586 37.79331908635979),21.674156917254507,298.78488588180346,android,0.9597645510143176,4.486156313099343e-08,-4.233483230642321e-09
177,37.793314505970066,-122.39631018157745,1574213743.0,2019-11-19T17:35:43-08:00,POINT (-122.39631018157745 37.793314505970066),20.88337136430116,298.78488588180346,android,0.9597645958758807,4.062807990035111e-08,3.1751062889995296e-09
178,37.793309925580346,-122.39631943939906,1574213744.0,2019-11-19T17:35:44-08:00,POINT (-122.39631943939906 37.793309925580346),20.107379076683305,298.78488588180346,android,0.9597646365039606,4.380318618935064e-08,-2.1167437802560585e-09
179,37.793305345190625,-122.39632869722065,1574213745.0,2019-11-19T17:35:45-08:00,POINT (-122.39632869722065 37.793305345190625),19.347960097228352,298.78488588180346,android,0.9597646803071468,4.168644240909458e-08,1.0583665055463598e-09
180,37.793300764800904,-122.39633795504226,1574213746.0,2019-11-19T17:35:46-08:00,POINT (-122.39633795504226 37.793300764800904),18.607143774526037,298.78488588180346,android,0.9597647219935892,4.274480891464094e-08,-3.774758283725532e-15
181,37.79329618441118,-122.39634721286384,1574213747.0,2019-11-19T17:35:47-08:00,POINT (-122.39634721286384 37.79329618441118),17.887241604243563,298.78488588180346,android,0.9597647647383981,4.274480513988266e-08,2.1167371189179107e-09
182,37.79329160402146,-122.39635647068543,1574213748.0,2019-11-19T17:35:48-08:00,POINT (-122.39635647068543 37.79329160402146),17.190881255468334,298.78488588180346,android,0.9597648074832033,4.486154225880057e-08,-4.233485340066068e-09
183,37.79328702363174,-122.39636572850702,1574213749.0,2019-11-19T17:35:49-08:00,POINT (-122.39636572850702 37.79328702363174),16.52103986375324,298.78488588180346,android,0.9597648523447455,4.06280569187345e-08,3.175107843311764e-09
184,37.79328244324202,-122.39637498632864,1574213750.0,2019-11-19T17:35:50-08:00,POINT (-122.39637498632864 37.79328244324202),15.88107338427952,298.78488588180346,android,0.9597648929728024,4.3803164762046265e-08,-2.116744890479083e-09
185,37.7932778628523,-122.39638424415023,1574213751.0,2019-11-19T17:35:51-08:00,POINT (-122.39638424415023 37.7932778628523),15.274737304608989,298.78488588180346,android,0.9597649367759672,4.168641987156718e-08,1.0583668386132672e-09
186,37.79327328246258,-122.39639350197183,1574213752.0,2019-11-19T17:35:52-08:00,POINT (-122.39639350197183 37.79327328246258),14.706191959586105,298.78488588180346,android,0.9597649784623871,4.274478671018045e-08,2.1167382291409353e-09
187,37.79326870207286,-122.39640275979342,1574213753.0,2019-11-19T17:35:53-08:00,POINT (-122.39640275979342 37.79326870207286),14.179983738153192,298.78488588180346,android,0.9597650212071738,4.4861524939321384e-08,-4.233487005400605e-09
188,37.79326412168314,-122.396412017615,1574213754.0,2019-11-19T17:35:54-08:00,POINT (-122.396412017615 37.79326412168314),13.700991590384428,298.78488588180346,android,0.9597650660686987,4.062803793392078e-08,3.1751089535347887e-09
189,37.793259541293416,-122.39642127543662,1574213755.0,2019-11-19T17:35:55-08:00,POINT (-122.39642127543662 37.793259541293416),13.274327756486201,298.78488588180346,android,0.9597651066967366,4.380314688745557e-08,-2.1167458896798053e-09
190,37.793254960903695,-122.39643053325821,1574213756.0,2019-11-19T17:35:56-08:00,POINT (-122.39643053325821 37.793254960903695),12.905183437208224,298.78488588180346,android,0.9597651504998835,4.168640099777576e-08,1.0583676157693844e-09
191,37.793250380513975,-122.39643979107981,1574213757.0,2019-11-19T17:35:57-08:00,POINT (-122.39643979107981 37.793250380513975),12.598615688754363,298.78488588180346,android,0.9597651921862845,4.274476861354515e-08,-3.774758283725532e-15
192,37.793245800124254,-122.3964490489014,1574213758.0,2019-11-19T17:35:58-08:00,POINT (-122.3964490489014 37.793245800124254),12.35928197135518,298.78488588180346,android,0.9597652349310531,4.2744764838786864e-08,2.1167390062970526e-09
193,37.79324121973453,-122.39645830672299,1574213759.0,2019-11-19T17:35:59-08:00,POINT (-122.39645830672299 37.79324121973453),12.191142704191668,298.78488588180346,android,0.959765277675818,4.4861503845083917e-08,-3.1751175022520783e-09
194,37.79323663934481,-122.39646756454458,1574213760.0,2019-11-19T17:36:00-08:00,POINT (-122.39646756454458 37.79323663934481),12.0971668734907,298.78488588180346,android,0.9597653225373218,4.168638634283184e-08,-4.192773905842273e-10
195,37.79323205895509,-122.3964768223662,1574213761.0,2019-11-19T17:36:01-08:00,POINT (-122.3964768223662 37.79323205895509),12.079085595014655,298.78488588180346,android,0.9597653642237082,4.126710895224761e-08,1.8969148474212716e-09
196,37.79322747856537,-122.3964860801878,1574213762.0,2019-11-19T17:36:02-08:00,POINT (-122.3964860801878 37.79322747856537),12.137238073477652,298.78488588180346,android,0.9597654054908171,4.316402379966888e-08,-4.1927727956192484e-10
197,37.79322289817566,-122.39649533800939,1574213763.0,2019-11-19T17:36:03-08:00,POINT (-122.39649533800939 37.79322289817566),12.270540503874697,298.78488588180346,android,0.9597654486548409,4.274474652010696e-08,2.1167398944754723e-09
198,37.793218317785936,-122.39650459583098,1574213764.0,2019-11-19T17:36:04-08:00,POINT (-122.39650459583098 37.793218317785936),12.476584377577833,298.78488588180346,android,0.9597654913995874,4.486148641458243e-08,-3.1751187234974054e-09
199,37.793213737396215,-122.39651385365256,1574213765.0,2019-11-19T17:36:05-08:00,POINT (-122.39651385365256 37.793213737396215),12.751844128428463,298.78488588180346,android,0.9597655362610739,4.1686367691085024e-08,-4.107825191113079e-15
200,37.793209157006494,-122.39652311147418,1574213766.0,2019-11-19T17:36:06-08:00,POINT (-122.39652311147418 37.793209157006494),13.091954683516855,298.78488588180346,android,0.9597655779474416,4.1686363583259833e-08,1.0583683929255017e-09
201,37.79320457661677,-122.39653236929578,1574213767.0,2019-11-19T17:36:07-08:00,POINT (-122.39653236929578 37.79320457661677),13.492012603994082,298.78488588180346,android,0.9597656196338051,4.2744731976185335e-08,-3.6637359812630166e-15
202,37.79319999622705,-122.39654162711737,1574213768.0,2019-11-19T17:36:08-08:00,POINT (-122.39654162711737 37.79319999622705),13.94686018415619,298.78488588180346,android,0.9597656623785371,4.2744728312449354e-08,1.0583685039478041e-09
203,37.79319541583733,-122.39655088493896,1574213769.0,2019-11-19T17:36:09-08:00,POINT (-122.39655088493896 37.79319541583733),14.451324930988857,298.78488588180346,android,0.9597657051232654,4.380309681639716e-08,-1.0583758314197667e-09
204,37.79319083544761,-122.39656014276055,1574213770.0,2019-11-19T17:36:10-08:00,POINT (-122.39656014276055 37.79319083544761),15.00040180383679,298.78488588180346,android,0.9597657489263622,4.274472098497739e-08,-3.6637359812630166e-15
205,37.79318625505789,-122.39656940058215,1574213771.0,2019-11-19T17:36:11-08:00,POINT (-122.39656940058215 37.79318625505789),15.589377640414229,298.78488588180346,android,0.9597657916710832,4.274471732124141e-08,-1.0583759424420691e-09
206,37.79318167466817,-122.39657865840375,1574213772.0,2019-11-19T17:36:12-08:00,POINT (-122.39657865840375 37.79318167466817),16.21390499912689,298.78488588180346,android,0.9597658344158005,4.168634137879934e-08,1.0583685039478041e-09
207,37.79317709427845,-122.39658791622536,1574213773.0,2019-11-19T17:36:13-08:00,POINT (-122.39658791622536 37.79317709427845),16.870036005699923,298.78488588180346,android,0.9597658761021419,4.2744709882747145e-08,1.0583690590593164e-09
208,37.79317251388873,-122.39659717404695,1574213774.0,2019-11-19T17:36:14-08:00,POINT (-122.39659717404695 37.79317251388873),17.554227239665785,298.78488588180346,android,0.9597659188468518,4.380307894180646e-08,-2.1167489983042742e-09
209,37.79316793349901,-122.39660643186853,1574213775.0,2019-11-19T17:36:15-08:00,POINT (-122.39660643186853 37.79316793349901),18.263325354578203,298.78488588180346,android,0.9597659626499307,4.168632994350219e-08,3.1751146156722143e-09
210,37.793163353109286,-122.39661568969014,1574213776.0,2019-11-19T17:36:16-08:00,POINT (-122.39661568969014 37.793163353109286),18.988184410066268,298.2935153776584,android,0.9597660043362607,4.48614445591744e-08,-4.233494776961777e-09
211,37.793158772719565,-122.39662494751173,1574213777.0,2019-11-19T17:36:17-08:00,POINT (-122.39662494751173 37.793158772719565),19.71356736180664,297.66382680403626,android,0.9597660491977053,4.0627949782212625e-08,2.1167418928769166e-09
212,37.793154192329844,-122.39663420533334,1574213778.0,2019-11-19T17:36:18-08:00,POINT (-122.39663420533334 37.793154192329844),20.438950429868544,297.0341382960917,android,0.959766089825655,4.274469167508954e-08,-3.774758283725532e-15
213,37.79314961194012,-122.39664346315493,1574213779.0,2019-11-19T17:36:19-08:00,POINT (-122.39664346315493 37.79314961194012),21.16433360531991,296.40444985471237,android,0.9597661325703467,4.274468790033126e-08,1.0583696141708288e-09
214,37.7931450315504,-122.39665272097652,1574213780.0,2019-11-19T17:36:20-08:00,POINT (-122.39665272097652 37.7931450315504),21.889716894625987,295.77476147750167,android,0.9597661753150346,4.3803057514502086e-08,-3.4416913763379853e-15
215,37.79314045116068,-122.39666197879811,1574213781.0,2019-11-19T17:36:21-08:00,POINT (-122.39666197879811 37.79314045116068),22.615100295624995,295.14507316573054,android,0.9597662191180921,4.380305407281071e-08,-3.1751234974564113e-09
216,37.79313587077096,-122.39667123661971,1574213782.0,2019-11-19T17:36:22-08:00,POINT (-122.39667123661971 37.79313587077096),23.340483808502032,294.5153849198419,android,0.9597662629211462,4.06279305753543e-08,-0.9597663441770073
217,37.79313129038124,-122.39668049444133,1574213783.0,2019-11-19T17:36:23-08:00,POINT (-122.39668049444133 37.79313129038124),24.067791134351722,294.1899906443338,android,0.9597663035490768,-0.9597663035490768,0.9597663035490768
218,37.79312670999152,-122.39668975226292,1574213784.0,2019-11-19T17:36:24-08:00,POINT (-122.39668975226292 37.79312670999152),24.808838282957357,294.1899906443338,android,0.0,0.0,0.0
