,latitude,longitude,ts,fmt_time,geometry,gt_distance,gt_projection,source,speed,acceleration,jerk
0,37.8696991,-122.2575428,1574295467.0,2019-11-20T16:17:47-08:00,POINT (-122.2575428 37.8696991),7.009369875802911,0.026490234474188506,android,1.0582954412241052,-0.5202954793363098,0.43258453517258827
1,37.8697074,-122.2575487,1574295468.0,2019-11-20T16:17:48-08:00,POINT (-122.2575487 37.8697074),6.615518923257347,1.0074588820611776,android,0.5379999618877954,-0.08771094416372155,0.12301730143777473
2,37.869712,-122.2575506,1574295469.0,2019-11-20T16:17:49-08:00,POINT (-122.2575506 37.869712),6.516692649510981,1.5353462078355993,android,0.45028901772407387,0.03530635727405318,0.046987462971531724
3,37.869716,-122.2575498,1574295470.0,2019-11-20T16:17:50-08:00,POINT (-122.2575498 37.869716),6.644584572600794,1.9661277643481843,android,0.48559537499812705,0.0822938202455849,0.06032768666508065
4,37.869720348814994,-122.2575492947867,1574295471.0,2019-11-20T16:17:51-08:00,POINT (-122.2575492947867 37.869720348814994),6.751840676541733,2.4386749776854484,android,0.567889195243712,0.14262150691066555,-0.08343074928722949
5,37.869725227273136,-122.25755120909106,1574295472.0,2019-11-20T16:17:52-08:00,POINT (-122.25755120909106 37.869725227273136),6.65581396988738,2.9973573663104442,android,0.7105107021543775,0.05919075762343606,-0.10516679366731285
6,37.8697316,-122.2575518,1574295473.0,2019-11-20T16:17:53-08:00,POINT (-122.2575518 37.8697316),6.696902786647912,3.7051621119395532,android,0.7697014597778136,-0.04597603604387679,0.18602229029442985
7,37.8697385,-122.2575525,1574295474.0,2019-11-20T16:17:54-08:00,POINT (-122.2575525 37.8697385),6.736141879426745,4.472223471588369,android,0.7237254237339368,0.14004625425055306,0.906336562831226
8,37.8697449,-122.257554,1574295475.0,2019-11-20T16:17:55-08:00,POINT (-122.257554 37.8697449),6.517134427622008,7.113815988320386,android,0.8637716779844898,1.046382817081779,-1.391308565479868
9,37.8697526,-122.2575553,1574295476.0,2019-11-20T16:17:56-08:00,POINT (-122.2575553 37.8697526),6.270417471425363,7.93972825644507,android,1.9101544950662688,-0.344925748398089,0.934004268397171
10,37.8697693,-122.2575604,1574295477.0,2019-11-20T16:17:57-08:00,POINT (-122.2575604 37.8697693),5.537217000541815,9.699582620983717,android,1.5652287466681798,0.589078519999082,-1.010854354948561
11,37.8697829,-122.257565,1574295478.0,2019-11-20T16:17:58-08:00,POINT (-122.257565 37.8697829),4.5608051916176935,12.9422402699451,android,2.154307266667262,-0.4217758349494789,0.21514173280119953
12,37.8698019,-122.2575698,1574295479.0,2019-11-20T16:17:59-08:00,POINT (-122.2575698 37.8698019),3.120550538240187,14.538556288751577,android,1.732531431717783,-0.20663410214827937,0.06092227334977762
13,37.8698173,-122.2575728,1574295480.0,2019-11-20T16:18:00-08:00,POINT (-122.2575728 37.8698173),2.020513587050627,15.872441436806636,android,1.5258973295695035,-0.14571182879850175,0.5064838275592174
14,37.869831,-122.2575738,1574295481.0,2019-11-20T16:18:01-08:00,POINT (-122.2575738 37.869831),1.1008686260743459,17.22198753842224,android,1.3801855007710018,0.36077199876071564,-0.44673663071644976
15,37.8698434,-122.2575731,1574295482.0,2019-11-20T16:18:02-08:00,POINT (-122.2575731 37.8698434),0.3587020428356725,18.382132376271343,android,1.7409574995317174,-0.08596463195573412,-0.25952845105849454
16,37.8698589,-122.2575703,1574295483.0,2019-11-20T16:18:03-08:00,POINT (-122.2575703 37.8698589),0.43059882695391394,19.929841029165342,android,1.6549928675759833,-0.34549308301422865,0.10954681507072261
17,37.8698729,-122.2575639,1574295484.0,2019-11-20T16:18:04-08:00,POINT (-122.2575639 37.8698729),0.8651935238852799,21.52388890816585,android,1.3094997845617546,-0.23594626794350604,0.33204686815518736
18,37.8698835,-122.2575574,1574295485.0,2019-11-20T16:18:05-08:00,POINT (-122.2575574 37.8698835),1.0753009322334606,22.814623036411334,android,1.0735535166182486,0.09610060021168132,0.27616373675639605
19,37.869892,-122.2575516,1574295486.0,2019-11-20T16:18:06-08:00,POINT (-122.2575516 37.869892),1.2015252539575425,23.879422512630512,android,1.16965411682993,0.37226433696807737,-1.1951641804024715
20,37.8699008,-122.2575443,1574295487.0,2019-11-20T16:18:07-08:00,POINT (-122.2575443 37.8699008),1.2390731728686666,25.047427486742276,android,1.5419184537980073,-0.8228998434343942,1.2275364299015123
21,37.8699107,-122.257532,1574295488.0,2019-11-20T16:18:08-08:00,POINT (-122.257532 37.8699107),0.9874240348823856,26.568520875682474,android,0.7190186103636131,0.4046365864671182,-0.36369223247286064
22,37.8699133,-122.2575245,1574295489.0,2019-11-20T16:18:09-08:00,POINT (-122.2575245 37.8699133),0.6143437749801323,27.184318575836052,android,1.1236551968307313,0.040944353994257554,0.48776212300597277
23,37.869919367359294,-122.25751426310538,1574295490.0,2019-11-20T16:18:10-08:00,POINT (-122.25751426310538 37.869919367359294),0.2660839003942937,28.253266930213343,android,1.164599550824989,0.5287064770002303,-1.7357702198128657
24,37.8699261,-122.2575041,1574295491.0,2019-11-20T16:18:11-08:00,POINT (-122.2575041 37.8699261),0.2330389752140443,29.34705480514662,android,1.6933060278252192,-1.2070637428126354,2.1353117915119784
25,37.8699369,-122.2574905,1574295492.0,2019-11-20T16:18:12-08:00,POINT (-122.2574905 37.8699369),0.8684770503391328,31.163232018514716,android,0.4862422850125839,0.928248048699343,-1.6297957927352456
26,37.8699404037879,-122.25748718560604,1574295493.0,2019-11-20T16:18:13-08:00,POINT (-122.25748718560604 37.8699404037879),0.8554227747869033,31.648982188533086,android,1.4144903337119268,-0.7015477440359026,1.4193933374140513
27,37.869950801248585,-122.25747790160598,1574295494.0,2019-11-20T16:18:14-08:00,POINT (-122.25747790160598 37.869950801248585),0.7786754903956692,33.06031132500171,android,0.7129425896760242,0.7178455933781487,-1.4222775003444754
28,37.86995652610902,-122.25747424433459,1574295495.0,2019-11-20T16:18:15-08:00,POINT (-122.25747424433459 37.86995652610902),0.6362847152561603,33.74548247409577,android,1.4307881830541729,-0.7044319069663266,0.2830521889569149
29,37.869968149295154,-122.25746725164356,1574295496.0,2019-11-20T16:18:16-08:00,POINT (-122.25746725164356 37.869968149295154),1.3150951298966118,34.33322473755298,android,0.7263562760878463,-0.4213797180094117,0.8182294902372034
30,37.86997416671188,-122.2574640316002,1574295497.0,2019-11-20T16:18:17-08:00,POINT (-122.2574640316002 37.86997416671188),1.7594908995106917,34.9063785879629,android,0.30497655807843455,0.39684977222779166,0.2759577827126219
31,37.8699767,-122.2574627,1574295498.0,2019-11-20T16:18:18-08:00,POINT (-122.2574627 37.8699767),1.9445360984937226,35.148211757867095,android,0.7018263303062262,0.6728075549404136,-1.3026791692618072
32,37.8699784,-122.257455,1574295499.0,2019-11-20T16:18:19-08:00,POINT (-122.257455 37.8699784),2.6475170820130955,35.1575542925103,android,1.3746338852466398,-0.6298716143213937,0.57612147000945
33,37.8699875,-122.2574444,1574295500.0,2019-11-20T16:18:20-08:00,POINT (-122.2574444 37.8699875),3.8068684482273385,35.89555700673371,android,0.744762270925246,-0.05375014431194369,0.626884279019002
34,37.8699926,-122.2574389,1574295501.0,2019-11-20T16:18:21-08:00,POINT (-122.2574389 37.8699926),4.419141936253454,36.3190648041963,android,0.6910121266133024,0.5731341347070583,-0.9305558802322892
35,37.8699974,-122.2574339,1574295502.0,2019-11-20T16:18:22-08:00,POINT (-122.2574339 37.8699974),4.980392579165239,36.72162578742394,android,1.2641462613203607,-0.35742174552523087,0.2979043214586288
36,37.8700072,-122.2574266,1574295503.0,2019-11-20T16:18:23-08:00,POINT (-122.2574266 37.8700072),5.784843658249901,38.31735825113162,android,0.9067245157951298,-0.0595174240666021,-0.6332655968174041
37,37.8700149,-122.2574232,1574295504.0,2019-11-20T16:18:24-08:00,POINT (-122.2574232 37.8700149),6.1977753106909255,39.12286794190033,android,0.8472070917285277,-0.6927830208840062,0.7071087016966876
38,37.8700224,-122.2574215,1574295505.0,2019-11-20T16:18:25-08:00,POINT (-122.2574215 37.8700224),6.169624324679061,107.39384841782518,android,0.15442407084452153,0.0143256808126814,-0.0008598758350325276
39,37.8699427,-122.2573907,1574295565.0,2019-11-20T16:19:25-08:00,POINT (-122.2573907 37.8699427),7.918765056588614,113.5068988138861,android,1.0139649196054055,-0.037266869289270255,0.6445457518580711
40,37.8699374,-122.2573813,1574295566.0,2019-11-20T16:19:26-08:00,POINT (-122.2573813 37.8699374),7.591817569166859,114.46737391017875,android,0.9766980503161352,0.6072788825688008,-1.1440573104562954
41,37.8699327,-122.2573719,1574295567.0,2019-11-20T16:19:27-08:00,POINT (-122.2573719 37.8699327),7.225947496870559,115.3738393434941,android,1.583976932884936,-0.5367784278874945,1.8652949052409682
42,37.8699275,-122.2573551,1574295568.0,2019-11-20T16:19:28-08:00,POINT (-122.2573551 37.8699275),6.364465417225721,116.70585362275445,android,1.0471985049974415,1.3285164773534737,-2.747702069787108
43,37.8699253,-122.2573435,1574295569.0,2019-11-20T16:19:29-08:00,POINT (-122.2573435 37.8699253),5.679431188156819,117.5004124294167,android,2.375714982350915,-1.4191855924336345,2.033921614254782
44,37.86992240069933,-122.25731668531516,1574295570.0,2019-11-20T16:19:30-08:00,POINT (-122.25731668531516 37.86992240069933),3.954075145560779,119.14032569172329,android,0.9565293899172806,0.6147360218211475,-0.7376218712379021
45,37.869922,-122.2573058,1574295571.0,2019-11-20T16:19:31-08:00,POINT (-122.2573058 37.869922),3.2033170055465345,119.73616589723628,android,1.5712654117384282,-0.12288584941675462,1.433447902925184
46,37.8699219,-122.2572879,1574295572.0,2019-11-20T16:19:32-08:00,POINT (-122.2572879 37.8699219),1.932499904370098,120.665664066804,android,1.4483795623216735,1.3105620535084295,-3.1822498790688254
47,37.8699218,-122.2572714,1574295573.0,2019-11-20T16:19:33-08:00,POINT (-122.2572714 37.8699218),0.7615835258013732,121.52316788115718,android,2.758941615830103,-1.8716878255603961,2.1461074295130045
48,37.8699229,-122.25724,1574295574.0,2019-11-20T16:19:34-08:00,POINT (-122.25724 37.8699229),1.5504089974998663,123.03887488099738,android,0.8872537902697069,0.27441960395260834,0.719515024415454
49,37.86992401214087,-122.25722999073214,1574295575.0,2019-11-20T16:19:35-08:00,POINT (-122.25722999073214 37.86992401214087),2.2539071231539087,124.34500393528036,android,1.1616733942223152,0.9939346283680623,-1.9576160805132825
50,37.86992561228721,-122.25721691266644,1574295576.0,2019-11-20T16:19:36-08:00,POINT (-122.25721691266644 37.86992561228721),3.0177462764413447,125.22322556138896,android,2.1556080225903775,-0.9636814521452202,1.3987283145534428
51,37.869928520746186,-122.25719263312051,1574295577.0,2019-11-20T16:19:37-08:00,POINT (-122.25719263312051 37.869928520746186),3.940530885084599,130.5026690411046,android,1.1919265704451574,0.43504686240822266,-0.6988680736109945
52,37.8699294,-122.2571791,1574295578.0,2019-11-20T16:19:38-08:00,POINT (-122.2571791 37.8699294),3.7131646425884233,131.67514828642885,android,1.62697343285338,-0.2638212112027718,0.38202004326060446
53,37.8699303,-122.2571606,1574295579.0,2019-11-20T16:19:39-08:00,POINT (-122.2571606 37.8699303),3.370091630612022,133.2689033640346,android,1.3631522216506082,0.11819883205783266,0.35617021247700853
54,37.8699324,-122.2571453,1574295580.0,2019-11-20T16:19:40-08:00,POINT (-122.2571453 37.8699324),3.2311973643714382,134.62758427622458,android,1.481351053708441,0.4743690445348412,-1.35013097623062
55,37.8699348,-122.2571287,1574295581.0,2019-11-20T16:19:41-08:00,POINT (-122.2571287 37.8699348),3.0934898985971144,136.1053496168989,android,1.955720098243282,-0.8757619316957788,1.2904696881361106
56,37.86993841238915,-122.25710689469166,1574295582.0,2019-11-20T16:19:42-08:00,POINT (-122.25710689469166 37.86993841238915),2.9617266822016193,138.06027330973706,android,1.0799581665475033,0.41470775644033187,-1.3109680607737322
57,37.8699397,-122.2570947,1574295583.0,2019-11-20T16:19:43-08:00,POINT (-122.2570947 37.8699397),2.8097659778880417,139.13162875796897,android,1.4946659229878352,-0.8962603043334003,2.1683520555430906
58,37.869938203239606,-122.25707777809112,1574295584.0,2019-11-20T16:19:44-08:00,POINT (-122.25707777809112 37.869938203239606),2.24809886669587,140.5199498508541,android,0.5984056186544349,1.27209175120969,-2.3951833903820203
59,37.869935,-122.2570723,1574295585.0,2019-11-20T16:19:45-08:00,POINT (-122.2570723 37.869935),1.7758145820981446,140.8879634516306,android,1.870497369864125,-1.1230916391723302,1.7724896997780188
60,37.8699345,-122.257051,1574295586.0,2019-11-20T16:19:46-08:00,POINT (-122.257051 37.8699345),1.2166945871612833,142.6769265110381,android,0.7474057306917948,0.6493980606056885,-0.1851538726011811
61,37.869933,-122.2570427,1574295587.0,2019-11-20T16:19:47-08:00,POINT (-122.2570427 37.869933),0.8593819320768094,143.33494483706008,android,1.3968037912974833,0.4642441880045074,-1.350893144527057
62,37.869933185013856,-122.25702678880798,1574295588.0,2019-11-20T16:19:48-08:00,POINT (-122.25702678880798 37.869933185013856),0.5013873782363077,144.68803555202706,android,1.8610479793019907,-0.8866489565225497,2.0117580356770444
63,37.8699326,-122.2570056,1574295589.0,2019-11-20T16:19:49-08:00,POINT (-122.2570056 37.8699326),0.06417448113300142,146.4650357292661,android,0.974399022779441,1.1251090791544947,-2.166047280336338
64,37.8699327,-122.2569945,1574295590.0,2019-11-20T16:19:50-08:00,POINT (-122.2569945 37.8699327),0.31702478733982525,147.4081112558331,android,2.0995081019339357,-1.0409382011818435,1.634665144502013
65,37.869934880775446,-122.25697074167958,1574295591.0,2019-11-20T16:19:51-08:00,POINT (-122.25697074167958 37.869934880775446),0.6481023951329431,149.48556322259964,android,1.0585699007520921,0.5937269433201695,-0.4982762363948572
66,37.8699354,-122.2569587,1574295592.0,2019-11-20T16:19:52-08:00,POINT (-122.2569587 37.8699354),0.8785208098332749,150.520947144283,android,1.6522968440722616,0.09545070692531232,0.7231404428435995
67,37.8699371,-122.25694,1574295593.0,2019-11-20T16:19:53-08:00,POINT (-122.25694 37.8699371),1.1408688320094285,152.1556010775771,android,1.747747550997574,0.8185911497689118,-2.2435900082042872
68,37.86993852314971,-122.25692017078063,1574295594.0,2019-11-20T16:19:54-08:00,POINT (-122.25692017078063 37.86993852314971),1.4596039735875166,153.87759926051973,android,2.5663387007664857,-1.4249988584353754,1.7252689810990363
69,37.86994099221662,-122.25689110186046,1574295595.0,2019-11-20T16:19:55-08:00,POINT (-122.25689110186046 37.86994099221662),1.8859623823025347,156.413450676057,android,1.1413398423311103,0.3002701226636608,-0.2783008028236207
70,37.8699411,-122.2568781,1574295596.0,2019-11-20T16:19:56-08:00,POINT (-122.2568781 37.8699411),2.183133333892929,157.517831830881,android,1.4416099649947711,0.021969319840040136,0.16042530993766135
71,37.86994140319458,-122.25686168112288,1574295597.0,2019-11-20T16:19:57-08:00,POINT (-122.25686168112288 37.86994140319458),2.5405526887084013,158.91745937518516,android,1.4635792848348113,0.1823946297777015,-1.5492480754138334
72,37.869942185013855,-122.2568450369109,1574295598.0,2019-11-20T16:19:58-08:00,POINT (-122.2568450369109 37.869942185013855),2.8521868106201094,160.3505056324482,android,1.6459739146125127,-1.3668534456361319,1.5676764856778638
73,37.8699416,-122.2568263,1574295599.0,2019-11-20T16:19:59-08:00,POINT (-122.2568263 37.8699416),3.3595330992597887,161.9198507254528,android,0.2791204689763808,0.2008230400417319,0.6046242875515351
74,37.86994019851614,-122.25682366191273,1574295600.0,2019-11-20T16:20:00-08:00,POINT (-122.25682366191273 37.86994019851614),3.571895917208029,162.10130177169157,android,0.4799435090181127,0.805447327593267,-0.6760263761433758
75,37.86994,-122.2568182,1574295601.0,2019-11-20T16:20:01-08:00,POINT (-122.2568182 37.86994),3.7227795315890426,162.55793651532196,android,1.2853908366113798,0.1294209514498912,-0.7498391969003723
76,37.8699421,-122.2568038,1574295602.0,2019-11-20T16:20:02-08:00,POINT (-122.2568038 37.8699421),3.840301313143254,163.8403950493977,android,1.414811788061271,-0.6204182454504811,0.7852686912798196
77,37.8699453,-122.2567882,1574295603.0,2019-11-20T16:20:03-08:00,POINT (-122.2567882 37.8699453),3.8687921251906525,165.25742838829373,android,0.7943935426107899,0.1648504458293385,-0.45916686871413737
78,37.86994455123331,-122.2567791998099,1574295604.0,2019-11-20T16:20:04-08:00,POINT (-122.2567791998099 37.86994455123331),4.16246703559744,165.99724718150551,android,0.9592439884401284,-0.29431642288479887,1.9603618707981738
79,37.86994452316535,-122.25676827179505,1574295605.0,2019-11-20T16:20:05-08:00,POINT (-122.25676827179505 37.86994452316535),4.424914212874146,166.92192186778706,android,0.6649275655553295,1.666045447913375,-3.156504772320548
80,37.8699447,-122.2567607,1574295606.0,2019-11-20T16:20:06-08:00,POINT (-122.2567607 37.8699447),4.58578814343452,167.56848836887247,android,2.3309730134687046,-1.4904593244071727,1.8063239207416708
81,37.8699476,-122.2567344,1574295607.0,2019-11-20T16:20:07-08:00,POINT (-122.2567344 37.8699476),4.900364094782487,169.88274118787288,android,0.8405136890615318,0.31586459633449804,0.01935038982094961
82,37.8699494,-122.2567251,1574295608.0,2019-11-20T16:20:08-08:00,POINT (-122.2567251 37.8699494),4.9288539108000995,170.72428571017042,android,1.1563782853960298,0.33521498615544765,-1.0242454577271793
83,37.8699505,-122.256712,1574295609.0,2019-11-20T16:20:09-08:00,POINT (-122.256712 37.8699505),5.1223473878571975,171.86669522307483,android,1.4915932715514775,-0.6890304715717316,2.421568324214417
84,37.8699519,-122.2566951,1574295610.0,2019-11-20T16:20:10-08:00,POINT (-122.2566951 37.8699519),5.37400737472146,173.33991916667293,android,0.8025627999797459,1.7325378526426851,-3.33478017881557
85,37.8699526,-122.256686,1574295611.0,2019-11-20T16:20:11-08:00,POINT (-122.256686 37.8699526),5.515269248558712,174.13158094933507,android,2.535100652622431,-1.602242326172885,2.805159538985796
86,37.869955777227744,-122.25665740098991,1574295612.0,2019-11-20T16:20:12-08:00,POINT (-122.25665740098991 37.869955777227744),5.854807003421102,176.6488443735019,android,0.9328583264495459,1.202917212812911,-0.6220384412148672
87,37.8699575,-122.256647,1574295613.0,2019-11-20T16:20:13-08:00,POINT (-122.256647 37.8699575),5.917686007453001,177.58132096837554,android,2.135775539262457,0.5808787715980439,-0.9999552119876514
88,37.869965,-122.2566246,1574295614.0,2019-11-20T16:20:14-08:00,POINT (-122.2566246 37.869965),5.648216965336372,179.70304177529374,android,2.716654310860501,-0.41907644038960745,0.11382393105109911
89,37.8699768,-122.2565975,1574295615.0,2019-11-20T16:20:15-08:00,POINT (-122.2565975 37.8699768),5.030932724271368,182.35159661519768,android,2.2975778704708936,-0.30525250933850834,0.1665287288676982
90,37.8699854,-122.2565737,1574295616.0,2019-11-20T16:20:16-08:00,POINT (-122.2565737 37.8699854),4.677179595697415,184.62482976256072,android,1.9923253611323852,-0.13872378047081013,1.844535071786275
91,37.8699918,-122.2565525,1574295617.0,2019-11-20T16:20:17-08:00,POINT (-122.2565525 37.8699918),4.496739793380448,186.6119751313056,android,1.853601580661575,1.7058112913154648,-3.5856614047055353
92,37.8699958,-122.256532,1574295618.0,2019-11-20T16:20:18-08:00,POINT (-122.256532 37.8699958),4.5560895271604185,188.4679578423299,android,3.55941287197704,-1.8798501133900705,1.8744042697280976
93,37.870005135899596,-122.2564932127058,1574295619.0,2019-11-20T16:20:19-08:00,POINT (-122.2564932127058 37.870005135899596),4.47953151181458,192.03253362927762,android,1.6795627585869695,-0.005445843661972871,0.2894470530200097
94,37.870012376061275,-122.25647641986384,1574295620.0,2019-11-20T16:20:20-08:00,POINT (-122.25647641986384 37.870012376061275),4.104697756680805,193.67158950709103,android,1.6741169149249966,0.28400120935803685,-0.9231553955794907
95,37.8700199,-122.2564599,1574295621.0,2019-11-20T16:20:21-08:00,POINT (-122.2564599 37.8700199),3.6930648949295413,195.296024993404,android,1.9581181242830334,-0.6391541862214538,1.3933358483747598
96,37.8700277,-122.2564399,1574295622.0,2019-11-20T16:20:22-08:00,POINT (-122.2564399 37.8700277),3.3345609484332974,197.22346768337576,android,1.3189639380615796,0.754181662153306,0.18445984578677077
97,37.8700318,-122.2564258,1574295623.0,2019-11-20T16:20:23-08:00,POINT (-122.2564258 37.8700318),3.2312805056067133,198.54041587353683,android,2.0731456002148856,0.9386415079400767,-2.260314172941713
98,37.870041572294724,-122.25640568615067,1574295624.0,2019-11-20T16:20:24-08:00,POINT (-122.25640568615067 37.870041572294724),2.664764405344039,200.53656865138527,android,3.0117871081549623,-1.3216726650016364,1.5040293352447078
99,37.8700584,-122.2563788,1574295625.0,2019-11-20T16:20:25-08:00,POINT (-122.2563788 37.8700584),1.5052505746585518,203.3175832769832,android,1.690114443153326,0.18235667024307145,-1.2543447246519022
100,37.870064,-122.2563609,1574295626.0,2019-11-20T16:20:26-08:00,POINT (-122.2563609 37.870064),1.331929907607842,205.00128387498154,android,1.8724711133963974,-1.0719880544088307,0.5956614089596791
101,37.87006503659308,-122.25633960851619,1574295627.0,2019-11-20T16:20:27-08:00,POINT (-122.25633960851619 37.87006503659308),1.7266680017134812,206.8355463818731,android,0.8004830589875667,-0.4763266454491516,1.522654708042936
102,37.8700629,-122.2563309,1574295628.0,2019-11-20T16:20:28-08:00,POINT (-122.2563309 37.8700629),2.1616857508690974,207.50909900153778,android,0.32415641353841507,1.0463280625937843,0.18761163150114246
103,37.8700612,-122.2563279,1574295629.0,2019-11-20T16:20:29-08:00,POINT (-122.2563279 37.8700612),2.4145323551328945,207.71226167881565,android,1.3704844761321993,1.2339396940949268,-2.191597709934248
104,37.870066149587174,-122.2563136011926,1574295630.0,2019-11-20T16:20:30-08:00,POINT (-122.2563136011926 37.870066149587174),2.2252026089048056,209.07149085842616,android,2.604424170227126,-0.9576580158393215,0.4833675664826089
105,37.8700797,-122.2562894,1574295631.0,2019-11-20T16:20:31-08:00,POINT (-122.2562894 37.8700797),1.3793038374046225,211.4600624438956,android,1.6467661543878045,-0.4742904493567126,0.36683422481181793
106,37.8700866,-122.2562728,1574295632.0,2019-11-20T16:20:32-08:00,POINT (-122.2562728 37.8700866),1.1155801744484237,213.08745782564685,android,1.1724757050310919,-0.10745622454489467,-0.05905470284042713
107,37.8700901,-122.2562602,1574295633.0,2019-11-20T16:20:33-08:00,POINT (-122.2562602 37.8700901),1.0982479806645622,214.26165390496902,android,1.0650194804861972,-0.1665109273853218,1.1386286254503775
108,37.8700945339625,-122.25624944528242,1574295634.0,2019-11-20T16:20:34-08:00,POINT (-122.25624944528242 37.8700945339625),0.9312156831064422,215.31472358515262,android,0.8985085531008754,0.9721176980650557,-2.663968012339855
109,37.8700991,-122.256241,1574295635.0,2019-11-20T16:20:35-08:00,POINT (-122.256241 37.8700991),0.6859457371512268,216.17976267423268,android,1.870626251165931,-1.6918503142747994,1.5754167008072537
110,37.8701064,-122.2562218,1574295636.0,2019-11-20T16:20:36-08:00,POINT (-122.2562218 37.8701064),0.45255611574808924,218.03812809067125,android,0.17877593689113172,-0.11643361346754558,1.0252060824150213
111,37.870108,-122.256222,1574295637.0,2019-11-20T16:20:37-08:00,POINT (-122.256222 37.870108),0.27859561864105553,218.07767123033005,android,0.06234232342358615,0.9087724689474757,-0.4877352638841036
112,37.8701083,-122.2562214,1574295638.0,2019-11-20T16:20:38-08:00,POINT (-122.2562214 37.8701083),0.26373784583107335,218.1382710462278,android,0.9711147923710618,0.42103720506337206,-1.3220477482544504
113,37.8701125,-122.2562117,1574295639.0,2019-11-20T16:20:39-08:00,POINT (-122.2562117 37.8701125),0.0919450649652943,219.09512511656675,android,1.3921519974344339,-0.9010105431910782,0.8843592633498604
114,37.8701172,-122.256197,1574295640.0,2019-11-20T16:20:40-08:00,POINT (-122.256197 37.8701172),0.006823253864499239,220.48669159722695,android,0.4911414542433557,-0.016651279841217836,0.3218298148211917
115,37.8701188211605,-122.25619179522154,1574295641.0,2019-11-20T16:20:41-08:00,POINT (-122.25619179522154 37.8701188211605),0.018795159152691285,220.97788926349295,android,0.47449017440213787,0.3051785349799739,0.650841696997088
116,37.87012,-122.2561866,1574295642.0,2019-11-20T16:20:42-08:00,POINT (-122.2561866 37.87012),0.0018713485346296514,221.45274513986305,android,0.7796687093821117,0.9560202319770619,-1.4455181402000212
117,37.870120999401166,-122.25617780838363,1574295643.0,2019-11-20T16:20:43-08:00,POINT (-122.25617780838363 37.870120999401166),0.14161261666347144,222.22133576852977,android,1.7356889413591736,-0.48949790822295935,-0.06712746580980633
118,37.8701253,-122.2561588,1574295644.0,2019-11-20T16:20:44-08:00,POINT (-122.2561588 37.8701253),0.21854945525983444,223.9583066584411,android,1.2461910331362143,-0.5566253740327657,0.7787468664650781
119,37.87012960879681,-122.25614569407637,1574295645.0,2019-11-20T16:20:45-08:00,POINT (-122.25614569407637 37.87012960879681),0.13018966558039177,225.20313395024712,android,0.6895656591034486,0.22212149243231238,-0.3831132075689053
120,37.8701321,-122.2561385,1574295646.0,2019-11-20T16:20:46-08:00,POINT (-122.2561385 37.8701321),0.06842380578923613,225.8908708959844,android,0.911687151535761,-0.16099171513659294,0.02695013586145867
121,37.87013315372051,-122.2561281998185,1574295647.0,2019-11-20T16:20:47-08:00,POINT (-122.2561281998185 37.87013315372051),0.2444741880484931,226.78722729772852,android,0.750695436399168,-0.13404157927513427,0.7145436636154103
122,37.8701339,-122.2561197,1574295648.0,2019-11-20T16:20:48-08:00,POINT (-122.2561197 37.8701339),0.4027251904370746,227.52257829451943,android,0.6166538571240338,0.5805020843402761,-0.5190162219377875
123,37.8701358,-122.2561131,1574295649.0,2019-11-20T16:20:49-08:00,POINT (-122.2561131 37.8701358),0.3866291084792096,228.13997589482122,android,1.1971559414643098,0.061485862402488545,-0.6941226922210525
124,37.870142197682775,-122.25610213065944,1574295650.0,2019-11-20T16:20:50-08:00,POINT (-122.25610213065944 37.870142197682775),0.018906117017411895,229.27996112108812,android,1.2586418038667984,-0.632636829818564,1.4222667251698962
125,37.870148503083755,-122.25609022246688,1574295651.0,2019-11-20T16:20:51-08:00,POINT (-122.25609022246688 37.870148503083755),0.3129500990786444,230.49502991084722,android,0.6260049740482344,0.7896298953513322,-1.6057912450246166
126,37.8701525,-122.2560852,1574295652.0,2019-11-20T16:20:52-08:00,POINT (-122.2560852 37.8701525),0.5936798212978007,231.05450823235518,android,1.4156348693995666,-0.8161613496732844,2.8900343164104436
127,37.87015924929607,-122.25607152535152,1574295653.0,2019-11-20T16:20:53-08:00,POINT (-122.25607152535152 37.87015924929607),0.9230425666193232,232.4325487750236,android,0.5994735197262823,2.0738729667371594,-3.2429988777940384
128,37.8701629,-122.2560665,1574295654.0,2019-11-20T16:20:54-08:00,POINT (-122.2560665 37.8701629),1.1672556205358695,232.9801007661192,android,2.6733464864634415,-1.1691259110568792,0.9917608497187236
129,37.8701811,-122.2560466,1574295655.0,2019-11-20T16:20:55-08:00,POINT (-122.2560466 37.8701811),2.5282977409966074,235.2799205471436,android,1.5042205754065623,-0.17736506133815566,-0.6740426830654144
130,37.8701906,-122.2560344,1574295656.0,2019-11-20T16:20:56-08:00,POINT (-122.2560344 37.8701906),3.1882349965476355,236.63160066276026,android,1.3268555140684066,-0.85140774440357,0.9276743564731958
131,37.8701987,-122.2560233,1574295657.0,2019-11-20T16:20:57-08:00,POINT (-122.2560233 37.8701987),3.7314763382067677,237.8423097213566,android,0.4754477696648366,0.07626661206962582,1.2052266262912876
132,37.8702014,-122.2560191,1574295658.0,2019-11-20T16:20:58-08:00,POINT (-122.2560191 37.8702014),3.898627663531548,238.28759344901917,android,0.5517143817344624,1.2814932383609134,-1.819320356528414
133,37.8702043,-122.256014,1574295659.0,2019-11-20T16:20:59-08:00,POINT (-122.256014 37.8702043),4.061755141629324,238.81499105256123,android,1.833207620095376,-0.5378271181675005,0.21603713840489835
134,37.8702142,-122.2559973,1574295660.0,2019-11-20T16:21:00-08:00,POINT (-122.2559973 37.8702142),4.638427864101199,240.5561544020676,android,1.2953805019278755,-0.32178997976260215,-0.011089455332864873
135,37.8702213,-122.2559856,1574295661.0,2019-11-20T16:21:01-08:00,POINT (-122.2559856 37.8702213),4.611188139475132,244.6584004888451,android,0.9735905221652733,-0.332879435095467,0.5563302329153162
136,37.87022724462577,-122.25597745667703,1574295662.0,2019-11-20T16:21:02-08:00,POINT (-122.25597745667703 37.87022724462577),4.459638474819181,245.62022970344566,android,0.6407110870698063,0.22345079781984922,-0.18682020405763478
137,37.8702314,-122.2559724,1574295663.0,2019-11-20T16:21:03-08:00,POINT (-122.2559724 37.8702314),4.397514179631863,246.25783173500534,android,0.8641618848896555,0.03663059376221445,0.6019866903120221
138,37.8702375,-122.2559663,1574295664.0,2019-11-20T16:21:04-08:00,POINT (-122.2559663 37.8702375),4.397513505865788,247.12152486594502,android,0.90079247865187,0.6386172840742366,-1.7963282432067682
139,37.87024332608768,-122.25595916956432,1574295665.0,2019-11-20T16:21:05-08:00,POINT (-122.25595916956432 37.87024332608768),4.307608645987596,248.01770368714438,android,1.5394097627261065,-1.1577109591325316,1.261501362854732
140,37.8702519,-122.2559454,1574295666.0,2019-11-20T16:21:06-08:00,POINT (-122.2559454 37.8702519),3.94948932552011,249.51556254606393,android,0.3816988035935749,0.1037904037222005,0.38971392327797316
141,37.87025361849444,-122.25594163567885,1574295667.0,2019-11-20T16:21:07-08:00,POINT (-122.25594163567885 37.87025361849444),3.808477342203318,249.8706651046821,android,0.4854892073157754,0.49350432700017366,0.5426867671031917
142,37.870256,-122.255937,1574295668.0,2019-11-20T16:21:08-08:00,POINT (-122.255937 37.870256),3.653104732075354,250.33102667970945,android,0.978993534315949,1.0361910941033654,-2.1923625803010958
143,37.8702612,-122.255928,1574295669.0,2019-11-20T16:21:09-08:00,POINT (-122.255928 37.8702612),3.3911835170276534,251.274919067059,android,2.0151846284193144,-1.1561714861977304,0.9043148496633356
144,37.8702692,-122.2559074,1574295670.0,2019-11-20T16:21:10-08:00,POINT (-122.2559074 37.8702692),2.5227086098853344,253.09608691961827,android,0.8590131422215841,-0.2518566365343947,0.8838526009969376
145,37.8702707,-122.2558978,1574295671.0,2019-11-20T16:21:11-08:00,POINT (-122.2558978 37.8702707),1.9644034698360822,253.75104917918236,android,0.6071565056871894,0.6319959644625429,-0.12224810488968829
146,37.8702717,-122.255891,1574295672.0,2019-11-20T16:21:12-08:00,POINT (-122.255891 37.8702717),1.5646294662877571,254.20954645466855,android,1.2391524701497323,0.5097478595728546,-2.1575804784604187
147,37.8702764,-122.2558782,1574295673.0,2019-11-20T16:21:13-08:00,POINT (-122.2558782 37.8702764),1.0063246679744742,255.3175936298444,android,1.748900329722587,-1.647832618887564,3.4126989287444163
148,37.87028252029574,-122.25585984612398,1574295674.0,2019-11-20T16:21:14-08:00,POINT (-122.25585984612398 37.87028252029574),0.16310686824565865,256.852595331686,android,0.10106771083502278,1.7648663098568524,-2.7465407803744974
149,37.8702829,-122.2558588,1574295675.0,2019-11-20T16:21:15-08:00,POINT (-122.2558588 37.8702829),0.11717290747656729,256.94277003636444,android,1.8659340206918753,-0.981674470517645,1.344684181844413
150,37.8702882359301,-122.25583864578635,1574295676.0,2019-11-20T16:21:16-08:00,POINT (-122.25583864578635 37.8702882359301),0.9041991510389089,258.5079408778651,android,0.8842595501742303,0.36300971132676807,0.2676189706689316
151,37.8702895,-122.2558287,1574295677.0,2019-11-20T16:21:17-08:00,POINT (-122.2558287 37.8702895),1.3075774846337638,260.25394448905473,android,1.2472692615009984,0.6306286819956997,-1.9708434944026325
152,37.870293,-122.2558152,1574295678.0,2019-11-20T16:21:18-08:00,POINT (-122.2558152 37.870293),1.1119409581610102,261.4878338388796,android,1.877897943496698,-1.3402148124069329,2.012515427809742
153,37.8702992,-122.2557953,1574295679.0,2019-11-20T16:21:19-08:00,POINT (-122.2557953 37.8702992),0.7095357022479668,263.32494336005976,android,0.5376831310897652,0.6723006154028093,-0.6205868788814748
154,37.8703005,-122.2557894,1574295680.0,2019-11-20T16:21:20-08:00,POINT (-122.2557894 37.8703005),0.6491930318974458,263.8601685389995,android,1.2099837464925745,0.051713736521334486,0.3168167593040718
155,37.8703027,-122.2557759,1574295681.0,2019-11-20T16:21:21-08:00,POINT (-122.2557759 37.8703027),0.5959822416587726,265.07124220303086,android,1.261697483013909,0.3685304958254063,-0.40114438084954007
156,37.87030554562733,-122.25576198555166,1574295682.0,2019-11-20T16:21:22-08:00,POINT (-122.25576198555166 37.87030554562733),0.47780318042627207,266.3296412562323,android,1.6302279788393153,-0.03261388502413376,-0.8660897806331894
157,37.87031060623905,-122.25574455476645,1574295683.0,2019-11-20T16:21:23-08:00,POINT (-122.25574455476645 37.87031060623905),0.16587393244042017,267.9323045864373,android,1.5976140938151815,-0.8987036656573232,1.5374109758109011
158,37.8703144,-122.255727,1574295684.0,2019-11-20T16:21:24-08:00,POINT (-122.255727 37.8703144),0.005536239264975655,269.5235018350798,android,0.6989104281578583,0.638707310153578,-0.8127096003664097
159,37.870316,-122.2557193,1574295685.0,2019-11-20T16:21:25-08:00,POINT (-122.2557193 37.870316),0.07370459679217735,270.2203203274359,android,1.3376177383114363,-0.17400229021283176,0.03536823573437853
160,37.8703197,-122.2557048,1574295686.0,2019-11-20T16:21:26-08:00,POINT (-122.2557048 37.8703197),0.277341995437263,271.54456819074903,android,1.1636154480986045,-0.13863405447845323,-0.15232460393491354
161,37.8703227,-122.2556921,1574295687.0,2019-11-20T16:21:27-08:00,POINT (-122.2556921 37.8703227),0.42933080194259254,272.70020242706914,android,1.0249813936201513,-0.29095865841336677,0.9491289520830786
162,37.87032483991784,-122.25568074197452,1574295688.0,2019-11-20T16:21:28-08:00,POINT (-122.25568074197452 37.87032483991784),0.5057603270235481,273.7241926987017,android,0.7340227352067845,0.6581702936697118,-1.2182364869004831
163,37.8703253,-122.2556724,1574295689.0,2019-11-20T16:21:29-08:00,POINT (-122.2556724 37.8703253),0.44010974581422824,274.45676016949324,android,1.3921930288764963,-0.5600661932307713,1.1689800259099736
164,37.87032692393185,-122.25565667350212,1574295690.0,2019-11-20T16:21:30-08:00,POINT (-122.25565667350212 37.87032692393185),0.3992330340714792,275.8510926079668,android,0.832126835645725,0.6089138326792023,-1.4766982663278045
165,37.8703272,-122.2556472,1574295691.0,2019-11-20T16:21:31-08:00,POINT (-122.2556472 37.8703272),0.2976801147615072,276.6787027464018,android,1.4410406683249273,-0.8677844336486022,1.4247184855576045
166,37.8703293,-122.255631,1574295692.0,2019-11-20T16:21:32-08:00,POINT (-122.255631 37.8703293),0.3023736831739665,278.12251347218086,android,0.573256234676325,0.5569340519090022,-0.34187479561239886
167,37.8703298,-122.2556245,1574295693.0,2019-11-20T16:21:33-08:00,POINT (-122.2556245 37.8703298),0.2667229741001777,278.6958076814459,android,1.1301902865853273,0.21505925629660338,-0.9184858442020871
168,37.8703309,-122.2556117,1574295694.0,2019-11-20T16:21:34-08:00,POINT (-122.2556117 37.8703309),0.2091600093796091,279.8267812879687,android,1.3452495428819307,-0.7034265879054837,0.6141706498008879
169,37.8703302,-122.2555964,1574295695.0,2019-11-20T16:21:35-08:00,POINT (-122.2555964 37.8703302),0.0803892170444901,281.1432874120866,android,0.6418229549764469,-0.08925593810459587,0.2984284734676682
170,37.87033002803097,-122.25558909131622,1574295696.0,2019-11-20T16:21:36-08:00,POINT (-122.25558909131622 37.87033002803097),0.20091041701107218,281.7750219540578,android,0.5525670168718511,0.20917253536307234,-0.17558520608023254
171,37.8703302,-122.2555828,1574295697.0,2019-11-20T16:21:37-08:00,POINT (-122.2555828 37.8703302),0.26959625575399565,282.32443519946617,android,0.7617395522349234,0.033587329282839806,1.3156173275136949
172,37.8703322,-122.2555745,1574295698.0,2019-11-20T16:21:38-08:00,POINT (-122.2555745 37.8703322),0.1659506647227456,283.080382957761,android,0.7953268815177632,1.3492046567965346,-2.772294195406281
173,37.87033503934419,-122.25556618378889,1574295699.0,2019-11-20T16:21:39-08:00,POINT (-122.25556618378889 37.87033503934419),0.029426943624611818,283.852469173662,android,2.1445315383142978,-1.4230895386097466,1.2680112351128114
174,37.8703391,-122.2555423,1574295700.0,2019-11-20T16:21:40-08:00,POINT (-122.2555423 37.8703391),0.1420300373691009,285.9980195470356,android,0.721441999704551,-0.15507830349693508,0.5932996771995792
175,37.8703402,-122.2555342,1574295701.0,2019-11-20T16:21:41-08:00,POINT (-122.2555342 37.8703402),0.14985555745949472,286.7208023121142,android,0.566363696207616,0.43822137370264413,-0.582021341048188
176,37.8703413,-122.2555279,1574295702.0,2019-11-20T16:21:42-08:00,POINT (-122.2555279 37.8703413),0.1827231415376233,287.28725668767686,android,1.00458506991026,-0.1437999673455439,0.7364654646318511
177,37.870343846153894,-122.25551691923057,1574295703.0,2019-11-20T16:21:43-08:00,POINT (-122.25551691923057 37.870343846153894),0.30890969246613065,288.28561170897467,android,0.8607851025647162,0.5926654972863072,-1.2672184676083482
178,37.870346,-122.2555075,1574295704.0,2019-11-20T16:21:44-08:00,POINT (-122.2555075 37.870346),0.41384006251376887,289.14146343476773,android,1.4534505998510234,-0.6745529703220409,1.0090381895584966
179,37.8703483,-122.2554912,1574295705.0,2019-11-20T16:21:45-08:00,POINT (-122.2554912 37.8703483),0.4390563870550144,290.59746873258024,android,0.7788976295289826,0.3344852192364557,-0.8751932497296268
180,37.8703492,-122.2554824,1574295706.0,2019-11-20T16:21:46-08:00,POINT (-122.2554824 37.8703492),0.4152320447387056,291.37753577943323,android,1.1133828487654382,-0.5407080304931711,1.050498321580599
181,37.8703509,-122.2554699,1574295707.0,2019-11-20T16:21:47-08:00,POINT (-122.2554699 37.8703509),0.4275797492244616,292.4929844642012,android,0.5726748182722672,0.5097902910874279,0.005412035444266161
182,37.8703519,-122.2554635,1574295708.0,2019-11-20T16:21:48-08:00,POINT (-122.2554635 37.8703519),0.4481006491786407,293.06636865598887,android,1.082465109359695,0.5152023265316941,-1.4709793556676658
183,37.8703526,-122.2554512,1574295709.0,2019-11-20T16:21:49-08:00,POINT (-122.2554512 37.8703526),0.3536722650340139,294.1468975283999,android,1.5976674358913892,-0.9557770291359718,1.4947243013329554
184,37.8703479,-122.255434,1574295710.0,2019-11-20T16:21:50-08:00,POINT (-122.255434 37.8703479),0.40054270427358757,295.55821735003536,android,0.6418904067554173,0.5389472721969836,0.001425494263526672
185,37.8703446,-122.255428,1574295711.0,2019-11-20T16:21:51-08:00,POINT (-122.255428 37.8703446),0.8455593827447618,296.0213972317358,android,1.1808376789524009,0.5403727664605102,-1.0475123472421366
186,37.8703398,-122.255416,1574295712.0,2019-11-20T16:21:52-08:00,POINT (-122.255416 37.8703398),1.538386901148475,296.97934699441566,android,1.7212104454129111,-0.5071395807816264,-0.29582862260018694
187,37.87033508581566,-122.25539732269526,1574295713.0,2019-11-20T16:21:53-08:00,POINT (-122.25539732269526 37.87033508581566),2.314707822737427,298.51872105637165,android,1.2140708646312848,-0.8029682033818133,1.4536331358211687
188,37.870331764393924,-122.25538414696965,1574295714.0,2019-11-20T16:21:54-08:00,POINT (-122.25538414696965 37.870331764393924),2.8619006487333603,299.60473079990635,android,0.41110266124947153,0.6506649324393554,-1.2174179755994754
189,37.8703291,-122.2553809,1574295715.0,2019-11-20T16:21:55-08:00,POINT (-122.2553809 37.8703291),3.198980486208714,299.83996752820775,android,1.061767593688827,-0.56675304316012,0.21863984081082333
190,37.8703245,-122.2553703,1574295716.0,2019-11-20T16:21:56-08:00,POINT (-122.2553703 37.8703245),3.8504188982182526,300.6798390339273,android,0.4950145505287069,-0.34811320234929666,0.6698890624843064
191,37.8703226,-122.2553652,1574295717.0,2019-11-20T16:21:57-08:00,POINT (-122.2553652 37.8703226),4.129532150939296,301.0894249496865,android,0.14690134817941022,0.3217758601350097,-0.5696496946826671
192,37.8703214,-122.2553645,1574295718.0,2019-11-20T16:21:58-08:00,POINT (-122.2553645 37.8703214),4.270741122945212,301.12915952793253,android,0.4686772083144199,-0.24787383454765743,0.36467852673524376
193,37.8703194,-122.2553598,1574295719.0,2019-11-20T16:21:59-08:00,POINT (-122.2553598 37.8703194),4.5552454038888275,301.50225083258056,android,0.22080337376676246,0.11680469218758632,-0.26645239526272096
194,37.8703177,-122.2553585,1574295720.0,2019-11-20T16:22:00-08:00,POINT (-122.2553585 37.8703177),4.759580999812675,301.5853199917888,android,0.3376080659543488,-0.14964770307513464,0.0650649062462127
195,37.8703158,-122.2553555,1574295721.0,2019-11-20T16:22:01-08:00,POINT (-122.2553555 37.8703158),5.009478867135742,301.812522754357,android,0.18796036287921414,-0.08458279682892195,0.026781037028150607
196,37.8703144,-122.2553543,1574295722.0,2019-11-20T16:22:02-08:00,POINT (-122.2553543 37.8703144),5.179555624877274,301.89217196467877,android,0.10337756605029219,-0.05780175980077134,0.38096054165135834
197,37.8703136,-122.2553537,1574295723.0,2019-11-20T16:22:03-08:00,POINT (-122.2553537 37.8703136),5.275549879270288,301.9302415864589,android,0.04557580624952085,0.323158781850587,-0.29309002831177755
198,37.870314004858336,-122.25535378097166,1574295724.0,2019-11-20T16:22:04-08:00,POINT (-122.25535378097166 37.870314004858336),5.230067616742036,301.9303144651873,android,0.36873458810010784,0.030068753538809417,0.24448990410589294
199,37.8703076,-122.2553516,1574295726.0,2019-11-20T16:22:06-08:00,POINT (-122.2553516 37.8703076),5.962117835312717,302.0073257935826,android,0.4288720951777267,0.5190485617505953,-0.5690264532429988
200,37.8703063,-122.255347,1574295727.0,2019-11-20T16:22:07-08:00,POINT (-122.255347 37.8703063),6.168539728684174,302.38401718055263,android,0.9479206569283221,-0.0499778914924035,0.4484052025332441
201,37.8703035,-122.2553368,1574295728.0,2019-11-20T16:22:08-08:00,POINT (-122.2553368 37.8703035),6.617207274890967,303.2207392159758,android,0.8979427654359186,0.3984273110408406,-1.2012349871762567
202,37.87030300930235,-122.25532658914766,1574295729.0,2019-11-20T16:22:09-08:00,POINT (-122.25532658914766 37.87030300930235),6.813021378716463,304.0989316661501,android,1.2963700764767592,-0.8028076761354161,1.5501012724372638
203,37.8703018,-122.2553119,1574295730.0,2019-11-20T16:22:10-08:00,POINT (-122.2553119 37.8703018),7.149867028498682,305.3534490525498,android,0.49356240034134297,0.7472935963018477,-1.4799712414288788
204,37.8703022,-122.2553063,1574295731.0,2019-11-20T16:22:11-08:00,POINT (-122.2553063 37.8703022),7.1839508707796025,305.8468243756157,android,1.2408559966431907,-0.7326776451270312,1.5766849150020126
205,37.870303,-122.2552922,1574295732.0,2019-11-20T16:22:12-08:00,POINT (-122.2552922 37.870303),7.2924633041882325,307.08543765119816,android,0.5081783515161595,0.8440072698749814,-0.6491429068252716
206,37.8703038,-122.2552865,1574295733.0,2019-11-20T16:22:13-08:00,POINT (-122.2552865 37.8703038),7.2841147294590165,307.594517799907,android,1.352185621391141,0.19486436304970978,-0.177184409027225
207,37.8703035,-122.2552711,1574295734.0,2019-11-20T16:22:14-08:00,POINT (-122.2552711 37.8703035),7.531227150119404,308.92673029507574,android,1.5470499844408507,0.01767995402248479,-0.023073559841987334
208,37.87030305516017,-122.25525348434277,1574295735.0,2019-11-20T16:22:15-08:00,POINT (-122.25525348434277 37.87030305516017),7.8250320009277745,310.44882897169964,android,1.5647299384633355,-0.005393605819502545,-0.45467043336527535
209,37.8702981,-122.2552368,1574295736.0,2019-11-20T16:22:16-08:00,POINT (-122.2552368 37.8702981),8.371928016260123,319.8237715869162,android,1.559336332643833,-0.4600640391847779,0.014223982593106865
210,37.8702943,-122.2552197,1574295737.0,2019-11-20T16:22:17-08:00,POINT (-122.2552197 37.8702943),7.6924268350977645,321.2302671703809,android,1.099272293459055,-0.44584005659167103,0.7849064248733683
211,37.87029151973096,-122.25520768206289,1574295738.0,2019-11-20T16:22:18-08:00,POINT (-122.25520768206289 37.87029151973096),7.223987782151708,322.2268074314708,android,0.653432236867384,0.33906636828169723,0.008924528817594868
212,37.8702903,-122.2552004,1574295739.0,2019-11-20T16:22:19-08:00,POINT (-122.2552004 37.8702903),6.901477085498239,322.7964985783638,android,0.9924986051490813,0.3479908970992921,0.3192991602617886
213,37.8702886,-122.2551893,1574295740.0,2019-11-20T16:22:20-08:00,POINT (-122.2551893 37.8702886),6.396633047458451,323.65318086856627,android,1.3404895022483734,0.6672900573610807,-1.5888052474878507
214,37.87028545194818,-122.25517455844209,1574295741.0,2019-11-20T16:22:21-08:00,POINT (-122.25517455844209 37.87028545194818),5.800215037138092,324.85630195671826,android,2.007779559609454,-0.92151519012677,1.1345071333388452
215,37.870277930886054,-122.2551537636648,1574295742.0,2019-11-20T16:22:22-08:00,POINT (-122.2551537636648 37.870277930886054),5.156370424772121,328.2532080683203,android,1.0862643694826841,0.21299194321207526,-0.29244880330911616
216,37.8702734,-122.2551428,1574295743.0,2019-11-20T16:22:23-08:00,POINT (-122.2551428 37.8702734),4.611240629481938,329.1942126429188,android,1.2992563126947594,-0.0794568600970409,-0.5814825862509776
217,37.8702669,-122.2551305,1574295744.0,2019-11-20T16:22:24-08:00,POINT (-122.2551305 37.8702669),4.083860165738059,330.3826756605281,android,1.2197994525977185,-0.6609394463480185,1.2872068221940178
218,37.8702603,-122.2551194,1574295745.0,2019-11-20T16:22:25-08:00,POINT (-122.2551194 37.8702603),3.651556596922151,331.5239817825831,android,0.5588600062497,0.6262673758459993,-0.47787868111096055
219,37.8702574,-122.2551142,1574295746.0,2019-11-20T16:22:26-08:00,POINT (-122.2551142 37.8702574),3.437633099108571,332.0406671249779,android,1.1851273820956993,0.1483886947350388,-0.2410717682458372
220,37.8702509,-122.2551035,1574295747.0,2019-11-20T16:22:27-08:00,POINT (-122.2551035 37.8702509),3.029098516041693,333.15376072901597,android,1.3335160768307381,-0.09268307351079841,0.023747972294372532
221,37.8702442,-122.2550909,1574295748.0,2019-11-20T16:22:28-08:00,POINT (-122.2550909 37.8702442),2.5296060369857964,334.11096261609913,android,1.2408330033199397,-0.06893510121642588,0.0497056903783164
222,37.870237,-122.2550801,1574295749.0,2019-11-20T16:22:29-08:00,POINT (-122.2550801 37.870237),2.2814706422474056,335.3271056251992,android,1.1718979021035139,-0.019229410838109473,-0.17994993009335913
223,37.8702302,-122.2550699,1574295750.0,2019-11-20T16:22:30-08:00,POINT (-122.2550699 37.8702302),2.0471203514778065,336.4756851627777,android,1.1526684912654044,-0.1991793409314686,0.7219002809598591
224,37.8702233,-122.2550601,1574295751.0,2019-11-20T16:22:31-08:00,POINT (-122.2550601 37.8702233),1.8472331760080387,337.6111039360844,android,0.9534891503339358,0.5227209400283905,-0.6229721328639561
225,37.87021673552128,-122.25505311119696,1574295752.0,2019-11-20T16:22:32-08:00,POINT (-122.25505311119696 37.87021673552128),1.386409195336055,339.3813329335464,android,1.4762100903623263,-0.1002511928355656,0.45948828711940837
226,37.87020647675983,-122.25504243661895,1574295753.0,2019-11-20T16:22:33-08:00,POINT (-122.25504243661895 37.87020647675983),0.6544581442631774,340.6625148971271,android,1.3759588975267607,0.35923709428384276,-1.0702980349443973
227,37.8701955,-122.2550352,1574295754.0,2019-11-20T16:22:34-08:00,POINT (-122.2550352 37.8701955),0.23403455206793305,341.97085121331156,android,1.7351959918106035,-0.7110609406605546,1.293276931341324
228,37.8701799,-122.2550347,1574295755.0,2019-11-20T16:22:35-08:00,POINT (-122.2550347 37.8701799),0.4846501284851592,343.68408220180015,android,1.0241350511500489,0.5822159906807693,-0.45916105694280374
229,37.8701708,-122.2550329,1574295756.0,2019-11-20T16:22:36-08:00,POINT (-122.2550329 37.8701708),0.5001019159210067,344.7059975504884,android,1.6063510418308182,0.12305493373796561,-0.9099876465516001
230,37.87015665746288,-122.25502916716421,1574295757.0,2019-11-20T16:22:37-08:00,POINT (-122.25502916716421 37.87015665746288),0.4430354772415969,346.3081543270829,android,1.7294059755687838,-0.7869327128136345,1.212861055063458
231,37.870141609898084,-122.25502418562115,1574295758.0,2019-11-20T16:22:38-08:00,POINT (-122.25502418562115 37.870141609898084),0.2947860093865852,348.02792267829483,android,0.9424732627551493,0.42592834224982346,-0.09121435392200161
232,37.8701333,-122.2550263,1574295759.0,2019-11-20T16:22:39-08:00,POINT (-122.2550263 37.8701333),0.6346436185591587,348.9049746280889,android,1.3684016050049728,0.33471398832782184,0.26766820406585534
233,37.870121,-122.2550268,1574295760.0,2019-11-20T16:22:40-08:00,POINT (-122.2550268 37.870121),0.9097551805478126,350.2424338760657,android,1.7031155933327946,0.6023821923936772,-2.176284188724402
234,37.8701057,-122.2550259,1574295761.0,2019-11-20T16:22:41-08:00,POINT (-122.2550259 37.8701057),1.1200460229226905,351.92883672105086,android,2.305497785726472,-1.5739019963307248,1.6536163778489865
235,37.870085,-122.2550244,1574295762.0,2019-11-20T16:22:42-08:00,POINT (-122.2550244 37.870085),1.3800830513899254,354.2146581986851,android,0.7315957893957469,0.07971438151826171,0.5109228882712692
236,37.870079672489,-122.25502929082977,1574295763.0,2019-11-20T16:22:43-08:00,POINT (-122.25502929082977 37.870079672489),1.9044028347793953,354.72413171840594,android,0.8113101709140086,0.5906372697895309,0.47405024131320694
237,37.8700737,-122.2550346,1574295764.0,2019-11-20T16:22:44-08:00,POINT (-122.2550346 37.8700737),2.4771374958838805,355.2978805702925,android,1.4019474407035395,1.0646875111027378,-2.560828214696082
238,37.8700617,-122.2550395,1574295765.0,2019-11-20T16:22:45-08:00,POINT (-122.2550395 37.8700617),3.127983820966176,356.53681188893165,android,2.4666349518062773,-1.4961407035933445,1.6255788167696987
239,37.8700401,-122.2550459,1574295766.0,2019-11-20T16:22:46-08:00,POINT (-122.2550459 37.8700401),4.089744324963108,358.8030367861349,android,0.9704942482129328,0.12943811317635423,0.8732681136599187
240,37.8700322,-122.2550506,1574295767.0,2019-11-20T16:22:47-08:00,POINT (-122.2550506 37.8700322),4.645997702698381,359.59664618329026,android,1.099932361389287,1.002706226836273,-1.7090004663769065
241,37.8700232,-122.2550558,1574295768.0,2019-11-20T16:22:48-08:00,POINT (-122.2550558 37.8700232),5.266318307368958,360.50306490794844,android,2.10263858822556,-0.7062942395406335,0.505380865097621
242,37.870005,-122.2550623,1574295769.0,2019-11-20T16:22:49-08:00,POINT (-122.2550623 37.870005),6.172680177983324,362.3960271429624,android,1.3963443486849265,-0.2009133744430125,-0.03672274421753696
243,37.8699947,-122.2550714,1574295770.0,2019-11-20T16:22:50-08:00,POINT (-122.2550714 37.8699947),7.155545732293552,363.3863363839637,android,1.195430974241914,-0.23763611866054946,0.4137255282894044
244,37.8699847,-122.2550764,1574295771.0,2019-11-20T16:22:51-08:00,POINT (-122.2550764 37.8699847),7.786767748376776,364.0227233112086,android,0.9577948555813646,0.17608940962885494,-0.05791349508542562
245,37.8699688,-122.2550848,1574295773.0,2019-11-20T16:22:53-08:00,POINT (-122.2550848 37.8699688),9.027189007105152,364.1685208199291,android,1.3099736748390745,0.0602624194580037,-0.08065733323923441
246,37.8699577,-122.2550898,1574295774.0,2019-11-20T16:22:54-08:00,POINT (-122.2550898 37.8699577),9.889842737587243,365.15142039137567,android,1.3702360942970782,-0.020394913781230706,0.7854626073396054
247,37.869946,-122.2550947,1574295775.0,2019-11-20T16:22:55-08:00,POINT (-122.2550947 37.869946),10.533649170028289,368.65803685988027,android,1.3498411805158474,0.7650676935583747,-1.7099200745422762
248,37.8699343,-122.2550988,1574295776.0,2019-11-20T16:22:56-08:00,POINT (-122.2550988 37.8699343),11.081214098486072,369.88908957297764,android,2.114908874074222,-0.9448523809839016,0.5120856722854196
249,37.8699153,-122.2550999,1574295777.0,2019-11-20T16:22:57-08:00,POINT (-122.2550999 37.8699153),11.48686018770186,371.96011024976445,android,1.1700564930903206,-0.432766708698482,0.9534810597729704
250,37.86990480729885,-122.25510090364968,1574295778.0,2019-11-20T16:22:58-08:00,POINT (-122.25510090364968 37.86990480729885),11.745345075177303,373.09870288141826,android,0.7372897843918386,0.5207143510744884,-0.6518662516197297
251,37.8698982,-122.2551002,1574295779.0,2019-11-20T16:22:59-08:00,POINT (-122.2551002 37.8698982),11.791910984773699,373.8329516433647,android,1.258004135466327,-0.13115190054524128,1.4396342007704634
252,37.8698869,-122.2550995,1574295780.0,2019-11-20T16:23:00-08:00,POINT (-122.2550995 37.8698869),11.915345941469852,375.08217602635597,android,1.1268522349210857,1.3084823002252222,-2.012945654912727
253,37.8698776,-122.2550944,1574295781.0,2019-11-20T16:23:01-08:00,POINT (-122.2550944 37.8698776),11.623350348569794,376.1687998939512,android,2.435334535146308,-0.704463354687505,0.30236374969963853
254,37.8698586,-122.2550806,1574295782.0,2019-11-20T16:23:02-08:00,POINT (-122.2550806 37.8698586),10.732679997276014,378.4325012083287,android,1.7308711804588028,-0.40209960498786645,1.119605923974745
255,37.86985054956274,-122.25506372317972,1574295783.0,2019-11-20T16:23:03-08:00,POINT (-122.25506372317972 37.86985054956274),9.395703572023688,379.5342786251971,android,1.3287715754709364,0.7175063189868784,-0.6738564169012502
256,37.8698435,-122.2550515,1574295784.0,2019-11-20T16:23:04-08:00,POINT (-122.2550515 37.8698435),8.44727165873175,380.4660312776467,android,2.046277894457815,0.043649902085628245,0.3489179235240907
257,37.8698305,-122.255035,1574295785.0,2019-11-20T16:23:05-08:00,POINT (-122.255035 37.8698305),7.22381970317776,382.10614882888245,android,2.089927796543443,0.3925678256097189,-1.937434146756457
258,37.8698168,-122.2550187,1574295786.0,2019-11-20T16:23:06-08:00,POINT (-122.2550187 37.8698168),6.029186393202627,383.82050474023265,android,2.482495622153162,-1.5448663211467382,2.2746847842134827
259,37.8697985,-122.2550025,1574295787.0,2019-11-20T16:23:07-08:00,POINT (-122.2550025 37.8697985),4.918291437672705,386.0384162967201,android,0.9376293010064238,0.7298184630667446,-0.8154353526791704
260,37.8697922,-122.2549954,1574295788.0,2019-11-20T16:23:08-08:00,POINT (-122.2549954 37.8697922),4.403353480659215,386.8216536482643,android,1.6674477640731684,-0.08561688961242586,0.4571541263782708
261,37.8697796,-122.2549851,1574295789.0,2019-11-20T16:23:09-08:00,POINT (-122.2549851 37.8697796),3.712781954454613,388.33769539089883,android,1.5818308744607426,0.37153723676584494,-1.715393581386049
262,37.86976849715674,-122.25497383364969,1574295790.0,2019-11-20T16:23:10-08:00,POINT (-122.25497383364969 37.86976849715674),2.913713707598171,389.70192081518974,android,1.9533681112265875,-1.343856344620204,1.5614763296733285
263,37.86975387654799,-122.25496149712335,1574295791.0,2019-11-20T16:23:11-08:00,POINT (-122.25496149712335 37.86975387654799),2.078922878774022,391.4660591319754,android,0.6095117666063835,0.21761998505312452,-0.15800315386280261
264,37.8697497,-122.254957,1574295792.0,2019-11-20T16:23:12-08:00,POINT (-122.254957 37.8697497),1.7557984428706601,391.98258885841085,android,0.827131751659508,0.059616831190321906,0.45851954781881954
265,37.8697439,-122.2549511,1574295793.0,2019-11-20T16:23:13-08:00,POINT (-122.2549511 37.8697439),1.337104848764486,392.6954333536838,android,0.8867485828498299,0.5181363790091414,-1.4166309411796276
266,37.8697368,-122.2549465,1574295794.0,2019-11-20T16:23:14-08:00,POINT (-122.2549465 37.8697368),1.052719346374132,393.5341416284295,android,1.4048849618589714,-0.8984945621704862,1.3823291283322963
267,37.8697254,-122.2549396,1574295795.0,2019-11-20T16:23:15-08:00,POINT (-122.2549396 37.8697254),0.6383754758103841,394.8745163608537,android,0.5063903996884852,0.4838345661618102,-0.3253003717093029
268,37.8697211,-122.2549377,1574295796.0,2019-11-20T16:23:16-08:00,POINT (-122.2549377 37.8697211),0.5432176773971595,395.371010239928,android,0.9902249658502954,0.15853419445250727,0.26896205047886246
269,37.8697129,-122.2549333,1574295797.0,2019-11-20T16:23:17-08:00,POINT (-122.2549333 37.8697129),0.2941761657688641,396.3278569591603,android,1.1487591603028027,0.42749624493136973,-0.4897620506310223
270,37.869702655640346,-122.25493160827088,1574295798.0,2019-11-20T16:23:18-08:00,POINT (-122.25493160827088 37.869702655640346),0.3141066981492236,397.47404978743316,android,1.5762554052341724,-0.062265805699652566,-0.6886856390725693
271,37.869688636211066,-122.25492895004636,1574295799.0,2019-11-20T16:23:19-08:00,POINT (-122.25492895004636 37.869688636211066),0.3115323790479679,399.047053909472,android,1.5139895995345198,-0.7509514447722219,2.0864893591304106
272,37.86967506078407,-122.25492762549018,1574295800.0,2019-11-20T16:23:20-08:00,POINT (-122.25492762549018 37.86967506078407),0.4177460388604469,400.554082583359,android,0.763038154762298,1.3355379143581887,-2.3172762495548413
273,37.8696682,-122.2549278,1574295801.0,2019-11-20T16:23:21-08:00,POINT (-122.2549278 37.8696682),0.5448465088885848,401.3047954991923,android,2.0985760691204867,-0.9817383351966524,0.9690617077204267
274,37.8696494,-122.2549257,1574295802.0,2019-11-20T16:23:22-08:00,POINT (-122.2549257 37.8696494),1.278528453739028,402.3056092298081,android,1.1168377339238342,-0.012676627476225753,0.017540423250236956
275,37.86947011941792,-122.25489615469276,1574295820.0,2019-11-20T16:23:40-08:00,POINT (-122.25489615469276 37.86947011941792),21.172366169155953,402.35832753165573,android,0.8886584393517707,0.30305099102803945,-0.33383677288050984
276,37.8694625,-122.2548931,1574295821.0,2019-11-20T16:23:41-08:00,POINT (-122.2548931 37.8694625),22.03978018934279,402.54410124212075,android,1.1917094303798101,-0.030785781852470384,-0.4908413322330675
277,37.8694526,-122.2548879,1574295822.0,2019-11-20T16:23:42-08:00,POINT (-122.2548879 37.8694526),23.177279095590738,402.8932487970138,android,1.1609236485273398,-0.5216271140855379,-0.11766942035626404
278,37.8694427,-122.2548837,1574295823.0,2019-11-20T16:23:43-08:00,POINT (-122.2548837 37.8694427),24.306282797792225,403.1548502750862,android,0.6392965344418019,-0.6392965344418019,0.6392965344418019
279,37.8694373,-122.2548812,1574295824.0,2019-11-20T16:23:44-08:00,POINT (-122.2548812 37.8694373),24.92387926220958,403.3158471445214,android,0.0,0.0,0.0
