,latitude,longitude,ts,fmt_time,geometry,gt_distance,gt_projection,source,speed,acceleration,jerk
0,37.791142,-122.3954369,1568766539.0,2019-09-17T17:28:59-07:00,POINT (-122.3954369 37.791142),24.24506752524182,18.083425962027547,android,4.211666917289755,-1.2714651502087895,-0.7198951079699687
1,37.7911766,-122.3954174,1568766540.0,2019-09-17T17:29:00-07:00,POINT (-122.3954174 37.7911766),22.786879323042125,22.027924081073582,android,2.940201767080966,-1.9913602581787582,2.4112321723633947
2,37.791202,-122.3954081,1568766541.0,2019-09-17T17:29:01-07:00,POINT (-122.3954081 37.791202),21.400845884048607,24.614732190676026,android,0.9488415089022079,0.41987191418463643,-0.10508689847935992
3,37.7912104,-122.3954062,1568766542.0,2019-09-17T17:29:02-07:00,POINT (-122.3954062 37.7912104),20.868498495878324,25.39781022377965,android,1.3687134230868443,0.3147850157052765,-1.5755726683687854
4,37.7912227,-122.3954056,1568766543.0,2019-09-17T17:29:03-07:00,POINT (-122.3954056 37.7912227),19.951678473408382,26.410067344802513,android,1.6834984387921208,-1.260787652663509,1.5514346171861215
5,37.7912377,-122.3954082,1568766544.0,2019-09-17T17:29:04-07:00,POINT (-122.3954082 37.7912377),18.623957688598423,27.43933561848401,android,0.42271078612861196,0.2906469645226127,-0.1702880429614614
6,37.7912603,-122.3954121,1568766550.0,2019-09-17T17:29:10-07:00,POINT (-122.3954121 37.7912603),16.624615847601227,28.99116746309297,android,2.166592573264288,-0.7310812932461559,0.316839764146136
7,37.7912765,-122.3953984,1568766551.0,2019-09-17T17:29:11-07:00,POINT (-122.3953984 37.7912765),16.22944232496246,31.11946376211683,android,1.4355112800181322,-0.4142415291000199,0.39748748911526754
8,37.7912878,-122.3953905,1568766552.0,2019-09-17T17:29:12-07:00,POINT (-122.3953905 37.7912878),15.849581768978528,32.502016437904885,android,1.0212697509181123,-0.016754039984752334,0.5881733915299963
9,37.7912962,-122.3953858,1568766553.0,2019-09-17T17:29:13-07:00,POINT (-122.3953858 37.7912962),15.493423798627811,33.457539219683945,android,1.00451571093336,0.5714193515452439,0.08527279229692142
10,37.7913048,-122.3953823,1568766554.0,2019-09-17T17:29:14-07:00,POINT (-122.3953823 37.7913048),15.046234326902518,34.35501557085176,android,1.575935062478604,0.6566921438421653,-2.1495784887664544
11,37.7913176,-122.3953746,1568766555.0,2019-09-17T17:29:15-07:00,POINT (-122.3953746 37.7913176),14.537376723793885,35.844190050711006,android,2.2326272063207693,-1.492886344924289,1.9118228870946758
12,37.7913353899923,-122.39536281982363,1568766556.0,2019-09-17T17:29:16-07:00,POINT (-122.39536281982363 37.7913353899923),13.898001284013743,37.98032375374427,android,0.7397408613964801,0.41893654217038667,-0.9392132772780973
13,37.7913411,-122.3953585,1568766557.0,2019-09-17T17:29:17-07:00,POINT (-122.3953585 37.7913411),13.726684589564359,38.699134541914624,android,1.1586774035668668,-0.5202767351077107,1.9996537470561824
14,37.79135041734222,-122.39535259594155,1568766558.0,2019-09-17T17:29:18-07:00,POINT (-122.39535259594155 37.79135041734222),13.375098357944635,39.8015507450209,android,0.6384006684591561,1.4793770119484717,0.04466592838599115
15,37.791356,-122.3953509,1568766559.0,2019-09-17T17:29:19-07:00,POINT (-122.3953509 37.791356),13.048557544746963,40.34866524516047,android,2.117777680407628,1.5240429403344629,-2.4289408440612905
16,37.7913734,-122.3953411,1568766560.0,2019-09-17T17:29:20-07:00,POINT (-122.3953411 37.7913734),12.314845385633268,42.33192072737311,android,3.6418206207420907,-0.9048979037268277,0.26486660022571096
17,37.7914023,-122.3953216,1568766561.0,2019-09-17T17:29:21-07:00,POINT (-122.3953216 37.7914023),11.301207499016524,45.81260942848733,android,2.736922717015263,-0.6400313035011167,0.14147478870648467
18,37.791424,-122.3953069,1568766562.0,2019-09-17T17:29:22-07:00,POINT (-122.3953069 37.791424),10.544862492488521,48.43939612452603,android,2.0968914135141463,-0.49855651479463203,0.776946409626627
19,37.7914403,-122.3952949,1568766563.0,2019-09-17T17:29:23-07:00,POINT (-122.3952949 37.7914403),10.037079611797028,50.47145372127217,android,1.5983348987195143,0.27838989483199494,1.65285125864867
20,37.7914527,-122.3952857,1568766564.0,2019-09-17T17:29:24-07:00,POINT (-122.3952857 37.7914527),9.655273165284164,52.02169155638569,android,1.8767247935515092,1.931241153480665,-3.525991922943647
21,37.791469354383295,-122.39528223647781,1568766565.0,2019-09-17T17:29:25-07:00,POINT (-122.39528223647781 37.791469354383295),8.582310585541713,53.55670079517886,android,3.8079659470321743,-1.594750769462982,1.3145824560632207
22,37.7915036,-122.3952824,1568766566.0,2019-09-17T17:29:26-07:00,POINT (-122.3952824 37.7915036),5.9171274717860225,56.26485869730994,android,2.213215177569192,-0.28016831339976145,-0.9856511269348975
23,37.7915235,-122.3952819,1568766567.0,2019-09-17T17:29:27-07:00,POINT (-122.3952819 37.7915235),4.405879418005018,57.87516577009957,android,1.9330468641694307,-1.265819440334659,1.8697788271367177
24,37.7915405,-122.3952773,1568766568.0,2019-09-17T17:29:28-07:00,POINT (-122.3952773 37.7915405),3.3777083787765574,59.50752555599222,android,0.6672274238347717,0.6039593868020587,0.02904138702532033
25,37.7915465,-122.3952772,1568766569.0,2019-09-17T17:29:29-07:00,POINT (-122.3952772 37.7915465),2.918858733490206,59.9899228057586,android,1.2711868106368305,0.6330007738273791,0.8262527995818736
26,37.7915577,-122.3952743,1568766570.0,2019-09-17T17:29:30-07:00,POINT (-122.3952743 37.7915577),2.233249727847442,61.057325788578346,android,1.9041875844642095,1.4592535734092527,-3.724906986808624
27,37.7915742,-122.3952685,1568766571.0,2019-09-17T17:29:31-07:00,POINT (-122.3952685 37.7915742),1.3194276521822002,62.72382397062928,android,3.363441157873462,-2.265653413399371,2.9730102824974405
28,37.7916031,-122.3952572,1568766572.0,2019-09-17T17:29:32-07:00,POINT (-122.3952572 37.7916031),0.20926219278884634,65.71292942576257,android,1.0977877444740913,0.7073568690980694,-0.70227381376281
29,37.7916126,-122.3952538,1568766573.0,2019-09-17T17:29:33-07:00,POINT (-122.3952538 37.7916126),0.731584953088893,66.67615674622527,android,1.8051446135721607,0.005083055335259434,0.054751420158600794
30,37.791628,-122.3952473,1568766574.0,2019-09-17T17:29:34-07:00,POINT (-122.3952473 37.791628),1.516038132263054,68.29840786396008,android,1.8102276689074202,0.05983447549386023,-1.284997248227914
31,37.7916429,-122.395239,1568766575.0,2019-09-17T17:29:35-07:00,POINT (-122.395239 37.7916429),2.1483489697011517,69.99171024452214,android,1.8700621444012804,-1.2251627727340537,1.642423714406386
32,37.791657,-122.3952274,1568766576.0,2019-09-17T17:29:36-07:00,POINT (-122.3952274 37.791657),2.5107766810668237,71.82453367848794,android,0.6448993716672266,0.4172609416723322,-0.5744163351656744
33,37.7916617,-122.3952231,1568766577.0,2019-09-17T17:29:37-07:00,POINT (-122.3952231 37.7916617),2.604290791858775,72.46213404322226,android,1.0621603133395587,-0.15715539349334218,1.2076698892936535
34,37.7916699,-122.3952169,1568766578.0,2019-09-17T17:29:38-07:00,POINT (-122.3952169 37.7916699),2.849462815019609,73.49443446845032,android,0.9050049198462166,1.0505144958003112,-1.0613008847254137
35,37.7916774,-122.3952129,1568766579.0,2019-09-17T17:29:39-07:00,POINT (-122.3952129 37.7916774),3.1789432145745646,74.33582593760042,android,1.9555194156465276,-0.01078638892510253,0.8096140181108673
36,37.7916947,-122.3952089,1568766580.0,2019-09-17T17:29:40-07:00,POINT (-122.3952089 37.7916947),4.2681669278680365,75.95508382800656,android,1.9447330267214251,0.7988276291857648,-2.0961867057371073
37,37.79171206694903,-122.39520628562057,1568766581.0,2019-09-17T17:29:41-07:00,POINT (-122.39520628562057 37.79171206694903),5.4498596929824865,77.49441040201773,android,2.74356065590719,-1.2973590765513427,1.396866887936353
38,37.7917367,-122.3952045,1568766582.0,2019-09-17T17:29:42-07:00,POINT (-122.3952045 37.7917367),7.247058425833967,79.55949104232059,android,1.4462015793558471,0.0995078113850103,-0.5681961150817498
39,37.7917497,-122.395205,1568766583.0,2019-09-17T17:29:43-07:00,POINT (-122.395205 37.7917497),8.286375600961799,80.56059401055647,android,1.5457093907408574,-0.4686883036967395,1.4980298083241035
40,37.7917636,-122.3952052,1568766584.0,2019-09-17T17:29:44-07:00,POINT (-122.3952052 37.7917636),9.376568458298959,81.65159009505138,android,1.077021087044118,1.029341504627364,-1.1436118059750742
41,37.79177,-122.395196,1568766585.0,2019-09-17T17:29:45-07:00,POINT (-122.395196 37.79177),9.293230037037599,82.72558044163979,android,2.106362591671482,-0.11427030134771021,-0.7080454053561611
42,37.791783564356564,-122.39517926732657,1568766586.0,2019-09-17T17:29:46-07:00,POINT (-122.39517926732657 37.791783564356564),9.290833215333263,84.831655032763,android,1.9920922903237717,-0.8223157067038713,0.178425037783828
43,37.7917984540992,-122.39516666026931,1568766587.0,2019-09-17T17:29:47-07:00,POINT (-122.39516666026931 37.7917984540992),9.651054915407475,86.7891174883162,android,1.1697765836199003,-0.6438906689200433,1.461806011207316
44,37.7918079,-122.3951608,1568766588.0,2019-09-17T17:29:48-07:00,POINT (-122.3951608 37.7918079),10.014215832419053,87.89940864826553,android,0.525885914699857,0.8179153422872726,0.1253283946893783
45,37.791812445454404,-122.39515914710749,1568766589.0,2019-09-17T17:29:49-07:00,POINT (-122.39515914710749 37.791812445454404),10.26248789930951,88.36188803301255,android,1.3438012569871296,0.9432437369766509,-0.5675894748800603
46,37.79181561043317,-122.39514438797578,1568766590.0,2019-09-17T17:29:50-07:00,POINT (-122.39514438797578 37.79181561043317),9.578192945856484,89.52110621608219,android,2.2870449939637805,0.3756542620965906,-0.9560230499997293
47,37.7918123,-122.3951187,1568766591.0,2019-09-17T17:29:51-07:00,POINT (-122.3951187 37.7918123),7.703498349501462,90.83870157265288,android,2.662699256060371,-0.5803687879031387,-0.30989024491093997
48,37.7918126,-122.3950884,1568766592.0,2019-09-17T17:29:52-07:00,POINT (-122.3950884 37.7918126),5.818197045671377,92.7266100617488,android,2.0823304681572323,-0.8902590328140787,1.1009004749421818
49,37.79181734308373,-122.39506547509531,1568766593.0,2019-09-17T17:29:53-07:00,POINT (-122.39506547509531 37.79181734308373),4.741893933032017,94.51345866519551,android,1.1920714353431536,0.2106414421281031,0.21518187670890576
50,37.791820899079305,-122.39505267697935,1568766594.0,2019-09-17T17:29:54-07:00,POINT (-122.39505267697935 37.791820899079305),4.211435588057107,95.58306970240331,android,1.4027128774712567,0.42582331883700886,-0.554332666666087
51,37.79181855294174,-122.39503699216002,1568766595.0,2019-09-17T17:29:55-07:00,POINT (-122.39503699216002 37.79181855294174),3.0415850669225977,96.36179886114118,android,1.8285361963082656,-0.1285093478290782,-0.7268550904023982
52,37.7918111315778,-122.3950184224852,1568766596.0,2019-09-17T17:29:56-07:00,POINT (-122.3950184224852 37.7918111315778),1.2965645373593588,96.91516766796543,android,1.7000268484791874,-0.8553644382314763,1.1749080972275947
53,37.791810895969284,-122.39499907792805,1568766597.0,2019-09-17T17:29:57-07:00,POINT (-122.39499907792805 37.791810895969284),0.05981090485464113,98.08657062778862,android,0.844662410247711,0.31954365899611836,1.0935778155467295
54,37.7918078,-122.3949903,1568766598.0,2019-09-17T17:29:58-07:00,POINT (-122.3949903 37.7918078),0.7331141572396426,98.38086178190106,android,1.1642060692438294,1.413121474542848,1.35679082520834
55,37.7918069,-122.3949771,1568766599.0,2019-09-17T17:29:59-07:00,POINT (-122.3949771 37.7918069),1.6343370503301502,99.12150791081012,android,2.5773275437866774,2.769912299751188,-6.68662632510472
56,37.7917944,-122.3949524,1568766600.0,2019-09-17T17:30:00-07:00,POINT (-122.3949524 37.7917944),4.159219833828752,99.6489132106072,android,5.347239843537865,-3.916714025353533,5.059708134866623
57,37.7917661,-122.3949032,1568766601.0,2019-09-17T17:30:01-07:00,POINT (-122.3949032 37.7917661),9.452220840488252,100.42948847661307,android,1.4305258181843326,1.1429941095130904,-2.627712617816133
58,37.7917611,-122.3948882,1568766602.0,2019-09-17T17:30:02-07:00,POINT (-122.3948882 37.7917611),10.784675978945943,100.95544178141247,android,2.573519927697423,-1.4847185083030425,1.5430334979517597
59,37.7917506,-122.3948621,1568766603.0,2019-09-17T17:30:03-07:00,POINT (-122.3948621 37.7917506),13.242693093788168,101.72772826798078,android,1.0888014193943805,0.058314989648717175,0.20732332630312134
60,37.7917458,-122.3948513,1568766604.0,2019-09-17T17:30:04-07:00,POINT (-122.3948513 37.7917458),14.295090931389092,102.01116657681857,android,1.1471164090430976,0.2656383159518385,-0.649359164730281
61,37.7917405,-122.3948401,1568766605.0,2019-09-17T17:30:05-07:00,POINT (-122.3948401 37.7917405),15.41144680316224,102.27952676510515,android,1.4127547249949362,-0.3837208487784425,0.11138656118771562
62,37.7917336,-122.3948266,1568766606.0,2019-09-17T17:30:06-07:00,POINT (-122.3948266 37.7917336),16.796716772452328,102.56238866545507,android,1.0290338762164937,-0.27233428759072686,0.4273069951910524
63,37.7917283,-122.394817,1568766607.0,2019-09-17T17:30:07-07:00,POINT (-122.394817 37.7917283),17.81229089336785,102.73231471024886,android,0.7566995886257668,0.15497270760032555,0.15657161194401303
64,37.7917251,-122.3948094,1568766608.0,2019-09-17T17:30:08-07:00,POINT (-122.3948094 37.7917251),18.53908494867412,102.9458826772159,android,0.9116722962260924,0.3115443195443386,-1.1624490063347752
65,37.7917236,-122.3947992,1568766609.0,2019-09-17T17:30:09-07:00,POINT (-122.3947992 37.7917236),19.297856622317877,103.4543423558369,android,1.223216615770431,-0.8509046867904366,1.0678013738001704
66,37.79172050257094,-122.39478584262477,1568766610.0,2019-09-17T17:30:10-07:00,POINT (-122.39478584262477 37.79172050257094),20.379347913806317,104.03025497916161,android,0.3723119289799944,0.2168966870097337,0.8447126428226484
67,37.7917195,-122.39478180000002,1568766611.0,2019-09-17T17:30:11-07:00,POINT (-122.39478180000002 37.7917195),20.711711726019278,104.19938596805434,android,0.5892086159897281,1.061609329832382,-1.5828315350576727
68,37.7917158,-122.394777,1568766612.0,2019-09-17T17:30:12-07:00,POINT (-122.394777 37.7917158),21.30090025597805,104.20100681003049,android,1.6508179458221102,-0.5212222052252906,0.5026163035127219
69,37.7917104,-122.3947595,1568766613.0,2019-09-17T17:30:13-07:00,POINT (-122.3947595 37.7917104),22.830788377224483,104.20975444234708,android,1.1295957405968196,-0.018605901712568724,0.06840714373531032
70,37.7918817,-122.3949204,1568766634.0,2019-09-17T17:30:34-07:00,POINT (-122.3949204 37.7918817),4.336148716042274,104.81037516645705,android,0.7388718046328764,1.4179441167289477,-1.8492664599667052
71,37.7918871,-122.3949253,1568766635.0,2019-09-17T17:30:35-07:00,POINT (-122.3949253 37.7918871),4.462048509185901,105.53787444323794,android,2.156815921361824,-0.43132234323775753,0.6524235381784962
72,37.7919044,-122.3949364,1568766636.0,2019-09-17T17:30:36-07:00,POINT (-122.3949364 37.7919044),5.148781930706747,107.57942785029229,android,1.7254935781240666,0.22110119494073865,-0.691215778567156
73,37.7919185,-122.3949446,1568766637.0,2019-09-17T17:30:37-07:00,POINT (-122.3949446 37.7919185),5.760680015766263,109.19010333439378,android,1.9465947730648052,-0.47011458362641734,-0.37420083185517283
74,37.7919342,-122.3949544,1568766638.0,2019-09-17T17:30:38-07:00,POINT (-122.3949544 37.7919342),6.400751628853669,111.02564971421467,android,1.4764801894383879,-0.8443154154815902,0.8443154105719595
75,37.7919457,-122.3949628,1568766639.0,2019-09-17T17:30:39-07:00,POINT (-122.3949628 37.7919457),6.794302558515142,112.44697764462708,android,0.6321647739567977,-4.9096307019880214e-09,-0.2504435266525865
76,37.7919511,-122.39496505000001,1568766640.0,2019-09-17T17:30:40-07:00,POINT (-122.39496505000001 37.7919511),7.0835243149529425,113.00784064243852,android,0.632164769047167,-0.2504435315622172,0.06964322621476296
77,37.7919565,-122.3949673,1568766641.0,2019-09-17T17:30:41-07:00,POINT (-122.3949673 37.7919565),7.372746094072928,113.56870362283314,android,0.3817212374849498,-0.18080030534745425,0.12864459402891593
78,37.7919599,-122.3949679,1568766642.0,2019-09-17T17:30:42-07:00,POINT (-122.3949679 37.7919599),7.6051804472302855,113.870486349853,android,0.20092093213749554,-0.05215571131853833,-0.007653568725399046
79,37.7919617,-122.3949681,1568766643.0,2019-09-17T17:30:43-07:00,POINT (-122.3949681 37.7919617),7.7354845991153525,114.0228558520186,android,0.1487652208189572,-0.059809280043937374,0.4898284333601672
80,37.791963,-122.3949685,1568766644.0,2019-09-17T17:30:44-07:00,POINT (-122.3949685 37.791963),7.81384308623049,114.14897020715259,android,0.08895594077501984,0.4300191533162298,0.0410494323530502
81,37.7919638,-122.3949685,1568766645.0,2019-09-17T17:30:45-07:00,POINT (-122.3949685 37.7919638),7.877234327789021,114.21110052091002,android,0.5189750940912496,0.47106858566928,-0.4546159235115006
82,37.7919675,-122.3949721,1568766646.0,2019-09-17T17:30:46-07:00,POINT (-122.3949721 37.7919675),7.948548327049483,114.72482655573356,android,0.9900436797605296,0.016452662157779407,-0.8298809023077339
83,37.791974,-122.3949798,1568766647.0,2019-09-17T17:30:47-07:00,POINT (-122.3949798 37.791974),7.989045925753809,115.71382273137824,android,1.006496341918309,-0.8134282401499545,1.2147280856277258
84,37.7919804,-122.3949879,1568766648.0,2019-09-17T17:30:48-07:00,POINT (-122.3949879 37.7919804),7.996967471087224,116.7202051669744,android,0.1930681017683545,0.4012998454777712,-0.6161380706167585
85,37.7919815,-122.3949896,1568766649.0,2019-09-17T17:30:49-07:00,POINT (-122.3949896 37.7919815),7.979358309825233,116.91253285143986,android,0.5943679472461257,-0.21483822513898732,0.5862382159432742
86,37.7919851,-122.3949946,1568766650.0,2019-09-17T17:30:50-07:00,POINT (-122.3949946 37.7919851),7.956465645751654,117.5065266053564,android,0.3795297221071384,0.3713999908042869,-1.0047987475358107
87,37.7919871,-122.3949981,1568766651.0,2019-09-17T17:30:51-07:00,POINT (-122.3949981 37.7919871),7.899236489429119,117.88193753154168,android,0.7509297129114253,-0.6333987567315239,0.9208651899345829
88,37.79199224056272,-122.39500364216917,1568766652.0,2019-09-17T17:30:52-07:00,POINT (-122.39500364216917 37.79199224056272),7.965002436612519,118.62966817679484,android,0.11753095617990142,0.287466433203059,-0.23494111345656027
89,37.7919926,-122.3950049,1568766653.0,2019-09-17T17:30:53-07:00,POINT (-122.3950049 37.7919926),7.915962985269693,118.73667737399734,android,0.40499738938296037,0.05252531974649871,-0.26837022540221434
90,37.7919941,-122.3950091,1568766654.0,2019-09-17T17:30:54-07:00,POINT (-122.3950091 37.7919941),7.775972899376554,119.1172738954366,android,0.4575227091294591,-0.2158449056557156,0.3731625669135511
91,37.7919963,-122.3950135,1568766655.0,2019-09-17T17:30:55-07:00,POINT (-122.3950135 37.7919963),7.679124067653507,119.56481071311777,android,0.24167780347374349,0.15731766125783553,0.2514654360552346
92,37.7919913,-122.3950225,1568766659.0,2019-09-17T17:30:59-07:00,POINT (-122.3950225 37.7919913),6.728252867468678,119.7424298789546,android,0.8709484485050856,1.1631794054787739,-1.242235190112558
93,37.7919957,-122.3950307,1568766660.0,2019-09-17T17:31:00-07:00,POINT (-122.3950307 37.7919957),6.571533720552059,120.59977466002312,android,2.0341278539838594,-0.07905578463378407,0.024729067341669984
94,37.79211623898212,-122.3948887860846,1568766669.0,2019-09-17T17:31:09-07:00,POINT (-122.3948887860846 37.79211623898212),24.869170983965546,121.0374361493406,android,1.3226257922798028,0.1435058214412458,-0.13752541372198018
95,37.7922483,-122.3950622,1568766685.0,2019-09-17T17:31:25-07:00,POINT (-122.3950622 37.7922483),24.645973233748595,142.1981693367169,android,3.6187189353397353,-2.056900798110437,2.588792704628604
96,37.7922424,-122.3951027,1568766686.0,2019-09-17T17:31:26-07:00,POINT (-122.3951027 37.7922424),21.682431586100623,144.28665216147792,android,1.561818137229298,0.5318919065181669,-1.3235604669855845
97,37.7922383,-122.3951197,1568766687.0,2019-09-17T17:31:27-07:00,POINT (-122.3951197 37.7922383),20.309834670023637,145.03721756407003,android,2.093710043747465,-0.7916685604674176,0.8342995718829045
98,37.7922374,-122.3951435,1568766688.0,2019-09-17T17:31:28-07:00,POINT (-122.3951435 37.7922374),18.771716830362063,146.46389735038008,android,1.3020414832800473,0.042631011415486864,-0.4185265429850822
99,37.7922394,-122.3951581,1568766689.0,2019-09-17T17:31:29-07:00,POINT (-122.3951581 37.7922394),18.030392174157246,147.53729080529692,android,1.3446724946955342,-0.3758955315695953,1.244149708079342
100,37.7922408,-122.3951733,1568766690.0,2019-09-17T17:31:30-07:00,POINT (-122.3951733 37.7922408),17.204545981885293,148.6018155452406,android,0.9687769631259389,0.8682541765097467,-1.220943556461526
101,37.7922387,-122.395184,1568766691.0,2019-09-17T17:31:31-07:00,POINT (-122.395184 37.7922387),16.378699115181195,149.11155465357677,android,1.8370311396356855,-0.3526893799517794,0.9289910134693045
102,37.7922383,-122.3952049,1568766692.0,2019-09-17T17:31:32-07:00,POINT (-122.3952049 37.7922383),15.058929798678205,150.39471075129424,android,1.4843417596839061,0.5763016335175251,-1.9074479470898467
103,37.79223984291233,-122.39522167917163,1568766693.0,2019-09-17T17:31:33-07:00,POINT (-122.39522167917163 37.79223984291233),14.14708357801762,151.56963540964244,android,2.060643393201431,-1.3311463135723216,2.118269541038969
104,37.792245649011505,-122.39524394940605,1568766694.0,2019-09-17T17:31:34-07:00,POINT (-122.39524394940605 37.792245649011505),13.234633689394562,153.42093649770766,android,0.7294970796291096,0.7871232274666471,0.7674204947655621
105,37.792248,-122.3952517,1568766695.0,2019-09-17T17:31:35-07:00,POINT (-122.3952517 37.792248),12.943253100294381,154.09088890005742,android,1.5166203070957567,1.5545437222322092,-2.0512628938572224
106,37.792254,-122.3952672,1568766696.0,2019-09-17T17:31:36-07:00,POINT (-122.3952672 37.792254),12.463419781803166,155.53152693192845,android,3.071164029327966,-0.49671917162501344,0.30308130942886446
107,37.7922721,-122.3952936,1568766697.0,2019-09-17T17:31:37-07:00,POINT (-122.3952936 37.7922721),12.27061297353538,158.59729035502403,android,2.5744448577029524,-0.19363786219614898,-0.3982854814510677
108,37.7922873,-122.3953157,1568766698.0,2019-09-17T17:31:38-07:00,POINT (-122.3953157 37.7922873),11.987628625146924,161.9708703199546,android,2.3808069955068034,-0.5919233436472167,0.4928507210424169
109,37.7923013,-122.3953362,1568766699.0,2019-09-17T17:31:39-07:00,POINT (-122.3953362 37.7923013),11.675641128301582,164.33167943108566,android,1.7888836518595868,-0.09907262260479976,-0.42044512601963047
110,37.79231185607809,-122.39535156286365,1568766700.0,2019-09-17T17:31:40-07:00,POINT (-122.39535156286365 37.79231185607809),11.446591817386588,166.10621595384671,android,1.689811029254787,-0.5195177486244302,0.3602786507839073
111,37.7923231,-122.3953645,1568766701.0,2019-09-17T17:31:41-07:00,POINT (-122.3953645 37.7923231),11.427693069788726,167.79544522135492,android,1.1702932806303568,-0.15923909784052293,0.5682257974253706
112,37.792331,-122.3953733,1568766702.0,2019-09-17T17:31:42-07:00,POINT (-122.3953733 37.792331),11.433439889043932,168.96531608258445,android,1.0110541827898338,0.4089866995848477,-0.402342331692497
113,37.79233759025831,-122.39538122741219,1568766703.0,2019-09-17T17:31:43-07:00,POINT (-122.39538122741219 37.79233759025831),11.399720977180364,169.97561678650038,android,1.4200408823746815,0.006644367892350678,-0.15175840906442417
114,37.79234651386147,-122.39539278811891,1568766704.0,2019-09-17T17:31:44-07:00,POINT (-122.39539278811891 37.79234651386147),11.299777200915432,171.3920889711115,android,1.4266852502670322,-0.1451140411720735,-0.17792623932854346
115,37.7923554,-122.3954045,1568766705.0,2019-09-17T17:31:45-07:00,POINT (-122.3954045 37.7923554),11.238146439724181,172.1888270789688,android,1.2815712090949587,-0.32304028050061695,0.848923758270743
116,37.792364805500554,-122.39541292945802,1568766706.0,2019-09-17T17:31:46-07:00,POINT (-122.39541292945802 37.792364805500554),11.450200382509058,173.45171967046352,android,0.9585309285943417,0.525883477770126,-0.3930210524983402
117,37.7923731,-122.3954159,1568766707.0,2019-09-17T17:31:47-07:00,POINT (-122.3954159 37.7923731),11.915310326497119,174.2877919208432,android,1.4844144063644678,0.13286242527178582,-0.24106784494566424
118,37.7923849,-122.3954238,1568766708.0,2019-09-17T17:31:48-07:00,POINT (-122.3954238 37.7923849),12.348060042975055,175.7057638763808,android,1.6172768316362536,-0.10820541967387842,-0.11414034426867925
119,37.7923969,-122.3954342,1568766709.0,2019-09-17T17:31:49-07:00,POINT (-122.3954342 37.7923969),12.64071205430004,177.29495800199547,android,1.5090714119623752,-0.22234576394255767,0.2113271599508375
120,37.7924077,-122.3954446,1568766710.0,2019-09-17T17:31:50-07:00,POINT (-122.3954446 37.7924077),12.839296350536145,178.7899282194394,android,1.2867256480198175,-0.011018603991720166,-0.4104396151031089
121,37.7924141,-122.3954568,1568766711.0,2019-09-17T17:31:51-07:00,POINT (-122.3954568 37.7924141),12.580806286945217,180.05138437960002,android,1.2757070440280973,-0.42145821909482906,1.8289392085853557
122,37.7924187,-122.3954701,1568766712.0,2019-09-17T17:31:52-07:00,POINT (-122.3954701 37.7924187),12.112673071374827,181.23993294814687,android,0.8542488249332683,1.4074809894905267,-2.592306419927433
123,37.7924227,-122.3954784,1568766713.0,2019-09-17T17:31:53-07:00,POINT (-122.3954784 37.7924227),11.909057583087085,182.07033297625316,android,2.261729814423795,-1.1848254304369061,1.9583930602413373
124,37.792435,-122.3954989,1568766714.0,2019-09-17T17:31:54-07:00,POINT (-122.3954989 37.792435),11.595893972634936,184.31137662509076,android,1.0769043839868888,0.7735676298044312,-0.7405535637499046
125,37.7924419,-122.3955075,1568766715.0,2019-09-17T17:31:55-07:00,POINT (-122.3955075 37.7924419),11.60091691736871,185.38814610247684,android,1.85047201379132,0.033014066054526614,0.17449376721325116
126,37.7924535,-122.3955226,1568766716.0,2019-09-17T17:31:56-07:00,POINT (-122.3955226 37.7924535),11.56935663306318,187.23830605337568,android,1.8834860798458466,0.20750783326777777,-1.4618817913235194
127,37.7924645,-122.3955389,1568766717.0,2019-09-17T17:31:57-07:00,POINT (-122.3955389 37.7924645),11.415990470779052,189.11600282904783,android,2.0909939131136244,-1.2543739580557416,1.8601575534192474
128,37.7924768,-122.3955569,1568766718.0,2019-09-17T17:31:58-07:00,POINT (-122.3955569 37.7924768),11.258604547715636,191.2015275941441,android,0.8366199550578829,0.6057835953635057,-0.6225536759334699
129,37.7924819,-122.3955639,1568766719.0,2019-09-17T17:31:59-07:00,POINT (-122.3955639 37.7924819),11.222222598448159,192.0374295345774,android,1.4424035504213886,-0.016770080569964207,1.0512133932801828
130,37.7924904,-122.3955763,1568766720.0,2019-09-17T17:32:00-07:00,POINT (-122.3955763 37.7924904),11.115892090114677,193.47621809422526,android,1.4256334698514244,1.0344433127102186,-1.5376428560738495
131,37.7924996,-122.3955876,1568766721.0,2019-09-17T17:32:01-07:00,POINT (-122.3955876 37.7924996),11.13297612579191,194.90154228507012,android,2.460076782561643,-0.5031995433636309,0.5879387055840262
132,37.792515095343006,-122.39560758306531,1568766722.0,2019-09-17T17:32:02-07:00,POINT (-122.39560758306531 37.792515095343006),11.102510091045428,197.36132511990573,android,1.956877239198012,0.08473916222039524,-1.1902062384828285
133,37.7925269,-122.3956241,1568766723.0,2019-09-17T17:32:03-07:00,POINT (-122.3956241 37.7925269),10.998706424339488,199.31569750791348,android,2.0416164014184073,-1.1054670762624332,1.3915224136913924
134,37.7925395,-122.395641,1568766724.0,2019-09-17T17:32:04-07:00,POINT (-122.395641 37.7925395),10.933381496402196,201.35634927787532,android,0.9361493251559739,0.28605533742895906,1.2633013228162366
135,37.7925454,-122.3956486,1568766725.0,2019-09-17T17:32:05-07:00,POINT (-122.3956486 37.7925454),10.922326746306181,202.29239099958002,android,1.222204662584933,1.5493566602451956,-3.169580148785098
136,37.7925532,-122.3956584,1568766726.0,2019-09-17T17:32:06-07:00,POINT (-122.3956584 37.7925532),10.923131269450584,203.514476147596,android,2.7715613228301286,-1.6202234885399025,1.9925079124288456
137,37.7925685,-122.3956833,1568766727.0,2019-09-17T17:32:07-07:00,POINT (-122.3956833 37.7925685),10.570980571204371,206.26478929783656,android,1.151337834290226,0.3722844238889431,-0.3288080702723639
138,37.7925749,-122.3956936,1568766728.0,2019-09-17T17:32:08-07:00,POINT (-122.3956936 37.7925749),10.430884430556828,207.40805048128666,android,1.5236222581791692,0.0434763536165792,0.6652741307809613
139,37.7925834,-122.3957072,1568766729.0,2019-09-17T17:32:09-07:00,POINT (-122.3957072 37.7925834),10.249784853879166,208.9214870303736,android,1.5670986117957484,0.7087504843975405,-2.3277525660338183
140,37.7925927,-122.3957206,1568766730.0,2019-09-17T17:32:10-07:00,POINT (-122.3957206 37.7925927),10.143859778088627,210.48529770117915,android,2.275849096193289,-1.619002081636278,2.1022992356392196
141,37.7926058,-122.3957405,1568766731.0,2019-09-17T17:32:11-07:00,POINT (-122.3957405 37.7926058),9.930803065438168,212.75183043649085,android,0.6568470145570109,0.4832971540029416,-0.2503578916858349
142,37.7926091,-122.3957467,1568766732.0,2019-09-17T17:32:12-07:00,POINT (-122.3957467 37.7926091),9.803169037776025,213.3966305901548,android,1.1401441685599525,0.2329392623171067,-0.5793170291346947
143,37.7926149,-122.3957574,1568766733.0,2019-09-17T17:32:13-07:00,POINT (-122.3957574 37.7926149),9.591115884134574,214.51766272412954,android,1.3730834308770592,-0.34637776681758803,0.08516205374777386
144,37.79262235613966,-122.39576985613921,1568766734.0,2019-09-17T17:32:14-07:00,POINT (-122.39576985613921 37.79262235613966),9.399463202598884,215.87797893960348,android,1.0267056640594712,-0.26121571306981417,0.264702736147876
145,37.7926279,-122.3957792,1568766735.0,2019-09-17T17:32:15-07:00,POINT (-122.3957792 37.7926279),9.251832529865471,216.89453719799158,android,0.765489950989657,0.0034870230780618128,0.08931310392922143
146,37.7926323,-122.3957859,1568766736.0,2019-09-17T17:32:16-07:00,POINT (-122.3957859 37.7926323),9.179273231323702,217.65681244812762,android,0.7689769740677188,0.09280012700728324,-0.030504216694356878
147,37.7926371,-122.3957922,1568766737.0,2019-09-17T17:32:17-07:00,POINT (-122.3957922 37.7926371),9.162994093662553,218.42561254359052,android,0.861777101075002,0.06229591031292636,-0.46478951091147325
148,37.7926419,-122.3957999,1568766738.0,2019-09-17T17:32:18-07:00,POINT (-122.3957999 37.7926419),9.059481159725532,219.28150292222819,android,0.9240730113879284,-0.4024936005985469,1.6689687224955685
149,37.7926469,-122.3958083,1568766739.0,2019-09-17T17:32:19-07:00,POINT (-122.3958083 37.7926469),8.928032598492088,220.18915543618914,android,0.5215794107893815,1.2664751218970216,-2.0978974037348443
150,37.7926493,-122.3958134,1568766740.0,2019-09-17T17:32:20-07:00,POINT (-122.3958134 37.7926493),8.803442023592263,220.60672589248045,android,1.788054532686403,-0.8314222818378226,2.4299366991366047
151,37.7926568,-122.3958314,1568766741.0,2019-09-17T17:32:21-07:00,POINT (-122.3958314 37.7926568),8.288386444259872,222.32105177044747,android,0.9566322508485804,1.598514417298782,-3.5213319878584506
152,37.7926614,-122.3958406,1568766742.0,2019-09-17T17:32:22-07:00,POINT (-122.3958406 37.7926614),8.085885718621302,223.25680453080662,android,2.5551466681473625,-1.9228175705596686,2.7422097948762083
153,37.7926739,-122.395865,1568766743.0,2019-09-17T17:32:23-07:00,POINT (-122.395865 37.7926739),7.572590828456132,225.76188245859234,android,0.6323290975876938,0.8193922243165395,-0.49462538728667704
154,37.7926765,-122.3958714,1568766744.0,2019-09-17T17:32:24-07:00,POINT (-122.3958714 37.7926765),7.384177786280815,226.36624297071455,android,1.4517213219042333,0.3247668370298624,-0.22466729738194657
155,37.7926829,-122.3958858,1568766745.0,2019-09-17T17:32:25-07:00,POINT (-122.3958858 37.7926829),7.003829990728822,227.7687688443986,android,1.7764881589340957,0.10009953964791585,-0.06423046439558244
156,37.7926909,-122.3959033,1568766746.0,2019-09-17T17:32:26-07:00,POINT (-122.3959033 37.7926909),6.55921079158429,229.49048580925526,android,1.8765876985820116,0.035869075252333404,-0.10295924870170792
157,37.7926996,-122.3959216,1568766747.0,2019-09-17T17:32:27-07:00,POINT (-122.3959216 37.7926996),6.120755025506975,231.31687146014403,android,1.912456773834345,-0.06709017344937451,-0.9332999222602993
158,37.7927084,-122.3959403,1568766748.0,2019-09-17T17:32:28-07:00,POINT (-122.3959403 37.7927084),5.665571543409369,233.17617564887573,android,1.8453666003849705,-1.0003900957096739,1.672026087779042
159,37.7927164,-122.3959587,1568766749.0,2019-09-17T17:32:29-07:00,POINT (-122.3959587 37.7927164),5.165486531792026,234.95448511492813,android,0.8449765046752965,0.6716359920693681,0.8701287276056328
160,37.7927198,-122.3959673,1568766750.0,2019-09-17T17:32:30-07:00,POINT (-122.3959673 37.7927198),4.90487899025619,235.75931357617452,android,1.5166124967446646,1.5417647196750008,-2.0684897214422646
161,37.7927258,-122.3959828,1568766751.0,2019-09-17T17:32:31-07:00,POINT (-122.3959828 37.7927258),4.425044392407871,237.19994285187514,android,3.0583772164196654,-0.5267250017672636,0.08015517460903299
162,37.7927263,-122.3960176,1568766752.0,2019-09-17T17:32:32-07:00,POINT (-122.3960176 37.7927263),2.319933934624026,239.4270233756513,android,2.531652214652402,-0.44656982715823057,0.21276845160012403
163,37.7927283,-122.3960463,1568766753.0,2019-09-17T17:32:33-07:00,POINT (-122.3960463 37.7927283),0.7096265786138525,241.38702658153218,android,2.0850823874941713,-0.23380137555810654,-0.11871423919788726
164,37.7927309,-122.3960698,1568766754.0,2019-09-17T17:32:34-07:00,POINT (-122.3960698 37.7927309),0.6138274541552821,242.99510472091967,android,1.8512810119360648,-0.3525156147559938,0.6966311005532608
165,37.792734,-122.3960905,1568766755.0,2019-09-17T17:32:35-07:00,POINT (-122.3960905 37.792734),1.8276884820995212,244.39746354025337,android,1.498765397180071,0.34411548579726703,0.35138631424098654
166,37.79273477084791,-122.39610752873105,1568766756.0,2019-09-17T17:32:36-07:00,POINT (-122.39610752873105 37.79273477084791),2.948983949983399,245.3964600107681,android,1.842880882977338,0.6955018000382536,-1.3416772899779281
167,37.7927364,-122.3961284,1568766757.0,2019-09-17T17:32:37-07:00,POINT (-122.3961284 37.7927364),4.276099862955451,246.68035947566,android,2.5383826830155916,-0.6461754899396746,0.3237626936364204
168,37.792739,-122.3961571,1568766758.0,2019-09-17T17:32:38-07:00,POINT (-122.3961571 37.792739),6.076198890788085,248.4771122251087,android,1.892207193075917,-0.32241279630325415,1.0387786514343844
169,37.7927424,-122.3961782,1568766759.0,2019-09-17T17:32:39-07:00,POINT (-122.3961782 37.7927424),7.296955376996077,249.9274379171476,android,1.5697943967726629,0.7163658551311303,0.04216449334921424
170,37.7927456,-122.3961956,1568766760.0,2019-09-17T17:32:40-07:00,POINT (-122.3961956 37.7927456),8.276319045292176,251.15787629553546,android,2.286160251903793,0.7585303484803445,-1.7348739638351072
171,37.7927567,-122.3962175,1568766761.0,2019-09-17T17:32:41-07:00,POINT (-122.3962175 37.7927567),9.021186604361663,253.32120492255365,android,3.0446906003841376,-0.9763436153547627,0.19420104077268108
172,37.7927748,-122.3962435,1568766762.0,2019-09-17T17:32:42-07:00,POINT (-122.3962435 37.7927748),9.56604196474929,256.3173108322381,android,2.068346985029375,-0.7821425745820816,0.488977241442203
173,37.7927862,-122.3962621,1568766763.0,2019-09-17T17:32:43-07:00,POINT (-122.3962621 37.7927862),10.062618700056424,258.3260999078084,android,1.2862044104472934,-0.2931653331398786,3.357958442217941
174,37.792795,-122.3962716,1568766764.0,2019-09-17T17:32:44-07:00,POINT (-122.3962716 37.792795),10.110895702799423,259.6108658073873,android,0.9930390773074148,3.0647931090780625,-3.54364023307985
175,37.7928007,-122.3962803,1568766765.0,2019-09-17T17:32:45-07:00,POINT (-122.3962803 37.7928007),10.317802169562391,260.58242158454385,android,4.057832186385477,-0.4788471240017875,-0.5460478393189034
176,37.7928291,-122.3963093,1568766766.0,2019-09-17T17:32:46-07:00,POINT (-122.3963093 37.7928291),10.359177211707564,264.6379070387313,android,3.5789850623836896,-1.024894963320691,1.1598629652947983
177,37.7928555,-122.3963326,1568766767.0,2019-09-17T17:32:47-07:00,POINT (-122.3963326 37.7928555),9.983133644108584,268.97380163990493,android,2.5540900990629987,0.1349680019741073,-0.8189904852482406
178,37.7928743,-122.3963493,1568766768.0,2019-09-17T17:32:48-07:00,POINT (-122.3963493 37.7928743),9.645014879514273,271.5033602446607,android,2.689058101037106,-0.6840224832741333,1.4454577244885018
179,37.7928938,-122.3963674,1568766769.0,2019-09-17T17:32:49-07:00,POINT (-122.3963674 37.7928938),9.344583798692996,274.17365240387653,android,2.0050356177629727,0.7614352412143686,-1.410076721145816
180,37.7929081,-122.3963813,1568766770.0,2019-09-17T17:32:50-07:00,POINT (-122.3963813 37.7929081),9.164755286513117,276.1693510393259,android,2.7664708589773412,-0.6486414799314475,0.1433649131542023
181,37.7929298,-122.3963967,1568766771.0,2019-09-17T17:32:51-07:00,POINT (-122.3963967 37.7929298),8.52405002372494,278.85725641329117,android,2.1178293790458937,-0.5052765667772452,0.8141193388917181
182,37.7929475,-122.3964056,1568766772.0,2019-09-17T17:32:52-07:00,POINT (-122.3964056 37.7929475),7.7648954655488645,280.83069191599225,android,1.6125528122686485,0.30884277211447286,-0.657214350641879
183,37.7929607,-122.3964132,1568766773.0,2019-09-17T17:32:53-07:00,POINT (-122.3964132 37.7929607),7.260945614363129,282.3599918190358,android,1.9213955843831214,-0.3483715785274062,1.623979434808501
184,37.7929759,-122.3964236,1568766774.0,2019-09-17T17:32:54-07:00,POINT (-122.3964236 37.7929759),6.787145825464554,284.21960916822076,android,1.5730240058557152,1.2756078562810949,-2.9287710602709525
185,37.7929873,-122.3964342,1568766775.0,2019-09-17T17:32:55-07:00,POINT (-122.3964342 37.7929873),6.7167797514430445,284.60395654272213,android,2.84863186213681,-1.6531632039898576,2.007427619065184
186,37.793008,-122.3964533,1568766776.0,2019-09-17T17:32:56-07:00,POINT (-122.3964533 37.793008),7.393374928732647,285.55388956803574,android,1.1954686581469525,0.35426441507532647,-0.189330997825085
187,37.7930182,-122.3964576,1568766777.0,2019-09-17T17:32:57-07:00,POINT (-122.3964576 37.7930182),7.411836569150385,286.7471064061181,android,1.549733073222279,0.16493341725024147,-0.531037635227231
188,37.7930307,-122.3964654,1568766778.0,2019-09-17T17:32:58-07:00,POINT (-122.3964654 37.7930307),7.646812057868335,288.27678704845056,android,1.7146664904725204,-0.36610421797698955,1.541682075032709
189,37.7930431,-122.396477,1568766779.0,2019-09-17T17:32:59-07:00,POINT (-122.396477 37.7930431),8.166597433555472,291.36822066017623,android,1.3485622724955308,1.1755778570557194,-2.0264090888743675
190,37.7930523,-122.396487,1568766780.0,2019-09-17T17:33:00-07:00,POINT (-122.396487 37.7930523),8.467525840526411,292.68222589590505,android,2.5241401295512502,-0.8508312318186484,4.730662547588859
191,37.793075,-122.3964871,1568766781.0,2019-09-17T17:33:01-07:00,POINT (-122.3964871 37.793075),7.333221934509048,294.1899906443338,android,1.6733088977326018,3.879831315770211,-6.430387059729411
192,37.79308002154816,-122.39646914839214,1568766782.0,2019-09-17T17:33:02-07:00,POINT (-122.39646914839214 37.79308002154816),5.6599300677500235,294.1899906443338,android,5.553140213502813,-2.5505557439592,0.7600278261240219
193,37.7931299,-122.3964723,1568766783.0,2019-09-17T17:33:03-07:00,POINT (-122.3964723 37.7931299),5.937496692686667,296.6066354809984,android,3.0025844695436126,-1.7905279178351783,7.232177753655
194,37.7931569,-122.3964718,1568766784.0,2019-09-17T17:33:04-07:00,POINT (-122.3964718 37.7931569),6.412109265653178,298.78488588180346,android,1.2120565517084343,5.441649835819821,-2.429489951218695
195,37.7931678,-122.3964719,1568766785.0,2019-09-17T17:33:05-07:00,POINT (-122.3964719 37.7931678),6.8541797826897195,298.78488588180346,android,6.653706387528255,3.012159884601126,-3.9985007696747124
196,37.79312346464448,-122.39642104517645,1568766786.0,2019-09-17T17:33:06-07:00,POINT (-122.39642104517645 37.79312346464448),1.3685551371290525,296.6088215188765,android,9.665866272129382,-0.9863408850735862,3.112023238201461
197,37.7932043,-122.3964615,1568766787.0,2019-09-17T17:33:07-07:00,POINT (-122.3964615 37.7932043),8.780157577720933,298.78488588180346,android,8.679525387055795,2.125682353127875,-11.547394831412129
198,37.79314518619264,-122.39639699356862,1568766788.0,2019-09-17T17:33:08-07:00,POINT (-122.39639699356862 37.79314518619264),0.6376290273258655,298.78488588180346,android,10.80520774018367,-9.421712478284254,9.611338956194443
199,37.79323337557565,-122.39644863502313,1568766789.0,2019-09-17T17:33:09-07:00,POINT (-122.39644863502313 37.79323337557565),11.057206807348472,298.78488588180346,android,1.3834952618994165,0.18962647791018794,-0.4906370495025929
200,37.7932455,-122.3964451,1568766790.0,2019-09-17T17:33:10-07:00,POINT (-122.3964451 37.7932455),12.215036262695238,298.78488588180346,android,1.5731217398096045,-0.30101057159240496,0.6077564701139713
201,37.7932566,-122.396434,1568766791.0,2019-09-17T17:33:11-07:00,POINT (-122.396434 37.7932566),13.14596098809043,298.78488588180346,android,1.2721111682171995,0.3067458985215663,-0.5598221337995812
202,37.793263,-122.396422,1568766792.0,2019-09-17T17:33:12-07:00,POINT (-122.396422 37.793263),13.663109011735099,298.78488588180346,android,1.5788570667387658,-0.2530762352780149,-0.04125979542572766
203,37.7932732,-122.3964095,1568766793.0,2019-09-17T17:33:13-07:00,POINT (-122.3964095 37.7932732),14.694364091861488,298.78488588180346,android,1.3257808314607509,-0.2943360307037426,1.4892311086405141
204,37.7932835,-122.3964019,1568766794.0,2019-09-17T17:33:14-07:00,POINT (-122.3964019 37.7932835),15.821603834780312,298.78488588180346,android,1.0314448007570083,1.1948950779367715,-2.0189006386427484
205,37.793292,-122.3963972,1568766795.0,2019-09-17T17:33:15-07:00,POINT (-122.3963972 37.793292),16.7696281359081,298.78488588180346,android,2.22633987869378,-0.8240055607059769,1.4113680730309865
206,37.7933111,-122.3963896,1568766796.0,2019-09-17T17:33:16-07:00,POINT (-122.3963896 37.7933111),18.91450305787411,298.78488588180346,android,1.402334317987803,0.5873625123250097,-1.8879769679243132
207,37.79332099492154,-122.39637970507846,1568766797.0,2019-09-17T17:33:17-07:00,POINT (-122.39637970507846 37.79332099492154),20.07638372221028,298.78488588180346,android,1.9896968303128126,-1.3006144555993036,1.206582612365417
208,37.7933306,-122.3963606,1568766798.0,2019-09-17T17:33:18-07:00,POINT (-122.3963606 37.7933306),21.35804943432846,298.78488588180346,android,0.6890823747135092,-0.09403184323388647,0.673289529703594
209,37.793334596004286,-122.39635460599357,1568766799.0,2019-09-17T17:33:19-07:00,POINT (-122.39635460599357 37.793334596004286),21.88916234045824,298.78488588180346,android,0.5950505314796227,0.5792576864697075,-1.7334398145430385
210,37.7933382,-122.3963496,1568766800.0,2019-09-17T17:33:20-07:00,POINT (-122.3963496 37.7933382),22.368306770892417,298.78488588180346,android,1.1743082179493303,-1.1541821280733309,1.197433521726371
211,37.7933466,-122.3963415,1568766801.0,2019-09-17T17:33:21-07:00,POINT (-122.3963415 37.7933466),23.432466533522646,298.78488588180346,android,0.02012608987599935,0.0432513936530402,-0.027549317818980974
212,37.793357,-122.3963236,1568766898.0,2019-09-17T17:34:58-07:00,POINT (-122.3963236 37.793357),24.946070189184674,298.78488588180346,android,4.215511274220899,-2.6290324347881144,3.6518316588677484
213,37.793331941791436,-122.39635960074568,1568766899.0,2019-09-17T17:34:59-07:00,POINT (-122.39635960074568 37.793331941791436),21.519796492237663,298.78488588180346,android,1.5864788394327842,1.022799224079634,4.606386302896631
214,37.7933218,-122.3963723,1568766900.0,2019-09-17T17:35:00-07:00,POINT (-122.3963723 37.7933218),20.238650924080254,298.78488588180346,android,2.609278063512418,5.629185526976265,-6.515683088799098
215,37.7933046,-122.3963925,1568766901.0,2019-09-17T17:35:01-07:00,POINT (-122.3963925 37.7933046),18.181216784322885,298.78488588180346,android,8.238463590488683,-0.886497561822833,-4.263023013818386
216,37.7932442,-122.3964468,1568766902.0,2019-09-17T17:35:02-07:00,POINT (-122.3964468 37.7932442),12.126136856462761,298.78488588180346,android,7.35196602866585,-5.149520575641219,6.3035223471617545
217,37.7931901,-122.3964949,1568766903.0,2019-09-17T17:35:03-07:00,POINT (-122.3964949 37.7931901),9.84690521772789,298.78488588180346,android,2.2024454530246307,1.1540017715205355,-2.6941082608014595
218,37.793174,-122.3965095,1568766904.0,2019-09-17T17:35:04-07:00,POINT (-122.3965095 37.793174),10.167249155618004,298.78488588180346,android,3.356447224545166,-1.540106489280924,0.3085030125970789
219,37.7931499,-122.3965325,1568766905.0,2019-09-17T17:35:05-07:00,POINT (-122.3965325 37.7931499),11.520202167491703,297.9674197201512,android,1.8163407352642422,-1.231603476683845,1.8375485168491075
220,37.7931372,-122.3965455,1568766906.0,2019-09-17T17:35:06-07:00,POINT (-122.3965455 37.7931372),12.429785515082449,296.3963333552454,android,0.584737258580397,0.6059450401652623,-1.7541105076555619
221,37.7931334,-122.3965501,1568766907.0,2019-09-17T17:35:07-07:00,POINT (-122.3965501 37.7931334),12.763705167620605,295.91644253428774,android,1.1906822987456593,-1.1481654674902995,2.5656348390542973
222,37.7931247,-122.396558,1568766908.0,2019-09-17T17:35:08-07:00,POINT (-122.396558 37.7931247),13.29936851722031,294.8540637217056,android,0.042516831255359856,1.4174693715639977,-2.545708492410043
223,37.7931244,-122.3965577,1568766909.0,2019-09-17T17:35:09-07:00,POINT (-122.3965577 37.7931244),13.268063660628846,294.8253298807485,android,1.4599862028193575,-1.128239120846045,1.1601958861248756
224,37.79311376594534,-122.39656744590789,1568766910.0,2019-09-17T17:35:10-07:00,POINT (-122.39656744590789 37.79311376594534),13.946445027017417,294.1899906443338,android,0.3317470819733126,0.03195676527883062,0.2845591430103662
225,37.79311124474987,-122.39656946457302,1568766911.0,2019-09-17T17:35:11-07:00,POINT (-122.39656946457302 37.79311124474987),14.095617565087156,294.1899906443338,android,0.3637038472521432,0.31651590828919685,-0.2491251024828609
226,37.7931086,-122.3965719,1568766912.0,2019-09-17T17:35:12-07:00,POINT (-122.3965719 37.7931086),14.286625317667355,294.1899906443338,android,0.6802197555413401,0.06739080580633594,0.02926193873229488
227,37.79310424787407,-122.39657734015744,1568766913.0,2019-09-17T17:35:13-07:00,POINT (-122.39657734015744 37.79310424787407),14.741248639857572,294.1899906443338,android,0.747610561347676,0.09665274453863082,-0.596676391179377
228,37.79309959215677,-122.3965834784315,1568766914.0,2019-09-17T17:35:14-07:00,POINT (-122.3965834784315 37.79309959215677),15.274233244000113,294.1899906443338,android,0.8442633058863068,-0.5000236466407462,1.0358182337436428
229,37.79309398763236,-122.39658996042421,1568766915.0,2019-09-17T17:35:15-07:00,POINT (-122.39658996042421 37.79309398763236),15.858919704281071,294.1899906443338,android,0.34423965924556066,0.5357945871028966,-0.5475027420519842
230,37.7930917,-122.3965926,1568766916.0,2019-09-17T17:35:16-07:00,POINT (-122.3965926 37.7930917),16.103641990644995,294.1899906443338,android,0.8800342463484573,-0.011708154949087612,-0.019249367897357428
231,37.79308588395242,-122.39659939236869,1568766917.0,2019-09-17T17:35:17-07:00,POINT (-122.39659939236869 37.79308588395242),16.748724088824066,294.1899906443338,android,0.8683260913993697,-0.03095752284644504,-0.47062641998329413
232,37.7930809,-122.396607,1568766918.0,2019-09-17T17:35:18-07:00,POINT (-122.396607 37.7930809),17.47413828416217,294.1899906443338,android,0.8373685685529246,-0.5015839428297392,0.7863340579612403
233,37.79307597494571,-122.39661420913744,1568766919.0,2019-09-17T17:35:19-07:00,POINT (-122.39661420913744 37.79307597494571),18.176423422746613,294.1899906443338,android,0.33578462572318546,0.28475011513150117,-0.22047598713188088
234,37.793074,-122.39661710000001,1568766920.0,2019-09-17T17:35:20-07:00,POINT (-122.39661710000001 37.793074),18.461209210767432,294.1899906443338,android,0.6205347408546866,0.06427412799962029,0.017118948442272464
235,37.7930706,-122.3966227,1568766921.0,2019-09-17T17:35:21-07:00,POINT (-122.3966227 37.7930706),19.0094581435417,294.1899906443338,android,0.6848088688543069,0.08139307644189275,-0.14217669429854563
236,37.7930664,-122.3966284,1568766922.0,2019-09-17T17:35:22-07:00,POINT (-122.3966284 37.7930664),19.587395294343718,294.1899906443338,android,0.7662019452961997,-0.06078361785665287,0.12956227448207835
237,37.7930614,-122.3966344,1568766923.0,2019-09-17T17:35:23-07:00,POINT (-122.3966344 37.7930614),20.21648159688853,294.1899906443338,android,0.7054183274395468,0.06877865662542548,-0.5146076844819263
238,37.79305682042048,-122.39663995555547,1568766924.0,2019-09-17T17:35:24-07:00,POINT (-122.39663995555547 37.79305682042048),20.805879710792528,294.1899906443338,android,0.7741969840649723,-0.4458290278565008,0.2978631974961489
239,37.79305131494383,-122.39664534919063,1568766925.0,2019-09-17T17:35:25-07:00,POINT (-122.39664534919063 37.79305131494383),21.414160532329362,294.1899906443338,android,0.3283679562084715,-0.14796583036035188,0.16571715744052873
240,37.7930489,-122.3966475,1568766926.0,2019-09-17T17:35:26-07:00,POINT (-122.3966475 37.7930489),21.666029118534777,294.1899906443338,android,0.1804021258481196,0.01775132708017685,0.21451092617171008
241,37.793047281421536,-122.39664735925403,1568766927.0,2019-09-17T17:35:27-07:00,POINT (-122.39664735925403 37.793047281421536),21.70178164816921,294.1899906443338,android,0.19815345292829645,0.23226225325188693,-0.5060162441506653
242,37.7930455,-122.3966473,1568766928.0,2019-09-17T17:35:28-07:00,POINT (-122.3966473 37.7930455),21.750875816678025,294.1899906443338,android,0.4304157061801834,-0.2737539908987783,0.5308901819759657
243,37.7930419,-122.3966491,1568766929.0,2019-09-17T17:35:29-07:00,POINT (-122.3966491 37.7930419),22.016775463427884,294.1899906443338,android,0.15666171528140513,0.25713619107718744,-0.16099450651966574
244,37.7930405,-122.3966493,1568766930.0,2019-09-17T17:35:30-07:00,POINT (-122.3966493 37.7930405),22.079558784958525,294.1899906443338,android,0.4137979063585926,0.0961416845575217,1.2116541524137805
245,37.793037,-122.3966509,1568766931.0,2019-09-17T17:35:31-07:00,POINT (-122.3966509 37.793037),22.332513587382852,294.1899906443338,android,0.5099395909161143,1.307795836971302,-3.1255312648587186
246,37.7930329,-122.3966535,1568766932.0,2019-09-17T17:35:32-07:00,POINT (-122.3966535 37.7930329),22.695177276273334,294.1899906443338,android,1.8177354278874163,-1.8177354278874163,1.8177354278874163
247,37.79302613607381,-122.39667233289254,1568766933.0,2019-09-17T17:35:33-07:00,POINT (-122.39667233289254 37.79302613607381),24.508331866532995,294.1899906443338,android,0.0,0.0,0.0
