,latitude,longitude,ts,fmt_time,geometry,gt_distance,gt_projection,source,speed,acceleration,jerk
0,37.7910918,-122.3954971,1568249956.0,2019-09-11T17:59:16-07:00,POINT (-122.3954971 37.7910918),24.352881062759643,10.395339378890291,android,1.874849388219191,-1.2209406483130953,3.467948262598057
1,37.7911077,-122.3955042,1568249957.0,2019-09-11T17:59:17-07:00,POINT (-122.3955042 37.7911077),22.67215105678338,11.218828414912574,android,0.6539087399060955,2.2470076142849615,-3.641564908646719
2,37.79111346923098,-122.39550564230775,1568249958.0,2019-09-11T17:59:18-07:00,POINT (-122.39550564230775 37.79111346923098),22.133657258446718,11.587460618213479,android,2.900916354191057,-1.3945572943617575,2.257662911487674
3,37.791136893098326,-122.39549110724711,1568249959.0,2019-09-11T17:59:19-07:00,POINT (-122.39549110724711 37.791136893098326),21.230406574958874,14.339991307704576,android,1.5063590598292995,0.8631056171259166,-2.441269600804112
4,37.7911498,-122.3954859,1568249960.0,2019-09-11T17:59:20-07:00,POINT (-122.3954859 37.7911498),20.55639878268543,15.684121450126705,android,2.369464676955216,-1.5781639836781953,1.700375295736766
5,37.791170788659834,-122.39549055879078,1568249961.0,2019-09-11T17:59:21-07:00,POINT (-122.39549055879078 37.791170788659834),18.634363361659148,17.061454413314223,android,0.7913006932770207,0.12221131205857072,-0.027363741236070216
6,37.7911778,-122.3954921,1568249962.0,2019-09-11T17:59:22-07:00,POINT (-122.3954921 37.7911778),17.993249022238757,17.522486239555516,android,0.9135120053355914,0.0948475708225005,0.08520182317239677
7,37.791184951402094,-122.39549721682259,1568249963.0,2019-09-11T17:59:23-07:00,POINT (-122.39549721682259 37.791184951402094),17.116269107845604,17.774410909423572,android,1.008359576158092,0.18004939399489728,-0.1759695990181036
8,37.7912177,-122.3955369,1568249968.0,2019-09-11T17:59:28-07:00,POINT (-122.3955369 37.7912177),12.07766144509855,17.927163339556916,android,1.9086065461325783,-0.6997986010956208,1.1816791029922935
9,37.7912347,-122.3955339,1568249969.0,2019-09-11T17:59:29-07:00,POINT (-122.3955339 37.7912347),10.947107188930833,19.459909454566407,android,1.2088079450369575,0.48188050189667275,-1.255442734751632
10,37.791245,-122.3955295,1568249970.0,2019-09-11T17:59:30-07:00,POINT (-122.3955295 37.791245),10.424618926598026,20.547613739702722,android,1.6906884469336303,-0.7735622328549592,2.0591990353114324
11,37.7912591,-122.3955223,1568249971.0,2019-09-11T17:59:31-07:00,POINT (-122.3955223 37.7912591),9.783411667001088,22.109076753166516,android,0.9171262140786711,1.2856368024564733,-2.756929549906091
12,37.791267063985835,-122.39551958507595,1568249972.0,2019-09-11T17:59:32-07:00,POINT (-122.39551958507595 37.791267063985835),9.336182267488367,22.90777147603298,android,2.2027630165351444,-1.4712927474496178,1.5323240334660457
13,37.79128544433455,-122.39551023497562,1568249973.0,2019-09-11T17:59:33-07:00,POINT (-122.39551023497562 37.79128544433455),8.498082004310433,24.94105572590023,android,0.7314702690855267,0.06103128601642793,-0.15286139306865942
14,37.7912914,-122.3955067,1568249974.0,2019-09-11T17:59:34-07:00,POINT (-122.3955067 37.7912914),8.258315171031635,25.63100916062765,android,0.7925015551019546,-0.09183010705223149,0.7390735088105976
15,37.7912965,-122.3955004,1568249975.0,2019-09-11T17:59:35-07:00,POINT (-122.3955004 37.7912965),8.258943565498823,26.423404873194514,android,0.7006714480497231,0.6472434017583661,1.1819214982774293
16,37.79130180649619,-122.39549609990826,1568249976.0,2019-09-11T17:59:36-07:00,POINT (-122.39549609990826 37.79130180649619),8.117702031070332,27.109005111586477,android,1.3479148498080893,1.8291649000357955,-3.3852920581066486
17,37.79131230383275,-122.39548842857144,1568249977.0,2019-09-11T17:59:37-07:00,POINT (-122.39548842857144 37.79131230383275),7.785746954040817,28.41382954006303,android,3.1770797498438847,-1.5561271580708531,1.4911635261968303
18,37.7913352,-122.3954668,1568249978.0,2019-09-11T17:59:38-07:00,POINT (-122.3954668 37.7913352),7.369805362409294,31.561385639584884,android,1.6209525917730316,-0.06496363187402276,-0.24993772842775797
19,37.791345549750005,-122.39545380927929,1568249979.0,2019-09-11T17:59:39-07:00,POINT (-122.39545380927929 37.791345549750005),7.384025220287067,33.182114212117085,android,1.5559889598990089,-0.31490136030178073,0.16062383527562019
20,37.7913539,-122.3954396,1568249980.0,2019-09-11T17:59:40-07:00,POINT (-122.3954396 37.7913539),7.630098989424687,34.719344019981264,android,1.2410875995972281,-0.15427752502616054,0.40670749317878974
21,37.7913607,-122.3954284,1568249981.0,2019-09-11T17:59:41-07:00,POINT (-122.3954284 37.7913607),7.807125260935361,35.948315961839405,android,1.0868100745710676,0.2524299681526292,-0.25243002195344366
22,37.7913678,-122.3954199,1568249982.0,2019-09-11T17:59:42-07:00,POINT (-122.3954199 37.7913678),7.790971878089278,37.03478976854156,android,1.3392400427236968,-5.3800814470150726e-08,1.0189769968515705
23,37.79137782178616,-122.39541144684125,1568249983.0,2019-09-11T17:59:43-07:00,POINT (-122.39541144684125 37.79137782178616),7.545117691840566,38.35005606353704,android,1.3392399889228823,1.018976943050756,-0.7815094015142323
24,37.79138784357232,-122.39540299368247,1568249984.0,2019-09-11T17:59:44-07:00,POINT (-122.39540299368247 37.79138784357232),7.299263313352341,39.665322272512476,android,2.3582169319736384,0.23746754153652372,-1.6839354372901063
25,37.7914064,-122.39539,1568249985.0,2019-09-11T17:59:45-07:00,POINT (-122.39539 37.7914064),6.676766104945882,41.93696516530787,android,2.595684473510162,-1.4464678957535826,2.6796676007693985
26,37.7914274,-122.3953771,1568249986.0,2019-09-11T17:59:46-07:00,POINT (-122.3953771 37.7914274),5.859434872649739,44.39046034802589,android,1.1492165777565795,1.2331997050158159,-2.256014656357473
27,37.7914365,-122.3953709,1568249987.0,2019-09-11T17:59:47-07:00,POINT (-122.3953709 37.7914365),5.544493638729429,45.49419917799685,android,2.3824162827723954,-1.022814951341657,4.063894154429967
28,37.79145757539597,-122.39536601811237,1568249988.0,2019-09-11T17:59:48-07:00,POINT (-122.39536601811237 37.79145757539597),4.218136657016681,47.46738391328089,android,1.3596013314307385,3.0410792030883105,-6.120287006939574
29,37.7914698,-122.3953657,1568249989.0,2019-09-11T17:59:49-07:00,POINT (-122.3953657 37.7914698),3.290465772140113,48.45727350188831,android,4.400680534519049,-3.079207803851263,2.8473413584630567
30,37.7915083,-122.3953773,1568249990.0,2019-09-11T17:59:50-07:00,POINT (-122.3953773 37.7915083),0.4249089021648506,50.799534186463305,android,1.3214727306677856,-0.23186644538820622,3.2946167557084642
31,37.7915189,-122.3953841,1568249991.0,2019-09-11T17:59:51-07:00,POINT (-122.3953841 37.7915189),1.6749967953172786,51.222556016523754,android,1.0896062852795794,3.062750310320258,-5.474045844645133
32,37.791527720881604,-122.39538950053976,1568249992.0,2019-09-11T17:59:52-07:00,POINT (-122.39538950053976 37.791527720881604),2.6990082059664084,51.590458465038076,android,4.152356595599837,-2.4112955343248754,3.805593832882832
33,37.791564,-122.3954007,1568249993.0,2019-09-11T17:59:53-07:00,POINT (-122.3954007 37.791564),6.21697901883673,53.78108149418067,android,1.7410610612749617,1.3942982985579566,-2.842638186919003
34,37.7915796,-122.3954024,1568249994.0,2019-09-11T17:59:54-07:00,POINT (-122.3954024 37.7915796),7.533445146270901,54.914734110524506,android,3.1353593598329184,-1.448339888361046,1.2220817555637495
35,37.79160735960597,-122.39540866011698,1568249995.0,2019-09-11T17:59:55-07:00,POINT (-122.39540866011698 37.79160735960597),10.079818172280985,56.73300255712114,android,1.6870194714718723,-0.22625813279729656,0.9195604966961051
36,37.7916223,-122.395412,1568249996.0,2019-09-11T17:59:56-07:00,POINT (-122.395412 37.7916223),11.448443194024591,57.71341189218708,android,1.4607613386745757,0.6933023638988085,-1.368083911993565
37,37.791635200795525,-122.39541513784256,1568249997.0,2019-09-11T17:59:57-07:00,POINT (-122.39541513784256 37.791635200795525),12.646222653713895,58.54435940145979,android,2.154063702573384,-0.6747815480947565,0.7233910865710913
38,37.791654550000004,-122.39541395,1568249998.0,2019-09-11T17:59:58-07:00,POINT (-122.39541395 37.791654550000004),14.07144172516597,60.153266471441725,android,1.4792821544786277,0.04860953847633476,-0.4489254066600854
39,37.7916677,-122.39541140000001,1568249999.0,2019-09-11T17:59:59-07:00,POINT (-122.39541140000001 37.7916677),14.930268691495849,61.35391762653177,android,1.5278916929549624,-0.40031586818375064,0.7626187769818427
40,37.791677,-122.3953986,1568250000.0,2019-09-11T18:00:00-07:00,POINT (-122.3953986 37.791677),14.844988058831513,62.87957037554456,android,1.1275758247712118,0.362302908798092,-0.5973482073689378
41,37.7916848,-122.3953904,1568250001.0,2019-09-11T18:00:01-07:00,POINT (-122.3953904 37.7916848),14.933170287357475,64.00316392488017,android,1.4898787335693038,-0.23504529857084577,0.29070693433719064
42,37.791696797964335,-122.39538285217427,1568250002.0,2019-09-11T18:00:02-07:00,POINT (-122.39538285217427 37.791696797964335),15.387878301917779,65.41984520847805,android,1.254833434998458,0.055661635766344864,-0.2539005692484908
43,37.79170756150594,-122.39537856141986,1568250003.0,2019-09-11T18:00:03-07:00,POINT (-122.39537856141986 37.79170756150594),15.952047973185863,66.53816595167751,android,1.3104950707648029,-0.19823893348214594,-0.3897309798305918
44,37.79170876547809,-122.3953637256076,1568250004.0,2019-09-11T18:00:04-07:00,POINT (-122.3953637256076 37.79170876547809),15.110892520730244,67.5464478099501,android,1.112256137282657,-0.5879699133127377,0.9843539940882889
45,37.79171305552195,-122.3953522910597,1568250005.0,2019-09-11T18:00:05-07:00,POINT (-122.3953522910597 37.79171305552195),14.723226220375807,68.59043438583343,android,0.5242862239699192,0.3963840807755512,-0.8523912014619593
46,37.7917149,-122.3953468,1568250006.0,2019-09-11T18:00:06-07:00,POINT (-122.3953468 37.7917149),14.520342563980893,69.0746552525049,android,0.9206703047454704,-0.45600712068640814,1.4343044845274089
47,37.7917223,-122.3953421,1568250007.0,2019-09-11T18:00:07-07:00,POINT (-122.3953421 37.7917223),14.797977200441364,69.9511744645764,android,0.46466318405906226,0.9782973638410006,0.6393487350994926
48,37.7917261,-122.3953399,1568250008.0,2019-09-11T18:00:08-07:00,POINT (-122.3953399 37.7917261),14.953995363248024,70.38814329328855,android,1.442960547900063,1.6176460989404933,-2.585029831309847
49,37.791721,-122.3953248,1568250009.0,2019-09-11T18:00:09-07:00,POINT (-122.3953248 37.791721),13.607485957425897,70.91230554007792,android,3.060606646840556,-0.9673837323693539,-0.3873871057541667
50,37.7917107,-122.3952925,1568250010.0,2019-09-11T18:00:10-07:00,POINT (-122.3952925 37.7917107),10.774437926788965,72.08188815969919,android,2.0932229144712022,-1.3547708381235206,1.1347581752686162
51,37.7917115,-122.3952687,1568250011.0,2019-09-11T18:00:11-07:00,POINT (-122.3952687 37.7917115),9.337320943409217,73.60959425350705,android,0.7384520763476816,-0.22001266285490428,1.619445371869026
52,37.7917113,-122.3952603,1568250012.0,2019-09-11T18:00:12-07:00,POINT (-122.3952603 37.7917113),8.792708977699858,74.11049836129571,android,0.5184394134927773,1.3994327090141216,-0.3000950399720492
53,37.7917113,-122.3952544,1568250013.0,2019-09-11T18:00:13-07:00,POINT (-122.3952544 37.7917113),8.421074317415396,74.47347407552911,android,1.917872122506899,1.0993376690420724,-1.8240917493148137
54,37.7917066,-122.3952334,1568250014.0,2019-09-11T18:00:14-07:00,POINT (-122.3952334 37.7917066),6.733940501420325,75.39236322694669,android,3.0172097915489715,-0.7247540802727412,-1.0550186914837871
55,37.7916934,-122.3952034,1568250015.0,2019-09-11T18:00:15-07:00,POINT (-122.3952034 37.7916934),3.8209456691118886,76.19026492639989,android,2.2924557112762303,-1.7797727717565284,2.263306922782765
56,37.7916917,-122.3951774,1568250016.0,2019-09-11T18:00:16-07:00,POINT (-122.3951774 37.7916917),2.0514420967275617,77.65488451259871,android,0.512682939519702,0.48353415102623676,0.17528943493268134
57,37.791690014606864,-122.39517196928877,1568250017.0,2019-09-11T18:00:17-07:00,POINT (-122.39517196928877 37.791690014606864),1.5787077781872991,77.85521280027675,android,0.9962170905459388,0.6588235859589181,-1.26053345531025
58,37.791692469078875,-122.39516106578981,1568250018.0,2019-09-11T18:00:18-07:00,POINT (-122.39516106578981 37.791692469078875),1.0821911454548405,78.72083265786381,android,1.6550406765048569,-0.6017098693513319,0.3011713728554719
59,37.791688,-122.3951431,1568250019.0,2019-09-11T18:00:19-07:00,POINT (-122.3951431 37.791688),0.3959185043976757,79.4713841031506,android,1.053330807153525,-0.30053849649585995,-0.12076915185360693
60,37.791689694915384,-122.39513130621376,1568250020.0,2019-09-11T18:00:20-07:00,POINT (-122.39513130621376 37.791689694915384),1.0073976145220014,80.33148676745395,android,0.752792310657665,-0.4213076483494669,0.8420071801872931
61,37.7916905,-122.3951228,1568250021.0,2019-09-11T18:00:21-07:00,POINT (-122.3951228 37.7916905),1.4807802139988135,80.9187038985252,android,0.3314846623081982,0.42069953183782627,1.7251884232574421
62,37.7916928,-122.3951204,1568250022.0,2019-09-11T18:00:22-07:00,POINT (-122.3951204 37.7916928),1.4536462022253749,81.24891562737821,android,0.7521841941460244,2.1458879550952683,-2.281114935776913
63,37.7916989,-122.3951167,1568250023.0,2019-09-11T18:00:23-07:00,POINT (-122.3951167 37.7916989),1.2138030567390277,81.96072659326964,android,2.8980721492412926,-0.13522698068164463,-1.0025742315223092
64,37.7916836,-122.39509,1568250024.0,2019-09-11T18:00:24-07:00,POINT (-122.39509 37.7916836),4.08173630512429,82.38892590101295,android,2.762845168559648,-1.1378012122039538,0.6609928752766896
65,37.791667986278796,-122.39506554151187,1568250025.0,2019-09-11T18:00:25-07:00,POINT (-122.39506554151187 37.791667986278796),6.832800777651198,82.65432393782703,android,1.6250439563556942,-0.47680833692726415,0.8734638299715197
66,37.79165181320766,-122.39503473270469,1568250027.0,2019-09-11T18:00:27-07:00,POINT (-122.39503473270469 37.79165181320766),10.027228283956525,83.2660063642247,android,0.6714272825011659,1.2701193230157752,-1.2124629950281764
67,37.7916508,-122.3950272,1568250028.0,2019-09-11T18:00:28-07:00,POINT (-122.3950272 37.7916508),10.580253432919655,83.64900741074764,android,1.941546605516941,0.05765632798759879,-0.09977365279461078
68,37.79164003766825,-122.39500980089701,1568250029.0,2019-09-11T18:00:29-07:00,POINT (-122.39500980089701 37.79164003766825),12.510552107387682,83.86517772320322,android,1.9992029335045398,-0.042117324807012003,-0.17624968340681366
69,37.79158410052542,-122.39492074851074,1568250034.0,2019-09-11T18:00:34-07:00,POINT (-122.39492074851074 37.79158410052542),22.45638547923981,84.90387113696049,android,1.7886163094694798,-0.9233657418410803,1.1630350728016268
70,37.79159330815819,-122.39490405825612,1568250035.0,2019-09-11T18:00:35-07:00,POINT (-122.39490405825612 37.79159330815819),22.793862286301508,86.66152860841714,android,0.8652505676283995,0.23966933096054643,-0.423864259778154
71,37.7915981,-122.3948963,1568250036.0,2019-09-11T18:00:36-07:00,POINT (-122.3948963 37.7915981),22.91105752961713,87.51917634497272,android,1.104919898588946,-0.18419492881760757,0.8231687574524897
72,37.7916047,-122.3948869,1568250037.0,2019-09-11T18:00:37-07:00,POINT (-122.3948869 37.7916047),22.99148647443526,88.62134735281454,android,0.9207249697713383,0.6389738286348822,-1.564389227950021
73,37.79160994509783,-122.39487879215714,1568250038.0,2019-09-11T18:00:38-07:00,POINT (-122.39487879215714 37.79160994509783),23.095562802169287,89.53647887216596,android,1.5596987984062205,-0.9254153993151389,1.5194748605757185
74,37.7916054,-122.394862,1568250039.0,2019-09-11T18:00:39-07:00,POINT (-122.394862 37.7916054),24.50563920869038,90.20879826892364,android,0.6342833990910816,0.5940594612605794,-0.29700682712111404
75,37.7916342,-122.3948386,1568250045.0,2019-09-11T18:00:45-07:00,POINT (-122.3948386 37.7916342),23.74685203414099,93.93437153365568,android,4.198640166654558,-1.1879815014661048,0.3601111744242882
76,37.791668,-122.3948599,1568250046.0,2019-09-11T18:00:46-07:00,POINT (-122.3948599 37.791668),19.784843115294347,95.30679628695415,android,3.010658665188453,-0.8278703270418166,1.8546024789868891
77,37.7916919,-122.394876,1568250047.0,2019-09-11T18:00:47-07:00,POINT (-122.394876 37.7916919),16.917874845128537,96.21333354291053,android,2.1827883381466364,1.0267321519450725,0.5738392362207376
78,37.7917093,-122.3948875,1568250048.0,2019-09-11T18:00:48-07:00,POINT (-122.3948875 37.7917093),14.844568124729719,96.88694063340894,android,3.209520490091709,1.6005713881658101,-3.1183606019433605
79,37.791736528572514,-122.3948996197939,1568250049.0,2019-09-11T18:00:49-07:00,POINT (-122.3948996197939 37.791736528572514),11.97026070643012,98.3025493550621,android,4.810091878257519,-1.5177892137775504,-0.8784227794994979
80,37.7917785413433,-122.3949126604242,1568250050.0,2019-09-11T18:00:50-07:00,POINT (-122.3949126604242 37.7917785413433),7.891805377477295,100.83498674785312,android,3.2923026644799687,-2.3962119932770483,2.661415064481738
81,37.791807,-122.394923,1568250051.0,2019-09-11T18:00:51-07:00,POINT (-122.394923 37.791807),5.034270155760659,102.45775511418998,android,0.8960906712029205,0.2652030712046899,1.492640941931569
82,37.791814566302264,-122.39492651014021,1568250052.0,2019-09-11T18:00:52-07:00,POINT (-122.39492651014021 37.791814566302264),4.22659315425494,102.84237307795875,android,1.1612937424076104,1.757844013136259,-0.08484614474056706
83,37.7918243,-122.3949313,1568250053.0,2019-09-11T18:00:53-07:00,POINT (-122.3949313 37.7918243),3.1702809526141587,103.32029553841625,android,2.9191377555438693,1.6729978683956919,-3.9526614573458287
84,37.7918489,-122.3949429,1568250054.0,2019-09-11T18:00:54-07:00,POINT (-122.3949429 37.7918489),0.6369430220578478,104.20975444234708,android,4.592135623939561,-2.279663588950137,0.9321027295823305
85,37.7918877,-122.3949608,1568250055.0,2019-09-11T18:00:55-07:00,POINT (-122.3949608 37.7918877),2.3216993740101937,107.81676661412098,android,2.3124720349894243,-1.3475608593678063,2.193944247232009
86,37.7919067,-122.3949715,1568250056.0,2019-09-11T18:00:56-07:00,POINT (-122.3949715 37.7919067),3.167792262838201,109.96519404009464,android,0.9649111756216179,0.8463833878642028,-0.6190035525175089
87,37.7919143,-122.3949768,1568250057.0,2019-09-11T18:00:57-07:00,POINT (-122.3949768 37.7919143),3.4433661887032057,110.88870409799222,android,1.8112945634858206,0.22737983534669381,0.2259936484177938
88,37.7919285,-122.3949869,1568250058.0,2019-09-11T18:00:58-07:00,POINT (-122.3949869 37.7919285),3.9460905836448466,112.62662043055403,android,2.0386743988325144,0.4533734837644876,-0.3634281985607535
89,37.7919461,-122.3949934,1568250059.0,2019-09-11T18:00:59-07:00,POINT (-122.3949934 37.7919461),4.940098632035683,114.4022168764138,android,2.492047882597002,0.08994528520373413,-1.8367819732944475
90,37.791968438564915,-122.39499568654708,1568250060.0,2019-09-11T18:01:00-07:00,POINT (-122.39499568654708 37.791968438564915),6.56926434642425,116.28087544922005,android,2.581993167800736,-1.7468366880907134,2.128924925208167
91,37.7919912,-122.3950015,1568250061.0,2019-09-11T18:01:01-07:00,POINT (-122.3950015 37.7919912),8.014572481861226,118.41415232496072,android,0.8351564797100227,0.38208823711745377,-0.1187283125538473
92,37.7919983,-122.3950046,1568250062.0,2019-09-11T18:01:02-07:00,POINT (-122.3950046 37.7919983),8.386114944579406,119.16049123994355,android,1.2172447168274765,0.26335992456360646,1.0961492273585902
93,37.79200801306307,-122.39501098914414,1568250063.0,2019-09-11T18:01:03-07:00,POINT (-122.39501098914414 37.79200801306307),8.762002139074257,120.31659430275344,android,1.480604641391083,1.3595091519221967,-2.914274331326679
94,37.7920209553329,-122.39501495007733,1568250064.0,2019-09-11T18:01:04-07:00,POINT (-122.39501495007733 37.7920209553329),9.543421015460295,121.57079722898713,android,2.8401137933132796,-1.5547651794044821,1.8013041082101104
95,37.79204639803157,-122.39501779391765,1568250065.0,2019-09-11T18:01:05-07:00,POINT (-122.39501779391765 37.79204639803157),11.384209727494644,123.72557460211253,android,1.2853486139087975,0.24653892880562833,-0.8342541378061795
96,37.7920578,-122.3950202,1568250066.0,2019-09-11T18:01:06-07:00,POINT (-122.3950202 37.7920578),12.139403092723256,124.76238190170245,android,1.5318875427144258,-0.5877152090005512,0.44400298696941964
97,37.79207085290773,-122.3950257760034,1568250067.0,2019-09-11T18:01:07-07:00,POINT (-122.3950257760034 37.79207085290773),12.830051404897919,126.12673497213741,android,0.9441723337138747,-0.14371222203113154,0.16651431527426686
98,37.7920784,-122.3950307,1568250068.0,2019-09-11T18:01:08-07:00,POINT (-122.3950307 37.7920784),13.12460752187155,127.02249155641655,android,0.8004601116827431,0.022802093243135313,0.12284129474267325
99,37.7920831,-122.3950376,1568250069.0,2019-09-11T18:01:09-07:00,POINT (-122.3950376 37.7920831),13.071780485595294,127.82138874210212,android,0.8232622049258784,0.14564338798580856,-0.5818788147006931
100,37.7920845,-122.3950468,1568250070.0,2019-09-11T18:01:10-07:00,POINT (-122.3950468 37.7920845),12.615714205699497,128.5086258574005,android,0.968905592911687,-0.4362354267148846,0.8188636332958327
101,37.7920869,-122.3950574,1568250071.0,2019-09-11T18:01:11-07:00,POINT (-122.3950574 37.7920869),12.152604380571,129.36155983735037,android,0.5326701661968024,0.3826282065809481,0.5387194111428347
102,37.792088,-122.3950633,1568250072.0,2019-09-11T18:01:12-07:00,POINT (-122.3950633 37.792088),11.8761472810309,129.81798942023926,android,0.9152983727777505,0.9213476177237828,-1.8492127935111342
103,37.792091,-122.395073,1568250073.0,2019-09-11T18:01:13-07:00,POINT (-122.395073 37.792091),11.516048589294948,130.66092783180136,android,1.8366459905015333,-0.9278651757873514,1.722027652226297
104,37.792099504128814,-122.39509091849104,1568250074.0,2019-09-11T18:01:14-07:00,POINT (-122.39509091849104 37.792099504128814),11.085582726737858,132.4481228868259,android,0.9087808147141819,0.7941624764389456,-1.7183250564491546
105,37.7921072,-122.3950944,1568250075.0,2019-09-11T18:01:15-07:00,POINT (-122.3950944 37.7921072),11.480829918772734,133.26472802267324,android,1.7029432911531275,-0.924162580010209,1.7621395159675395
106,37.7921168,-122.3951095,1568250076.0,2019-09-11T18:01:16-07:00,POINT (-122.3951095 37.7921168),11.310905566310225,134.95980053145493,android,0.7787807111429185,0.8379769359573305,-1.5686183273031626
107,37.79211893358057,-122.39511794155788,1568250077.0,2019-09-11T18:01:17-07:00,POINT (-122.39511794155788 37.79211893358057),10.959711534723668,135.65631768497957,android,1.616757647100249,-0.7306413913458323,1.8503567301998165
108,37.79212173440485,-122.39513599626392,1568250078.0,2019-09-11T18:01:18-07:00,POINT (-122.39513599626392 37.79212173440485),10.06892672720052,137.00914358534956,android,0.8861162557544167,1.1197153388539842,-2.06445494043259
109,37.7921297,-122.3951357,1568250079.0,2019-09-11T18:01:19-07:00,POINT (-122.3951357 37.7921297),10.718372906481324,137.609144122994,android,2.005831594608401,-0.9447396015786058,0.504141275030531
110,37.792144763301266,-122.3951231409942,1568250080.0,2019-09-11T18:01:20-07:00,POINT (-122.3951231409942 37.792144763301266),12.685993715814677,137.98927327268424,android,1.061091993029795,-0.44059832654807485,1.3422306820193004
111,37.7921524,-122.3951159,1568250081.0,2019-09-11T18:01:21-07:00,POINT (-122.3951159 37.7921524),13.737385101639715,138.12703639596592,android,0.6204936664817202,0.9016323554712256,-1.9288793195234755
112,37.792157424500395,-122.39511897202429,1568250082.0,2019-09-11T18:01:22-07:00,POINT (-122.39511897202429 37.792157424500395),13.946192161082527,138.7104262529677,android,1.5221260219529458,-1.02724696405225,1.1409583491550195
113,37.792165,-122.3951334,1568250083.0,2019-09-11T18:01:23-07:00,POINT (-122.3951334 37.792165),13.657266249387016,140.20601204183706,android,0.49487905790069575,0.11371138510276957,0.0590122486506561
114,37.79216921052646,-122.39513157543855,1568250084.0,2019-09-11T18:01:24-07:00,POINT (-122.39513157543855 37.79216921052646),14.103353426377874,140.41828212362327,android,0.6085904430034653,0.17272363375342567,0.2576005710399519
115,37.7921824,-122.3951192,1568250087.0,2019-09-11T18:01:27-07:00,POINT (-122.3951192 37.7921824),15.911179923595071,140.66442811519383,android,1.1267613442637423,0.9455253468732814,-2.0081284208101913
116,37.7921838,-122.3951319,1568250088.0,2019-09-11T18:01:28-07:00,POINT (-122.3951319 37.7921838),15.239408578997315,141.571749746788,android,2.0722866911370237,-1.0626030739369097,1.2323459684496063
117,37.79217866523265,-122.39515457061022,1568250089.0,2019-09-11T18:01:29-07:00,POINT (-122.39515457061022 37.79217866523265),13.435334998078504,142.59852958553427,android,1.009683617200114,0.16974289451269675,0.06821641431357989
118,37.79217089512196,-122.39517534207287,1568250091.0,2019-09-11T18:01:31-07:00,POINT (-122.39517534207287 37.79217089512196),11.539484212362359,143.3012208954073,android,1.3491694062255075,0.3061757231398565,0.8979826538235474
119,37.7921662,-122.3951895,1568250092.0,2019-09-11T18:01:32-07:00,POINT (-122.3951895 37.7921662),10.294887909397806,143.82685594346316,android,1.655345129365364,1.2041583769634039,-2.6048843024813566
120,37.792160984249946,-122.3952071443865,1568250093.0,2019-09-11T18:01:33-07:00,POINT (-122.3952071443865 37.792160984249946),8.794165665438953,144.53129154796957,android,2.859503506328768,-1.400725925517953,2.6612109731634277
121,37.7921547,-122.3952387,1568250094.0,2019-09-11T18:01:34-07:00,POINT (-122.3952387 37.7921547),6.3514224049900125,146.02750366596888,android,1.458777580810815,1.2604850476454748,-2.5783966914919145
122,37.7921515,-122.3952548,1568250095.0,2019-09-11T18:01:35-07:00,POINT (-122.3952548 37.7921515),5.105608048329069,146.7913753665817,android,2.7192626284562897,-1.3179116438464398,1.9381023604343035
123,37.792146827189036,-122.39528517603631,1568250096.0,2019-09-11T18:01:36-07:00,POINT (-122.39528517603631 37.792146827189036),2.8632523683270956,148.33856393472547,android,1.40135098460985,0.6201907165878637,0.45976717341257434
124,37.7921443,-122.3953008,1568250097.0,2019-09-11T18:01:37-07:00,POINT (-122.3953008 37.7921443),1.7000896529451344,149.12475471382868,android,2.0215417011977137,1.079957890000438,-2.8391378482303455
125,37.7921409,-122.3953234,1568250098.0,2019-09-11T18:01:38-07:00,POINT (-122.3953234 37.7921409),0.037830783332663896,150.28182501229986,android,3.1014995911981518,-1.7591799582299072,1.7949511347564406
126,37.7921337,-122.3953575,1568250099.0,2019-09-11T18:01:39-07:00,POINT (-122.3953575 37.7921337),2.634285846151939,151.86691626758613,android,1.3423196329682445,0.03577117652653339,-0.3502020616998185
127,37.79212947586238,-122.39537181034376,1568250100.0,2019-09-11T18:01:40-07:00,POINT (-122.39537181034376 37.79212947586238),3.850954502808625,152.43871623606816,android,1.378090809494778,-0.3144308851732851,1.174102259475452
128,37.792125039927924,-122.39538645452254,1568250101.0,2019-09-11T18:01:41-07:00,POINT (-122.39538645452254 37.792125039927924),5.1049801171668365,153.01505984592623,android,1.0636599243214928,0.8596713743021669,-0.9674197059468901
129,37.7921215,-122.3953977,1568250102.0,2019-09-11T18:01:42-07:00,POINT (-122.3953977 37.7921215),6.078543775413728,153.44727395947726,android,1.9233312986236597,-0.1077483316447232,0.10126616341197181
130,37.7921169,-122.3954188,1568250103.0,2019-09-11T18:01:43-07:00,POINT (-122.3954188 37.7921169),7.7434437622295205,154.41682893087108,android,1.8155829669789365,-0.006482168232751384,-0.7196879513821512
131,37.7921128,-122.3954388,1568250104.0,2019-09-11T18:01:44-07:00,POINT (-122.3954388 37.7921128),9.300930608357376,155.3560457740687,android,1.8091007987461851,-0.7261701196149026,0.8991879123904414
132,37.79212830297039,-122.39543255445538,1568250105.0,2019-09-11T18:01:45-07:00,POINT (-122.39543255445538 37.79212830297039),7.687569508589272,156.1673149634119,android,1.0829306791312825,0.17301779277553875,-0.1859831954314839
133,37.79213777477523,-122.39543542162177,1568250106.0,2019-09-11T18:01:46-07:00,POINT (-122.39543542162177 37.79213777477523),7.113733206322308,157.08321111239036,android,1.2559484719068212,-0.012965402655945146,-0.03498996667585419
134,37.7921423894333,-122.39544846746034,1568250107.0,2019-09-11T18:01:47-07:00,POINT (-122.39544846746034 37.7921423894333),7.552088305869637,158.26194070274428,android,1.242983069250876,-0.047955369331799336,-0.3496520795734479
135,37.7921438,-122.3954625,1568250108.0,2019-09-11T18:01:48-07:00,POINT (-122.3954625 37.7921438),8.305144249342067,159.25387802899064,android,1.1950276999190768,-0.39760744890524724,0.3763233885655993
136,37.7921451,-122.395476,1568250109.0,2019-09-11T18:01:49-07:00,POINT (-122.395476 37.7921451),9.04882674997253,159.68841008344455,android,0.7974202510138295,-0.021284060339647914,1.1954672058470557
137,37.79214687619905,-122.39548479218529,1568250110.0,2019-09-11T18:01:50-07:00,POINT (-122.39548479218529 37.79214687619905),9.494639596784204,160.26349838744295,android,0.7761361906741816,1.1741831455074077,-2.1295654989518256
138,37.7921474,-122.3954936,1568250111.0,2019-09-11T18:01:51-07:00,POINT (-122.3954936 37.7921474),10.034443116416375,160.82332077405786,android,1.9503193361815894,-0.955382353444418,1.4019087349646087
139,37.79214774289081,-122.3955157911233,1568250112.0,2019-09-11T18:01:52-07:00,POINT (-122.3955157911233 37.79214774289081),11.466645909941228,162.15293457589232,android,0.9949369827371713,0.44652638152019064,1.4434204612128565
140,37.7921473,-122.3955271,1568250113.0,2019-09-11T18:01:53-07:00,POINT (-122.3955271 37.7921473),12.242152109172865,162.77940296263046,android,1.441463364257362,1.8899468427330472,-4.090313119756517
141,37.7921476,-122.3955435,1568250114.0,2019-09-11T18:01:54-07:00,POINT (-122.3955435 37.7921476),13.297155949562729,163.76588972261868,android,3.3314102069904092,-2.2003662770234698,1.752080265649543
142,37.792172,-122.3955655,1568250115.0,2019-09-11T18:01:55-07:00,POINT (-122.3955655 37.792172),12.939191358539407,167.07543724646095,android,1.1310439299669397,-0.4482860113739269,1.0843045283470159
143,37.7921815,-122.3955701,1568250116.0,2019-09-11T18:01:56-07:00,POINT (-122.3955701 37.7921815),12.539356231524987,168.13145873906086,android,0.6827579185930128,0.636018516973089,0.14332883143687436
144,37.7921862,-122.3955751,1568250117.0,2019-09-11T18:01:57-07:00,POINT (-122.3955751 37.7921862),12.520472215488017,168.81365260498544,android,1.3187764355661018,0.7793473484099633,-0.8077169318451258
145,37.7921949,-122.3955853,1568250118.0,2019-09-11T18:01:58-07:00,POINT (-122.3955853 37.7921949),12.547564224825585,170.13183075305687,android,2.098123783976065,-0.028369583435162493,-0.0387351710786592
146,37.79221233414486,-122.39559443270063,1568250119.0,2019-09-11T18:01:59-07:00,POINT (-122.39559443270063 37.79221233414486),11.811576113085236,172.77056255263108,android,2.0697542005409026,-0.0671047545138217,-0.1458940839549987
147,37.7922306,-122.3955899,1568250120.0,2019-09-11T18:02:00-07:00,POINT (-122.3955899 37.7922306),10.097279158392709,173.92282334017682,android,2.002649446027081,-0.2129988384688204,-0.5275655175795855
148,37.792248596210975,-122.3955908,1568250121.0,2019-09-11T18:02:01-07:00,POINT (-122.3955908 37.792248596210975),8.742633387192571,175.39186694010294,android,1.7896506075582606,-0.7405643560484059,1.2434245252773892
149,37.79226349248161,-122.39559851203036,1568250122.0,2019-09-11T18:02:02-07:00,POINT (-122.39559851203036 37.79226349248161),8.055452349532633,177.0412638953186,android,1.0490862515098547,0.5028601692289834,-1.5995340616800244
150,37.7922717,-122.3956044,1568250123.0,2019-09-11T18:02:03-07:00,POINT (-122.3956044 37.7922717),7.778945396273351,178.05199172907302,android,1.551946420738838,-1.096673892451041,2.2374461588774093
151,37.79228390446057,-122.3956129685198,1568250124.0,2019-09-11T18:02:04-07:00,POINT (-122.3956129685198 37.79228390446057),7.356143471316723,179.54330851343664,android,0.4552725282877971,1.1407722664263682,-1.873029543650801
152,37.7922879,-122.3956141,1568250125.0,2019-09-11T18:02:05-07:00,POINT (-122.3956141 37.7922879),7.113435485773417,179.9274235330759,android,1.5960447947141652,-0.7322572772244328,1.5300909995928813
153,37.7923009,-122.3956064,1568250126.0,2019-09-11T18:02:06-07:00,POINT (-122.3956064 37.7923009),5.614574231048574,180.46918122396258,android,0.8637875174897324,0.7978337223684485,-1.8941369389075784
154,37.7923086,-122.3956077,1568250127.0,2019-09-11T18:02:07-07:00,POINT (-122.3956077 37.7923086),5.091973621913278,181.15465246867217,android,1.6616212398581809,-1.09630321653913,1.8926629736601557
155,37.792318,-122.3956224,1568250128.0,2019-09-11T18:02:08-07:00,POINT (-122.3956224 37.792318),5.271067799307332,182.80718784284844,android,0.5653180233190508,0.7963597571210258,-0.7291272779114367
156,37.7923202,-122.3956282,1568250129.0,2019-09-11T18:02:09-07:00,POINT (-122.3956282 37.7923202),5.460009176999007,183.34073470678857,android,1.3616777804400766,0.06723247920958908,-0.24600350231154766
157,37.79232710678916,-122.39564099646375,1568250130.0,2019-09-11T18:02:10-07:00,POINT (-122.39564099646375 37.79232710678916),5.715936185910721,184.67908967585137,android,1.4289102596496657,-0.17877102310195858,0.19001969165003452
158,37.7923356,-122.3956532,1568250131.0,2019-09-11T18:02:11-07:00,POINT (-122.3956532 37.7923356),5.810557599707127,186.10512529840452,android,1.250139236547707,0.011248668548075935,-0.45272357356367154
159,37.79234217414191,-122.39566474127133,1568250132.0,2019-09-11T18:02:12-07:00,POINT (-122.39566474127133 37.79234217414191),6.014349014928992,187.33927841345786,android,1.261387905095783,-0.4414749050155956,1.2069788477426147
160,37.7923459,-122.3956783,1568250133.0,2019-09-11T18:02:13-07:00,POINT (-122.3956783 37.7923459),6.567125964438641,188.47528638760656,android,0.8199130000801874,0.765503942727019,0.5009706915919819
161,37.7923465,-122.3956876,1568250134.0,2019-09-11T18:02:14-07:00,POINT (-122.3956876 37.7923465),7.099577008281816,189.10092823501458,android,1.5854169428072065,1.266474634319001,-3.1428138218343498
162,37.792352881039875,-122.39570373491512,1568250135.0,2019-09-11T18:02:15-07:00,POINT (-122.39570373491512 37.792352881039875),7.604736099712945,190.60567831328166,android,2.8518915771262074,-1.8763391875153488,1.4977480787305995
163,37.7923706,-122.3957272,1568250136.0,2019-09-11T18:02:16-07:00,POINT (-122.3957272 37.7923706),7.677856939525999,193.45666893239206,android,0.9755523896108586,-0.3785911087847492,0.7663632076199913
164,37.7923766,-122.3957353,1568250137.0,2019-09-11T18:02:17-07:00,POINT (-122.3957353 37.7923766),7.712227958733726,194.4316674469855,android,0.5969612808261093,0.3877720988352421,-0.07365796145839165
165,37.79237973688199,-122.39574081330775,1568250138.0,2019-09-11T18:02:18-07:00,POINT (-122.39574081330775 37.79237973688199),7.80986215677751,195.0209433878504,android,0.9847333796613514,0.31411413737685046,-0.13104567013341495
166,37.79238483675199,-122.39574997521343,1568250139.0,2019-09-11T18:02:19-07:00,POINT (-122.39574997521343 37.79238483675199),7.9809618956670985,195.9913225885009,android,1.298847517038202,0.1830684672434355,-1.1163073603201858
167,37.7923939,-122.3957593,1568250140.0,2019-09-11T18:02:20-07:00,POINT (-122.3957593 37.7923939),7.851520401347714,197.28303681878805,android,1.4819159842816374,-0.9332388930767503,1.008808311594212
168,37.79240343869014,-122.39577107797574,1568250141.0,2019-09-11T18:02:21-07:00,POINT (-122.39577107797574 37.79240343869014),7.837667201444,198.76468933800822,android,0.5486770912048871,0.07556941851746146,0.23780130392358956
169,37.792407,-122.3957754,1568250142.0,2019-09-11T18:02:22-07:00,POINT (-122.3957754 37.792407),7.827801016557122,199.3131842448716,android,0.6242465097223485,0.313370722441051,-0.762244485947565
170,37.79241061202941,-122.39578083847569,1568250143.0,2019-09-11T18:02:23-07:00,POINT (-122.39578083847569 37.79241061202941),7.883525090717436,199.93511331536305,android,0.9376172321633995,-0.44887376350651403,1.751856434636669
171,37.7924186388627,-122.39578410710904,1568250144.0,2019-09-11T18:02:24-07:00,POINT (-122.39578410710904 37.7924186388627),7.457968291920924,200.76871010395737,android,0.4887434686568855,1.3029826711301549,-1.6158956382110388
172,37.792423,-122.39578480000002,1568250145.0,2019-09-11T18:02:25-07:00,POINT (-122.39578480000002 37.792423),7.15927162440023,201.15424757075667,android,1.7917261397870403,-0.3129129670808839,-0.4173072999840448
173,37.7924384,-122.3957788,1568250146.0,2019-09-11T18:02:26-07:00,POINT (-122.3957788 37.7924384),5.578200765141435,201.99020309580413,android,1.4788131727061564,-0.7302202670649287,0.9354597896566182
174,37.79245169073348,-122.3957781965251,1568250147.0,2019-09-11T18:02:27-07:00,POINT (-122.3957781965251 37.79245169073348),4.498733935092901,202.99624455624183,android,0.7485929056412277,0.20523952259168954,0.3894667847272224
175,37.7924584,-122.3957789,1568250148.0,2019-09-11T18:02:28-07:00,POINT (-122.3957789 37.7924584),4.016626260062519,203.56681442663304,android,0.9538324282329173,0.5947063073189119,0.6848159771848706
176,37.7924668,-122.3957811,1568250149.0,2019-09-11T18:02:29-07:00,POINT (-122.3957811 37.7924668),3.4952300899427122,204.36323496881764,android,1.5485387355518292,1.2795222845037826,-2.3728465188213743
177,37.79247971702409,-122.39578768682686,1568250150.0,2019-09-11T18:02:30-07:00,POINT (-122.39578768682686 37.79247971702409),2.8930865180438614,205.78722356312443,android,2.8280610200556118,-1.0933242343175917,0.7888091626972586
178,37.7925028,-122.3958012,1568250151.0,2019-09-11T18:02:31-07:00,POINT (-122.3958012 37.7925028),1.9256116861885089,208.44030821404831,android,1.73473678573802,-0.3045150716203331,0.35870708127658846
179,37.79251681904756,-122.39580986190474,1568250152.0,2019-09-11T18:02:32-07:00,POINT (-122.39580986190474 37.79251681904756),1.3663777747114667,210.0799121783753,android,1.430221714117687,0.05419200965625537,-0.7049734475434831
180,37.7925283,-122.3958172,1568250153.0,2019-09-11T18:02:33-07:00,POINT (-122.3958172 37.7925283),0.9236191156845125,211.4378751984886,android,1.4844137237739423,-0.6507814378872278,2.560225195501219
181,37.7925401,-122.3958251,1568250154.0,2019-09-11T18:02:34-07:00,POINT (-122.3958251 37.7925401),0.4908623136318858,212.85584423733877,android,0.8336322858867146,1.9094437576139915,-3.4741706370866403
182,37.7925467,-122.3958296,1568250155.0,2019-09-11T18:02:35-07:00,POINT (-122.3958296 37.7925467),0.25388109782981083,213.65400646147143,android,2.743076043500706,-1.564726879472649,2.355348134672172
183,37.7925692,-122.3958424,1568250156.0,2019-09-11T18:02:36-07:00,POINT (-122.3958424 37.7925692),0.7123337737439428,216.21695028868896,android,1.178349164028057,0.7906212551995229,-0.6741955875520136
184,37.7925789,-122.3958478,1568250157.0,2019-09-11T18:02:37-07:00,POINT (-122.3958478 37.7925789),1.1362463416539985,217.3145094324695,android,1.9689704192275799,0.11642566764750928,1.068991582667107
185,37.7925949,-122.3958574,1568250158.0,2019-09-11T18:02:38-07:00,POINT (-122.3958574 37.7925949),1.792316522599686,219.1680124107172,android,2.085396086875089,1.1854172503146163,1.8014394570422252
186,37.7926116,-122.3958682,1568250159.0,2019-09-11T18:02:39-07:00,POINT (-122.3958682 37.7926116),2.4387964684926904,221.1246865196795,android,3.2708133371897055,2.9868567073568415,-7.814662487020064
187,37.7926361,-122.3958888,1568250160.0,2019-09-11T18:02:40-07:00,POINT (-122.3958888 37.7926361),3.110562397702814,224.32277638227788,android,6.257670044546547,-4.8278057796632226,5.453334742577203
188,37.7926801,-122.3959332,1568250161.0,2019-09-11T18:02:41-07:00,POINT (-122.3959332 37.7926801),3.860686536492985,230.53185719295817,android,1.4298642648833244,0.6255289629139802,-1.1506399594937904
189,37.79268981962677,-122.39594385420628,1568250162.0,2019-09-11T18:02:42-07:00,POINT (-122.39594385420628 37.79268981962677),3.9742373339791626,231.95665751886295,android,2.0553932277973046,-0.5251109965798102,0.10043982725264278
190,37.792704445881576,-122.3959581573076,1568250163.0,2019-09-11T18:02:43-07:00,POINT (-122.3959581573076 37.792704445881576),4.251701862447807,233.99196667280896,android,1.5302822312174944,-0.4246711693271674,-0.02774843549492978
191,37.7927156443156,-122.39596828027847,1568250164.0,2019-09-11T18:02:44-07:00,POINT (-122.39596828027847 37.7927156443156),4.515172436969155,235.4982109929288,android,1.105611061890327,-0.4524196048220972,0.25502387550796507
192,37.7927241,-122.3959749,1568250165.0,2019-09-11T18:02:45-07:00,POINT (-122.3959749 37.7927241),4.777216736268597,236.57115808501896,android,0.6531914570682298,-0.19739572931413213,0.4755693284557523
193,37.792729,-122.395979,1568250166.0,2019-09-11T18:02:46-07:00,POINT (-122.395979 37.792729),4.912803547968155,237.2095179442769,android,0.45579572775409766,0.27817359914162015,-0.8745404766028599
194,37.7927325,-122.3959817,1568250167.0,2019-09-11T18:02:47-07:00,POINT (-122.3959817 37.7927325),5.023738194795875,237.6511165260968,android,0.7339693268957178,-0.5963668774612397,2.01499325212639
195,37.79273789783384,-122.39598650758113,1568250168.0,2019-09-11T18:02:48-07:00,POINT (-122.39598650758113 37.79273789783384),5.155164540009519,238.37263283851948,android,0.1376024494344781,1.4186263746651504,-0.04689940548288907
196,37.7927387,-122.3959877,1568250169.0,2019-09-11T18:02:49-07:00,POINT (-122.3959877 37.7927387),5.145238327277325,238.5099116407907,android,1.5562288240996285,1.3717269691822613,-1.3913816492162794
197,37.7927508,-122.3959966,1568250170.0,2019-09-11T18:02:50-07:00,POINT (-122.3959966 37.7927508),5.5555206476259,240.0092726789832,android,2.92795579328189,-0.019654680034018046,-1.4829311881073808
198,37.7927734,-122.3960137,1568250171.0,2019-09-11T18:02:51-07:00,POINT (-122.3960137 37.7927734),6.186541407755068,243.61843304005032,android,2.9083011132478718,-1.5025858681413988,0.7020154664864051
199,37.7927956,-122.3960312,1568250172.0,2019-09-11T18:02:52-07:00,POINT (-122.3960312 37.7927956),6.5106925227195065,246.5056612674386,android,1.405715245106473,-0.8005704016549937,3.4871408600785077
200,37.79280618333291,-122.39603994999965,1568250173.0,2019-09-11T18:02:53-07:00,POINT (-122.39603994999965 37.79280618333291),6.637134358823927,247.90437091540542,android,0.6051448434514792,2.686570458423514,-4.654413088992731
201,37.79281076305393,-122.39604367044313,1568250174.0,2019-09-11T18:02:54-07:00,POINT (-122.39604367044313 37.79281076305393),6.696397384389743,248.50602494104504,android,3.2917153018749934,-1.9678426305692174,2.4153877451797894
202,37.792834334716645,-122.39606633300338,1568250175.0,2019-09-11T18:02:55-07:00,POINT (-122.39606633300338 37.792834334716645),6.759094475647876,251.79501785784714,android,1.323872671305776,0.447545114610572,-1.5624341938011326
203,37.7928434,-122.3960761,1568250176.0,2019-09-11T18:02:56-07:00,POINT (-122.3960761 37.7928434),6.710697021379607,253.11745251323194,android,1.771417785916348,-1.1148890791905606,0.9012834712305056
204,37.7928555405102,-122.39608915297481,1568250177.0,2019-09-11T18:02:57-07:00,POINT (-122.39608915297481 37.7928555405102),6.6477642712279685,254.88700445170397,android,0.6565287067257873,-0.21360560796005496,0.24310808895785618
205,37.7928601,-122.3960939,1568250178.0,2019-09-11T18:02:58-07:00,POINT (-122.3960939 37.7928601),6.634829911336132,255.5430858169492,android,0.4429230987657324,0.029502480997801228,-0.007318142904379654
206,37.7928683,-122.3961049,1568250181.0,2019-09-11T18:03:01-07:00,POINT (-122.3961049 37.7928683),6.44171592037465,256.8578007502786,android,0.5314305417591361,0.0075480522846622655,0.0040507159189138164
207,37.79287106532126,-122.39610983273522,1568250182.0,2019-09-11T18:03:02-07:00,POINT (-122.39610983273522 37.79287106532126),6.292231086550789,257.3681123562232,android,0.5389785940437983,0.011598768203576082,2.8214164283538516
208,37.7928731,-122.3961154,1568250183.0,2019-09-11T18:03:03-07:00,POINT (-122.3961154 37.7928731),6.048591467968832,257.8496511859942,android,0.5505773622473744,2.8330151965574277,-4.473069553706626
209,37.79287507561703,-122.39612114547508,1568250184.0,2019-09-11T18:03:04-07:00,POINT (-122.39612114547508 37.79287507561703),5.788587428664974,258.335810512143,android,3.383592558804802,-1.6400543571491988,0.537964879993932
210,37.7928844,-122.3961578,1568250185.0,2019-09-11T18:03:05-07:00,POINT (-122.3961578 37.7928844),3.903650563137402,261.15234512647885,android,1.7435382016556034,-1.1020894771552667,0.9725677987127382
211,37.7928873,-122.3961773,1568250186.0,2019-09-11T18:03:06-07:00,POINT (-122.3961773 37.7928873),2.7587629154942084,262.4716431935275,android,0.6414487245003366,-0.1295216784425285,0.44161416760754624
212,37.7928873,-122.3961846,1568250187.0,2019-09-11T18:03:07-07:00,POINT (-122.3961846 37.7928873),2.2552881688754742,262.87117972585605,android,0.5119270460578081,0.31209248916501775,0.6877934619177691
213,37.792887931199296,-122.396190370965,1568250188.0,2019-09-11T18:03:08-07:00,POINT (-122.396190370965 37.792887931199296),1.9008030347171858,263.2418890377617,android,0.8240195352228259,0.9998859510827869,-1.309523995793942
214,37.792888760441414,-122.39619968981334,1568250189.0,2019-09-11T18:03:09-07:00,POINT (-122.39619968981334 37.792888760441414),1.3152823628192816,263.8239899046517,android,1.8239054863056128,-0.3096380447111551,-0.5945509217737183
215,37.7928992,-122.3962157,1568250190.0,2019-09-11T18:03:10-07:00,POINT (-122.3962157 37.7928992),0.9310827897193997,265.60756071051276,android,1.5142674415944577,-0.9041889664848733,0.9078434908530161
216,37.79290866560227,-122.39622808955001,1568250191.0,2019-09-11T18:03:11-07:00,POINT (-122.39622808955001 37.79290866560227),0.7766172318544323,267.05099427257375,android,0.6100784751095844,0.003654524368142731,-0.45802709290658794
217,37.7929122,-122.3962334,1568250192.0,2019-09-11T18:03:12-07:00,POINT (-122.3962334 37.7929122),0.6999268990610001,267.65640209966824,android,0.6137329994777271,-0.4543725685384452,1.635566261604856
218,37.79291502776394,-122.39623939828715,1568250193.0,2019-09-11T18:03:13-07:00,POINT (-122.39623939828715 37.79291502776394),0.5255324790918849,268.24542157067617,android,0.15936043093928187,1.1811936930664109,0.047334155661469035
219,37.7929157,-122.396241,1568250194.0,2019-09-11T18:03:14-07:00,POINT (-122.396241 37.7929157),0.47271872363053064,268.3959605208639,android,1.3405541240056926,1.22852784872788,-2.342680419789515
220,37.7929179,-122.396256,1568250195.0,2019-09-11T18:03:15-07:00,POINT (-122.396256 37.7929179),0.33058432790881187,269.4723137749948,android,2.5690819727335725,-1.1141525710616351,0.4185254649619934
221,37.7929214,-122.3962849,1568250196.0,2019-09-11T18:03:16-07:00,POINT (-122.3962849 37.7929214),1.9339593308561576,271.4859481693139,android,1.4549294016719374,-0.6956271060996417,0.8482830140887292
222,37.7929237,-122.3963012,1568250197.0,2019-09-11T18:03:17-07:00,POINT (-122.3963012 37.7929237),2.81371550555177,272.64820392567174,android,0.7593022955722957,0.15265590798908746,0.6152821123750336
223,37.7929256,-122.3963095,1568250198.0,2019-09-11T18:03:18-07:00,POINT (-122.3963095 37.7929256),3.2067521735691136,273.29936674920515,android,0.9119582035613831,0.7679380203641211,0.08537360372673986
224,37.7929283,-122.3963193,1568250199.0,2019-09-11T18:03:19-07:00,POINT (-122.3963193 37.7929283),3.63640039365441,274.10538665809287,android,1.6798962239255042,0.8533116240908609,-1.8107542586816938
225,37.79293453281484,-122.39633671521793,1568250200.0,2019-09-11T18:03:20-07:00,POINT (-122.39633671521793 37.79293453281484),4.291765525506712,275.6545470668791,android,2.533207848016365,-0.9574426345908329,0.19293412152328948
226,37.7929444,-122.3963627,1568250201.0,2019-09-11T18:03:21-07:00,POINT (-122.3963627 37.7929444),5.226851166280081,278.0122012896171,android,1.5757652134255322,-0.7645085130675434,0.7306527157996087
227,37.7929508,-122.3963787,1568250202.0,2019-09-11T18:03:22-07:00,POINT (-122.3963787 37.7929508),5.778178058799641,279.4903210047541,android,0.8112567003579888,-0.03385579726793475,1.0595982692761567
228,37.792954150969834,-122.39638690105774,1568250203.0,2019-09-11T18:03:23-07:00,POINT (-122.39638690105774 37.792954150969834),6.055451809313324,280.25369875581544,android,0.777400903090054,1.025742472008222,-0.5404984933770305
229,37.7929573,-122.3963948,1568250204.0,2019-09-11T18:03:24-07:00,POINT (-122.3963948 37.7929573),6.328427781876399,280.98256397338776,android,1.8031433750982762,0.4852439786311915,-1.728302498680982
230,37.7929638,-122.3964136,1568250205.0,2019-09-11T18:03:25-07:00,POINT (-122.3964136 37.7929638),7.053120526835579,282.6363096994479,android,2.2883873537294677,-1.2430585200497906,1.5147159753873987
231,37.7929716,-122.3964377,1568250206.0,2019-09-11T18:03:26-07:00,POINT (-122.3964377 37.7929716),8.02298852321704,284.60395654272213,android,1.045328833679677,0.27165745533760804,-0.2530757704703088
232,37.7929937,-122.3964762,1568250210.0,2019-09-11T18:03:30-07:00,POINT (-122.3964762 37.7929937),9.795173882919494,284.65164837570103,android,2.1319586550301093,-0.7406456265436272,0.9717142188588199
233,37.7930128360442,-122.39647469094271,1568250211.0,2019-09-11T18:03:31-07:00,POINT (-122.39647469094271 37.7930128360442),9.026170850245085,286.6351285484642,android,1.391313028486482,0.23106859231519272,-0.5010486361380235
234,37.7930252486719,-122.39647269557538,1568250212.0,2019-09-11T18:03:32-07:00,POINT (-122.39647269557538 37.7930252486719),8.442049612770546,287.89463821636355,android,1.6223816208016748,-0.2699800438228308,0.41916992003158837
235,37.7930394,-122.3964682,1568250213.0,2019-09-11T18:03:33-07:00,POINT (-122.3964682 37.7930394),7.589745407800475,289.2714182293357,android,1.352401576978844,0.14918987620875757,0.030616970343975147
236,37.79304985320481,-122.39646033222098,1568250214.0,2019-09-11T18:03:34-07:00,POINT (-122.39646033222098 37.79304985320481),6.51901612713328,291.3442645064505,android,1.5015914531876016,0.1798068465527327,0.6759350034083291
237,37.79305945409825,-122.39644831475427,1568250215.0,2019-09-11T18:03:35-07:00,POINT (-122.39644831475427 37.79305945409825),5.08560196464311,291.791058638848,android,1.6813982997403343,0.8557418499610618,-3.1206642881313673
238,37.793071599611984,-122.39643691605913,1568250216.0,2019-09-11T18:03:36-07:00,POINT (-122.39643691605913 37.793071599611984),3.568318766001799,292.5128889691036,android,2.537140149701396,-2.2649224381703053,2.2636883191076134
239,37.7930845,-122.3964131,1568250217.0,2019-09-11T18:03:37-07:00,POINT (-122.3964131 37.7930845),1.0454696113144069,292.79749144556735,android,0.27221771153109076,-0.0012341190626917133,0.002082129653214908
240,37.7933245,-122.396239,1568250330.0,2019-09-11T18:05:30-07:00,POINT (-122.396239 37.7933245),24.90932517424157,298.78488588180346,android,0.13276225744692716,0.23404653175059292,0.9348611968260232
241,37.79332344366189,-122.3962382957746,1568250331.0,2019-09-11T18:05:31-07:00,POINT (-122.3962382957746 37.79332344366189),24.84944311683315,298.78488588180346,android,0.3668087891975201,1.168907728576616,-1.6127934988811619
242,37.793321,-122.3962411,1568250332.0,2019-09-11T18:05:32-07:00,POINT (-122.3962411 37.793321),24.48544625199294,298.78488588180346,android,1.535716517774136,-0.4438857703045458,0.38052435662004114
243,37.7933106,-122.3962526,1568250333.0,2019-09-11T18:05:33-07:00,POINT (-122.3962526 37.7933106),22.959145115752428,298.78488588180346,android,1.0918307474695903,-0.06336141368450465,-0.11621688793004759
244,37.793304,-122.3962618,1568250334.0,2019-09-11T18:05:34-07:00,POINT (-122.3962618 37.793304),21.896452437869453,298.78488588180346,android,1.0284693337850856,-0.17957830161455224,-0.10664792059955741
245,37.7932974,-122.39627,1568250335.0,2019-09-11T18:05:35-07:00,POINT (-122.39627 37.7932974),20.885585863984655,298.78488588180346,android,0.8488910321705334,-0.28622622221410965,1.4643641477317033
246,37.7932919,-122.3962767,1568250336.0,2019-09-11T18:05:36-07:00,POINT (-122.3962767 37.7932919),20.051002851837232,298.78488588180346,android,0.5626648099564238,1.1781379255175937,-2.1621993078168575
247,37.7932883,-122.3962812,1568250337.0,2019-09-11T18:05:37-07:00,POINT (-122.3962812 37.7932883),19.49989798214593,298.78488588180346,android,1.7408027354740174,-0.9840613822992639,1.1634646655509373
248,37.793277213691304,-122.39629518809417,1568250338.0,2019-09-11T18:05:38-07:00,POINT (-122.39629518809417 37.793277213691304),17.801222880058603,298.78488588180346,android,0.7567413531747536,0.17940328325167343,0.2357430078579159
249,37.7932725,-122.3963014,1568250339.0,2019-09-11T18:05:39-07:00,POINT (-122.3963014 37.7932725),17.069467517823423,298.78488588180346,android,0.936144636426427,0.41514629110958934,-1.041774146061163
250,37.7932666,-122.396309,1568250340.0,2019-09-11T18:05:40-07:00,POINT (-122.396309 37.7932666),16.164590219494475,298.78488588180346,android,1.3512909275360163,-0.6266278549515736,0.11436681423283035
251,37.793259,-122.396321,1568250341.0,2019-09-11T18:05:41-07:00,POINT (-122.396321 37.793259),14.910790289063778,298.78488588180346,android,0.7246630725844427,-0.5122610407187432,2.051535815055126
252,37.7932552,-122.3963277,1568250342.0,2019-09-11T18:05:42-07:00,POINT (-122.3963277 37.7932552),14.262286176528336,298.78488588180346,android,0.21240203186569948,1.5392747743363828,8.408929559750142
253,37.79325460119766,-122.39632999540898,1568250343.0,2019-09-11T18:05:43-07:00,POINT (-122.39632999540898 37.79325460119766),14.111525089465568,298.78488588180346,android,1.7516768062020822,9.948204334086524,-8.276919072674353
254,37.793245,-122.3963458,1568250344.0,2019-09-11T18:05:44-07:00,POINT (-122.3963458 37.793245),12.55902995079219,298.78488588180346,android,11.699881140288607,1.6712852614121712,-12.11458333250056
255,37.79332868067256,-122.39626508093866,1568250345.0,2019-09-11T18:05:45-07:00,POINT (-122.39626508093866 37.79332868067256),24.062872859612913,298.78488588180346,android,13.371166401700778,-10.443298071088389,10.177014174948514
256,37.7932352,-122.3963608,1568250346.0,2019-09-11T18:05:46-07:00,POINT (-122.3963608 37.7932352),11.068438291816175,298.78488588180346,android,2.927868330612389,-0.26628389613987435,-0.0361263274215049
257,37.7932163,-122.396384,1568250347.0,2019-09-11T18:05:47-07:00,POINT (-122.396384 37.7932163),8.5114825494371,298.78488588180346,android,2.661584434472515,-0.30241022356137925,-0.013525967314383713
258,37.7931996,-122.3964057,1568250348.0,2019-09-11T18:05:48-07:00,POINT (-122.3964057 37.7931996),6.521681664682772,298.78488588180346,android,2.3591742109111355,-0.31593619087576297,0.8580055133850819
259,37.7931851,-122.3964253,1568250349.0,2019-09-11T18:05:49-07:00,POINT (-122.3964253 37.7931851),5.321880273191795,298.78488588180346,android,2.0432380200353726,0.5420693225093189,-1.2983441038527743
260,37.793173,-122.3964428,1568250350.0,2019-09-11T18:05:50-07:00,POINT (-122.3964428 37.793173),5.069759338336772,298.78488588180346,android,2.5853073425446915,-0.7562747813434554,2.1045113458913645
261,37.793161547487315,-122.39646840521128,1568250351.0,2019-09-11T18:05:51-07:00,POINT (-122.39646840521128 37.793161547487315),6.294256445333679,298.78488588180346,android,1.8290325612012361,1.348236564547909,-2.8940096647723625
262,37.793154,-122.3964869,1568250352.0,2019-09-11T18:05:52-07:00,POINT (-122.3964869 37.793154),7.630689978508913,298.78488588180346,android,3.177269125749145,-1.5457731002244535,0.5363158585384451
263,37.793141,-122.3965191,1568250353.0,2019-09-11T18:05:53-07:00,POINT (-122.3965191 37.793141),10.200180045070718,297.17708751746676,android,1.6314960255246918,-1.0094572416860084,1.4438233753592877
264,37.7931351,-122.3965361,1568250354.0,2019-09-11T18:05:54-07:00,POINT (-122.3965361 37.7931351),11.575857563416994,296.29594424102646,android,0.6220387838386834,0.43436613367327936,1.420904975113287
265,37.7931324,-122.3965423,1568250355.0,2019-09-11T18:05:55-07:00,POINT (-122.3965423 37.7931324),12.068040706877253,295.91451025645466,android,1.0564049175119627,1.8552711087865663,-2.890255064592208
266,37.7931275,-122.3965526,1568250356.0,2019-09-11T18:05:56-07:00,POINT (-122.3965526 37.7931275),12.878490867751774,295.2354148416452,android,2.911676026298529,-1.0349839558056415,0.132769895292984
267,37.7931169,-122.3965829,1568250357.0,2019-09-11T18:05:57-07:00,POINT (-122.3965829 37.7931169),15.338280908837515,294.1899906443338,android,1.8766920704928876,-0.9022140605126575,1.0060966690076645
268,37.79310882598911,-122.39660165525447,1568250358.0,2019-09-11T18:05:58-07:00,POINT (-122.39660165525447 37.79310882598911),16.902960787712335,294.1899906443338,android,0.97447800998023,0.10388260849500697,0.11840857974624919
269,37.7931045,-122.3966113,1568250359.0,2019-09-11T18:05:59-07:00,POINT (-122.3966113 37.7931045),17.730788033863995,294.1899906443338,android,1.078360618475237,0.22229118824125615,-0.5238885448537142
270,37.7931002,-122.3966223,1568250360.0,2019-09-11T18:06:00-07:00,POINT (-122.3966223 37.7931002),18.692281939290154,294.1899906443338,android,1.3006518067164932,-0.301597356612458,-0.28533327461407587
271,37.79309689222034,-122.39663649791147,1568250361.0,2019-09-11T18:06:01-07:00,POINT (-122.39663649791147 37.79309689222034),19.945326191169404,294.1899906443338,android,0.9990544501040352,-0.5869306312265339,0.1987187943753786
272,37.793094006703754,-122.3966472653637,1568250362.0,2019-09-11T18:06:02-07:00,POINT (-122.3966472653637 37.793094006703754),20.900962858224194,294.1899906443338,android,0.41212381887750127,-0.3882118368511553,0.831101533402516
273,37.7930928,-122.3966517,1568250363.0,2019-09-11T18:06:03-07:00,POINT (-122.3966517 37.7930928),21.295825149106207,294.1899906443338,android,0.02391198202634599,0.44288969655136073,0.4246790392084942
274,37.793093,-122.3966516,1568250364.0,2019-09-11T18:06:04-07:00,POINT (-122.3966516 37.793093),21.286205462883316,294.1899906443338,android,0.4668016785777067,0.8675687357598549,-1.9349148478853027
275,37.7930909,-122.3966562,1568250365.0,2019-09-11T18:06:05-07:00,POINT (-122.3966562 37.7930909),21.700547004023395,294.1899906443338,android,1.3343704143375616,-1.0673461121254477,1.3740198408223638
276,37.793084529615086,-122.39666906944225,1568250366.0,2019-09-11T18:06:06-07:00,POINT (-122.39666906944225 37.793084529615086),22.874647383874127,294.1899906443338,android,0.267024302212114,0.30667372869691617,-0.5412176349396114
277,37.7930832,-122.3966716,1568250367.0,2019-09-11T18:06:07-07:00,POINT (-122.3966716 37.7930832),23.10826390502123,294.1899906443338,android,0.5736980309090302,-0.23454390624269522,0.9264944501102854
278,37.7930803,-122.396677,1568250368.0,2019-09-11T18:06:08-07:00,POINT (-122.396677 37.7930803),23.60980898841413,294.1899906443338,android,0.33915412466633493,0.6919505438675901,-1.7230552124015153
279,37.7930792,-122.3966806,1568250369.0,2019-09-11T18:06:09-07:00,POINT (-122.3966806 37.7930792),23.93689170856741,294.1899906443338,android,1.0311046685339251,-1.0311046685339251,1.0311046685339251
280,37.7930767,-122.3966919,1568250370.0,2019-09-11T18:06:10-07:00,POINT (-122.3966919 37.7930767),24.954575813547496,294.1899906443338,android,0.0,0.0,0.0
