,latitude,longitude,ts,fmt_time,geometry,gt_distance,gt_projection,source,speed,acceleration,jerk
0,37.869069,-122.257003,1564097592.0,2019-07-25T16:33:12-07:00,POINT (-122.257003 37.869069),8.83974654649285,69.702547426066,android,0.778603972796018,-0.11274223104010228,0.05441087699883923
1,37.8690721,-122.2569857,1564097594.0,2019-07-25T16:33:14-07:00,POINT (-122.2569857 37.8690721),9.109441629809359,70.08076696389773,android,0.5531195107158134,-0.00392047704242382,-0.14565115475538326
2,37.8690722,-122.2569794,1564097595.0,2019-07-25T16:33:15-07:00,POINT (-122.2569794 37.8690722),9.04568872634391,72.89115304380431,android,0.5491990336733896,-0.14957163179780708,0.14380659564152887
3,37.8690736,-122.2569734,1564097596.0,2019-07-25T16:33:16-07:00,POINT (-122.2569734 37.8690736),9.067205550425559,73.44086534166968,android,0.39962740187558254,-0.005765036156278214,0.4292007996920315
4,37.8690714,-122.2569698,1564097597.0,2019-07-25T16:33:17-07:00,POINT (-122.2569698 37.8690714),8.753059361316804,73.68817890296768,android,0.39386236571930433,0.4234357635357533,0.03460313585592423
5,37.869069,-122.2569665,1564097598.0,2019-07-25T16:33:18-07:00,POINT (-122.2569665 37.869069),8.423851375054326,73.90447831451026,android,0.8172981292550576,0.4580388993916775,-0.49619861450803526
6,37.869066,-122.256958,1564097599.0,2019-07-25T16:33:19-07:00,POINT (-122.256958 37.869066),7.918205156358646,74.54797636244348,android,1.2753370286467351,-0.03815971511635774,0.25544167731277967
7,37.8690592,-122.2569463,1564097600.0,2019-07-25T16:33:20-07:00,POINT (-122.2569463 37.8690592),6.934884682716247,75.36124571528504,android,1.2371773135303774,0.21728196219642193,-0.02420752331499676
8,37.8690553,-122.2569331,1564097601.0,2019-07-25T16:33:21-07:00,POINT (-122.2569331 37.8690553),6.243088824023623,75.99740826236791,android,1.4544592757267993,0.19307443888142517,-0.19284180428866682
9,37.8690519,-122.2569171,1564097602.0,2019-07-25T16:33:22-07:00,POINT (-122.2569171 37.8690519),5.667435656815188,77.04934302793872,android,1.6475337146082245,0.00023263459275835174,-1.0149260219792997
10,37.8690494,-122.2568986,1564097603.0,2019-07-25T16:33:23-07:00,POINT (-122.2568986 37.8690494),5.166864633502517,78.6223079237379,android,1.6477663492009829,-1.0146933873865414,2.844811708764531
11,37.8690474,-122.25688,1564097604.0,2019-07-25T16:33:24-07:00,POINT (-122.25688 37.8690474),4.720013687912311,80.21168422854868,android,0.6330729618144416,1.8301183213779897,-3.052432486982675
12,37.8690464,-122.2568729,1564097605.0,2019-07-25T16:33:25-07:00,POINT (-122.2568729 37.8690464),4.523448196085881,80.81473837249126,android,2.4631912831924314,-1.2223141656046852,0.6684595020479802
13,37.8690424,-122.2568453,1564097606.0,2019-07-25T16:33:26-07:00,POINT (-122.2568453 37.8690424),3.746953871972991,83.15727006803633,android,1.2408771175877462,-0.553854663556705,0.6998438620380198
14,37.8690416,-122.2568312,1564097607.0,2019-07-25T16:33:27-07:00,POINT (-122.2568312 37.8690416),3.477266540336989,84.4526713430525,android,0.6870224540310412,0.14598919848131486,0.4641167871287242
15,37.8690442,-122.2568241,1564097608.0,2019-07-25T16:33:28-07:00,POINT (-122.2568241 37.8690442),3.661185908264264,85.1155423711161,android,0.8330116525123561,0.610105985610039,-1.102423805320877
16,37.8690468,-122.2568152,1564097609.0,2019-07-25T16:33:29-07:00,POINT (-122.2568152 37.8690468),3.8195546502092306,85.93466218934687,android,1.4431176381223951,-0.4923178197108379,0.6954991685791219
17,37.8690501,-122.2567993,1564097610.0,2019-07-25T16:33:30-07:00,POINT (-122.2567993 37.8690501),3.955210530933711,87.37395060646811,android,0.9507998184115573,0.20318134886828398,-0.3808903406405558
18,37.8690522,-122.2567888,1564097611.0,2019-07-25T16:33:31-07:00,POINT (-122.2567888 37.8690522),4.036117301379095,88.32300506452046,android,1.1539811672798412,-0.17770899177227184,0.6421402583090907
19,37.8690542,-122.2567759,1564097612.0,2019-07-25T16:33:32-07:00,POINT (-122.2567759 37.8690542),4.0720065933839775,89.47860062774463,android,0.9762721755075694,0.4644312665368189,-0.6611282224311501
20,37.8690577,-122.2567657,1564097613.0,2019-07-25T16:33:33-07:00,POINT (-122.2567657 37.8690577),4.310473514705723,90.42668217874007,android,1.4407034420443883,-0.19669695589433123,-0.09878828168823428
21,37.8690654,-122.2567525,1564097614.0,2019-07-25T16:33:34-07:00,POINT (-122.2567525 37.8690654),4.96626068075984,91.7103841669769,android,1.244006486150057,-0.2954852375825655,0.09819510035783796
22,37.869073,-122.2567421,1564097615.0,2019-07-25T16:33:35-07:00,POINT (-122.2567421 37.869073),5.650843241586109,92.74924166136148,android,0.9485212485674915,-0.19729013722472755,0.5851828203356334
23,37.8690776,-122.256733,1564097616.0,2019-07-25T16:33:36-07:00,POINT (-122.256733 37.8690776),6.02537592437982,93.62153427214426,android,0.751231111342764,0.38789268311090586,0.24096257889717687
24,37.86908,-122.256725,1564097617.0,2019-07-25T16:33:37-07:00,POINT (-122.256725 37.86908),6.174620576345229,94.35894798372658,android,1.1391237944536698,0.6288552620080827,-1.2856935028934133
25,37.8690839,-122.256713,1564097618.0,2019-07-25T16:33:38-07:00,POINT (-122.256713 37.8690839),6.431337999602294,95.47044031588395,android,1.7679790564617526,-0.6568382408853306,0.8939690979202852
26,37.86909,-122.2566944,1564097619.0,2019-07-25T16:33:39-07:00,POINT (-122.2566944 37.86909),6.835272867360254,97.19423809579716,android,1.111140815576422,0.23713085703495462,-0.3114679079309475
27,37.869094,-122.2566828,1564097620.0,2019-07-25T16:33:40-07:00,POINT (-122.2566828 37.869094),7.10861866426206,98.27279886760024,android,1.3482716726113766,-0.07433705089599285,0.2621662210444835
28,37.869098,-122.2566683,1564097621.0,2019-07-25T16:33:41-07:00,POINT (-122.2566683 37.869098),7.340800044328282,99.60309366043845,android,1.2739346217153837,0.18782917014849065,-0.2036090685583869
29,37.8691024,-122.2566549,1564097622.0,2019-07-25T16:33:42-07:00,POINT (-122.2566549 37.8691024),7.632396200699066,100.84506541572895,android,1.4617637918638744,-0.015779898409896242,-0.1395097819398039
30,37.869107,-122.2566393,1564097623.0,2019-07-25T16:33:43-07:00,POINT (-122.2566393 37.869107),7.914664537683511,102.28158895616822,android,1.4459838934539782,-0.15528968034970014,0.2996851910824756
31,37.8691104,-122.2566234,1564097624.0,2019-07-25T16:33:44-07:00,POINT (-122.2566234 37.8691104),8.061273444649595,103.7226666314533,android,1.290694213104278,0.14439551073277546,-0.264831442680008
32,37.869115,-122.2566099,1564097625.0,2019-07-25T16:33:45-07:00,POINT (-122.2566099 37.869115),8.37335099078705,104.97689974023069,android,1.4350897238370535,-0.12043593194723257,0.599814784376216
33,37.8691186,-122.2565942,1564097626.0,2019-07-25T16:33:46-07:00,POINT (-122.2565942 37.8691186),8.544699517519593,106.40419744803462,android,1.314653791889821,0.4793788524289835,-1.3239471076261666
34,37.8691228,-122.2565802,1564097627.0,2019-07-25T16:33:47-07:00,POINT (-122.2565802 37.8691228),8.805879750449066,107.69467037992648,android,1.7940326443188044,-0.8445682551971833,0.8119070721022412
35,37.8691268,-122.2565604,1564097628.0,2019-07-25T16:33:48-07:00,POINT (-122.2565604 37.8691268),8.962831452620366,109.4850301458581,android,0.9494643891216211,-0.03266118309494204,0.3058529758523597
36,37.8691285,-122.2565498,1564097629.0,2019-07-25T16:33:49-07:00,POINT (-122.2565498 37.8691285),8.998520932153475,110.4356016041414,android,0.9168032060266791,0.2731917927574177,-0.2418979123599565
37,37.8691306,-122.2565397,1564097630.0,2019-07-25T16:33:50-07:00,POINT (-122.2565397 37.8691306),9.085108237115348,111.34993297208052,android,1.1899949987840968,0.03129388039746117,-0.22125358197357436
38,37.8691351,-122.2565274,1564097631.0,2019-07-25T16:33:51-07:00,POINT (-122.2565274 37.8691351),9.403270304029148,112.49820909510132,android,1.221288879181558,-0.1899597015761132,0.3916603635113871
39,37.8691388,-122.2565143,1564097632.0,2019-07-25T16:33:52-07:00,POINT (-122.2565143 37.8691388),9.622476031678891,113.70160429034944,android,1.0313291776054447,0.20170066193527392,-0.7651224962926879
40,37.8691407,-122.2565028,1564097633.0,2019-07-25T16:33:53-07:00,POINT (-122.2565028 37.8691407),9.667291167452648,114.7338811178522,android,1.2330298395407187,-0.563421834357414,1.2287945582992323
41,37.8691423,-122.2564889,1564097634.0,2019-07-25T16:33:54-07:00,POINT (-122.2564889 37.8691423),9.645189299479295,115.96911778588424,android,0.6696080051833047,0.6653727239418183,-1.1006002737466747
42,37.8691434,-122.2564814,1564097635.0,2019-07-25T16:33:55-07:00,POINT (-122.2564814 37.8691434),9.659181796551998,116.63985052347792,android,1.334980729125123,-0.43522754980485645,0.5067428960068978
43,37.8691438,-122.2564662,1564097636.0,2019-07-25T16:33:56-07:00,POINT (-122.2564662 37.8691438),9.487226061812986,117.96644647634685,android,0.8997531793202665,0.07151534620204136,0.3877302860737185
44,37.8691446,-122.256456,1564097637.0,2019-07-25T16:33:57-07:00,POINT (-122.256456 37.8691446),9.4300433223454,118.86618054304164,android,0.9712685255223079,0.4592456322757599,-0.5405912702817373
45,37.8691427,-122.2564452,1564097638.0,2019-07-25T16:33:58-07:00,POINT (-122.2564452 37.8691427),9.068690987445722,119.76965188912703,android,1.4305141577980678,-0.08134563800597738,0.22378655813694026
46,37.8691413,-122.256429,1564097639.0,2019-07-25T16:33:59-07:00,POINT (-122.256429 37.8691413),8.68543929997366,121.15082239942213,android,1.3491685197920904,0.14244092013096288,-0.511998385609822
47,37.8691431,-122.2564138,1564097640.0,2019-07-25T16:34:00-07:00,POINT (-122.2564138 37.8691431),8.666785875925152,122.5024865487071,android,1.4916094399230533,-0.36955746547885915,0.48488285814644216
48,37.8691445,-122.2563969,1564097641.0,2019-07-25T16:34:01-07:00,POINT (-122.2563969 37.8691445),8.580201720909425,123.99455663185927,android,1.1220519744441941,0.11532539266758302,-0.03824707609766076
49,37.8691462,-122.2563843,1564097642.0,2019-07-25T16:34:02-07:00,POINT (-122.2563843 37.8691462),8.587504099538588,125.11873754071237,android,1.2373773671117771,0.07707831656992226,-0.07775707355785255
50,37.8691475,-122.2563703,1564097643.0,2019-07-25T16:34:03-07:00,POINT (-122.2563703 37.8691475),8.531134036367579,126.35728294352018,android,1.3144556836816994,-0.0006787569879302957,0.06507314067348213
51,37.8691493,-122.2563555,1564097644.0,2019-07-25T16:34:04-07:00,POINT (-122.2563555 37.8691493),8.51815923159317,127.67422506101263,android,1.313776926693769,0.06439438368555184,-0.29003065543885564
52,37.8691519,-122.2563409,1564097645.0,2019-07-25T16:34:05-07:00,POINT (-122.2563409 37.8691519),8.595624425135009,128.98813071526658,android,1.378171310379321,-0.2256362717533038,-0.07372235800863225
53,37.8691533,-122.2563253,1564097646.0,2019-07-25T16:34:06-07:00,POINT (-122.2563253 37.8691533),8.527494115702744,130.36735439345244,android,1.1525350386260171,-0.29935862976193606,0.1660551325842895
54,37.869154,-122.2563122,1564097647.0,2019-07-25T16:34:07-07:00,POINT (-122.2563122 37.869154),8.418199068362465,131.5170319746348,android,0.8531764088640811,-0.13330349717764656,0.2835792480252871
55,37.8691552,-122.2563026,1564097648.0,2019-07-25T16:34:08-07:00,POINT (-122.2563026 37.8691552),8.408132059394061,132.50819553721502,android,0.7198729116864345,0.15027575084764055,-0.28156510786509936
56,37.8691553,-122.2562944,1564097649.0,2019-07-25T16:34:09-07:00,POINT (-122.2562944 37.8691553),8.291135027220555,133.21998290272984,android,0.8701486625340751,-0.1312893570174588,0.37863025020537877
57,37.8691557,-122.2562845,1564097650.0,2019-07-25T16:34:10-07:00,POINT (-122.2562845 37.8691557),8.180377718106833,134.0848314797557,android,0.7388593055166163,0.24734089318791996,-0.2726246422338069
58,37.8691542,-122.2562763,1564097651.0,2019-07-25T16:34:11-07:00,POINT (-122.2562763 37.8691542),7.888666408711153,134.76513359724484,android,0.9862001987045362,-0.025283749045886927,0.3949538946659933
59,37.8691549,-122.2562651,1564097652.0,2019-07-25T16:34:12-07:00,POINT (-122.2562651 37.8691549),7.790388784450184,135.74841807048293,android,0.9609164496586493,0.36967014562010636,-0.8549422584380507
60,37.8691541,-122.2562542,1564097653.0,2019-07-25T16:34:13-07:00,POINT (-122.2562542 37.8691541),7.532996373771475,136.6762161366954,android,1.3305865952787557,-0.48527211281794436,0.6980477940694858
61,37.8691519,-122.2562393,1564097654.0,2019-07-25T16:34:14-07:00,POINT (-122.2562393 37.8691519),7.060330773419002,137.92271817644982,android,0.8453144824608113,0.21277568125154145,-0.1679631156162299
62,37.8691525,-122.2562297,1564097655.0,2019-07-25T16:34:15-07:00,POINT (-122.2562297 37.8691525),6.976093129829622,138.7655335009794,android,1.0580901637123528,0.04481256563531155,0.5911960664690754
63,37.8691534,-122.2562177,1564097656.0,2019-07-25T16:34:16-07:00,POINT (-122.2562177 37.8691534),6.8871756785058516,139.8220043970519,android,1.1029027293476643,0.636008632104387,-1.2061374460898986
64,37.869155,-122.2562053,1564097657.0,2019-07-25T16:34:17-07:00,POINT (-122.2562053 37.869155),6.868456128462012,140.9268753873429,android,1.7389113614520513,-0.5701288139855116,0.738547764634711
65,37.8691555,-122.2561855,1564097658.0,2019-07-25T16:34:18-07:00,POINT (-122.2561855 37.8691555),6.614184291395523,142.6506693364921,android,1.1687825474665396,0.16841895064919932,-0.2045353046378331
66,37.869155,-122.2561722,1564097659.0,2019-07-25T16:34:19-07:00,POINT (-122.2561722 37.869155),6.35211287904061,143.7921231903562,android,1.337201498115739,-0.036116353988633776,0.33668143091093783
67,37.8691558,-122.256157,1564097660.0,2019-07-25T16:34:20-07:00,POINT (-122.256157 37.8691558),6.202358139181263,145.12362912026006,android,1.3010851441271052,0.30056507692230405,-0.4265068680094326
68,37.8691573,-122.2561423,1564097661.0,2019-07-25T16:34:21-07:00,POINT (-122.2561423 37.8691573),6.136840920893708,146.42562806714423,android,1.6016502210494092,-0.12594179108712855,0.10181265362324021
69,37.8691611,-122.2561247,1564097662.0,2019-07-25T16:34:22-07:00,POINT (-122.2561247 37.8691611),6.277237601709348,148.02392047790826,android,1.4757084299622807,-0.02412913746388834,0.5307332797617488
70,37.8691666,-122.2561094,1564097663.0,2019-07-25T16:34:23-07:00,POINT (-122.2561094 37.8691666),6.639147389492137,149.4565697798937,android,1.4515792924983923,0.5066041422978604,-0.7028843952523771
71,37.8691707,-122.2560937,1564097664.0,2019-07-25T16:34:24-07:00,POINT (-122.2560937 37.8691707),6.841947829036308,150.88775480191848,android,1.9581834347962528,-0.19628025295451668,0.3838612021870027
72,37.8691731,-122.2560716,1564097665.0,2019-07-25T16:34:25-07:00,POINT (-122.2560716 37.8691731),6.816975498062481,152.6463876096213,android,1.761903181841736,0.18758094923248603,-1.1862667788374615
73,37.8691757,-122.2560518,1564097666.0,2019-07-25T16:34:26-07:00,POINT (-122.2560518 37.8691757),6.846672422718911,154.41143200965692,android,1.9494841310742221,-0.9986858296049754,1.1496778471422449
74,37.8691752,-122.2560296,1564097667.0,2019-07-25T16:34:27-07:00,POINT (-122.2560296 37.8691752),6.505144976537868,156.33479425512374,android,0.9507983014692467,0.15099201753726943,-0.09276803156477897
75,37.8691773,-122.2560191,1564097668.0,2019-07-25T16:34:28-07:00,POINT (-122.2560191 37.8691773),6.600049198493001,157.28254990629938,android,1.1017903190065161,0.058223985972490455,0.5645531926025475
76,37.8691782,-122.2560066,1564097669.0,2019-07-25T16:34:29-07:00,POINT (-122.2560066 37.8691782),6.537425129461154,158.38476923542783,android,1.1600143049790066,0.622777178575038,-1.3754497170780202
77,37.8691787,-122.2559934,1564097670.0,2019-07-25T16:34:30-07:00,POINT (-122.2559934 37.8691787),6.42186134785073,159.54137663247948,android,1.7827914835540446,-0.7526725385029822,1.0165899796535927
78,37.8691826,-122.2559737,1564097671.0,2019-07-25T16:34:31-07:00,POINT (-122.2559737 37.8691826),6.595530404751547,161.31889506163446,android,1.0301189450510624,0.26391744115061044,-0.21466414615635676
79,37.8691851,-122.2559624,1564097672.0,2019-07-25T16:34:32-07:00,POINT (-122.2559624 37.8691851),6.724006874673768,162.342769674658,android,1.2940363862016728,0.04925329499425368,0.3622014243875571
80,37.8691872,-122.2559479,1564097673.0,2019-07-25T16:34:33-07:00,POINT (-122.2559479 37.8691872),6.767263361719646,163.63854431265304,android,1.3432896811959265,0.4114547193818108,-1.0632969243034638
81,37.8691886,-122.2559327,1564097674.0,2019-07-25T16:34:34-07:00,POINT (-122.2559327 37.8691886),6.724654207766987,164.98382056391682,android,1.7547444005777373,-0.651842204921653,0.9121054946223668
82,37.8691901,-122.2559128,1564097675.0,2019-07-25T16:34:35-07:00,POINT (-122.2559128 37.8691901),6.612676290803871,166.89935096864522,android,1.1029021956560843,0.2602632897007138,-0.29006195931495005
83,37.8691917,-122.2559004,1564097676.0,2019-07-25T16:34:36-07:00,POINT (-122.2559004 37.8691917),6.601526130560725,168.0043237878366,android,1.363165485356798,-0.029798669614236273,-0.27724821237354136
84,37.8691938,-122.2558851,1564097677.0,2019-07-25T16:34:37-07:00,POINT (-122.2558851 37.8691938),6.601522745516133,169.37009911541253,android,1.3333668157425618,-0.30704688198777763,0.7578262945614964
85,37.8691965,-122.2558703,1564097678.0,2019-07-25T16:34:38-07:00,POINT (-122.2558703 37.8691965),6.674619913862457,170.703898128543,android,1.0263199337547841,0.4507794125737188,-0.9394681986611731
86,37.8691994,-122.2558592,1564097679.0,2019-07-25T16:34:39-07:00,POINT (-122.2558592 37.8691994),6.825105618849056,171.72081079854712,android,1.477099346328503,-0.48868878608745436,0.5790925443279071
87,37.8692027,-122.2558429,1564097680.0,2019-07-25T16:34:40-07:00,POINT (-122.2558429 37.8692027),6.94129132084416,173.19596972857659,android,0.9884105602410486,0.09040375824045277,-0.22055352571191744
88,37.8692046,-122.2558319,1564097681.0,2019-07-25T16:34:41-07:00,POINT (-122.2558319 37.8692046),6.983949159907369,174.1852858382029,android,1.0788143184815013,-0.13014976747146467,0.5254728800338868
89,37.8692063,-122.2558198,1564097682.0,2019-07-25T16:34:42-07:00,POINT (-122.2558198 37.8692063),6.988234693170261,175.26615098108573,android,0.9486645510100367,0.39532311256242214,-0.8860427697433295
90,37.8692075,-122.2558091,1564097683.0,2019-07-25T16:34:43-07:00,POINT (-122.2558091 37.8692075),6.958864447417536,176.2162158707112,android,1.3439876635724588,-0.4907196571809074,0.7120418000839432
91,37.8692095,-122.255794,1564097684.0,2019-07-25T16:34:44-07:00,POINT (-122.255794 37.8692095),6.950930777302068,177.56276434413968,android,0.8532680063915514,0.22132214290303587,-0.3017701481144346
92,37.869209,-122.2557843,1564097685.0,2019-07-25T16:34:45-07:00,POINT (-122.2557843 37.869209),6.75070787005456,178.39398077380167,android,1.0745901492945873,-0.08044800521139872,0.14439523934767706
93,37.8692082,-122.2557721,1564097686.0,2019-07-25T16:34:46-07:00,POINT (-122.2557721 37.8692082),6.480171364437191,179.43618879060085,android,0.9941421440831886,0.06394723413627834,-0.3572936048880192
94,37.8692076,-122.2557608,1564097687.0,2019-07-25T16:34:47-07:00,POINT (-122.2557608 37.8692076),6.2450061572223,180.40418140682257,android,1.058089378219467,-0.29334637075174086,0.35063142820819915
95,37.8692085,-122.2557488,1564097688.0,2019-07-25T16:34:48-07:00,POINT (-122.2557488 37.8692085),6.163330076835347,181.46123607445347,android,0.764743007467726,0.05728505745645829,0.024720657511393962
96,37.8692096,-122.2557402,1564097689.0,2019-07-25T16:34:49-07:00,POINT (-122.2557402 37.8692096),6.154540245949456,182.22740485133465,android,0.8220280649241843,0.08200571496785225,-0.4896005779995877
97,37.8692119,-122.2557313,1564097690.0,2019-07-25T16:34:50-07:00,POINT (-122.2557313 37.8692119),6.272443265758688,183.0422894774232,android,0.9040337798920366,-0.4075948630317355,0.8564346547246384
98,37.8692144,-122.2557215,1564097691.0,2019-07-25T16:34:51-07:00,POINT (-122.2557215 37.8692144),6.398706760475191,183.93896131975998,android,0.4964389168603011,0.44883979169290295,-0.42649861343862266
99,37.8692173,-122.2557172,1564097692.0,2019-07-25T16:34:52-07:00,POINT (-122.2557172 37.8692173),6.651234665052473,184.3665299819693,android,0.9452787085532041,0.02234117825428028,-0.04224530967189599
100,37.8692222,-122.2557084,1564097693.0,2019-07-25T16:34:53-07:00,POINT (-122.2557084 37.8692222),7.054893416082294,185.22196432946959,android,0.9676198868074843,-0.01990413141761571,0.008370836967997786
101,37.8692255,-122.2556982,1564097694.0,2019-07-25T16:34:54-07:00,POINT (-122.2556982 37.8692255),7.2626178291336245,186.1684468657819,android,0.9477157553898686,-0.011533294449617926,0.051098499467960745
102,37.8692294,-122.2556886,1564097695.0,2019-07-25T16:34:55-07:00,POINT (-122.2556886 37.8692294),7.544943205974837,187.07428611903583,android,0.9361824609402507,0.03956520501834282,0.22193456832505132
103,37.8692329,-122.2556789,1564097696.0,2019-07-25T16:34:56-07:00,POINT (-122.2556789 37.8692329),7.782036563168508,187.98122033823512,android,0.9757476659585935,0.26149977334339414,-0.42857437703543755
104,37.8692362,-122.2556686,1564097697.0,2019-07-25T16:34:57-07:00,POINT (-122.2556686 37.8692362),7.988260709031632,188.93636950235918,android,1.2372474393019877,-0.1670746036920434,0.22244950884935144
105,37.8692405,-122.2556556,1564097698.0,2019-07-25T16:34:58-07:00,POINT (-122.2556556 37.8692405),8.26329785825523,190.14445203785434,android,1.0701728356099443,0.05537490515730803,0.24461104560170877
106,37.8692422,-122.2556436,1564097699.0,2019-07-25T16:34:59-07:00,POINT (-122.2556436 37.8692422),8.269086120717493,191.2166498738105,android,1.1255477407672523,0.2999859507590168,-1.04633807684114
107,37.8692416,-122.2556308,1564097700.0,2019-07-25T16:35:00-07:00,POINT (-122.2556308 37.8692416),8.0114135067002,192.31464461857587,android,1.425533691526269,-0.7463521260821234,0.912336952380048
108,37.8692425,-122.2556146,1564097701.0,2019-07-25T16:35:01-07:00,POINT (-122.2556146 37.8692425),7.866714355064433,193.73570520534588,android,0.6791815654441457,0.16598482629792455,0.013189357140391711
109,37.8692431,-122.2556069,1564097702.0,2019-07-25T16:35:02-07:00,POINT (-122.2556069 37.8692431),7.816766540969125,194.41440764204566,android,0.8451663917420702,0.17917418343831626,-0.16788289325920225
110,37.869246,-122.255598,1564097703.0,2019-07-25T16:35:03-07:00,POINT (-122.255598 37.869246),8.000268098060806,195.24064937508754,android,1.0243405751803865,0.01129129017911401,0.46389540737501767
111,37.8692483,-122.2555867,1564097704.0,2019-07-25T16:35:04-07:00,POINT (-122.2555867 37.8692483),8.082158426196374,196.26353703213536,android,1.0356318653595005,0.4751866975541317,-1.1050545630958832
112,37.86925,-122.2555751,1564097705.0,2019-07-25T16:35:05-07:00,POINT (-122.2555751 37.86925),8.093949830334292,197.30106750067844,android,1.5108185629136321,-0.6298678655417514,0.7539064784680884
113,37.8692505,-122.2555579,1564097706.0,2019-07-25T16:35:06-07:00,POINT (-122.2555579 37.8692505),7.890514207359663,198.8012244632848,android,0.8809506973718807,0.124038612926337,-0.25833800575108923
114,37.8692518,-122.255548,1564097707.0,2019-07-25T16:35:07-07:00,POINT (-122.255548 37.8692518),7.884084254321669,199.68384731811747,android,1.0049893102982177,-0.13429939282475223,0.688920948297125
115,37.8692548,-122.2555372,1564097708.0,2019-07-25T16:35:08-07:00,POINT (-122.2555372 37.8692548),8.050008236767,200.67665127608956,android,0.8706899174734655,0.5546215554723728,-0.5876451222661694
116,37.8692573,-122.2555278,1564097709.0,2019-07-25T16:35:09-07:00,POINT (-122.2555278 37.8692573),8.182276004164326,201.53865512782116,android,1.4253114729458383,-0.03302356679379659,-0.24093027019712054
117,37.8692599,-122.2555119,1564097710.0,2019-07-25T16:35:10-07:00,POINT (-122.2555119 37.8692599),8.227939265757382,202.96589487366424,android,1.3922879061520417,-0.27395383699091713,-0.006857036401422656
118,37.8692588,-122.2554961,1564097711.0,2019-07-25T16:35:11-07:00,POINT (-122.2554961 37.8692588),7.870586561342678,204.31442959744493,android,1.1183340691611245,-0.2808108733923398,0.8548702105644526
119,37.8692596,-122.2554834,1564097712.0,2019-07-25T16:35:12-07:00,POINT (-122.2554834 37.8692596),7.76747670867413,205.43025860956647,android,0.8375231957687848,0.5740593371721128,-0.994939865012255
120,37.8692589,-122.2554739,1564097713.0,2019-07-25T16:35:13-07:00,POINT (-122.2554739 37.8692589),7.54839203611728,206.24035570144127,android,1.4115825329408975,-0.4208805278401422,0.6152633976192259
121,37.869257,-122.255458,1564097714.0,2019-07-25T16:35:14-07:00,POINT (-122.255458 37.869257),7.102076207712053,207.5824140646654,android,0.9907020051007553,0.1943828697790837,-0.22777400916126567
122,37.8692559,-122.2554468,1564097715.0,2019-07-25T16:35:15-07:00,POINT (-122.2554468 37.8692559),6.813750501810807,208.5322754706887,android,1.185084874879839,-0.03339113938218197,0.14078911451539478
123,37.8692572,-122.2554334,1564097716.0,2019-07-25T16:35:16-07:00,POINT (-122.2554334 37.8692572),6.754801683549751,209.718236886126,android,1.151693735497657,0.10739797513321281,0.26997774161982746
124,37.8692586,-122.2554204,1564097717.0,2019-07-25T16:35:17-07:00,POINT (-122.2554204 37.8692586),6.712788199353199,210.87142393762565,android,1.2590917106308699,0.37737571675304027,-1.1638621882584035
125,37.8692602,-122.2554062,1564097718.0,2019-07-25T16:35:18-07:00,POINT (-122.2554062 37.8692602),6.701743816832057,211.53020837141324,android,1.6364674273839102,-0.7864864715053632,1.0521829388140516
126,37.8692612,-122.2553876,1564097719.0,2019-07-25T16:35:19-07:00,POINT (-122.2553876 37.8692612),6.79047444543286,212.6208849466353,android,0.8499809558785469,0.26569646730868834,-0.30580695760740295
127,37.8692622,-122.255378,1564097720.0,2019-07-25T16:35:20-07:00,POINT (-122.255378 37.8692622),6.901429809549827,213.46527806621367,android,1.1156774231872353,-0.04011049029871461,0.35757033944241967
128,37.8692626,-122.2553653,1564097721.0,2019-07-25T16:35:21-07:00,POINT (-122.2553653 37.8692626),6.945811989365582,214.58233976830454,android,1.0755669328885207,0.31745984914370506,-0.7285846073874319
129,37.8692635,-122.2553531,1564097722.0,2019-07-25T16:35:22-07:00,POINT (-122.2553531 37.8692635),7.045672050283767,215.65542264144895,android,1.3930267820322257,-0.41112475824372685,0.6234260420474882
130,37.8692658,-122.2553375,1564097723.0,2019-07-25T16:35:23-07:00,POINT (-122.2553375 37.8692658),7.157912685961896,218.2620909495074,android,0.9819020237884989,0.21230128380376134,-0.3728420233853279
131,37.8692681,-122.2553267,1564097724.0,2019-07-25T16:35:24-07:00,POINT (-122.2553267 37.8692681),7.248373541231964,219.24154630166495,android,1.1942033075922602,-0.16054073958156656,0.18648823711015772
132,37.8692707,-122.2553135,1564097725.0,2019-07-25T16:35:25-07:00,POINT (-122.2553135 37.8692707),7.335852094054324,220.43468731470318,android,1.0336625680106937,0.025947497528591157,-0.18003651479363303
133,37.8692727,-122.255302,1564097726.0,2019-07-25T16:35:26-07:00,POINT (-122.255302 37.8692727),7.38307044866816,221.4691786502052,android,1.0596100655392848,-0.15408901726504187,0.23038824121889712
134,37.8692743,-122.2552901,1564097727.0,2019-07-25T16:35:27-07:00,POINT (-122.2552901 37.8692743),7.380584635630426,222.53081967853265,android,0.905521048274243,0.07629922395385524,-0.23432306372421063
135,37.8692763,-122.2552801,1564097728.0,2019-07-25T16:35:28-07:00,POINT (-122.2552801 37.8692763),7.450170236879298,223.43528430094443,android,0.9818202722280982,-0.1580238397703554,0.47179405249760054
136,37.8692779,-122.2552691,1564097729.0,2019-07-25T16:35:29-07:00,POINT (-122.2552691 37.8692779),7.461104860921609,224.41890928854335,android,0.8237964324577428,0.31377021272724515,0.0849523350216036
137,37.86928,-122.2552601,1564097730.0,2019-07-25T16:35:30-07:00,POINT (-122.2552601 37.86928),7.5565369170668175,225.23857042516985,android,1.137566645184988,0.39872254774884874,-1.179040678077
138,37.8692816,-122.2552473,1564097731.0,2019-07-25T16:35:31-07:00,POINT (-122.2552473 37.8692816),7.540631439967614,226.3782273532083,android,1.5362891929338367,-0.7803181303281512,1.1676186628992475
139,37.8692814,-122.2552298,1564097732.0,2019-07-25T16:35:32-07:00,POINT (-122.2552298 37.8692814),7.257814157021171,227.8914430206147,android,0.7559710626056855,0.3873005325710963,-0.40556128694479465
140,37.8692829,-122.2552214,1564097733.0,2019-07-25T16:35:33-07:00,POINT (-122.2552214 37.8692829),7.296583662227992,228.647807394823,android,1.1432715951767818,-0.01826075437369834,0.30833117181400826
141,37.8692865,-122.2552092,1564097734.0,2019-07-25T16:35:34-07:00,POINT (-122.2552092 37.8692865),7.508324296341608,229.773073691833,android,1.1250108408030834,0.2900704174403099,-1.027452594668403
142,37.8692896,-122.255197,1564097735.0,2019-07-25T16:35:35-07:00,POINT (-122.255197 37.8692896),7.665390364677725,230.8889349004811,android,1.4150812582433934,-0.7373821772280931,0.9993288653528684
143,37.8692917,-122.2551811,1564097736.0,2019-07-25T16:35:36-07:00,POINT (-122.2551811 37.8692917),7.657935607984656,232.30671845846948,android,0.6776990810153003,0.2619466881247753,-0.24803813709071565
144,37.8692939,-122.2551739,1564097737.0,2019-07-25T16:35:37-07:00,POINT (-122.2551739 37.8692939),7.791143600076606,232.97222838556172,android,0.9396457691400756,0.013908551034059635,-0.003765063898096388
145,37.8692967,-122.2551638,1564097738.0,2019-07-25T16:35:38-07:00,POINT (-122.2551638 37.8692967),7.946718810574676,233.9004091298129,android,0.9535543201741352,0.010143487135963247,0.2639888406390749
146,37.8693004,-122.255154,1564097739.0,2019-07-25T16:35:39-07:00,POINT (-122.255154 37.8693004),8.205181993901654,234.81951346838153,android,0.9636978073100985,0.27413232777503815,-0.36007636477566607
147,37.8693034,-122.2551437,1564097740.0,2019-07-25T16:35:40-07:00,POINT (-122.2551437 37.8693034),8.37964507054296,235.76879298135978,android,1.2378301350851366,-0.08594403700062792,-0.2453720491962097
148,37.8693071,-122.2551304,1564097741.0,2019-07-25T16:35:41-07:00,POINT (-122.2551304 37.8693071),8.587897196548235,236.95941595478922,android,1.1518860980845087,-0.3313160861968376,0.4182596395976297
149,37.869309,-122.2551175,1564097742.0,2019-07-25T16:35:42-07:00,POINT (-122.2551175 37.869309),8.607590796267035,238.11331878315903,android,0.8205700118876711,0.08694355340079207,0.1137652885856395
150,37.8693117,-122.2551088,1564097743.0,2019-07-25T16:35:43-07:00,POINT (-122.2551088 37.8693117),8.776094260044912,238.9176400921779,android,0.9075135652884632,0.20070884198643157,-0.43891713598089266
151,37.8693143,-122.255099,1564097744.0,2019-07-25T16:35:44-07:00,POINT (-122.255099 37.8693143),8.917607779621509,239.81553407405212,android,1.1082224072748947,-0.23820829399446108,0.40724079774914124
152,37.8693189,-122.2550878,1564097745.0,2019-07-25T16:35:45-07:00,POINT (-122.2550878 37.8693189),9.257533543491888,240.8716705218138,android,0.8700141132804337,0.16903250375468015,-0.47651749670281485
153,37.8693225,-122.255079,1564097746.0,2019-07-25T16:35:46-07:00,POINT (-122.255079 37.8693225),9.523055046908885,241.70122903508087,android,1.0390466170351138,-0.3074849929481347,0.8942930358829717
154,37.8693275,-122.255069,1564097747.0,2019-07-25T16:35:47-07:00,POINT (-122.255069 37.8693275),9.924255536160933,242.66063982002473,android,0.7315616240869791,0.586808042934837,-0.8425317554532739
155,37.8693302,-122.2550614,1564097748.0,2019-07-25T16:35:48-07:00,POINT (-122.2550614 37.8693302),10.108807584575766,243.3695477721521,android,1.3183696670218161,-0.25572371251843684,0.5216115502847509
156,37.8693308,-122.2550464,1564097749.0,2019-07-25T16:35:49-07:00,POINT (-122.2550464 37.8693308),9.955620679199928,244.6816775897723,android,1.0626459545033793,0.2658878377663141,-0.35158765894594346
157,37.8693305,-122.2550343,1564097750.0,2019-07-25T16:35:50-07:00,POINT (-122.2550343 37.8693305),9.7462659163646,245.725700434536,android,1.3285337922696934,-0.08569982117962938,-0.11414850477609395
158,37.869328,-122.2550195,1564097751.0,2019-07-25T16:35:51-07:00,POINT (-122.2550195 37.869328),9.256799707572474,246.96343084001606,android,1.242833971090064,-0.19984832595572333,0.39195041800772934
159,37.8693255,-122.2550057,1564097752.0,2019-07-25T16:35:52-07:00,POINT (-122.2550057 37.8693255),8.781922843658114,248.11442218710363,android,1.0429856451343407,0.192102092052006,-0.5544128693711919
160,37.8693244,-122.2549939,1564097753.0,2019-07-25T16:35:53-07:00,POINT (-122.2549939 37.8693244),8.489410421220278,249.11770047478478,android,1.2350877371863467,-0.36231077731918593,0.613706811851946
161,37.8693308,-122.2549824,1564097754.0,2019-07-25T16:35:54-07:00,POINT (-122.2549824 37.8693308),9.021914075993447,250.23298484555684,android,0.8727769598671608,0.25139603453276005,0.04295109082346149
162,37.8693346,-122.2549737,1564097755.0,2019-07-25T16:35:55-07:00,POINT (-122.2549737 37.8693346),9.310779168175127,251.05754976928193,android,1.1241729943999208,0.29434712535622154,-0.6234586717231356
163,37.8693368,-122.2549612,1564097756.0,2019-07-25T16:35:56-07:00,POINT (-122.2549612 37.8693368),9.36913599783209,252.1822776054852,android,1.4185201197561423,-0.3291115463669141,0.20445745078754718
164,37.8693379,-122.2549451,1564097757.0,2019-07-25T16:35:57-07:00,POINT (-122.2549451 37.8693379),9.254611791897247,253.59902241599482,android,1.0894085733892283,-0.12465409557936691,0.45403472103438913
165,37.8693404,-122.2549331,1564097758.0,2019-07-25T16:35:58-07:00,POINT (-122.2549331 37.8693404),9.353089092434523,254.68590169635291,android,0.9647544778098613,0.3293806254550222,0.09118591657852515
166,37.869344,-122.2549231,1564097759.0,2019-07-25T16:35:59-07:00,POINT (-122.2549231 37.869344),9.601105123858163,255.6195465759689,android,1.2941351032648836,0.4205665420335474,-0.010796067916556407
167,37.8693483,-122.2549094,1564097760.0,2019-07-25T16:36:00-07:00,POINT (-122.2549094 37.8693483),9.871734723811988,256.8870088613214,android,1.714701645298431,0.40977047411699097,-1.2011766411975382
168,37.8693541,-122.2548913,1564097761.0,2019-07-25T16:36:01-07:00,POINT (-122.2548913 37.8693541),10.242300581278341,258.5637287913564,android,2.124472119415422,-0.7914061670805472,0.808537127438872
169,37.869364,-122.2548706,1564097762.0,2019-07-25T16:36:02-07:00,POINT (-122.2548706 37.869364),11.157035605373347,258.82074042223735,android,1.3330659523348747,0.01713096035832473,0.11054271387909753
170,37.8693673,-122.254856,1564097763.0,2019-07-25T16:36:03-07:00,POINT (-122.254856 37.8693673),11.579918929437726,258.82074042223735,android,1.3501969126931994,0.12767367423742226,0.008483645863314848
171,37.8693725,-122.2548421,1564097764.0,2019-07-25T16:36:04-07:00,POINT (-122.2548421 37.8693725),12.330317388736871,258.82074042223735,android,1.4778705869306217,0.1361573201007371,-0.16202718563629137
172,37.8693773,-122.2548264,1564097765.0,2019-07-25T16:36:05-07:00,POINT (-122.2548264 37.8693773),13.178593957778373,258.82074042223735,android,1.6140279070313588,-0.02586986553555426,-0.7131425622698835
173,37.8693832,-122.2548096,1564097766.0,2019-07-25T16:36:06-07:00,POINT (-122.2548096 37.8693832),14.280301604108699,258.82074042223735,android,1.5881580414958045,-0.7390124278054377,1.3495747432648146
174,37.8693883,-122.2547927,1564097767.0,2019-07-25T16:36:07-07:00,POINT (-122.2547927 37.8693883),15.396556591377653,258.82074042223735,android,0.8491456136903668,0.6105623154593769,-0.5802535508074331
175,37.8693911,-122.2547837,1564097768.0,2019-07-25T16:36:08-07:00,POINT (-122.2547837 37.8693911),16.031975602385,258.82074042223735,android,1.4597079291497437,0.030308764651943765,0.11237632745391779
176,37.8693937,-122.2547674,1564097769.0,2019-07-25T16:36:09-07:00,POINT (-122.2547674 37.8693937),16.996309803981433,258.82074042223735,android,1.4900166938016874,0.14268509210586156,-0.9038213124174383
177,37.8693965,-122.2547508,1564097770.0,2019-07-25T16:36:10-07:00,POINT (-122.2547508 37.8693965),18.061159627598204,258.82074042223735,android,1.632701785907549,-0.7611362203115768,1.0525621048425284
178,37.8694002,-122.2547328,1564097771.0,2019-07-25T16:36:11-07:00,POINT (-122.2547328 37.8694002),19.337814291480143,258.82074042223735,android,0.8715655655959722,0.29142588453095164,-0.4973720179091735
179,37.8694008,-122.2547229,1564097772.0,2019-07-25T16:36:12-07:00,POINT (-122.2547229 37.8694008),19.940247958848033,258.82074042223735,android,1.1629914501269238,-0.20594613337822187,0.725634277218949
180,37.8693999,-122.2547097,1564097773.0,2019-07-25T16:36:13-07:00,POINT (-122.2547097 37.8693999),20.63466132792352,258.82074042223735,android,0.957045316748702,0.5196881438407271,-1.0802117507111353
181,37.8694001,-122.2546988,1564097774.0,2019-07-25T16:36:14-07:00,POINT (-122.2546988 37.8694001),21.313502170361755,258.82074042223735,android,1.4767334605894291,-0.5605236068704083,1.0226173926002375
182,37.8694008,-122.254682,1564097775.0,2019-07-25T16:36:15-07:00,POINT (-122.254682 37.8694008),22.429451364514748,258.82074042223735,android,0.9162098537190209,0.4620937857298293,-1.8403974251786794
183,37.8694015,-122.2546716,1564097776.0,2019-07-25T16:36:16-07:00,POINT (-122.2546716 37.8694015),23.16029212336842,258.82074042223735,android,1.3783036394488501,-1.3783036394488501,1.3783036394488501
184,37.8694017,-122.2546559,1564097777.0,2019-07-25T16:36:17-07:00,POINT (-122.2546559 37.8694017),24.227371180891357,258.82074042223735,android,0.0,0.0,0.0
