,latitude,longitude,ts,fmt_time,geometry,gt_distance,gt_projection,source,speed,acceleration,jerk
0,37.8696995,-122.2575626,1581034673.0,2020-02-06T16:17:53-08:00,POINT (-122.2575626 37.8696995),5.288637002168272,0.29860114695529744,android,1.6119847880638742,-0.05185967673292624,-0.6634150407497262
1,37.86971381262043,-122.25756551902127,1581034674.0,2020-02-06T16:17:54-08:00,POINT (-122.25756551902127 37.86971381262043),5.242107754379677,1.9066121601350117,android,1.560125111330948,-0.7152747174826525,1.817788761480176
2,37.86972752051024,-122.25756930873622,1581034675.0,2020-02-06T16:17:55-08:00,POINT (-122.25756930873622 37.86972752051024),5.1108661178975945,3.4581341465159525,android,0.8448503938482955,1.1025140439975236,-2.202258899323378
3,37.8697349,-122.2575716,1581034676.0,2020-02-06T16:17:56-08:00,POINT (-122.2575716 37.8697349),5.01831683204419,4.296271738312035,android,1.9473644378458193,-1.0997448553258546,1.3655683013412852
4,37.8697508,-122.2575809,1581034677.0,2020-02-06T16:17:57-08:00,POINT (-122.2575809 37.8697508),4.077769621610144,7.38987983150363,android,0.8476195825199646,0.2658234460154305,-0.34735255175992164
5,37.8697554,-122.2575886,1581034678.0,2020-02-06T16:17:58-08:00,POINT (-122.2575886 37.8697554),3.3289332151541378,7.787925479629898,android,1.1134430285353951,-0.08152910574449113,1.2783938565993584
6,37.8697609,-122.2575992,1581034679.0,2020-02-06T16:17:59-08:00,POINT (-122.2575992 37.8697609),2.3125312780507548,8.244657181812247,android,1.031913922790904,1.1968647508548673,-1.8359519838048484
7,37.8697677,-122.2576072,1581034680.0,2020-02-06T16:18:00-08:00,POINT (-122.2576072 37.8697677),1.4994097621532203,8.879661754267577,android,2.2287786736457713,-0.639087232949981,0.1065025905668846
8,37.8697868,-122.2576149,1581034681.0,2020-02-06T16:18:01-08:00,POINT (-122.2576149 37.8697868),0.4986448215388283,10.866714526421,android,1.5896914406957903,-0.5325846423830964,1.1261281579013296
9,37.869801,-122.257617,1581034682.0,2020-02-06T16:18:02-08:00,POINT (-122.257617 37.869801),0.3969201513443748,12.331094521801397,android,1.0571067983126938,0.5935435155182331,-0.2988346740576535
10,37.8698104,-122.2576188,1581034683.0,2020-02-06T16:18:03-08:00,POINT (-122.2576188 37.8698104),1.0660143879878465,13.146685511865563,android,1.650650313830927,0.29470884146057963,-1.2280418842188756
11,37.869825,-122.2576222,1581034684.0,2020-02-06T16:18:04-08:00,POINT (-122.2576222 37.869825),2.150929842002822,14.386293460691196,android,1.9453591552915066,-0.933333042758296,2.035487047812623
12,37.8698423,-122.2576255,1581034685.0,2020-02-06T16:18:05-08:00,POINT (-122.2576255 37.8698423),3.3813826227525734,15.887901904988878,android,1.0120261125332106,1.102154005054327,-1.857930716491283
13,37.8698514,-122.2576253,1581034686.0,2020-02-06T16:18:06-08:00,POINT (-122.2576253 37.8698514),3.905764289089478,16.46308829983319,android,2.1141801175875377,-0.755776711436956,0.6754581009346816
14,37.8698704,-122.2576244,1581034687.0,2020-02-06T16:18:07-08:00,POINT (-122.2576244 37.8698704),5.055362614833787,18.231986614076845,android,1.3584034061505816,-0.0803186105022744,0.09072322105604691
15,37.8698824,-122.2576215,1581034688.0,2020-02-06T16:18:08-08:00,POINT (-122.2576215 37.8698824),5.613784334663895,19.467311823797527,android,1.2780847956483072,0.010404610553772509,0.7457740027747553
16,37.86989355954592,-122.2576180126419,1581034689.0,2020-02-06T16:18:09-08:00,POINT (-122.2576180126419 37.86989355954592),6.076260883880126,20.65616546553928,android,1.2884894062020797,0.7561786133285278,-2.6906912417036852
17,37.8699042,-122.2576122,1581034690.0,2020-02-06T16:18:10-08:00,POINT (-122.2576122 37.8699042),6.338374132484079,21.91574474246548,android,2.0446680195306075,-1.9345126283751575,3.3886028098136443
18,37.869917627614065,-122.25759628581874,1581034691.0,2020-02-06T16:18:11-08:00,POINT (-122.25759628581874 37.869917627614065),6.052317965000298,23.939900208361934,android,0.11015539115545007,1.4540901814384868,-1.63905746082547
19,37.8699184,-122.2575955,1581034692.0,2020-02-06T16:18:12-08:00,POINT (-122.2575955 37.8699184),6.0451816298668835,24.049768076673267,android,1.5642455725939368,-0.1849672793869832,0.051387854793616405
20,37.8699304,-122.2575862,1581034693.0,2020-02-06T16:18:13-08:00,POINT (-122.2575862 37.8699304),6.143444632033066,25.60934030429903,android,1.3792782932069536,-0.1335794245933668,0.05753439172918351
21,37.8699413,-122.2575787,1581034694.0,2020-02-06T16:18:14-08:00,POINT (-122.2575787 37.8699413),6.300825550893491,26.977947876511685,android,1.2456988686135868,-0.07604503286418329,0.8436325625071399
22,37.869951,-122.2575716,1581034695.0,2020-02-06T16:18:15-08:00,POINT (-122.2575716 37.869951),6.304314936334388,29.727803091460306,android,1.1696538357494035,0.7675875296429566,-2.069716178406533
23,37.8699598,-122.2575643,1581034696.0,2020-02-06T16:18:16-08:00,POINT (-122.2575643 37.8699598),6.0671870659296285,30.87209990183272,android,1.9372413653923601,-1.3021286487635766,1.8379604989972267
24,37.8699693,-122.2575458,1581034697.0,2020-02-06T16:18:17-08:00,POINT (-122.2575458 37.8699693),5.176398007862526,30.958821967423816,android,0.6351127166287835,0.5358318502336501,-1.0233513701848764
25,37.8699682,-122.2575387,1581034698.0,2020-02-06T16:18:18-08:00,POINT (-122.2575387 37.8699682),4.611198696793407,31.251119033392822,android,1.1709445668624336,-0.48751951995122633,1.1142598396881351
26,37.8699734,-122.2575271,1581034699.0,2020-02-06T16:18:19-08:00,POINT (-122.2575271 37.8699734),3.62545439746659,36.24130867898099,android,0.6834250469112073,0.6267403197369088,-1.0272636751595896
27,37.8699783,-122.2575224,1581034700.0,2020-02-06T16:18:20-08:00,POINT (-122.2575224 37.8699783),3.0868800668660925,36.6613376058489,android,1.3101653666481161,-0.4005233554226807,0.2915736270808199
28,37.8699838,-122.2575092,1581034701.0,2020-02-06T16:18:21-08:00,POINT (-122.2575092 37.8699838),1.8084750961081544,36.95473139692191,android,0.9096420112254354,-0.10894972834186079,0.33514765175892725
29,37.869989,-122.2575012,1581034702.0,2020-02-06T16:18:22-08:00,POINT (-122.2575012 37.869989),0.9910383128346147,37.21301773011326,android,0.8006922828835746,0.22619792341706646,-0.20807393250406847
30,37.8699926,-122.2574933,1581034703.0,2020-02-06T16:18:23-08:00,POINT (-122.2574933 37.8699926),0.24813853411852488,37.51381618433911,android,1.026890206300641,0.01812399091299799,0.035976813182018175
31,37.8699985,-122.2574843,1581034704.0,2020-02-06T16:18:24-08:00,POINT (-122.2574843 37.8699985),0.6254599265750408,38.05420737507833,android,1.045014197213639,0.054100804095016164,0.16763094191276173
32,37.8700056,-122.2574765,1581034705.0,2020-02-06T16:18:25-08:00,POINT (-122.2574765 37.8700056),1.4126833144505533,38.74091256173558,android,1.0991150013086552,0.2217317460077779,-0.8133824283596525
33,37.870014,-122.2574699,1581034706.0,2020-02-06T16:18:26-08:00,POINT (-122.2574699 37.870014),2.115046962529273,39.584923303125024,android,1.3208467473164331,-0.5916506823518746,0.39268492244352915
34,37.8700257,-122.2574673,1581034707.0,2020-02-06T16:18:27-08:00,POINT (-122.2574673 37.8700257),2.51888659850647,40.83970600099061,android,0.7291960649645586,-0.19896575990834542,0.3152521044028953
35,37.87003225737592,-122.25746720356797,1581034708.0,2020-02-06T16:18:28-08:00,POINT (-122.25746720356797 37.87003225737592),2.626655628340889,41.55930693022444,android,0.5302303050562132,0.11628634449454989,-0.4398601827009648
36,37.87003701055741,-122.25746672015347,1581034709.0,2020-02-06T16:18:29-08:00,POINT (-122.25746672015347 37.87003701055741),2.7408037042825857,42.07594976116319,android,0.646516649550763,-0.3235738382064149,0.6774792268521774
37,37.8700428,-122.2574674,1581034710.0,2020-02-06T16:18:30-08:00,POINT (-122.2574674 37.8700428),2.769296806192996,42.720467662257825,android,0.32294281134434816,0.35390538864576254,-0.09029383222142445
38,37.8700457,-122.2574676,1581034711.0,2020-02-06T16:18:31-08:00,POINT (-122.2574676 37.8700457),2.7958152177063593,43.041626009336866,android,0.6768481999901107,0.2636115564243381,0.005204919533671082
39,37.8700504,-122.2574725,1581034712.0,2020-02-06T16:18:32-08:00,POINT (-122.2574725 37.8700504),2.440086992633241,43.617091225380776,android,0.9404597564144488,0.26881647595800917,-0.7933829213203153
40,37.870057,-122.2574792,1581034713.0,2020-02-06T16:18:33-08:00,POINT (-122.2574792 37.870057),1.9563118413252636,44.42301888184956,android,1.209276232372458,-0.5245664453623061,1.824116872291754
41,37.87006621696207,-122.257486512209,1581034714.0,2020-02-06T16:18:34-08:00,POINT (-122.257486512209 37.87006621696207),1.45884948465353,45.52394619706256,android,0.6847097870101518,1.2995504269294478,-1.2899609410576758
42,37.8700716,-122.2574903,1581034715.0,2020-02-06T16:18:35-08:00,POINT (-122.2574903 37.8700716),1.2103814025303052,46.16112778965862,android,1.9842602139395995,0.009589485871771997,-0.2215151734561993
43,37.8700827,-122.257508,1581034716.0,2020-02-06T16:18:36-08:00,POINT (-122.257508 37.8700827),0.16366002108955674,47.593813617860455,android,1.9938496998113715,-0.2119256875844273,0.11324474924313832
44,37.8700845,-122.2575306,1581034717.0,2020-02-06T16:18:37-08:00,POINT (-122.2575306 37.8700845),2.1055774207193085,48.063143812496776,android,1.7819240122269442,-0.09868093834128899,-0.05081512719907355
45,37.8700844,-122.2575509,1581034718.0,2020-02-06T16:18:38-08:00,POINT (-122.2575509 37.8700844),3.8758816860117693,48.29600570817912,android,1.6832430738856552,-0.14949606554036254,-0.9946729457464387
46,37.8700925,-122.2575671,1581034719.0,2020-02-06T16:18:39-08:00,POINT (-122.2575671 37.8700925),5.164683846014023,49.380926221569304,android,1.5337470083452927,-1.1441690112868013,5.190283388863265
47,37.8701026,-122.257579,1581034720.0,2020-02-06T16:18:40-08:00,POINT (-122.257579 37.8701026),6.048509095725151,50.63402468622637,android,0.3895779970584914,4.046114377576464,-5.238873171701519
48,37.8701061,-122.2575792,1581034721.0,2020-02-06T16:18:41-08:00,POINT (-122.2575792 37.8701061),6.0128981602462614,51.02113247366685,android,4.435692374634955,-1.192758794125055,-0.6159147601525299
49,37.8701417,-122.257602,1581034722.0,2020-02-06T16:18:42-08:00,POINT (-122.257602 37.8701417),7.460050196062546,55.20802032818871,android,3.2429335805098995,-1.808673554277585,2.0884278115512
50,37.8701681,-122.2576177,1581034723.0,2020-02-06T16:18:43-08:00,POINT (-122.2576177 37.8701681),8.427973724031185,58.298394065203,android,1.4342600262323146,0.2797542572736147,-0.4578815051019507
51,37.8701796,-122.2576251,1581034724.0,2020-02-06T16:18:44-08:00,POINT (-122.2576251 37.8701796),8.898486686389088,59.65131848407938,android,1.7140142835059293,-0.178127247828336,-0.8752134892261658
52,37.8701934,-122.2576338,1581034725.0,2020-02-06T16:18:45-08:00,POINT (-122.2576338 37.8701934),9.44741815284242,61.27266555606611,android,1.5358870356775933,-1.0533407370545018,1.5665207944109945
53,37.8702051,-122.2576431,1581034726.0,2020-02-06T16:18:46-08:00,POINT (-122.2576431 37.8702051),10.040125416144058,63.89255205408831,android,0.4825462986230916,0.5131800573564927,-0.18259140953142572
54,37.8702079,-122.2576473,1581034727.0,2020-02-06T16:18:47-08:00,POINT (-122.2576473 37.8702079),10.317915050112369,64.2872938287411,android,0.9957263559795844,0.33058864782506703,-0.5715661762156774
55,37.8702167,-122.2576452,1581034728.0,2020-02-06T16:18:48-08:00,POINT (-122.2576452 37.8702167),9.889890612789799,65.18411314117114,android,1.3263150038046514,-0.24097752839061037,1.1546116468949144
56,37.8702255,-122.257635,1581034729.0,2020-02-06T16:18:49-08:00,POINT (-122.257635 37.8702255),8.769590409569961,66.94419531214291,android,1.085337475414041,0.913634118504304,0.49738134536174705
57,37.8702309,-122.2576247,1581034730.0,2020-02-06T16:18:50-08:00,POINT (-122.2576247 37.8702309),7.706609448350562,67.16737974523939,android,1.998971593918345,1.411015463866051,-1.9894537275281226
58,37.8702416,-122.2576064,1581034731.0,2020-02-06T16:18:51-08:00,POINT (-122.2576064 37.8702416),5.772801930695283,67.67797589757032,android,3.409987057784396,-0.5784382636620715,0.24322070104301874
59,37.8702584,-122.2575739,1581034732.0,2020-02-06T16:18:52-08:00,POINT (-122.2575739 37.8702584),2.4285013600102157,68.35756490498278,android,2.8315487941223245,-0.3352175626190528,-0.014817982706158306
60,37.8702704,-122.2575112,1581034734.0,2020-02-06T16:18:54-08:00,POINT (-122.2575112 37.8702704),1.0651729437343378,73.30176554181999,android,2.161113668884219,-0.3648535280313694,0.06327874774566511
61,37.870269708300455,-122.25748659525897,1581034735.0,2020-02-06T16:18:55-08:00,POINT (-122.25748659525897 37.870269708300455),1.1419204120166544,75.46590974752175,android,1.7962601408528496,-0.3015747802857043,-0.07046600542817805
62,37.8702671,-122.2574664,1581034736.0,2020-02-06T16:18:56-08:00,POINT (-122.2574664 37.8702671),0.461613099891682,77.85335518379412,android,1.4946853605671453,-0.3720407857138823,0.44770609251926885
63,37.8702625,-122.2574504,1581034737.0,2020-02-06T16:18:57-08:00,POINT (-122.2574504 37.8702625),0.052719898117057636,79.29342788843914,android,1.122644574853263,0.07566530680538652,-0.36302836793426485
64,37.87025749999965,-122.25743928888811,1581034738.0,2020-02-06T16:18:58-08:00,POINT (-122.25743928888811 37.87025749999965),0.06871946927368612,80.41062652711057,android,1.1983098816586495,-0.2873630611288783,0.7469958208701573
65,37.870251,-122.2574284,1581034739.0,2020-02-06T16:18:59-08:00,POINT (-122.2574284 37.870251),0.04371742508199295,81.60929230689709,android,0.9109468205297712,0.45963275974127893,-0.24089054820751643
66,37.8702451,-122.2574212,1581034740.0,2020-02-06T16:19:00-08:00,POINT (-122.2574212 37.8702451),0.11701088474718539,82.50582321958812,android,1.37057958027105,0.2187422115337625,-0.1952541989692531
67,37.8702357,-122.2574111,1581034741.0,2020-02-06T16:19:01-08:00,POINT (-122.2574111 37.8702357),0.21542912760365462,84.0724114224481,android,1.5893217918048126,0.023488012564509386,-0.531975882215266
68,37.8702223,-122.2574048,1581034742.0,2020-02-06T16:19:02-08:00,POINT (-122.2574048 37.8702223),0.059527132483406714,85.65144062193144,android,1.612809804369322,-0.5084878696507567,0.7345425896653892
69,37.8702079,-122.2574026,1581034743.0,2020-02-06T16:19:03-08:00,POINT (-122.2574026 37.8702079),0.2806257422610718,87.2456149297176,android,1.1043219347185653,0.22605472001463256,-0.06141749070258906
70,37.8701982,-122.2573999,1581034744.0,2020-02-06T16:19:04-08:00,POINT (-122.2573999 37.8701982),0.3259794402150893,88.34683861565081,android,1.3303766547331979,0.1646372293120435,0.5054123179919114
71,37.8701868,-122.2573953,1581034745.0,2020-02-06T16:19:05-08:00,POINT (-122.2573953 37.8701868),0.25794936694583565,89.67312108553995,android,1.4950138840452414,0.6700495473039549,-2.1279620082777067
72,37.8701739,-122.2573905,1581034746.0,2020-02-06T16:19:06-08:00,POINT (-122.2573905 37.8701739),0.21543051259963203,91.16480801138259,android,2.1650634313491963,-1.457912460973752,1.552567047677444
73,37.8701547,-122.2573864,1581034747.0,2020-02-06T16:19:07-08:00,POINT (-122.2573864 37.8701547),0.41101736192331095,93.31658925773974,android,0.7071509703754445,0.0946545867036922,0.05069187006036269
74,37.8701484,-122.2573875,1581034748.0,2020-02-06T16:19:08-08:00,POINT (-122.2573875 37.8701484),0.6831383559610645,93.9676954135184,android,0.8018055570791367,0.1453464567640549,0.5089249961084403
75,37.8701412,-122.257388,1581034749.0,2020-02-06T16:19:09-08:00,POINT (-122.257388 37.8701412),0.9297479996049196,94.7288300069027,android,0.9471520138431916,0.6542714528724952,0.45671570864785516
76,37.8701327,-122.2573887,1581034750.0,2020-02-06T16:19:10-08:00,POINT (-122.2573887 37.8701327),1.230214938170274,95.62492617503946,android,1.6014234667156868,1.1109871615203504,-2.4111131040947704
77,37.8701183,-122.2573884,1581034751.0,2020-02-06T16:19:11-08:00,POINT (-122.2573884 37.8701183),1.6128850314367575,97.17640683764844,android,2.712410628236037,-1.3001259425744203,0.6600911027073609
78,37.870094,-122.2573857,1581034752.0,2020-02-06T16:19:12-08:00,POINT (-122.2573857 37.870094),1.8156161182340544,100.04051499950194,android,1.412284685661617,-0.6400348398670593,1.17065942993401
79,37.8700813,-122.2573859,1581034753.0,2020-02-06T16:19:13-08:00,POINT (-122.2573859 37.8700813),2.053644660317648,101.42951148783474,android,0.7722498457945576,0.5306245900669507,-0.5236031404145952
80,37.8700744,-122.2573869,1581034754.0,2020-02-06T16:19:14-08:00,POINT (-122.2573869 37.8700744),2.260399253238496,102.17188671645687,android,1.3028744358615083,0.007021449652355516,0.9686716193988438
81,37.8700627,-122.2573861,1581034755.0,2020-02-06T16:19:15-08:00,POINT (-122.2573861 37.8700627),2.3941818727682076,103.4650694974901,android,1.3098958855138638,0.9756930690511993,-2.2601812823431136
82,37.8700511,-122.2573835,1581034756.0,2020-02-06T16:19:16-08:00,POINT (-122.2573835 37.8700511),2.3698581367203735,104.77208500743671,android,2.285588954565063,-1.2844882132919144,1.8701422779183035
83,37.8700306,-122.2573816,1581034757.0,2020-02-06T16:19:17-08:00,POINT (-122.2573816 37.8700306),2.5609761380269207,107.04478104616894,android,1.0011007412731487,0.585654064626389,-0.8391253596476256
84,37.8700216,-122.2573813,1581034758.0,2020-02-06T16:19:18-08:00,POINT (-122.2573813 37.8700216),2.6912837454618703,108.0351932408283,android,1.5867548058995378,-0.25347129502123655,0.1634359956745035
85,37.8700076,-122.2573778,1581034759.0,2020-02-06T16:19:19-08:00,POINT (-122.2573778 37.8700076),2.80569792968791,108.64162650713446,android,1.3332835108783012,-0.09003529934673304,0.43453855920153006
86,37.8699961,-122.2573735,1581034760.0,2020-02-06T16:19:20-08:00,POINT (-122.2573735 37.8699961),3.227315221454721,109.58453889784286,android,1.2432482115315682,0.344503259854797,-0.16425539747394002
87,37.8699857,-122.2573683,1581034761.0,2020-02-06T16:19:21-08:00,POINT (-122.2573683 37.8699857),3.530910972162941,110.78811332148473,android,1.5877514713863652,0.180247862380857,-0.04360726345770494
88,37.8699715,-122.2573664,1581034762.0,2020-02-06T16:19:22-08:00,POINT (-122.2573664 37.8699715),4.3164957375708575,112.16404850814,android,1.7679993337672222,0.13664059892315206,-1.1022847326417509
89,37.8699556,-122.2573664,1581034763.0,2020-02-06T16:19:23-08:00,POINT (-122.2573664 37.8699556),5.347940324521311,113.59530472917493,android,1.9046399326903742,-0.9656441337185989,1.1867504927537258
90,37.86993984496979,-122.25735788560118,1581034764.0,2020-02-06T16:19:24-08:00,POINT (-122.25735788560118 37.86993984496979),5.762412522840009,115.45135939086227,android,0.9389957989717753,0.22110635903512688,0.16449089058257915
91,37.8699329,-122.2573518,1581034765.0,2020-02-06T16:19:25-08:00,POINT (-122.2573518 37.8699329),5.778683021600722,116.38946716383899,android,1.1601021580069022,0.38559724961770603,-0.716948326219139
92,37.8699259,-122.257342,1581034766.0,2020-02-06T16:19:26-08:00,POINT (-122.257342 37.8699259),5.533472147321519,117.52353938280055,android,1.5456994076246082,-0.3313510766014329,-0.4214505968009792
93,37.869914172726254,-122.25733254545372,1581034767.0,2020-02-06T16:19:27-08:00,POINT (-122.25733254545372 37.869914172726254),5.619573430513355,119.06537779025,android,1.2143483310231753,-0.7528016734024121,1.2332326185224392
94,37.8699041,-122.2573272,1581034768.0,2020-02-06T16:19:28-08:00,POINT (-122.2573272 37.8699041),5.891558527208144,120.24697258644974,android,0.4615466576207632,0.48043094512002704,-0.16407528424353424
95,37.8699002,-122.2573254,1581034769.0,2020-02-06T16:19:29-08:00,POINT (-122.2573254 37.8699002),6.01611022116376,120.69059950237212,android,0.9419776027407902,0.3163556608764928,1.014593850406036
96,37.8698934,-122.257319,1581034770.0,2020-02-06T16:19:30-08:00,POINT (-122.257319 37.8698934),6.000541069707881,121.63182560552384,android,1.258333263617283,1.3309495112825287,-2.0810751858269727
97,37.86988613387876,-122.25730800999163,1581034771.0,2020-02-06T16:19:31-08:00,POINT (-122.25730800999163 37.86988613387876),5.687676510668242,122.85104871261886,android,2.5892827748998117,-0.750125674544444,0.46254684460376905
98,37.86988304816549,-122.25727877205925,1581034772.0,2020-02-06T16:19:32-08:00,POINT (-122.25727877205925 37.86988304816549),3.917556396082907,123.68584032017357,android,1.8391571003553677,-0.28757882994067496,0.9743371994103298
99,37.869891,-122.2572604,1581034773.0,2020-02-06T16:19:33-08:00,POINT (-122.2572604 37.869891),2.2711026649882307,124.03680152995273,android,1.5515782704146928,0.6867583694696549,-1.1953597694181695
100,37.8699001,-122.257247,1581034774.0,2020-02-06T16:19:34-08:00,POINT (-122.257247 37.8699001),0.7883167670664534,124.49503525349586,android,2.2383366398843476,-0.5086013999485146,1.0729935007682427
101,37.8699137,-122.2572282,1581034775.0,2020-02-06T16:19:35-08:00,POINT (-122.2572282 37.8699137),1.370169027011346,125.08863169531999,android,1.729735239935833,0.5643921008197281,-1.527515367741027
102,37.8699236,-122.257213,1581034776.0,2020-02-06T16:19:36-08:00,POINT (-122.257213 37.8699236),3.0124951558993343,125.63342067382396,android,2.294127340755561,-0.9631232669212988,0.057031937290174195
103,37.86993966392073,-122.25719659966208,1581034777.0,2020-02-06T16:19:37-08:00,POINT (-122.25719659966208 37.86993966392073),5.22520612166184,130.50047270341742,android,1.3310040738342623,-0.9060913296311246,1.5144159054835886
104,37.8699483,-122.2571861,1581034778.0,2020-02-06T16:19:38-08:00,POINT (-122.2571861 37.8699483),5.898574989839413,131.6483589424728,android,0.4249127442031377,0.608324575852464,-0.4421882834940225
105,37.8699502,-122.2571819,1581034779.0,2020-02-06T16:19:39-08:00,POINT (-122.2571819 37.8699502),6.001848774523166,132.06096969932597,android,1.0332373200556018,0.16613629235844152,0.7815201980286113
106,37.8699544,-122.2571714,1581034780.0,2020-02-06T16:19:40-08:00,POINT (-122.2571714 37.8699544),6.201273058642934,133.07602407656162,android,1.1993736124140433,0.9476564903870528,-2.192117741658409
107,37.8699601,-122.2571598,1581034781.0,2020-02-06T16:19:41-08:00,POINT (-122.2571598 37.8699601),6.534836638521936,134.22916430911712,android,2.147030102801096,-1.244461251271356,1.4547582982769174
108,37.869973,-122.2571416,1581034782.0,2020-02-06T16:19:42-08:00,POINT (-122.2571416 37.869973),7.480929176245244,136.15690996190264,android,0.90256885152974,0.2102970470055613,0.14608119077976334
109,37.869978,-122.2571335,1581034783.0,2020-02-06T16:19:43-08:00,POINT (-122.2571335 37.869978),7.82280405651447,136.99266343700032,android,1.1128658985353013,0.3563782377853246,-0.4323271841391443
110,37.86998305144993,-122.25712255519183,1581034784.0,2020-02-06T16:19:44-08:00,POINT (-122.25712255519183 37.86998305144993),8.102634631621141,138.07088982724653,android,1.469244136320626,-0.07594894635381966,0.08697764708435751
111,37.869985,-122.257106,1581034785.0,2020-02-06T16:19:45-08:00,POINT (-122.257106 37.869985),7.917760137963509,139.53133850096543,android,1.3932951899668062,0.011028700730537855,2.604412516541447
112,37.8699862,-122.2570902,1581034786.0,2020-02-06T16:19:46-08:00,POINT (-122.2570902 37.8699862),7.6708428166319065,140.90540962537068,android,1.404323890697344,2.615441217271985,-4.814986806865349
113,37.8699876,-122.2570743,1581034787.0,2020-02-06T16:19:47-08:00,POINT (-122.2570743 37.8699876),7.442918927091499,142.2939399216208,android,4.019765107969329,-2.199545589593364,1.639465499066331
114,37.8699989,-122.2570308,1581034788.0,2020-02-06T16:19:48-08:00,POINT (-122.2570308 37.8699989),7.617406366299945,146.3164684093626,android,1.820219518375965,-0.5600800905270329,0.8298643501386176
115,37.8700026,-122.2570106,1581034789.0,2020-02-06T16:19:49-08:00,POINT (-122.2570106 37.8700026),7.533118634213757,148.13805804392152,android,1.2601394278489322,0.2697842596115847,0.3164481165002673
116,37.8700036,-122.2569963,1581034790.0,2020-02-06T16:19:50-08:00,POINT (-122.2569963 37.8700036),7.300448082344635,149.37910138375486,android,1.5299236874605169,0.586232376111852,-1.1358805942037367
117,37.8700044,-122.2569789,1581034791.0,2020-02-06T16:19:51-08:00,POINT (-122.2569789 37.8700044),6.972810886213603,150.87669958707804,android,2.116156063572369,-0.5496482180918847,-0.2932158633679769
118,37.8700062,-122.2569549,1581034792.0,2020-02-06T16:19:52-08:00,POINT (-122.2569549 37.8700062),6.595315428106578,152.96321386052333,android,1.5665078454804842,-0.8428640814598616,0.7396380168862892
119,37.8700044,-122.2569372,1581034793.0,2020-02-06T16:19:53-08:00,POINT (-122.2569372 37.8700044),5.982780346841107,154.40835061477244,android,0.7236437640206226,-0.10322606457357242,0.6865151343078064
120,37.8699988,-122.256933,1581034794.0,2020-02-06T16:19:54-08:00,POINT (-122.256933 37.8699988),5.284778250757373,154.59633843515363,android,0.6204176994470502,0.583289069734234,-0.5632401490769104
121,37.8699952,-122.2569276,1581034795.0,2020-02-06T16:19:55-08:00,POINT (-122.2569276 37.8699952),4.771959985537645,154.9458558826613,android,1.2037067691812842,0.020048920657323555,-0.6649670588671145
122,37.8699929,-122.2569142,1581034796.0,2020-02-06T16:19:56-08:00,POINT (-122.2569142 37.8699929),4.208096102683494,156.011843073493,android,1.2237556898386077,-0.6449181382097909,0.8726472924612132
123,37.8699896,-122.2569009,1581034797.0,2020-02-06T16:19:57-08:00,POINT (-122.2569009 37.8699896),3.539769577975647,157.03941157483118,android,0.5788375516288168,0.2277291542514222,-0.018791003926691002
124,37.8699833,-122.2568904,1581034799.0,2020-02-06T16:19:59-08:00,POINT (-122.2568904 37.8699833),2.617409029934312,157.73999405873255,android,1.0342958601316612,0.1901471463980402,0.8998028033412373
125,37.869985031996166,-122.25687882297305,1581034800.0,2020-02-06T16:20:00-08:00,POINT (-122.25687882297305 37.869985031996166),2.5275921626562843,158.77234721917142,android,1.2244430065297014,1.0899499497392775,-1.264746666053988
126,37.8699874,-122.2568652,1581034801.0,2020-02-06T16:20:01-08:00,POINT (-122.2568652 37.8699874),2.457150395938092,159.99702362434067,android,2.314392956268979,-0.1747967163147104,0.5808423930318711
127,37.86999355671626,-122.25684001343348,1581034802.0,2020-02-06T16:20:02-08:00,POINT (-122.25684001343348 37.86999355671626),2.516944680492265,162.31451313794707,android,2.1395962399542685,0.40604567671716074,-1.1226705531225591
128,37.8700023,-122.2568183,1581034803.0,2020-02-06T16:20:03-08:00,POINT (-122.2568183 37.8700023),2.935538484391667,164.4153226411464,android,2.5456419166714293,-0.7166248764053984,-0.2167649014434777
129,37.8700126,-122.2567924,1581034804.0,2020-02-06T16:20:04-08:00,POINT (-122.2567924 37.8700126),3.4210519788517098,166.91732300455004,android,1.8290170402660308,-0.9333897778488761,1.4253659674160963
130,37.8700188,-122.2567731,1581034805.0,2020-02-06T16:20:05-08:00,POINT (-122.2567731 37.8700188),3.625228894158341,168.7375635615705,android,0.8956272624171547,0.4919761895672202,-1.4490303848486739
131,37.8700204,-122.2567631,1581034806.0,2020-02-06T16:20:06-08:00,POINT (-122.2567631 37.8700204),3.558752464226022,169.6324017525637,android,1.387603451984375,-0.9570541952814536,1.8256721295592995
132,37.8700208,-122.2567473,1581034807.0,2020-02-06T16:20:07-08:00,POINT (-122.2567473 37.8700208),3.2263707637328984,170.9825136586129,android,0.4305492567029213,0.8686179342778458,-1.7220470970973492
133,37.8700188,-122.2567431,1581034808.0,2020-02-06T16:20:08-08:00,POINT (-122.2567431 37.8700188),2.912982275332253,171.27832080356762,android,1.2991671909807672,-0.8534291628195032,1.490866212114992
134,37.8700215,-122.2567287,1581034809.0,2020-02-06T16:20:09-08:00,POINT (-122.2567287 37.8700215),2.8595641175761815,172.57874779985406,android,0.44573802816126395,0.6374370492954888,0.6936701536597809
135,37.8700222,-122.2567237,1581034810.0,2020-02-06T16:20:10-08:00,POINT (-122.2567237 37.8700222),2.815642406647344,173.02317195730024,android,1.0831750774567528,1.3311072029552697,-2.079728092341611
136,37.87002505714276,-122.2567119027654,1581034811.0,2020-02-06T16:20:11-08:00,POINT (-122.2567119027654 37.87002505714276),2.840806776952242,174.10787206126716,android,2.4142822804120225,-0.7486208893863415,0.34238476568697496
137,37.8700319,-122.2566858,1581034812.0,2020-02-06T16:20:12-08:00,POINT (-122.2566858 37.8700319),2.9521585333042424,176.52350456872375,android,1.665661391025681,-0.40623612369936657,-0.0577993106434016
138,37.8700373,-122.2566681,1581034813.0,2020-02-06T16:20:13-08:00,POINT (-122.2566681 37.8700373),3.1088543775473427,178.1842779567608,android,1.2594252673263144,-0.46403543434276817,0.9838072523168628
139,37.8700404,-122.2566543,1581034814.0,2020-02-06T16:20:14-08:00,POINT (-122.2566543 37.8700404),3.112417041032982,179.44586929364488,android,0.7953898329835463,0.5197718179740947,0.7104833591627533
140,37.8700424,-122.2566456,1581034815.0,2020-02-06T16:20:15-08:00,POINT (-122.2566456 37.8700424),3.1195405158891023,180.2425875806556,android,1.315161650957641,1.230255177136848,-2.4024773877466026
141,37.8700464,-122.2566315,1581034816.0,2020-02-06T16:20:16-08:00,POINT (-122.2566315 37.8700464),3.2121344181040214,181.55654079148036,android,2.545416828094489,-1.1722222106097546,1.5224245853882614
142,37.8700573,-122.256606,1581034817.0,2020-02-06T16:20:17-08:00,POINT (-122.256606 37.8700573),3.7712521225901026,184.04263174507514,android,1.3731946174847343,0.3502023747785068,-0.5976486860134016
143,37.8700644,-122.2565932,1581034818.0,2020-02-06T16:20:18-08:00,POINT (-122.2565932 37.8700644),4.22590533935708,185.3393279344167,android,1.723396992263241,-0.2474463112348948,-0.036161258464052715
144,37.8700728,-122.2565767,1581034819.0,2020-02-06T16:20:19-08:00,POINT (-122.2565767 37.8700728),4.731603869723641,186.9883179904604,android,1.4759506810283463,-0.2836075696989475,1.7548302774840439
145,37.8700791,-122.2565619,1581034820.0,2020-02-06T16:20:20-08:00,POINT (-122.2565619 37.8700791),5.053305197181281,188.4304382103316,android,1.1923431113293987,1.4712227077850963,-1.3362206207281169
146,37.870083406219784,-122.25654945980953,1581034821.0,2020-02-06T16:20:21-08:00,POINT (-122.25654945980953 37.870083406219784),5.218022190585579,189.61298939695035,android,2.663565819114495,0.13500208705697947,-1.2115107431790773
147,37.8700944,-122.2565225,1581034822.0,2020-02-06T16:20:22-08:00,POINT (-122.2565225 37.8700944),5.7525038179186945,192.22552146753605,android,2.7985679061714746,-1.0765086561220978,0.13340791766865512
148,37.8701074,-122.2564952,1581034823.0,2020-02-06T16:20:23-08:00,POINT (-122.2564952 37.8701074),6.493248432061563,194.9269490083954,android,1.7220592500493768,-0.9431007384534427,1.3402090099307873
149,37.8701144,-122.2564777,1581034824.0,2020-02-06T16:20:24-08:00,POINT (-122.2564777 37.8701144),6.825635740133247,196.6187008295368,android,0.7789585115959341,0.3971082714773447,-0.1825268947924012
150,37.8700939,-122.2564535,1581034828.0,2020-02-06T16:20:28-08:00,POINT (-122.2564535 37.8700939),4.060936646015795,198.054287582531,android,2.367391597505313,-0.33299930769226016,-0.6216472427998192
151,37.8701006,-122.2564279,1581034829.0,2020-02-06T16:20:29-08:00,POINT (-122.2564279 37.8701006),4.168969520708052,200.42305921337925,android,2.0343922898130526,-0.9546465504920794,2.0210397735276966
152,37.870104462204644,-122.2564052456698,1581034830.0,2020-02-06T16:20:30-08:00,POINT (-122.2564052456698 37.870104462204644),4.04375496518677,202.45736697405118,android,1.0797457393209733,1.0663932230356172,-2.5120545837545065
153,37.870106,-122.2563931,1581034831.0,2020-02-06T16:20:31-08:00,POINT (-122.2563931 37.870106),3.9196958172034195,203.53206238865386,android,2.1461389623565905,-1.4456613607188893,2.105612799445066
154,37.87010848003604,-122.25636885299697,1581034832.0,2020-02-06T16:20:32-08:00,POINT (-122.25636885299697 37.87010848003604),3.609003208452283,205.65986198423354,android,0.7004776016377011,0.6599514387261768,-1.1942220984471976
155,37.8701096,-122.256361,1581034833.0,2020-02-06T16:20:33-08:00,POINT (-122.256361 37.8701096),3.542217627138368,206.35848910206852,android,1.360429040363878,-0.5342706597210208,0.2414362862914221
156,37.8701120667934,-122.25634581973293,1581034834.0,2020-02-06T16:20:34-08:00,POINT (-122.25634581973293 37.8701120667934),3.4453656734279936,207.71801290109778,android,0.8261583806428571,-0.2928343734295987,0.8801928733207128
157,37.870113770166746,-122.25633665848915,1581034835.0,2020-02-06T16:20:35-08:00,POINT (-122.25633665848915 37.870113770166746),3.409850794690109,208.5449104401983,android,0.5333240072132583,0.5873584998911141,1.6547970647699553
158,37.8701153,-122.2563309,1581034836.0,2020-02-06T16:20:36-08:00,POINT (-122.2563309 37.8701153),3.436580727704953,209.07842482533613,android,1.1206825071043724,2.2421555646610694,-4.582893384081322
159,37.8701177,-122.2563185,1581034837.0,2020-02-06T16:20:37-08:00,POINT (-122.2563185 37.8701177),3.3985998829400255,210.2004820343799,android,3.3628380717654416,-2.3407378194202524,2.506024300074354
160,37.8701276,-122.2562823,1581034838.0,2020-02-06T16:20:38-08:00,POINT (-122.2562823 37.8701276),3.464038217068615,213.73575509358605,android,1.022100252345189,0.16528648065410145,-0.6353403442799946
161,37.8701284,-122.2562707,1581034839.0,2020-02-06T16:20:39-08:00,POINT (-122.2562707 37.8701284),3.2250730453144594,214.73163621814126,android,1.1873867329992904,-0.4700538636258932,0.8131318737762927
162,37.870127319449786,-122.25625724223819,1581034840.0,2020-02-06T16:20:40-08:00,POINT (-122.25625724223819 37.870127319449786),2.7364387164633364,215.81641879769157,android,0.7173328693733972,0.3430780101503995,0.964301093774215
163,37.8701258,-122.2562493,1581034841.0,2020-02-06T16:20:41-08:00,POINT (-122.2562493 37.8701258),2.3552679579758196,216.42562714991485,android,1.0604108795237968,1.3073791039246145,-2.778431167033961
164,37.8701247,-122.2562373,1581034842.0,2020-02-06T16:20:42-08:00,POINT (-122.2562373 37.8701247),1.905198035048716,217.38810794867777,android,2.3677899834484113,-1.4710520631093469,1.0270696836045468
165,37.8701325,-122.2562122,1581034843.0,2020-02-06T16:20:43-08:00,POINT (-122.2562122 37.8701325),2.0268441241550477,219.7562705353297,android,0.8967379203390643,-0.4439823795048001,1.1645851462008872
166,37.8701378,-122.2562045,1581034844.0,2020-02-06T16:20:44-08:00,POINT (-122.2562045 37.8701378),2.3701214210634953,220.5849252378219,android,0.4527555408342642,0.720602766696087,-0.6159050720749815
167,37.8701388,-122.2561995,1581034845.0,2020-02-06T16:20:45-08:00,POINT (-122.2561995 37.8701388),2.336071863694311,221.03720907183845,android,1.1733583075303513,0.10469769462110556,1.0930025802064138
168,37.8701409,-122.2561864,1581034846.0,2020-02-06T16:20:46-08:00,POINT (-122.2561864 37.8701409),2.192135785984569,222.20391837025147,android,1.2780560021514569,1.1977002748275194,-2.381802389652762
169,37.8701426,-122.256172,1581034847.0,2020-02-06T16:20:47-08:00,POINT (-122.256172 37.8701426),1.9698866464171416,223.46502711800764,android,2.4757562769789763,-1.1841021148252429,0.4109138523739234
170,37.8701526,-122.2561468,1581034848.0,2020-02-06T16:20:48-08:00,POINT (-122.2561468 37.8701526),2.3202833769026134,225.91884634018703,android,1.2916541621537334,-0.7731882624513194,1.5236816021216841
171,37.8701574,-122.2561334,1581034849.0,2020-02-06T16:20:49-08:00,POINT (-122.2561334 37.8701574),2.452146668898777,227.20546977234798,android,0.518465899702414,0.7504933396703647,-1.451620615700638
172,37.8701591,-122.2561279,1581034850.0,2020-02-06T16:20:50-08:00,POINT (-122.2561279 37.8701591),2.4778383970286493,227.7240676320047,android,1.2689592393727787,-0.7011272760302732,1.7236753440720975
173,37.8701625,-122.2561141,1581034851.0,2020-02-06T16:20:51-08:00,POINT (-122.2561141 37.8701625),2.451218365943493,228.99486219956935,android,0.5678319633425054,1.0225480680418242,-1.3512165665163287
174,37.8701642,-122.256108,1581034852.0,2020-02-06T16:20:52-08:00,POINT (-122.256108 37.8701642),2.460195161468086,229.5635169268363,android,1.5903800313843295,-0.3286684984745045,0.19066734536597507
175,37.8701712,-122.2560922,1581034853.0,2020-02-06T16:20:53-08:00,POINT (-122.2560922 37.8701712),2.756733581803876,231.12768200367455,android,1.261711532909825,-0.13800115310852945,-0.3592094376888957
176,37.8701772,-122.25608,1581034854.0,2020-02-06T16:20:54-08:00,POINT (-122.25608 37.8701772),3.04831945159515,232.35636267626964,android,1.1237103798012955,-0.49721059079742513,1.1698752752735166
177,37.8701805,-122.2560679,1581034855.0,2020-02-06T16:20:55-08:00,POINT (-122.2560679 37.8701805),3.0585351029867187,233.48181481799392,android,0.6264997890038704,0.6726646844760915,-0.579603510213484
178,37.8701816,-122.2560609,1581034856.0,2020-02-06T16:20:56-08:00,POINT (-122.2560609 37.8701816),2.97929385794996,234.10446908996946,android,1.299164473479962,0.09306117426260752,0.15386694620034747
179,37.8701843,-122.2560465,1581034857.0,2020-02-06T16:20:57-08:00,POINT (-122.2560465 37.8701843),2.8622897048934566,235.40072028965116,android,1.3922256477425694,0.24692812046295498,-1.4734274694103187
180,37.8701876,-122.2560312,1581034858.0,2020-02-06T16:20:58-08:00,POINT (-122.2560312 37.8701876),2.7833591010475405,236.79314248489703,android,1.6391537682055244,-1.2264993489473637,1.7180233457800511
181,37.8701909,-122.256013,1581034859.0,2020-02-06T16:20:59-08:00,POINT (-122.256013 37.8701909),2.6236396052066513,238.42750634273813,android,0.41265441925816065,0.4915239968326874,-1.0094806488496257
182,37.8701894,-122.2560087,1581034860.0,2020-02-06T16:21:00-08:00,POINT (-122.2560087 37.8701894),2.3459842108779507,238.73353337138926,android,0.904178416090848,-0.5179566520169383,1.8748858522106766
183,37.8701895,-122.2559984,1581034861.0,2020-02-06T16:21:01-08:00,POINT (-122.2559984 37.8701895),2.069567874805895,239.59635788178556,android,0.3862217640739097,1.3569292001937383,-1.5013889620605032
184,37.8701895,-122.255994,1581034862.0,2020-02-06T16:21:02-08:00,POINT (-122.255994 37.8701895),1.9469913187602845,239.9634418742783,android,1.743150964267648,-0.1444597618667649,-0.8051187598174391
185,37.8701993,-122.2559785,1581034863.0,2020-02-06T16:21:03-08:00,POINT (-122.2559785 37.8701993),2.5465699514918843,241.60097730527335,android,1.598691202400883,-0.949578521684204,1.3906715970528398
186,37.870208,-122.255964,1581034864.0,2020-02-06T16:21:04-08:00,POINT (-122.255964 37.870208),2.205649584836136,244.68217895444118,android,0.649112680716679,0.44109307536863585,-0.09370663320399408
187,37.8702113,-122.2559579,1581034865.0,2020-02-06T16:21:05-08:00,POINT (-122.2559579 37.8702113),2.012654547985889,245.30241302156782,android,1.090205756085315,0.34738644216464176,0.361407081002421
188,37.870216,-122.255947,1581034866.0,2020-02-06T16:21:06-08:00,POINT (-122.255947 37.870216),1.5853088435631824,246.30664556741047,android,1.4375921982499567,0.7087935231670628,-2.419086268660447
189,37.8702217,-122.2559323,1581034867.0,2020-02-06T16:21:07-08:00,POINT (-122.2559323 37.8702217),0.9649686718542114,247.60545739194038,android,2.1463857214170194,-1.7102927454933843,1.722278355298736
190,37.8702358,-122.2559156,1581034868.0,2020-02-06T16:21:08-08:00,POINT (-122.2559156 37.8702358),0.7857588038881477,249.74392524338978,android,0.4360929759236351,0.011985609805351627,0.8202352728921671
191,37.8702388,-122.2559124,1581034869.0,2020-02-06T16:21:09-08:00,POINT (-122.2559124 37.8702388),0.7719734127361316,250.1796202254885,android,0.44807858572898673,0.8322208826975187,-1.413364232054616
192,37.8702414,-122.2559085,1581034870.0,2020-02-06T16:21:10-08:00,POINT (-122.2559085 37.8702414),0.6823687939536521,250.61878289420056,android,1.2802994684265054,-0.5811433493570974,1.0724461183741847
193,37.8702472,-122.2558959,1581034871.0,2020-02-06T16:21:11-08:00,POINT (-122.2558959 37.8702472),0.2136679937694056,251.8115469908366,android,0.699156119069408,0.49130276901708725,-0.3164980220098519
194,37.8702502,-122.2558889,1581034872.0,2020-02-06T16:21:12-08:00,POINT (-122.2558889 37.8702502),0.06203826376256836,252.45487157250332,android,1.1904588880864952,0.17480474700723536,-0.5543134325579637
195,37.87025550973415,-122.25587712328195,1581034873.0,2020-02-06T16:21:13-08:00,POINT (-122.25587712328195 37.87025550973415),0.5077850799033323,253.56002363586094,android,1.3652636350937306,-0.37950868555072836,0.35123710742300684
196,37.8702621,-122.255864,1581034874.0,2020-02-06T16:21:14-08:00,POINT (-122.255864 37.8702621),0.9580829725846565,254.8500928986471,android,0.9857549495430022,-0.02827157812772152,0.8369697589981229
197,37.8702667,-122.2558544,1581034875.0,2020-02-06T16:21:15-08:00,POINT (-122.2558544 37.8702667),1.3027153056303569,255.77459931818692,android,0.9574833714152807,0.8086981808704014,-2.097889944107479
198,37.8702712,-122.2558451,1581034876.0,2020-02-06T16:21:16-08:00,POINT (-122.2558451 37.8702712),1.6335622083845989,256.67401896166353,android,1.766181552285682,-1.2891917632370777,2.0089588196590937
199,37.87027967470517,-122.25582808219043,1581034877.0,2020-02-06T16:21:17-08:00,POINT (-122.25582808219043 37.87027967470517),2.2224075752966805,258.3407341466615,android,0.47698978904860423,0.7197670564220161,-0.889889551012827
200,37.8702821,-122.25582360000001,1581034878.0,2020-02-06T16:21:18-08:00,POINT (-122.25582360000001 37.8702821),2.189265465458332,260.5670020603636,android,1.1967568454706203,-0.17012249459081086,-0.12347554147512207
201,37.8702895,-122.2558137,1581034879.0,2020-02-06T16:21:19-08:00,POINT (-122.2558137 37.8702895),1.5162650694325772,261.5566811730704,android,1.0266343508798095,-0.29359803606593293,-0.01166084367838821
202,37.8702953,-122.2558046,1581034880.0,2020-02-06T16:21:20-08:00,POINT (-122.2558046 37.8702953),1.0074284428034337,262.4488002507873,android,0.7330363148138765,-0.30525887974432114,1.5100874893768048
203,37.870299462811865,-122.25579812451487,1581034881.0,2020-02-06T16:21:21-08:00,POINT (-122.25579812451487 37.870299462811865),0.6414463729907596,263.08424921552523,android,0.4277774350695554,1.2048286096324836,-1.4925406457707864
204,37.8703022,-122.2557947,1581034882.0,2020-02-06T16:21:22-08:00,POINT (-122.2557947 37.8703022),0.3892071534063445,263.4297038959274,android,1.632606044702039,-0.28771203613830276,-0.4696141577953915
205,37.870313,-122.2557821,1581034883.0,2020-02-06T16:21:23-08:00,POINT (-122.2557821 37.870313),0.6187294553536415,264.71354628592803,android,1.3448940085637362,-0.7573261939336943,1.660521880226249
206,37.8703215,-122.2557712,1581034884.0,2020-02-06T16:21:24-08:00,POINT (-122.2557712 37.8703215),1.3983324629133003,265.8093791898506,android,0.5875678146300419,0.9031956862925546,-1.7877316046685503
207,37.8703251,-122.2557663,1581034885.0,2020-02-06T16:21:25-08:00,POINT (-122.2557663 37.8703251),1.7245727234341826,266.29812086238337,android,1.4907635009225966,-0.8845359183759958,1.472000770076423
208,37.8703304,-122.2557507,1581034886.0,2020-02-06T16:21:26-08:00,POINT (-122.2557507 37.8703304),2.0881997067363702,267.74598313804523,android,0.6062275825466008,0.5874648517004273,-0.16121871401977472
209,37.8703331,-122.2557447,1581034887.0,2020-02-06T16:21:27-08:00,POINT (-122.2557447 37.8703331),2.3005335951009607,268.3144634000485,android,1.193692434247028,0.42624613768065256,-0.3993480863420604
210,37.8703402,-122.2557345,1581034888.0,2020-02-06T16:21:28-08:00,POINT (-122.2557345 37.8703402),2.936493614863829,269.3249309907936,android,1.6199385719276806,0.026898051338592133,-0.5614360334730764
211,37.8703503,-122.2557212,1581034889.0,2020-02-06T16:21:29-08:00,POINT (-122.2557212 37.8703503),3.8580013996932885,270.6572813248208,android,1.6468366232662728,-0.5345379821344842,0.6119649815229367
212,37.8703593,-122.2557063,1581034890.0,2020-02-06T16:21:30-08:00,POINT (-122.2557063 37.8703593),4.6367350211952845,272.10928457053143,android,1.1122986411317886,0.07742699938845243,-0.27557322320766875
213,37.8703649,-122.2556958,1581034891.0,2020-02-06T16:21:31-08:00,POINT (-122.2556958 37.8703649),5.1041837544960345,273.1194809380146,android,1.189725640520241,-0.19814622381921632,0.8045526148938356
214,37.87036941556009,-122.25568351233308,1581034892.0,2020-02-06T16:21:32-08:00,POINT (-122.25568351233308 37.87036941556009),5.427952117927105,274.265902176832,android,0.9915794167010247,0.6064063910746192,-1.7565806695062798
215,37.8703741,-122.2556739,1581034893.0,2020-02-06T16:21:33-08:00,POINT (-122.2556739 37.8703741),5.8074430784324615,275.1829370191935,android,1.597985807775644,-1.1501742784316606,1.0622502847453088
216,37.87038,-122.2556573,1581034894.0,2020-02-06T16:21:34-08:00,POINT (-122.2556573 37.87038),6.222894551014983,276.7281772046084,android,0.44781152934398333,-0.08792399368635184,0.7647648801103248
217,37.8703792,-122.2556523,1581034895.0,2020-02-06T16:21:35-08:00,POINT (-122.2556523 37.8703792),6.065685920214289,277.14838221820287,android,0.3598875356576315,0.676840886423973,-0.542575663036329
218,37.8703792,-122.2556482,1581034896.0,2020-02-06T16:21:36-08:00,POINT (-122.2556482 37.8703792),6.008645372787803,277.50446326176836,android,1.0367284220816044,0.13426522338764402,0.2375819736953524
219,37.8703796,-122.2556364,1581034897.0,2020-02-06T16:21:37-08:00,POINT (-122.2556364 37.8703796),5.88830346738526,278.53630195504195,android,1.1709936454692484,0.3718471970829964,-1.2123876806944245
220,37.87038199316223,-122.25562340854786,1581034898.0,2020-02-06T16:21:38-08:00,POINT (-122.25562340854786 37.87038199316223),5.969754142588579,279.70659743674764,android,1.5428408425522449,-0.8405404836114282,1.323704975920125
221,37.8703863,-122.2556067,1581034899.0,2020-02-06T16:21:39-08:00,POINT (-122.2556067 37.8703863),6.209151518464715,281.2333043190073,android,0.7023003589408167,0.48316449230869674,-0.44694447431552475
222,37.8703873,-122.2555988,1581034900.0,2020-02-06T16:21:40-08:00,POINT (-122.2555988 37.8703873),6.208803203313014,281.9369618131716,android,1.1854648512495134,0.03622001799317198,0.3811274257462409
223,37.8703876,-122.2555853,1581034901.0,2020-02-06T16:21:41-08:00,POINT (-122.2555853 37.8703876),6.053855136431389,283.1146888130814,android,1.2216848692426854,0.4173474437394129,-1.5805172228147073
224,37.87038540954281,-122.25557166143183,1581034902.0,2020-02-06T16:21:42-08:00,POINT (-122.25557166143183 37.87038540954281),5.624128126694977,284.26074258779335,android,1.6390323129820983,-1.1631697790752944,1.8797915799514744
225,37.8703849,-122.255553,1581034903.0,2020-02-06T16:21:43-08:00,POINT (-122.255553 37.8703849),5.3086808380145465,285.8725275450794,android,0.4758625339068038,0.7166218008761801,-1.3650229015376358
226,37.870384,-122.2555477,1581034904.0,2020-02-06T16:21:44-08:00,POINT (-122.2555477 37.870384),5.1363431360965315,286.31703242047865,android,1.1924843347829839,-0.6484011006614556,1.368753190822494
227,37.8703828,-122.2555342,1581034905.0,2020-02-06T16:21:45-08:00,POINT (-122.2555342 37.8703828),4.817057602034033,287.46843448981275,android,0.5440832341215283,0.7203520901610383,-0.026981036544542647
228,37.8703813,-122.2555283,1581034906.0,2020-02-06T16:21:46-08:00,POINT (-122.2555283 37.8703813),4.570637416439789,287.95451881728997,android,1.2644353242825666,0.6933710536164956,-1.7796234198743104
229,37.870381,-122.2555139,1581034907.0,2020-02-06T16:21:47-08:00,POINT (-122.2555139 37.870381),4.337433996749667,289.19988017380126,android,1.9578063778990622,-1.0862523662578147,1.4703589774474761
230,37.8703827,-122.2554917,1581034908.0,2020-02-06T16:21:48-08:00,POINT (-122.2554917 37.8703827),4.214833211637447,291.1577642286426,android,0.8715540116412475,0.3841066111896614,-0.34008207944810787
231,37.8703833,-122.2554818,1581034909.0,2020-02-06T16:21:49-08:00,POINT (-122.2554818 37.8703833),4.142837914172564,292.02809988575217,android,1.2556606228309088,0.04402453174155352,-0.34432211580738326
232,37.870383,-122.2554675,1581034910.0,2020-02-06T16:21:50-08:00,POINT (-122.2554675 37.870383),3.911026334890388,293.264776427153,android,1.2996851545724624,-0.30029758406582974,0.8704064664656304
233,37.8703816,-122.2554528,1581034911.0,2020-02-06T16:21:51-08:00,POINT (-122.2554528 37.8703816),3.5531354611411783,294.51688768723085,android,0.9993875705066326,0.5701088823998006,-0.5668036950244828
234,37.8703796,-122.2554417,1581034912.0,2020-02-06T16:21:52-08:00,POINT (-122.2554417 37.8703796),3.179593204893022,295.44581241933247,android,1.5694964529064332,0.0033051873753178196,-0.1624963562414945
235,37.8703816,-122.255424,1581034913.0,2020-02-06T16:21:53-08:00,POINT (-122.255424 37.8703816),3.1524660765080625,297.01814079048097,android,1.572801640281751,-0.15919116886617668,-0.35788187461075394
236,37.8703838,-122.2554063,1581034914.0,2020-02-06T16:21:54-08:00,POINT (-122.2554063 37.8703838),3.1472510032162035,298.59397910910855,android,1.4136104714155744,-0.5170730434769306,0.403019994261238
237,37.8703841,-122.2553902,1581034915.0,2020-02-06T16:21:55-08:00,POINT (-122.2553902 37.8703841),2.9561339232299138,299.99751410165015,android,0.8965374279386438,-0.11405304921569259,0.7897345380299219
238,37.8703829,-122.2553801,1581034916.0,2020-02-06T16:21:56-08:00,POINT (-122.2553801 37.8703829),2.684151383293387,300.85362988133977,android,0.7824843787229512,0.6756814888142293,-1.4534939006745256
239,37.8703825,-122.2553712,1581034917.0,2020-02-06T16:21:57-08:00,POINT (-122.2553712 37.8703825),2.5165104265801483,301.6195667033186,android,1.4581658675371805,-0.7778124118602964,0.49144497815625926
240,37.870383,-122.2553546,1581034918.0,2020-02-06T16:21:58-08:00,POINT (-122.2553546 37.870383),2.340349598432119,303.07003630357593,android,0.6803534556768841,-0.2863674337040371,0.3488241255617672
241,37.8703823,-122.2553469,1581034919.0,2020-02-06T16:21:59-08:00,POINT (-122.2553469 37.8703823),2.156535674731966,303.7264893280919,android,0.393986021972847,0.06245669185773006,0.34997196756803123
242,37.8703816,-122.2553425,1581034920.0,2020-02-06T16:22:00-08:00,POINT (-122.2553425 37.8703816),2.018631540460463,304.0963404044543,android,0.45644271383057705,0.4124286594257613,-0.43084344760819243
243,37.8703816,-122.2553373,1581034921.0,2020-02-06T16:22:01-08:00,POINT (-122.2553373 37.8703816),1.946288933222888,304.54795563004967,android,0.8688713732563383,-0.01841478818243114,0.18367338969099956
244,37.8703827,-122.2553275,1581034922.0,2020-02-06T16:22:02-08:00,POINT (-122.2553275 37.8703827),1.9304656628235002,305.4183814343964,android,0.8504565850739072,0.16525860150856841,-0.5597392679914106
245,37.8703859,-122.2553187,1581034923.0,2020-02-06T16:22:03-08:00,POINT (-122.2553187 37.8703859),2.158627939393721,306.23881272425473,android,1.0157151865824756,-0.3944806664828422,0.5986888529760702
246,37.870391,-122.2553091,1581034924.0,2020-02-06T16:22:04-08:00,POINT (-122.2553091 37.870391),2.5838223727435863,307.16206781671514,android,0.6212345200996334,0.20420818649322803,-0.46392753081681015
247,37.8703928,-122.2553024,1581034925.0,2020-02-06T16:22:05-08:00,POINT (-122.2553024 37.8703928),2.687817737365171,307.7755462303106,android,0.8254427065928615,-0.2597193443235821,1.0184879510522014
248,37.8703939,-122.2552931,1581034926.0,2020-02-06T16:22:06-08:00,POINT (-122.2552931 37.8703939),2.6789508133460114,308.60254737957473,android,0.5657233622692793,0.7587686067286193,-1.2141303603198383
249,37.8703945,-122.2552867,1581034927.0,2020-02-06T16:22:07-08:00,POINT (-122.2552867 37.8703945),2.6556493411256956,309.168911321525,android,1.3244919689978987,-0.455361753591219,0.1806646633885891
250,37.87039628710187,-122.2552717815844,1581034928.0,2020-02-06T16:22:08-08:00,POINT (-122.2552717815844 37.87039628710187),2.643897341318771,310.49592512079806,android,0.8691302154066797,-0.2746970902026299,0.9827637668212933
251,37.8703975,-122.255262,1581034929.0,2020-02-06T16:22:09-08:00,POINT (-122.255262 37.8703975),2.640699891076017,311.3667327303626,android,0.5944331252040498,0.7080666766186634,-1.649848284998476
252,37.870396,-122.2552555,1581034930.0,2020-02-06T16:22:10-08:00,POINT (-122.2552555 37.870396),2.385933956579552,311.9049271403978,android,1.3024998018227132,-0.9417816083798125,2.060029077428686
253,37.8703915,-122.2552418,1581034931.0,2020-02-06T16:22:11-08:00,POINT (-122.2552418 37.8703915),1.702325638931819,313.01578584945105,android,0.3607181934429007,1.118247469048873,-1.5497131207008366
254,37.8703898,-122.2552383,1581034932.0,2020-02-06T16:22:12-08:00,POINT (-122.2552383 37.8703898),1.467383880760776,313.2899231556891,android,1.4789656624917737,-0.4314656516519635,1.0306177678803672
255,37.8703833,-122.2552236,1581034933.0,2020-02-06T16:22:13-08:00,POINT (-122.2552236 37.8703833),0.5507462231225502,314.4525318129592,android,1.0475000108398103,0.5991521162284037,-1.530132095562037
256,37.8703773,-122.2552144,1581034934.0,2020-02-06T16:22:14-08:00,POINT (-122.2552144 37.8703773),0.23459630156564473,315.146245472214,android,1.646652127068214,-0.9309799793336332,1.5280501465170115
257,37.8703681,-122.2551997,1581034935.0,2020-02-06T16:22:15-08:00,POINT (-122.2551997 37.8703681),0.39006980831843235,317.1288170321967,android,0.7156721477345808,0.5970701671833784,-0.2720764339539371
258,37.8703648,-122.2551927,1581034936.0,2020-02-06T16:22:16-08:00,POINT (-122.2551927 37.8703648),0.25699767598063944,317.83269143857905,android,1.3127423149179591,0.32499373322944125,-0.3004665643426654
259,37.8703582,-122.2551803,1581034937.0,2020-02-06T16:22:17-08:00,POINT (-122.2551803 37.8703582),0.08400392466388598,319.1349514053526,android,1.6377360481474004,0.024527168886775863,-0.2958611934324735
260,37.87034967571098,-122.2551650846024,1581034938.0,2020-02-06T16:22:18-08:00,POINT (-122.2551650846024 37.87034967571098),0.09285655882504742,320.7641569460548,android,1.6622632170341762,-0.27133402454569766,0.06618587504537077
261,37.87034213715039,-122.25514873155953,1581034939.0,2020-02-06T16:22:19-08:00,POINT (-122.25514873155953 37.87034213715039),0.4179335947384073,322.39597366342156,android,1.3909291924884786,-0.2051481495003269,-0.12628620121742606
262,37.8703355,-122.2551353,1581034940.0,2020-02-06T16:22:20-08:00,POINT (-122.2551353 37.8703355),0.6478949952603791,323.76897350854443,android,1.1857810429881517,-0.33143435071775296,0.935673671259035
263,37.8703286,-122.255125,1581034941.0,2020-02-06T16:22:21-08:00,POINT (-122.255125 37.8703286),0.6736782786797466,324.95481235680586,android,0.8543466922703987,0.604239320541282,-1.1853534690575493
264,37.8703238,-122.2551174,1581034942.0,2020-02-06T16:22:22-08:00,POINT (-122.2551174 37.8703238),0.7169273154940236,325.8084092212035,android,1.4585860128116808,-0.5811141485162672,1.110714136197276
265,37.870315562621414,-122.25510446820137,1581034943.0,2020-02-06T16:22:23-08:00,POINT (-122.25510446820137 37.870315562621414),0.7847022087230545,327.2659847379147,android,0.8774718642954136,0.5295999876810089,-0.46948060168297423
266,37.8703105,-122.2550968,1581034944.0,2020-02-06T16:22:24-08:00,POINT (-122.2550968 37.8703105),1.0101939432974898,327.8847500262882,android,1.4070718519764225,0.06011938599803468,-0.07708860056517408
267,37.8703022,-122.2550847,1581034945.0,2020-02-06T16:22:25-08:00,POINT (-122.2550847 37.8703022),1.4157570017404502,329.2324543731786,android,1.4671912379744572,-0.0169692145671394,-0.20377499578924207
268,37.8702927,-122.2550731,1581034946.0,2020-02-06T16:22:26-08:00,POINT (-122.2550731 37.8702927),1.7128730167346653,330.669047857726,android,1.4502220234073178,-0.22074421035638148,-0.5098086874370964
269,37.8702822,-122.2550633,1581034947.0,2020-02-06T16:22:27-08:00,POINT (-122.2550633 37.8702822),1.8168639267683637,332.11455261818344,android,1.2294778130509363,-0.7305528977934779,1.3889877123252128
270,37.8702721,-122.2550576,1581034948.0,2020-02-06T16:22:28-08:00,POINT (-122.2550576 37.8702721),1.640080342144979,333.3294429257092,android,0.49892491525745836,0.6584348145317349,-0.42941960213387764
271,37.8702679,-122.2550556,1581034949.0,2020-02-06T16:22:29-08:00,POINT (-122.2550556 37.8702679),1.5370628575931413,333.97902578007,android,1.1573597297891933,0.22901521239785727,-0.05838028539115503
272,37.8702588,-122.2550492,1581034950.0,2020-02-06T16:22:30-08:00,POINT (-122.2550492 37.8702588),1.3509609675867669,335.11995973105866,android,1.3863749421870506,0.17063492700670224,0.08868414172685601
273,37.8702485,-122.2550403,1581034951.0,2020-02-06T16:22:31-08:00,POINT (-122.2550403 37.8702485),1.2544638119133746,336.50183176461843,android,1.5570098691937528,0.25931906873355826,-0.7460822203839477
274,37.8702371,-122.25503,1581034952.0,2020-02-06T16:22:32-08:00,POINT (-122.25503 37.8702371),1.178644905941561,338.0558436424134,android,1.816328937927311,-0.4867631516503894,0.7136567532204778
275,37.87022227469332,-122.25502131255917,1581034953.0,2020-02-06T16:22:33-08:00,POINT (-122.25502131255917 37.87022227469332),1.474235029564376,339.2506484956524,android,1.3295657862769217,0.22689360157008842,-0.8816053963490919
276,37.8702113,-122.2550153,1581034954.0,2020-02-06T16:22:34-08:00,POINT (-122.2550153 37.8702113),1.788597664067094,340.5404744770852,android,1.55645938784701,-0.6547117947790034,1.5050904575808126
277,37.8701981,-122.2550094,1581034955.0,2020-02-06T16:22:35-08:00,POINT (-122.2550094 37.8701981),2.051271973179542,342.0719424708683,android,0.9017475930680067,0.8503786628018092,-0.27559874543300056
278,37.87019,-122.2550099,1581034956.0,2020-02-06T16:22:36-08:00,POINT (-122.2550099 37.87019),1.8553023111531395,342.9501580828596,android,1.7521262558698159,0.5747799173688086,-1.5420033633125827
279,37.8701743,-122.2550082,1581034957.0,2020-02-06T16:22:37-08:00,POINT (-122.2550082 37.8701743),1.7068175182810725,344.69224839140753,android,2.3269061732386245,-0.9672234459437741,0.42498621358493827
280,37.8701543,-122.2550004,1581034958.0,2020-02-06T16:22:38-08:00,POINT (-122.2550004 37.8701543),2.0060481143799738,346.99563489757685,android,1.3596827272948504,-0.5422372323588358,0.686851817043887
281,37.8701427,-122.2549955,1581034959.0,2020-02-06T16:22:39-08:00,POINT (-122.2549955 37.8701427),2.2121932975316456,348.33721553027925,android,0.8174454949360146,0.14461458468505117,0.09868085611906374
282,37.8701354,-122.2549944,1581034960.0,2020-02-06T16:22:40-08:00,POINT (-122.2549944 37.8701354),2.169984571259355,349.15185598655887,android,0.9620600796210658,0.24329544080411492,0.678337892056961
283,37.8701268,-122.2549932,1581034961.0,2020-02-06T16:22:41-08:00,POINT (-122.2549932 37.8701268),2.111947567285448,350.11013705101965,android,1.2053555204251807,0.921633332861076,-1.5393625732890954
284,37.8701161,-122.254991,1581034962.0,2020-02-06T16:22:42-08:00,POINT (-122.254991 37.8701161),2.101018761873108,351.31297736952223,android,2.1269888532862566,-0.6177292404280195,-0.19938908315462678
285,37.8700974,-122.2549859,1581034963.0,2020-02-06T16:22:43-08:00,POINT (-122.2549859 37.8700974),2.190713270026591,353.43388608069023,android,1.5092596128582372,-0.8171183235826462,1.6254301838656962
286,37.8700843,-122.2549814,1581034964.0,2020-02-06T16:22:44-08:00,POINT (-122.2549814 37.8700843),2.333922575049243,354.93350739204504,android,0.6921412892755909,0.8083118602830499,-0.7109773946968554
287,37.8700781,-122.2549807,1581034965.0,2020-02-06T16:22:45-08:00,POINT (-122.2549807 37.8700781),2.2777699717436413,355.62189478536396,android,1.5004531495586408,0.09733446558619452,-0.7902620205720582
288,37.870065,-122.2549766,1581034966.0,2020-02-06T16:22:46-08:00,POINT (-122.2549766 37.870065),2.3863078575327457,357.1155411498623,android,1.5977876151448354,-0.6929275549858637,2.8930070991124905
289,37.870051,-122.2549807,1581034967.0,2020-02-06T16:22:47-08:00,POINT (-122.2549807 37.870051),1.7671190397827836,358.5851102781876,android,0.9048600601589717,2.200079544126627,-3.503614842658516
290,37.8700435,-122.2549847,1581034968.0,2020-02-06T16:22:48-08:00,POINT (-122.2549847 37.8700435),1.279078876927279,359.3454387664824,android,3.104939604285599,-1.3035352985318889,1.090509892131472
291,37.8700191,-122.2550019,1581034969.0,2020-02-06T16:22:49-08:00,POINT (-122.2550019 37.8700191),0.6715752225173989,361.7565025851941,android,1.80140430575371,-0.2130254064004169,-0.06481363816066965
292,37.8700039,-122.255009,1581034970.0,2020-02-06T16:22:50-08:00,POINT (-122.255009 37.8700039),1.5734137573306142,363.3124716782901,android,1.588378899353293,-0.27783904456108655,0.6244648426108361
293,37.8699898,-122.2550119,1581034971.0,2020-02-06T16:22:51-08:00,POINT (-122.2550119 37.8699898),2.207736228956012,364.3650674580209,android,1.3105398547922065,0.3466257980497496,-1.2525359108942151
294,37.8699781,-122.2550137,1581034972.0,2020-02-06T16:22:52-08:00,POINT (-122.2550137 37.8699781),2.8332618671328644,365.5135677372019,android,1.657165652841956,-0.9059101128444657,1.445341110797402
295,37.869963241292865,-122.2550122414766,1581034973.0,2020-02-06T16:22:53-08:00,POINT (-122.2550122414766 37.869963241292865),3.0784211392868803,367.83212439279936,android,0.7512555399974904,0.5394309979529363,-0.13570329553594307
296,37.8699567,-122.2550101,1581034974.0,2020-02-06T16:22:54-08:00,POINT (-122.2550101 37.8699567),2.9988172710775416,368.5777223210329,android,1.2906865379504266,0.4037277024169932,-0.824576984385466
297,37.8699456,-122.2550058,1581034975.0,2020-02-06T16:22:55-08:00,POINT (-122.2550058 37.8699456),2.8057848564972168,369.8515502742763,android,1.6944142403674198,-0.4208492819684728,-0.3638929266675306
298,37.8699306,-122.2550024,1581034976.0,2020-02-06T16:22:56-08:00,POINT (-122.2550024 37.8699306),2.754673091074301,371.5417640158561,android,1.273564958398947,-0.7847422086360034,1.415317638157608
299,37.8699192,-122.255001,1581034977.0,2020-02-06T16:22:57-08:00,POINT (-122.255001 37.8699192),2.818837308366944,372.8110155725242,android,0.48882274976294365,0.6305754295216046,0.01696892381196191
300,37.8699154,-122.2550038,1581034978.0,2020-02-06T16:22:58-08:00,POINT (-122.2550038 37.8699154),3.1244287990546593,373.19185653652175,android,1.1193981792845482,0.6475443533335665,-1.856023291131908
301,37.86990738841709,-122.25501152200763,1581034979.0,2020-02-06T16:22:59-08:00,POINT (-122.25501152200763 37.86990738841709),3.9269428272112488,373.9712688072107,android,1.7669425326181147,-1.2084789377983414,1.4256997530223368
302,37.8698916,-122.2550138,1581034980.0,2020-02-06T16:23:00-08:00,POINT (-122.2550138 37.8698916),4.382683746257787,375.6745861500367,android,0.5584635948197734,0.2172208152239954,0.6735639228854953
303,37.8698866,-122.2550144,1581034981.0,2020-02-06T16:23:01-08:00,POINT (-122.2550144 37.8698866),4.5164483582454835,376.21557611559575,android,0.7756844100437688,0.8907847381094907,-1.3252377767504755
304,37.8698797,-122.2550131,1581034982.0,2020-02-06T16:23:02-08:00,POINT (-122.2550131 37.8698797),4.515905218771099,376.9896605250892,android,1.6664691481532594,-0.43445303864098483,0.32472755155104815
305,37.8698652,-122.2550083,1581034983.0,2020-02-06T16:23:03-08:00,POINT (-122.2550083 37.8698652),4.334835395797401,378.6431035209215,android,1.2320161095122746,-0.10972548708993668,-0.3772362944455807
306,37.86985441998278,-122.2550050572306,1581034984.0,2020-02-06T16:23:04-08:00,POINT (-122.2550050572306 37.86985441998278),4.228562951494659,379.86814189705404,android,1.122290622422338,-0.4869617815355174,0.9331130071984819
307,37.8698445,-122.2550027,1581034985.0,2020-02-06T16:23:05-08:00,POINT (-122.2550027 37.8698445),4.185303748198887,380.9873403337434,android,0.6353288408868205,0.4461512256629645,0.4408320711308631
308,37.8698388,-122.2550022,1581034986.0,2020-02-06T16:23:06-08:00,POINT (-122.2550022 37.8698388),4.234786029675621,381.61937981159286,android,1.081480066549785,0.8869832967938276,-1.699019422951395
309,37.8698291,-122.2550013,1581034987.0,2020-02-06T16:23:07-08:00,POINT (-122.2550013 37.8698291),4.314718961529795,382.6955909948323,android,1.9684633633436126,-0.8120361261575675,0.19941432893353195
310,37.8698114,-122.2550017,1581034988.0,2020-02-06T16:23:08-08:00,POINT (-122.2550017 37.8698114),4.638255624414961,384.63298941348205,android,1.1564272371860451,-0.6126217972240355,0.543071642728048
311,37.869801,-122.2550017,1581034989.0,2020-02-06T16:23:09-08:00,POINT (-122.2550017 37.869801),4.807908537339891,385.7743870739805,android,0.5438054399620096,-0.06955015449598762,0.6522300287860516
312,37.86979639040436,-122.25500376961436,1581034990.0,2020-02-06T16:23:10-08:00,POINT (-122.25500376961436 37.86979639040436),5.063162767376835,386.25352589932754,android,0.47425528546602197,0.5826798742900641,-0.36699629817945856
313,37.8697923,-122.2550053,1581034991.0,2020-02-06T16:23:11-08:00,POINT (-122.2550053 37.8697923),5.263034021627184,386.68265663961756,android,1.056935159756086,0.2156835761106055,0.6118737392489064
314,37.8697828,-122.2550049,1581034992.0,2020-02-06T16:23:12-08:00,POINT (-122.2550049 37.8697828),5.383204994497474,387.73045210114844,android,1.2726187358666916,0.8275573153595119,-1.521922363478112
315,37.8697715,-122.2550026,1581034993.0,2020-02-06T16:23:13-08:00,POINT (-122.2550026 37.8697715),5.3674366568256495,389.00036705533427,android,2.1001760512262035,-0.6943650481186001,0.7176783157309443
316,37.8697531,-122.2549972,1581034994.0,2020-02-06T16:23:14-08:00,POINT (-122.2549972 37.8697531),5.1977851492633755,391.0895931326847,android,1.4058110031076034,0.023313267612344202,-0.2810549502011208
317,37.8697406,-122.2549948,1581034995.0,2020-02-06T16:23:15-08:00,POINT (-122.2549948 37.8697406),5.192891834382318,392.49250097288206,android,1.4291242707199476,-0.2577416825887766,-0.06564688578482836
318,37.8697279,-122.2549923,1581034996.0,2020-02-06T16:23:16-08:00,POINT (-122.2549923 37.8697279),5.182560876029088,393.91865192426906,android,1.171382588131171,-0.32338856837360497,1.1229612719013877
319,37.8697176,-122.2549895,1581034997.0,2020-02-06T16:23:17-08:00,POINT (-122.2549895 37.8697176),5.106978820276236,395.0852828724824,android,0.847994019757566,0.7995727035277828,-1.2775869766764725
320,37.86971,-122.2549887,1581034998.0,2020-02-06T16:23:18-08:00,POINT (-122.2549887 37.86971),5.161354817802031,395.92972638603715,android,1.6475667232853488,-0.4780142731486896,0.6796569156477876
321,37.8696954,-122.2549855,1581034999.0,2020-02-06T16:23:19-08:00,POINT (-122.2549855 37.8696954),5.1211170209666435,397.57345398422564,android,1.1695524501366592,0.20164264249909802,-0.9019230129925511
322,37.8696855,-122.254981,1581035000.0,2020-02-06T16:23:20-08:00,POINT (-122.254981 37.8696855),4.891107426278956,398.7181686139804,android,1.3711950926357572,-0.700280370493453,1.1809223080026867
323,37.8696739,-122.2549757,1581035001.0,2020-02-06T16:23:21-08:00,POINT (-122.2549757 37.8696739),4.6192283378241195,400.0598030767169,android,0.6709147221423042,0.4806419375092337,-0.3304778556884287
324,37.869668,-122.2549741,1581035002.0,2020-02-06T16:23:22-08:00,POINT (-122.2549741 37.869668),4.5762714228290395,400.72801719205745,android,1.1515566596515379,0.15016408182080498,-0.25917537415817193
325,37.8696579,-122.2549712,1581035003.0,2020-02-06T16:23:23-08:00,POINT (-122.2549712 37.8696579),4.488726268241213,401.8739913436818,android,1.3017207414723428,-0.10901129233736695,0.12278164205910876
326,37.8696462,-122.2549707,1581035004.0,2020-02-06T16:23:24-08:00,POINT (-122.2549707 37.8696462),4.714978851511806,402.3056092298081,android,1.192709449134976,0.013770349721741812,0.006671470761468145
327,37.8695298,-122.2549011,1581035016.0,2020-02-06T16:23:36-08:00,POINT (-122.2549011 37.8695298),14.539424917627832,402.56494790995254,android,1.3579536457958776,0.09382799885935955,0.49296845070866113
328,37.8695193,-122.2548932,1581035017.0,2020-02-06T16:23:37-08:00,POINT (-122.2548932 37.8695193),15.766122893881064,403.1440395956571,android,1.4517816446552372,0.5867964495680207,-2.4831791115405695
329,37.8695081,-122.2548847,1581035018.0,2020-02-06T16:23:38-08:00,POINT (-122.2548847 37.8695081),17.07522367177024,403.7681576651838,android,2.038578094223258,-1.896382661972549,3.035025928767281
330,37.8694925,-122.2548725,1581035019.0,2020-02-06T16:23:39-08:00,POINT (-122.2548725 37.8694925),18.901678295442647,404.6690445058427,android,0.14219543225070885,1.1386432667947322,-1.7707395752754107
331,37.8694927,-122.2548709,1581035020.0,2020-02-06T16:23:40-08:00,POINT (-122.2548709 37.8694927),18.89318322075773,404.81126161148956,android,1.280838699045441,-0.6320963084806787,1.3286214570104633
332,37.8694822,-122.2548649,1581035021.0,2020-02-06T16:23:41-08:00,POINT (-122.2548649 37.8694822),20.103740227191853,405.2240163437097,android,0.6487423905647624,0.6965251485297846,0.4533079321930492
333,37.8694764,-122.2548641,1581035022.0,2020-02-06T16:23:42-08:00,POINT (-122.2548641 37.8694764),20.751069569898707,405.23189819829264,android,1.345267539094547,1.1498330807228339,-1.917977069776939
334,37.8694647,-122.2548602,1581035023.0,2020-02-06T16:23:43-08:00,POINT (-122.2548602 37.8694647),21.75226835634565,428.31724264036944,android,2.495100619817381,-0.7681439890541051,0.38263916915199303
335,37.8694431,-122.2548525,1581035024.0,2020-02-06T16:23:44-08:00,POINT (-122.2548525 37.8694431),22.876683148344004,428.31724264036944,android,1.7269566307632758,-0.38550481990211205,-0.9559469909590517
336,37.8694281,-122.2548474,1581035025.0,2020-02-06T16:23:45-08:00,POINT (-122.2548474 37.8694281),23.79427528690814,428.31724264036944,android,1.3414518108611637,-1.3414518108611637,1.3414518108611637
337,37.8694167,-122.2548424,1581035026.0,2020-02-06T16:23:46-08:00,POINT (-122.2548424 37.8694167),24.488378519363884,428.31724264036944,android,0.0,0.0,0.0
