,accuracy,altitude,bearing,elapsedRealtimeNanos,filter,fmt_time,latitude,longitude,sensed_speed,ts,write_ts,hr,geometry,source,speed,acceleration,jerk
0,3.9,25.899999618530273,166.236,1222570634852151,time,2019-11-20T10:25:59-08:00,37.8711042,-122.2677219,0.0017501462,1574274359.0,1574274359.377,2.2732766666677264,POINT (-122.2677219 37.8711042),android,0.0,0.0,0.0
1,3.9,25.899999618530273,182.60649,1222571626318401,time,2019-11-20T10:26:00-08:00,37.8711042,-122.2677219,0.001465312,1574274360.0,1574274360.375,2.2735544444455043,POINT (-122.2677219 37.8711042),android,0.0,0.0,0.0
2,3.9,25.899999618530273,190.88322,1222572624528557,time,2019-11-20T10:26:01-08:00,37.8711042,-122.2677219,0.00088326173,1574274361.0,1574274361.387,2.273832222223282,POINT (-122.2677219 37.8711042),android,0.0,0.0,0.0
3,3.9,25.899999618530273,199.1461,1222573914219285,time,2019-11-20T10:26:02-08:00,37.8711042,-122.2677219,0.0003326325,1574274362.0,1574274362.677,2.2741100000010595,POINT (-122.2677219 37.8711042),android,0.0,0.0,0.0
4,3.771,25.899999618530273,209.83029,1222574610374961,time,2019-11-20T10:26:03-08:00,37.8711042,-122.2677219,0.000120518824,1574274363.0,1574274363.364,2.2743877777788373,POINT (-122.2677219 37.8711042),android,0.0,0.0,0.011119492794399348
5,3.771,25.899999618530273,259.20395,1222575622228190,time,2019-11-20T10:26:04-08:00,37.8711042,-122.2677219,2.3539254e-05,1574274364.0,1574274364.385,2.274665555556615,POINT (-122.2677219 37.8711042),android,0.0,0.011119492794399348,-0.022238985588798697
6,3.771,25.899999618530273,346.08847,1222576624083034,time,2019-11-20T10:26:05-08:00,37.8711042,-122.2677219,2.2826121e-05,1574274365.0,1574274365.368,2.274943333334393,POINT (-122.2677219 37.8711042),android,0.011119492794399348,-0.011119492794399348,0.011119492794399348
7,3.72,25.899999618530273,0.014893994,1222577633080221,time,2019-11-20T10:26:06-08:00,37.8711043,-122.2677219,0.0040890146,1574274366.0,1574274366.383,2.2752211111121707,POINT (-122.2677219 37.8711043),android,0.0,0.0,0.0
8,3.785,25.80000114440918,0.036423672,1222578634903033,time,2019-11-20T10:26:07-08:00,37.8711043,-122.2677219,0.0035283368,1574274367.0,1574274367.377,2.2754988888899486,POINT (-122.2677219 37.8711043),android,0.0,0.0,0.011119492794399348
9,3.933,25.80000114440918,0.045571208,1222579632524074,time,2019-11-20T10:26:08-08:00,37.8711043,-122.2677219,0.0018554407,1574274368.0,1574274368.399,2.2757766666677264,POINT (-122.2677219 37.8711043),android,0.0,0.011119492794399348,-0.013461327732159802
10,3.95,25.80000114440918,0.056541484,1222580642125740,time,2019-11-20T10:26:09-08:00,37.8711043,-122.2677219,0.00074576034,1574274369.0,1574274369.426,2.276054444445504,POINT (-122.2677219 37.8711043),android,0.011119492794399348,-0.0023418349377604536,-0.006435822918878441
11,3.966,25.80000114440918,0.0036850402,1222581654158188,time,2019-11-20T10:26:10-08:00,37.8711044,-122.2677219,0.0042622616,1574274370.0,1574274370.399,2.276332222223282,POINT (-122.2677219 37.8711044),android,0.008777657856638895,-0.008777657856638895,0.008777657856638895
12,4.0,25.80000114440918,41.853424,1222582642459594,time,2019-11-20T10:26:11-08:00,37.8711044,-122.2677218,0.0048430045,1574274371.0,1574274371.402,2.27661000000106,POINT (-122.2677218 37.8711044),android,0.0,0.0,0.011119492794399348
13,3.983,25.80000114440918,53.286934,1222583655642562,time,2019-11-20T10:26:12-08:00,37.8711044,-122.2677218,0.0034750784,1574274372.0,1574274372.429,2.276887777778837,POINT (-122.2677218 37.8711044),android,0.0,0.011119492794399348,-0.022238985588798697
14,3.966,25.80000114440918,59.52854,1222584653611260,time,2019-11-20T10:26:13-08:00,37.8711044,-122.2677218,0.001695286,1574274373.0,1574274373.392,2.277165555556615,POINT (-122.2677218 37.8711044),android,0.011119492794399348,-0.011119492794399348,1.9348117493025083
15,3.971,25.80000114440918,7.943974,1222585632234853,time,2019-11-20T10:26:14-08:00,37.8711045,-122.2677218,0.0043551214,1574274374.0,1574274374.383,2.277443333334393,POINT (-122.2677218 37.8711045),android,0.0,1.923692256508109,-1.6498211747663496
16,3.971,25.80000114440918,2.5508637,1222586623393394,time,2019-11-20T10:26:15-08:00,37.8711045,-122.2677218,0.0036530145,1574274375.0,1574274375.386,2.2777211111121707,POINT (-122.2677218 37.8711045),android,1.923692256508109,0.27387108174175934,1.8770048644201314
17,3.971,25.80000114440918,358.05026,1222587623483498,time,2019-11-20T10:26:16-08:00,37.8711218,-122.2677217,1.3205514,1574274376.0,1574274376.375,2.2779988888899485,POINT (-122.2677217 37.8711218),android,2.1975633382498683,2.1508759461618907,-0.7537185445953827
18,3.957,25.80000114440918,3.432854,1222588624218498,time,2019-11-20T10:26:17-08:00,37.8711415,-122.2677237,1.6483629,1574274377.0,1574274377.395,2.2782766666677263,POINT (-122.2677237 37.8711415),android,4.348439284411759,1.397157401566508,0.17420905066122572
19,3.957,25.80000114440918,359.00113,1222589925752716,time,2019-11-20T10:26:18-08:00,37.8711806,-122.2677246,3.9237595,1574274378.0,1574274378.695,2.278554444445504,POINT (-122.2677246 37.8711806),android,5.745596685978267,1.5713664522277337,0.023891057243131897
20,3.814,25.80000114440918,359.20325,1222590635232559,time,2019-11-20T10:26:19-08:00,37.871232,-122.2677313,4.9949093,1574274379.0,1574274379.383,2.278832222223282,POINT (-122.2677313 37.871232),android,7.316963138206001,1.5952575094708656,0.377462196948688
21,3.825,25.80000114440918,357.9639,1222591618949434,time,2019-11-20T10:26:20-08:00,37.8712978,-122.2677305,6.879088,1574274380.0,1574274380.414,2.27911000000106,POINT (-122.2677305 37.8712978),android,8.912220647676866,1.9727197064195536,-2.843699112109613
22,3.75,25.80000114440918,354.11523,1222592649380006,time,2019-11-20T10:26:21-08:00,37.8713773,-122.2677434,7.8440094,1574274381.0,1574274381.412,2.2793877777788376,POINT (-122.2677434 37.8713773),android,10.88494035409642,-0.8709794056900595,2.4859510067044273
23,3.72,25.80000114440918,354.32245,1222593858113912,time,2019-11-20T10:26:22-08:00,37.8714747,-122.2677558,8.960255,1574274382.0,1574274382.62,2.279665555556615,POINT (-122.2677558 37.8714747),android,10.01396094840636,1.6149716010143678,-2.668446991488155
24,3.6,25.80000114440918,352.90063,1222594636295370,time,2019-11-20T10:26:23-08:00,37.8715635,-122.2677748,9.785836,1574274383.0,1574274383.399,2.279943333334393,POINT (-122.2677748 37.8715635),android,11.628932549420728,-1.0534753904737872,0.33685387560399604
25,3.585,26.600000381469727,353.73047,1222595593048807,time,2019-11-20T10:26:24-08:00,37.8716674,-122.2677899,10.007519,1574274384.0,1574274384.354,2.2802211111121706,POINT (-122.2677899 37.8716674),android,10.575457158946941,-0.7166215148697912,-1.1295948688281978
26,3.683,26.600000381469727,356.0864,1222596646101203,time,2019-11-20T10:26:25-08:00,37.8717625,-122.2677914,10.166769,1574274385.0,1574274385.436,2.2804988888899485,POINT (-122.2677914 37.8717625),android,9.85883564407715,-1.846216383697989,1.9402822847441108
27,3.728,26.600000381469727,355.3727,1222597647465369,time,2019-11-20T10:26:26-08:00,37.871851,-122.2677982,9.731793,1574274386.0,1574274386.413,2.2807766666677263,POINT (-122.2677982 37.871851),android,8.01261926037916,0.09406590104612178,-2.904962070580839
28,3.742,26.600000381469727,355.7232,1222598558570994,time,2019-11-20T10:26:27-08:00,37.871923,-122.2678019,9.074711,1574274387.0,1574274387.34,2.281054444445504,POINT (-122.2678019 37.871923),android,8.106685161425283,-2.8108961695347174,3.830979011384847
29,4.049,26.600000381469727,356.6679,1222599646942191,time,2019-11-20T10:26:28-08:00,37.8719959,-122.2678008,8.278364,1574274388.0,1574274388.403,2.281332222223282,POINT (-122.2678008 37.8719959),android,5.295788991890565,1.0200828418501295,-2.2098009227960036
30,4.316,26.600000381469727,356.55594,1222600558895680,time,2019-11-20T10:26:29-08:00,37.8720435,-122.2677988,7.0317507,1574274389.0,1574274389.31,2.2816100000010597,POINT (-122.2677988 37.8720435),android,6.315871833740695,-1.189718080945874,-2.7273464020889664
31,4.65,26.600000381469727,356.85355,1222601636351513,time,2019-11-20T10:26:30-08:00,37.8721003,-122.2677988,6.471714,1574274390.0,1574274390.393,2.2818877777788376,POINT (-122.2677988 37.8721003),android,5.126153752794821,-3.9170644830348404,5.411366750348533
32,5.2,26.600000381469727,357.20367,1222602888123856,time,2019-11-20T10:26:31-08:00,37.8721464,-122.2677985,4.199204,1574274391.0,1574274391.647,2.2821655555566154,POINT (-122.2677985 37.8721464),android,1.2090892697599802,1.4943022673136923,-0.980841140228137
33,5.666,26.600000381469727,4.0045505,1222603630493178,time,2019-11-20T10:26:32-08:00,37.8721572,-122.2678001,3.4867394,1574274392.0,1574274392.393,2.2824433333343928,POINT (-122.2678001 37.8721572),android,2.7033915370736725,0.5134611270855554,0.02147197386147326
34,5.571,26.600000381469727,20.205626,1222604617817761,time,2019-11-20T10:26:33-08:00,37.8721808,-122.2677927,3.1952493,1574274393.0,1574274393.342,2.2827211111121706,POINT (-122.2677927 37.8721808),android,3.216852664159228,0.5349331009470286,-0.100102337712483
35,5.833,26.600000381469727,33.376823,1222605620761511,time,2019-11-20T10:26:34-08:00,37.8722021,-122.2677679,3.347575,1574274394.0,1574274394.374,2.2829988888899484,POINT (-122.2677679 37.8722021),android,3.7517857651062565,0.4348307632345456,0.12092844844595785
36,5.75,26.600000381469727,57.214664,1222606636815417,time,2019-11-20T10:26:35-08:00,37.8722142,-122.267728,3.5744464,1574274395.0,1574274395.36,2.283276666667726,POINT (-122.267728 37.8722142),android,4.186616528340802,0.5557592116805035,1.3099716194809456
37,5.666,26.600000381469727,69.90738,1222607658072239,time,2019-11-20T10:26:36-08:00,37.8722166,-122.2676804,4.0287127,1574274396.0,1574274396.416,2.283554444445504,POINT (-122.2676804 37.8722166),android,4.742375740021306,1.865730831161449,-0.6137198462780722
38,5.571,26.600000381469727,71.05816,1222608660227083,time,2019-11-20T10:26:37-08:00,37.872226,-122.2676277,4.872031,1574274397.0,1574274397.402,2.283832222223282,POINT (-122.2676277 37.872226),android,6.608106571182755,1.252010984883377,0.6319030991860695
39,5.625,27.5,76.87286,1222609658130832,time,2019-11-20T10:26:38-08:00,37.8722365,-122.2675536,6.379145,1574274398.0,1574274398.417,2.2841100000010597,POINT (-122.2675536 37.8722365),android,7.860117556066132,1.8839140840694464,-2.7147719276006166
40,5.333,27.5,79.26476,1222610642383488,time,2019-11-20T10:26:39-08:00,37.87225,-122.2674657,7.5406756,1574274399.0,1574274399.417,2.2843877777788375,POINT (-122.2674657 37.87225),android,9.744031640135578,-0.8308578435311702,3.0652232063780325
41,5.333,27.5,82.27533,1222611758377915,time,2019-11-20T10:26:40-08:00,37.8722584,-122.2673552,8.706356,1574274400.0,1574274400.504,2.2846655555566153,POINT (-122.2673552 37.8722584),android,8.913173796604408,2.2343653628468623,-1.6734935700817335
42,5.285,27.5,82.563576,1222612649161196,time,2019-11-20T10:26:41-08:00,37.8722659,-122.2672541,9.66206,1574274401.0,1574274401.416,2.284943333334393,POINT (-122.2672541 37.8722659),android,11.14753915945127,0.5608717927651288,2.128878082408324
43,5.285,27.5,84.31315,1222613653542549,time,2019-11-20T10:26:42-08:00,37.8722655,-122.2671271,10.447984,1574274402.0,1574274402.439,2.285221111112171,POINT (-122.2671271 37.8722655),android,11.708410952216399,2.6897498751734528,-6.904891446009378
44,5.0,27.5,83.42877,1222614630412497,time,2019-11-20T10:26:43-08:00,37.8722754,-122.2669943,11.347407,1574274403.0,1574274403.422,2.2854988888899483,POINT (-122.2669943 37.8722754),android,14.398160827389852,-4.215141570835925,6.14958908480904
45,4.8,27.5,81.492805,1222615924052235,time,2019-11-20T10:26:44-08:00,37.8722967,-122.2668325,11.80456,1574274404.0,1574274404.676,2.285776666667726,POINT (-122.2668325 37.8722967),android,10.183019256553926,1.9344475139731152,-2.0777170313882376
46,4.666,27.5,80.01955,1222616660924370,time,2019-11-20T10:26:45-08:00,37.8723145,-122.2667187,12.08462,1574274405.0,1574274405.44,2.286054444445504,POINT (-122.2667187 37.8723145),android,12.117466770527042,-0.1432695174151224,-1.7592835660607538
47,4.5,27.5,79.697136,1222617557034318,time,2019-11-20T10:26:46-08:00,37.8723341,-122.2665829,11.888051,1574274406.0,1574274406.324,2.286332222223282,POINT (-122.2665829 37.8723341),android,11.97419725311192,-1.9025530834758762,1.1053930592450705
48,4.333,27.5,83.34922,1222618643924786,time,2019-11-20T10:26:47-08:00,37.8723402,-122.2664467,10.6961,1574274407.0,1574274407.449,2.2866100000010596,POINT (-122.2664467 37.8723402),android,10.071644169636043,-0.7971600242308057,-2.3302561854960224
49,4.0,27.5,81.03896,1222619630803796,time,2019-11-20T10:26:48-08:00,37.8723535,-122.2663332,9.3599615,1574274408.0,1574274408.37,2.2868877777788374,POINT (-122.2663332 37.8723535),android,9.274484145405237,-3.127416209726828,1.2780774724732948
50,4.0,27.5,78.73564,1222620644594108,time,2019-11-20T10:26:49-08:00,37.8723714,-122.26623,9.074409,1574274409.0,1574274409.39,2.2871655555566153,POINT (-122.26623 37.8723714),android,6.147067935678409,-1.8493387372535333,1.083180731186829
51,4.08,27.5,75.70624,1222621558754212,time,2019-11-20T10:26:50-08:00,37.8723829,-122.2661615,6.389164,1574274410.0,1574274410.345,2.287443333334393,POINT (-122.2661615 37.8723829),android,4.297729198424876,-0.7661580060667044,1.76346559386542
52,4.077,27.5,68.26307,1222622623790045,time,2019-11-20T10:26:51-08:00,37.8723957,-122.2661153,4.8892994,1574274411.0,1574274411.383,2.287721111112171,POINT (-122.2661153 37.8723957),android,3.5315711923581716,0.9973075877987156,-1.841883316735466
53,4.052,27.5,57.700882,1222623619803691,time,2019-11-20T10:26:52-08:00,37.8724078,-122.2660781,4.1584325,1574274412.0,1574274412.392,2.2879988888899487,POINT (-122.2660781 37.8724078),android,4.528878780156887,-0.8445757289367504,2.722329699236936
54,4.023,27.5,41.880917,1222624926422336,time,2019-11-20T10:26:53-08:00,37.8724369,-122.266042,4.3195524,1574274413.0,1574274413.686,2.288276666667726,POINT (-122.266042 37.8724369),android,3.684303051220137,1.8777539703001858,-1.3315758425831246
55,3.896,27.5,29.891813,1222625620093742,time,2019-11-20T10:26:54-08:00,37.8724674,-122.2660256,4.768061,1574274414.0,1574274414.383,2.288554444445504,POINT (-122.2660256 37.8724674),android,5.562057021520323,0.5461781277170612,-0.5216838400078201
56,3.687,27.5,20.166569,1222626647431137,time,2019-11-20T10:26:55-08:00,37.8725158,-122.2660096,4.967344,1574274415.0,1574274415.388,2.2888322222232818,POINT (-122.2660096 37.8725158),android,6.108235149237384,0.024494287709241114,-0.38671583957855304
57,3.722,27.5,10.270636,1222627643281502,time,2019-11-20T10:26:56-08:00,37.8725707,-122.2660072,5.823728,1574274416.0,1574274416.393,2.2891100000010596,POINT (-122.2660072 37.8725707),android,6.132729436946625,-0.36222155186931193,-1.412530314495489
58,3.905,27.5,7.8595285,1222628609153376,time,2019-11-20T10:26:57-08:00,37.8726257,-122.266002,5.5663395,1574274417.0,1574274417.409,2.2893877777788374,POINT (-122.266002 37.8726257),android,5.770507885077313,-1.774751866364801,-0.579670754834209
59,4.015,27.5,3.103812,1222629651762334,time,2019-11-20T10:26:58-08:00,37.8726774,-122.2659963,5.175809,1574274418.0,1574274418.471,2.289665555556615,POINT (-122.2659963 37.8726774),android,3.995756018712512,-2.35442262119901,1.1968880833085294
60,4.336,27.5,354.67822,1222630667874313,time,2019-11-20T10:26:59-08:00,37.8727133,-122.2659983,3.1728969,1574274419.0,1574274419.457,2.289943333334393,POINT (-122.2659983 37.8727133),android,1.6413333975135023,-1.1575345378904807,0.9529673799133573
61,4.392,27.5,353.28937,1222631647858323,time,2019-11-20T10:27:00-08:00,37.8727278,-122.2660018,1.6728474,1574274420.0,1574274420.415,2.290221111112171,POINT (-122.2660018 37.8727278),android,0.4837988596230215,-0.20456715797712333,0.2918254851724235
62,4.409,27.5,353.53067,1222632649934833,time,2019-11-20T10:27:01-08:00,37.8727315,-122.2660047,0.91616833,1574274421.0,1574274421.448,2.2904988888899487,POINT (-122.2660047 37.8727315),android,0.27923170164589817,0.08725832719530019,-0.07314680506069826
63,4.295,27.5,353.1656,1222633615037958,time,2019-11-20T10:27:02-08:00,37.872729,-122.2660044,0.8278296,1574274422.0,1574274422.358,2.2907766666677265,POINT (-122.2660044 37.872729),android,0.36649002884119836,0.014111522134601928,-0.16657517535930727
64,4.129,27.5,355.05478,1222634660561863,time,2019-11-20T10:27:03-08:00,37.8727258,-122.2660034,0.37191656,1574274423.0,1574274423.426,2.291054444445504,POINT (-122.2660034 37.8727258),android,0.3806015509758003,-0.15246365322470534,0.00932418323226894
65,4.11,27.5,265.85403,1222635658232384,time,2019-11-20T10:27:04-08:00,37.8727224,-122.2660039,0.039806984,1574274424.0,1574274424.425,2.2913322222232817,POINT (-122.2660039 37.8727224),android,0.22813789775109494,-0.1431394699924364,0.622437156746915
66,4.129,27.5,232.44919,1222636652533321,time,2019-11-20T10:27:05-08:00,37.872721,-122.2660058,0.12866051,1574274425.0,1574274425.417,2.2916100000010595,POINT (-122.2660058 37.872721),android,0.08499842775865854,0.4792976867544786,-0.7221813193932629
67,4.11,27.5,266.73587,1222637647824623,time,2019-11-20T10:27:06-08:00,37.8727216,-122.2660064,0.07818028,1574274426.0,1574274426.407,2.2918877777788373,POINT (-122.2660064 37.8727216),android,0.5642961145131371,-0.24288363263878432,1.0792876647060388
68,4.132,27.5,342.71667,1222638611344310,time,2019-11-20T10:27:07-08:00,37.8727266,-122.2660075,0.3071728,1574274427.0,1574274427.416,2.292165555556615,POINT (-122.2660075 37.8727266),android,0.3214124818743528,0.8364040320672544,-1.6561804991624847
69,4.132,27.5,338.3135,1222639636906809,time,2019-11-20T10:27:08-08:00,37.8727292,-122.2660091,0.31037924,1574274428.0,1574274428.38,2.292443333334393,POINT (-122.2660091 37.8727292),android,1.1578165139416072,-0.8197764670952303,0.6525136384442438
70,4.132,27.5,353.31268,1222640647013580,time,2019-11-20T10:27:09-08:00,37.8727387,-122.2660145,0.38738295,1574274429.0,1574274429.415,2.292721111112171,POINT (-122.2660145 37.8727387),android,0.33804004684637684,-0.16726282865098657,0.29372611273535126
71,4.154,27.5,353.0566,1222641710634673,time,2019-11-20T10:27:10-08:00,37.8727415,-122.266016,0.37735823,1574274430.0,1574274430.456,2.2929988888899486,POINT (-122.266016 37.8727415),android,0.17077721819539027,0.1264632840843647,-0.12763605441842124
72,4.117,27.5,348.80597,1222642617701392,time,2019-11-20T10:27:11-08:00,37.8727429,-122.2660168,0.30343375,1574274431.0,1574274431.383,2.2932766666677264,POINT (-122.2660168 37.8727429),android,0.29724050227975496,-0.0011727703340565498,0.6445598952860767
73,4.07,27.5,48.622967,1222643620577693,time,2019-11-20T10:27:12-08:00,37.8727423,-122.2660135,0.17320293,1574274432.0,1574274432.375,2.2935544444455043,POINT (-122.2660135 37.8727423),android,0.2960677319456984,0.6433871249520202,-1.0313716245408848
74,4.045,27.5,39.589836,1222644617381495,time,2019-11-20T10:27:13-08:00,37.8727445,-122.2660116,0.234453,1574274433.0,1574274433.405,2.2938322222232816,POINT (-122.2660116 37.8727445),android,0.9394548568977187,-0.3879844995888646,0.07588872888608611
75,4.036,27.5,339.99252,1222645875171130,time,2019-11-20T10:27:14-08:00,37.8727517,-122.2660172,0.47011465,1574274434.0,1574274434.624,2.2941100000010595,POINT (-122.2660172 37.8727517),android,0.5514703573088541,-0.3120957707027785,1.070108525561003
76,3.888,27.5,323.51563,1222646641691234,time,2019-11-20T10:27:15-08:00,37.8727549,-122.266022,0.5610731,1574274435.0,1574274435.404,2.2943877777788373,POINT (-122.266022 37.8727549),android,0.23937458660607555,0.7580127548582246,-0.000594158211154272
77,3.87,27.5,333.31714,1222647657537379,time,2019-11-20T10:27:16-08:00,37.872757,-122.2660226,0.35381958,1574274436.0,1574274436.44,2.294665555556615,POINT (-122.2660226 37.872757),android,0.9973873414643002,0.7574185966470703,0.28973278563782756
78,3.913,31.80000114440918,352.89993,1222648634589723,time,2019-11-20T10:27:17-08:00,37.8727658,-122.2660248,0.8079499,1574274437.0,1574274437.412,2.294943333334393,POINT (-122.2660248 37.8727658),android,1.7548059381113705,1.047151382284898,-1.5544537536640135
79,3.913,31.80000114440918,348.25964,1222649660697951,time,2019-11-20T10:27:18-08:00,37.8727811,-122.2660297,1.8801256,1574274438.0,1574274438.413,2.2952211111121708,POINT (-122.2660297 37.8727811),android,2.8019573203962684,-0.5073023713791156,1.0325199527845466
80,3.913,31.80000114440918,348.1049,1222650909564982,time,2019-11-20T10:27:19-08:00,37.8728061,-122.2660337,2.1414855,1574274439.0,1574274439.654,2.2954988888899486,POINT (-122.2660337 37.8728061),android,2.294654949017153,0.525217581405431,-1.8699898941527937
81,3.782,31.80000114440918,352.51328,1222651616459252,time,2019-11-20T10:27:20-08:00,37.8728266,-122.2660367,2.4014788,1574274440.0,1574274440.385,2.2957766666677264,POINT (-122.2660367 37.8728266),android,2.819872530422584,-1.3447723127473628,9.05691286403973
82,4.64,31.80000114440918,353.86282,1222652639862741,time,2019-11-20T10:27:21-08:00,37.8728518,-122.2660403,2.6519148,1574274441.0,1574274441.414,2.296054444445504,POINT (-122.2660403 37.8728518),android,1.475100217675221,7.712140551292367,-23.619035116946833
83,5.801,31.80000114440918,353.89706,1222652991000000,time,2019-11-20T10:27:21.658000-08:00,37.8728605,-122.2660412,2.6534088,1574274441.658,1574274442.259,2.2962372222211624,POINT (-122.2660412 37.8728605),android,6.549688641586636,-7.829184375459713,20.88953536167795
84,6.817,31.80000114440918,354.9162,1222653665356439,time,2019-11-20T10:27:22-08:00,37.8728806,-122.2660429,2.8783453,1574274442.0,1574274442.421,2.296332222223282,POINT (-122.2660429 37.8728806),android,3.8721075254474777,-0.684963122391347,0.9237697424436129
85,7.834,31.80000114440918,355.01953,1222654851442428,time,2019-11-20T10:27:23-08:00,37.8729153,-122.2660466,3.1130157,1574274443.0,1574274443.628,2.29661000000106,POINT (-122.2660466 37.8729153),android,3.1871444030561307,0.23880662005226583,-2.0064658656571392
86,8.143,31.80000114440918,354.1511,1222655666957063,time,2019-11-20T10:27:24-08:00,37.8729439,-122.266049,2.99268,1574274444.0,1574274444.45,2.2968877777788372,POINT (-122.266049 37.8729439),android,3.4259510231083965,-1.7676592456048734,0.44012323936057074
87,10.017,31.80000114440918,350.50812,1222656647130448,time,2019-11-20T10:27:25-08:00,37.8729746,-122.2660523,2.560025,1574274445.0,1574274445.407,2.297165555556615,POINT (-122.2660523 37.8729746),android,1.658291777503523,-1.3275360062443027,3.397519437121022
88,10.017,31.80000114440918,352.3883,1222657652603625,time,2019-11-20T10:27:26-08:00,37.8729895,-122.2660515,1.2247133,1574274446.0,1574274446.427,2.297443333334393,POINT (-122.2660515 37.8729895),android,0.33075577125922034,2.0699834308767193,-7.151365254963907
89,10.207,33.19999694824219,352.40808,1222657833000000,time,2019-11-20T10:27:26.500000-08:00,37.8729886,-122.26605,1.2189069,1574274446.5,1574274447.285,2.297582222223282,POINT (-122.26605 37.8729886),android,1.36574748669758,-1.5056991966052342,2.571061406758619
90,9.89,33.19999694824219,351.32648,1222658692327895,time,2019-11-20T10:27:27-08:00,37.8729947,-122.2660491,0.7825991,1574274447.0,1574274447.452,2.2977211111121707,POINT (-122.2660491 37.8729947),android,0.612897888394963,-0.22016849322592474,0.3211157253966448
91,9.763,33.19999694824219,350.38034,1222659661766905,time,2019-11-20T10:27:28-08:00,37.8730001,-122.2660505,0.51176304,1574274448.0,1574274448.408,2.2979988888899485,POINT (-122.2660505 37.8730001),android,0.3927293951690382,0.10094723217072005,-0.3168145507620731
92,8.892,33.19999694824219,347.8644,1222660652959353,time,2019-11-20T10:27:29-08:00,37.8730036,-122.2660499,0.2683129,1574274449.0,1574274449.397,2.2982766666677263,POINT (-122.2660499 37.8730036),android,0.49367662733975826,-0.21586731859135305,0.04447878876051259
93,7.69,33.19999694824219,348.4828,1222661651461801,time,2019-11-20T10:27:30-08:00,37.8730079,-122.2660513,0.2847973,1574274450.0,1574274450.402,2.298554444445504,POINT (-122.2660513 37.8730079),android,0.2778093087484052,-0.17138852983084046,0.3292089878020529
94,6.84,33.19999694824219,10.301377,1222662652725811,time,2019-11-20T10:27:31-08:00,37.8730101,-122.2660498,0.2682281,1574274451.0,1574274451.417,2.298832222223282,POINT (-122.2660498 37.8730101),android,0.10642077891756473,0.1578204579712124,0.05434270887659003
95,6.029,33.19999694824219,16.487352,1222662851000000,time,2019-11-20T10:27:31.518000-08:00,37.8730104,-122.2660493,0.25675818,1574274451.518,1574274452.316,2.2989761110809113,POINT (-122.2660493 37.8730104),android,0.1881717583865533,0.18596997505390706,0.13402528581954654
96,5.725,33.19999694824219,24.920956,1222663692210758,time,2019-11-20T10:27:32-08:00,37.873011,-122.2660486,0.17306012,1574274452.0,1574274452.436,2.29911000000106,POINT (-122.2660486 37.873011),android,0.2778093072904016,0.2505701779012723,-0.33274790758550155
97,4.329,33.19999694824219,210.64091,1222664667535810,time,2019-11-20T10:27:33-08:00,37.8730088,-122.2660501,0.08941035,1574274453.0,1574274453.424,2.2993877777788376,POINT (-122.2660501 37.8730088),android,0.5283794851916739,-0.08217772968422926,-0.06585054916722355
98,4.329,33.19999694824219,289.97354,1222665669146955,time,2019-11-20T10:27:34-08:00,37.8730109,-122.2660555,0.3136208,1574274454.0,1574274454.428,2.299665555556615,POINT (-122.2660555 37.8730109),android,0.4462017555074446,-0.1480282788514528,-0.06972975266039547
99,4.268,33.19999694824219,314.27133,1222666649522059,time,2019-11-20T10:27:35-08:00,37.8730143,-122.2660582,0.37210336,1574274455.0,1574274455.436,2.299943333334393,POINT (-122.2660582 37.8730143),android,0.2981734766559918,-0.21775803151184828,0.9390749629086648
100,4.268,33.19999694824219,301.827,1222667647481798,time,2019-11-20T10:27:36-08:00,37.8730152,-122.2660614,0.31922054,1574274456.0,1574274456.426,2.3002211111121706,POINT (-122.2660614 37.8730152),android,0.08041544514414353,0.7213169313968165,-1.7154051451799368
101,4.438,33.19999694824219,299.85217,1222667896000000,time,2019-11-20T10:27:36.563000-08:00,37.8730153,-122.2660619,0.29196686,1574274456.563,1574274457.33,2.300377499990993,POINT (-122.2660619 37.8730153),android,0.4865168513802968,-0.2444561031738504,0.9642206110126053
102,4.361,33.19999694824219,297.31088,1222668691285652,time,2019-11-20T10:27:37-08:00,37.8730161,-122.2660641,0.28208876,1574274457.0,1574274457.431,2.3004988888899485,POINT (-122.2660641 37.8730161),android,0.37968952543432694,0.17690833878165052,0.706605204664446
103,4.361,33.19999694824219,356.96094,1222669627176225,time,2019-11-20T10:27:38-08:00,37.8730195,-122.2660645,0.2911025,1574274458.0,1574274458.379,2.3007766666677263,POINT (-122.2660645 37.8730195),android,0.5565978642159775,0.8835135434460966,-0.3797957780756618
104,4.361,33.19999694824219,356.89835,1222670642852943,time,2019-11-20T10:27:39-08:00,37.8730245,-122.2660642,0.59666014,1574274459.0,1574274459.385,2.301054444445504,POINT (-122.2660642 37.8730245),android,1.440111407662074,0.5037177653704348,0.36876394603240104
105,4.438,33.19999694824219,352.95062,1222671706989297,time,2019-11-20T10:27:40-08:00,37.8730373,-122.2660667,1.1918083,1574274460.0,1574274460.45,2.301332222223282,POINT (-122.2660667 37.8730373),android,1.9438291730325088,0.8724817114028358,0.39320324206248136
106,4.232,33.19999694824219,353.9411,1222672576301432,time,2019-11-20T10:27:41-08:00,37.8730544,-122.2660713,1.9400605,1574274461.0,1574274461.36,2.3016100000010598,POINT (-122.2660713 37.8730544),android,2.8163108844353446,1.2656849534653172,0.6808189899256187
107,3.75,33.19999694824219,358.28577,1222673660205754,time,2019-11-20T10:27:42-08:00,37.8730797,-122.2660728,2.7430625,1574274462.0,1574274462.4,2.3018877777788376,POINT (-122.2660728 37.8730797),android,4.081995837900662,1.946503943390936,0.026029159470100538
108,3.75,33.19999694824219,0.96402144,1222674657132785,time,2019-11-20T10:27:43-08:00,37.8731164,-122.2660717,3.797114,1574274463.0,1574274463.404,2.3021655555566154,POINT (-122.2660717 37.8731164),android,6.028499781291598,1.9725331028610364,-1.2157382027181436
109,3.771,33.19999694824219,356.5905,1222675638264347,time,2019-11-20T10:27:44-08:00,37.8731703,-122.2660791,5.583826,1574274464.0,1574274464.375,2.3024433333343928,POINT (-122.2660791 37.8731703),android,8.001032884152634,0.7567949001428929,-0.5456154782532412
110,3.771,33.19999694824219,356.0136,1222676640030441,time,2019-11-20T10:27:45-08:00,37.8732417,-122.2660904,6.8922887,1574274465.0,1574274465.413,2.3027211111121706,POINT (-122.2660904 37.8732417),android,8.757827784295527,0.21117942188965166,0.06661630790206097
111,3.9,33.19999694824219,354.81253,1222677649403982,time,2019-11-20T10:27:46-08:00,37.8733198,-122.2661033,7.862685,1574274466.0,1574274466.437,2.3029988888899484,POINT (-122.2661033 37.8733198),android,8.969007206185179,0.27779572979171263,-2.0070230399165387
112,3.9,33.19999694824219,354.5883,1222678650881586,time,2019-11-20T10:27:47-08:00,37.8734,-122.2661142,8.2491255,1574274467.0,1574274467.407,2.3032766666677262,POINT (-122.2661142 37.8734),android,9.246802935976891,-1.7292273101248261,2.3403550996018208
113,3.9,33.19999694824219,355.0597,1222679808420439,time,2019-11-20T10:27:48-08:00,37.8734829,-122.2661225,8.3332405,1574274468.0,1574274468.591,2.303554444445504,POINT (-122.2661225 37.8734829),android,7.517575625852065,0.6111277894769946,-1.3627274474777105
114,3.72,33.19999694824219,355.01324,1222680640842054,time,2019-11-20T10:27:49-08:00,37.8735503,-122.2661292,8.185374,1574274469.0,1574274469.405,2.303832222223282,POINT (-122.2661292 37.8735503),android,8.12870341532906,-0.7515996580007158,0.3935099136609299
115,3.75,33.19999694824219,355.11517,1222681638563407,time,2019-11-20T10:27:50-08:00,37.8736232,-122.2661361,7.9565015,1574274470.0,1574274470.406,2.3041100000010597,POINT (-122.2661361 37.8736232),android,7.377103757328344,-0.3580897443397859,-1.3790485632508291
116,3.72,33.19999694824219,354.61737,1222682662715907,time,2019-11-20T10:27:51-08:00,37.8736893,-122.2661433,7.4617906,1574274471.0,1574274471.428,2.3043877777788375,POINT (-122.2661433 37.8736893),android,7.019014012988558,-1.737138307590615,1.6485404138674777
117,3.72,33.19999694824219,355.63495,1222683759635177,time,2019-11-20T10:27:52-08:00,37.8737523,-122.2661483,7.068107,1574274472.0,1574274472.503,2.3046655555566153,POINT (-122.2661483 37.8737523),android,5.281875705397943,-0.08859789372313731,-0.45533157569956995
118,3.6,33.19999694824219,356.79782,1222684628128719,time,2019-11-20T10:27:53-08:00,37.8737998,-122.2661487,6.4212756,1574274473.0,1574274473.406,2.304943333334393,POINT (-122.2661487 37.8737998),android,5.193277811674806,-0.5439294694227073,-0.5685379117648348
119,3.514,34.0,357.78958,1222685585067156,time,2019-11-20T10:27:54-08:00,37.8738465,-122.2661479,5.75364,1574274474.0,1574274474.33,2.3052211111121705,POINT (-122.2661479 37.8738465),android,4.6493483422520985,-1.112467381187542,1.1675686382308061
120,3.616,34.0,357.371,1222686679425541,time,2019-11-20T10:27:55-08:00,37.8738883,-122.2661492,4.7637525,1574274475.0,1574274475.452,2.3054988888899484,POINT (-122.2661492 37.8738883),android,3.5368809610645564,0.055101257043264074,-3.005530147474701
121,3.671,34.0,357.43753,1222687660591114,time,2019-11-20T10:27:56-08:00,37.8739201,-122.2661483,4.10884,1574274476.0,1574274476.435,2.305776666667726,POINT (-122.2661483 37.8739201),android,3.5919822181078205,-2.950428890431437,2.961848439470326
122,3.65,34.0,354.1185,1222688953306008,time,2019-11-20T10:27:57-08:00,37.8739524,-122.2661477,3.3008182,1574274477.0,1574274477.713,2.306054444445504,POINT (-122.2661477 37.8739524),android,0.6415533276763833,0.011419549038888976,-0.31231521747642504
123,3.983,34.0,349.45673,1222689656511424,time,2019-11-20T10:27:58-08:00,37.8739562,-122.2661422,2.3019183,1574274478.0,1574274478.437,2.306332222223282,POINT (-122.2661422 37.8739562),android,0.6529728767152723,-0.30089566843753607,0.14714684742503095
124,4.0,34.0,344.35843,1222690654514966,time,2019-11-20T10:27:59-08:00,37.8739611,-122.2661381,1.4537492,1574274479.0,1574274479.429,2.3066100000010596,POINT (-122.2661381 37.8739611),android,0.3520772082777362,-0.15374882101250512,0.8093230251651427
125,4.0,34.0,340.0648,1222691655516476,time,2019-11-20T10:28:00-08:00,37.8739593,-122.2661348,0.92300546,1574274480.0,1574274480.428,2.3068877777788375,POINT (-122.2661348 37.8739593),android,0.19832838726523108,0.6555742041526376,0.9942621604141779
126,4.0,34.0,334.8656,1222692620023194,time,2019-11-20T10:28:01-08:00,37.8739579,-122.2661334,0.6647465,1574274481.0,1574274481.372,2.3071655555566153,POINT (-122.2661334 37.8739579),android,0.8539025914178686,1.6498363645668155,-1.1949568875742158
127,4.0,37.599998474121094,354.968,1222693544835017,time,2019-11-20T10:28:02-08:00,37.8739653,-122.266136,1.0686841,1574274482.0,1574274482.28,2.307443333334393,POINT (-122.266136 37.8739653),android,2.503738955984684,0.4548794769925997,-0.6388048254710474
128,3.985,37.599998474121094,358.6727,1222694632259287,time,2019-11-20T10:28:03-08:00,37.8739877,-122.2661389,2.295146,1574274483.0,1574274483.4,2.307721111112171,POINT (-122.2661389 37.8739877),android,2.9586184329772838,-0.18392534847844777,0.924315932340658
129,3.985,37.599998474121094,359.83664,1222695646638558,time,2019-11-20T10:28:04-08:00,37.8740143,-122.2661381,2.4838803,1574274484.0,1574274484.407,2.3079988888899483,POINT (-122.2661381 37.8740143),android,2.774693084498836,0.7403905838622102,-2.8555777933556263
130,3.985,37.599998474121094,0.16308773,1222696632528713,time,2019-11-20T10:28:05-08:00,37.8740391,-122.2661346,2.4495661,1574274485.0,1574274485.388,2.308276666667726,POINT (-122.2661346 37.8740391),android,3.5150836683610462,-2.115187209493416,12.117573464702115
131,4.18,37.599998474121094,347.072,1222697636061161,time,2019-11-20T10:28:06-08:00,37.874069,-122.2661476,2.975498,1574274486.0,1574274486.411,2.308554444445504,POINT (-122.2661476 37.874069),android,1.3998964588676304,10.0023862552087,-32.43687600063145
132,4.734,34.5,346.78387,1222697829000000,time,2019-11-20T10:28:06.496000-08:00,37.8740746,-122.2661511,2.981719,1574274486.496,1574274487.297,2.308692222237587,POINT (-122.2661511 37.8740746),android,6.361080556558164,-6.08630591155214,10.87191975340459
133,4.901,34.5,1.1847655,1222698684527463,time,2019-11-20T10:28:07-08:00,37.874103,-122.2661574,2.9683096,1574274487.0,1574274487.453,2.3088322222232818,POINT (-122.2661574 37.874103),android,3.293582690570982,-0.606858915722841,1.4910042415341365
134,4.918,34.5,15.68207,1222699645566108,time,2019-11-20T10:28:08-08:00,37.8741323,-122.2661519,2.9754515,1574274488.0,1574274488.414,2.3091100000010596,POINT (-122.2661519 37.8741323),android,2.686723774848141,0.8841453258112955,-1.186312874482462
135,4.786,34.5,40.80343,1222700623071316,time,2019-11-20T10:28:09-08:00,37.8741491,-122.2661299,3.0686116,1574274489.0,1574274489.407,2.3093877777788374,POINT (-122.2661299 37.8741491),android,3.5708691006594364,-0.3021675486711666,2.646147558409794
136,5.084,34.5,54.493015,1222701905467357,time,2019-11-20T10:28:10-08:00,37.8741645,-122.2660942,3.3016644,1574274490.0,1574274490.715,2.3096655555566152,POINT (-122.2660942 37.8741645),android,3.26870155198827,2.3439800097386274,-1.3702943303923285
137,5.072,34.5,62.771366,1222702615928034,time,2019-11-20T10:28:11-08:00,37.8741714,-122.266058,3.837597,1574274491.0,1574274491.399,2.309943333334393,POINT (-122.266058 37.8741714),android,5.612681561726897,0.9736856793462989,0.5241076498528487
138,4.5,34.5,72.14934,1222703634822513,time,2019-11-20T10:28:12-08:00,37.8741817,-122.2659954,4.903111,1574274492.0,1574274492.388,2.310221111112171,POINT (-122.2659954 37.8741817),android,6.586367241073196,1.4977933291991476,-2.9962720645944447
139,4.4,34.5,78.24691,1222704670286835,time,2019-11-20T10:28:13-08:00,37.8741853,-122.2659205,6.017115,1574274493.0,1574274493.425,2.3104988888899487,POINT (-122.2659205 37.8741853),android,8.084160570272344,-1.498478735395297,3.3424375390610486
140,4.4,34.5,82.17773,1222705923377094,time,2019-11-20T10:28:14-08:00,37.8741859,-122.2658284,7.0397606,1574274494.0,1574274494.675,2.3107766666677265,POINT (-122.2658284 37.8741859),android,6.585681834877047,1.8439588036657515,-2.4750104839505784
141,4.333,34.5,82.11576,1222706646507510,time,2019-11-20T10:28:15-08:00,37.8741876,-122.2657534,7.5903,1574274495.0,1574274495.458,2.311054444445504,POINT (-122.2657534 37.8741876),android,8.429640638542798,-0.6310516802848269,-0.27725429882473485
142,4.4,34.5,80.71947,1222707656000583,time,2019-11-20T10:28:16-08:00,37.8741976,-122.2656582,7.847516,1574274496.0,1574274496.437,2.3113322222232817,POINT (-122.2656582 37.8741976),android,7.798588958257971,-0.9083059791095618,2.1295270969708806
143,4.6,34.5,77.39255,1222708653783291,time,2019-11-20T10:28:17-08:00,37.8742146,-122.265572,7.721957,1574274497.0,1574274497.414,2.3116100000010595,POINT (-122.265572 37.8742146),android,6.8902829791484095,1.2212211178613188,0.36313677592828597
144,4.666,34.5,75.64079,1222709655246155,time,2019-11-20T10:28:18-08:00,37.8742346,-122.2654977,7.4456367,1574274498.0,1574274498.394,2.3118877777788374,POINT (-122.2654977 37.8742346),android,8.111504097009728,1.5843578937896048,-2.3557335744720334
145,5.0,34.5,79.251686,1222710652675165,time,2019-11-20T10:28:19-08:00,37.874243,-122.2654059,8.263229,1574274499.0,1574274499.392,2.312165555556615,POINT (-122.2654059 37.874243),android,9.695861990799333,-0.7713756806824286,1.1370295421158563
146,5.4,34.5,82.60568,1222711655304123,time,2019-11-20T10:28:20-08:00,37.874246,-122.2652955,8.819227,1574274500.0,1574274500.407,2.312443333334393,POINT (-122.2652955 37.874246),android,8.924486310116905,0.3656538614334277,0.991954220875563
147,5.4,34.5,81.85456,1222712656266519,time,2019-11-20T10:28:21-08:00,37.8742571,-122.2651948,8.695448,1574274501.0,1574274501.427,2.312721111112171,POINT (-122.2651948 37.8742571),android,9.290140171550332,1.3576080823089907,-4.846409554942917
148,5.5,34.5,79.94584,1222713653765945,time,2019-11-20T10:28:22-08:00,37.8742722,-122.2650907,8.819097,1574274502.0,1574274502.412,2.3129988888899486,POINT (-122.2650907 37.8742722),android,10.647748253859323,-3.4888014726339263,7.41807497119072
149,6.0,34.5,78.6561,1222714920963080,time,2019-11-20T10:28:23-08:00,37.8742934,-122.2649724,8.911619,1574274503.0,1574274503.667,2.3132766666677265,POINT (-122.2649724 37.8742934),android,7.158946781225397,3.9292734985567934,-2.525512245358059
150,6.0,34.5,76.82156,1222715635922819,time,2019-11-20T10:28:24-08:00,37.8743091,-122.2648933,8.961128,1574274504.0,1574274504.42,2.3135544444455043,POINT (-122.2648933 37.8743091),android,11.08822027978219,1.4037612531987342,-0.40724303342050483
151,6.0,34.5,78.650986,1222716636913235,time,2019-11-20T10:28:25-08:00,37.8743218,-122.264768,9.7965975,1574274505.0,1574274505.4,2.3138322222232817,POINT (-122.264768 37.8743218),android,12.491981532980924,0.9965182197782294,-3.7119452316748074
152,6.0,34.5,77.516174,1222717648972766,time,2019-11-20T10:28:26-08:00,37.8743402,-122.2646276,10.134426,1574274506.0,1574274506.424,2.3141100000010595,POINT (-122.2646276 37.8743402),android,13.488499752759154,-2.715427011896578,3.7691253892080567
153,5.8,34.5,71.66711,1222718817263339,time,2019-11-20T10:28:27-08:00,37.8743834,-122.264484,10.542681,1574274507.0,1574274507.566,2.3143877777788373,POINT (-122.264484 37.8743834),android,10.773072740862576,1.0536983773114788,-1.6341011797285692
154,5.666,34.5,67.83816,1222719660730838,time,2019-11-20T10:28:28-08:00,37.8744239,-122.2643725,10.831195,1574274508.0,1574274508.423,2.314665555556615,POINT (-122.2643725 37.8744239),android,11.826771118174054,-0.5804028024170904,1.2788868416936392
155,5.0,34.5,66.96602,1222720657564432,time,2019-11-20T10:28:29-08:00,37.874464,-122.2642477,10.747669,1574274509.0,1574274509.456,2.314943333334393,POINT (-122.2642477 37.874464),android,11.246368315756964,0.6984840392765488,-3.672304822378189
156,4.8,34.5,67.35831,1222721637533650,time,2019-11-20T10:28:30-08:00,37.8744986,-122.2641273,10.596657,1574274510.0,1574274510.406,2.3152211111121708,POINT (-122.2641273 37.8744986),android,11.944852355033513,-2.9738207831016403,3.6623836755046923
157,5.0,34.5,65.82964,1222722819587139,time,2019-11-20T10:28:31-08:00,37.8745444,-122.2640042,10.384216,1574274511.0,1574274511.581,2.3154988888899486,POINT (-122.2640042 37.8745444),android,8.971031571931873,0.688562892403052,-0.7792642997875028
158,5.0,34.5,68.46219,1222723656444014,time,2019-11-20T10:28:32-08:00,37.8745691,-122.2639069,10.199236,1574274512.0,1574274512.423,2.3157766666677264,POINT (-122.2639069 37.8745691),android,9.659594464334925,-0.09070140738445076,0.16799775596111743
159,5.0,34.5,73.17172,1222724650838805,time,2019-11-20T10:28:33-08:00,37.8745858,-122.2637989,9.618433,1574274513.0,1574274513.417,2.3160544444455042,POINT (-122.2637989 37.8745858),android,9.568893056950474,0.07729634857666667,1.9254222966012993
160,4.833,34.5,77.532295,1222725647705680,time,2019-11-20T10:28:34-08:00,37.8745981,-122.263691,9.498751,1574274514.0,1574274514.398,2.316332222223282,POINT (-122.263691 37.8745981),android,9.64618940552714,2.002718645177966,-5.899124811289011
161,4.833,34.5,81.83848,1222726635846617,time,2019-11-20T10:28:35-08:00,37.8746018,-122.2635812,10.124352,1574274515.0,1574274515.397,2.3166100000010594,POINT (-122.2635812 37.8746018),android,11.648908050705106,-3.8964061661110447,6.139324105876824
162,4.4,34.5,83.48444,1222727939916459,time,2019-11-20T10:28:36-08:00,37.8746101,-122.2634489,10.34154,1574274516.0,1574274516.684,2.3168877777788373,POINT (-122.2634489 37.8746101),android,7.752501884594062,2.2429179397657792,-1.3731704873233932
163,4.2,34.5,81.47306,1222728656862240,time,2019-11-20T10:28:37-08:00,37.874623,-122.2633621,10.240394,1574274517.0,1574274517.427,2.317165555556615,POINT (-122.2633621 37.874623),android,9.99541982435984,0.869747452442386,0.5295985337729832
164,4.2,34.5,80.566055,1222729660549896,time,2019-11-20T10:28:38-08:00,37.8746405,-122.2632504,10.166034,1574274518.0,1574274518.438,2.317443333334393,POINT (-122.2632504 37.8746405),android,10.865167276802227,1.3993459862153692,-3.531642259065393
165,4.4,34.5,80.386345,1222730657764844,time,2019-11-20T10:28:39-08:00,37.8746592,-122.2631289,11.224685,1574274519.0,1574274519.431,2.3177211111121707,POINT (-122.2631289 37.8746592),android,12.264513263017596,-2.1322962728500237,4.652294784380512
166,4.6,34.5,79.307205,1222731805888073,time,2019-11-20T10:28:40-08:00,37.8746809,-122.2629919,11.16618,1574274520.0,1574274520.546,2.3179988888899485,POINT (-122.2629919 37.8746809),android,10.132216990167572,2.5199985115304884,-1.8714846856674168
167,4.666,34.5,78.03299,1222732652299166,time,2019-11-20T10:28:41-08:00,37.874702,-122.2628796,11.276032,1574274521.0,1574274521.449,2.3182766666677264,POINT (-122.2628796 37.874702),android,12.65221550169806,0.6485138258630716,0.34244801587945517
168,4.833,34.5,78.80783,1222733649322447,time,2019-11-20T10:28:42-08:00,37.8747233,-122.262738,12.122873,1574274522.0,1574274522.414,2.318554444445504,POINT (-122.262738 37.8747233),android,13.300729327561132,0.9909618417425268,-4.293646740793353
169,5.0,34.5,78.38659,1222734649698280,time,2019-11-20T10:28:43-08:00,37.8747497,-122.2625902,12.300235,1574274523.0,1574274523.417,2.318832222223282,POINT (-122.2625902 37.8747497),android,14.29169116930366,-3.302684899050826,6.744238433340513
170,5.2,34.5,80.434044,1222735876059842,time,2019-11-20T10:28:44-08:00,37.8747689,-122.2624292,12.392575,1574274524.0,1574274524.621,2.31911000000106,POINT (-122.2624292 37.8747689),android,10.989006270252833,3.441553534289687,-3.2989122440760994
171,5.333,34.5,80.84434,1222736647414894,time,2019-11-20T10:28:45-08:00,37.8747831,-122.2623053,12.898856,1574274525.0,1574274525.411,2.319387777778837,POINT (-122.2623053 37.8747831),android,14.43055980454252,0.14264129021358762,-0.3675938128894991
172,5.333,34.5,80.9683,1222737649789112,time,2019-11-20T10:28:46-08:00,37.8748023,-122.2621427,13.255374,1574274526.0,1574274526.429,2.319665555556615,POINT (-122.2621427 37.8748023),android,14.573201094756108,-0.22495252267591148,0.20487399442388465
173,5.333,34.5,79.83928,1222738646996247,time,2019-11-20T10:28:47-08:00,37.8748242,-122.261979,13.476676,1574274527.0,1574274527.431,2.319943333334393,POINT (-122.261979 37.8748242),android,14.348248572080196,-0.020078528252026828,-4.221781229460861
174,5.4,34.5,79.29856,1222739650860101,time,2019-11-20T10:28:48-08:00,37.8748461,-122.2618179,13.218468,1574274528.0,1574274528.428,2.3202211111121707,POINT (-122.2618179 37.8748461),android,14.32817004382817,-4.241859757712888,7.871041950107404
175,5.2,34.5,79.51612,1222740933277964,time,2019-11-20T10:28:49-08:00,37.8748728,-122.2616582,12.900741,1574274529.0,1574274529.702,2.3204988888899485,POINT (-122.2616582 37.8748728),android,10.086310286115282,3.6291821923945164,-4.039876344065014
176,5.0,34.5,81.48519,1222741653451870,time,2019-11-20T10:28:50-08:00,37.8748805,-122.2615437,12.986149,1574274530.0,1574274530.413,2.3207766666677263,POINT (-122.2615437 37.8748805),android,13.715492478509798,-0.41069415167049783,7.3421571383092825
177,5.0,34.5,81.269875,1222742656557390,time,2019-11-20T10:28:51-08:00,37.8748979,-122.261389,13.077188,1574274531.0,1574274531.461,2.321054444445504,POINT (-122.261389 37.8748979),android,13.3047983268393,6.931462986638785,-20.423808905422508
178,5.0,34.5,82.02335,1222743655077130,time,2019-11-20T10:28:52-08:00,37.8749108,-122.2612383,12.903508,1574274532.0,1574274532.461,2.321332222223282,POINT (-122.2612383 37.8749108),android,20.236261313478085,-13.492345918783723,15.114214142909272
179,6.0,34.5,82.96109,1222745477569733,time,2019-11-20T10:28:53-08:00,37.8749305,-122.2610091,11.909311,1574274533.0,1574274534.227,2.3216100000010598,POINT (-122.2610091 37.8749305),android,6.743915394694362,1.6218682241255493,-1.1002789190006066
180,8.0,34.5,83.17721,1222746654545097,time,2019-11-20T10:28:55-08:00,37.8749389,-122.2608558,10.664881,1574274535.0,1574274535.436,2.3221655555566154,POINT (-122.2608558 37.8749389),android,9.98765184294546,-0.5786896138756639,1.2856907751087192
181,8.333,34.5,83.74476,1222747639286191,time,2019-11-20T10:28:56-08:00,37.8749441,-122.2607422,9.992446,1574274536.0,1574274536.409,2.322443333334393,POINT (-122.2607422 37.8749441),android,9.408962229069797,0.7070011612330553,-6.069737505471987
182,9.166,34.5,81.005684,1222748634369680,time,2019-11-20T10:28:57-08:00,37.8749591,-122.2606367,9.0036955,1574274537.0,1574274537.413,2.3227211111121706,POINT (-122.2606367 37.8749591),android,10.115963390302852,-5.3627363442389315,5.995040350569961
183,10.0,34.5,77.41523,1222749893688272,time,2019-11-20T10:28:58-08:00,37.8749799,-122.2605245,7.761854,1574274538.0,1574274538.617,2.3229988888899484,POINT (-122.2605245 37.8749799),android,4.7532270460639205,0.6323040063310295,-2.478339014170347
184,10.0,34.5,79.07978,1222750651708741,time,2019-11-20T10:28:59-08:00,37.8749894,-122.2604717,6.6095204,1574274539.0,1574274539.442,2.3232766666677263,POINT (-122.2604717 37.8749894),android,5.38553105239495,-1.8460350078393177,-0.14516663262763174
185,10.0,34.5,77.62275,1222751651979001,time,2019-11-20T10:29:00-08:00,37.8750045,-122.2604134,5.111831,1574274540.0,1574274540.416,2.323554444445504,POINT (-122.2604134 37.8750045),android,3.5394960445556323,-1.9912016404669495,1.009463434862912
186,10.0,34.5,76.17678,1222752655458948,time,2019-11-20T10:29:01-08:00,37.8750182,-122.260377,3.3455062,1574274541.0,1574274541.407,2.323832222223282,POINT (-122.260377 37.8750182),android,1.5482944040886828,-0.9817382056040376,0.5939578281774495
187,10.0,34.5,76.37625,1222753651631292,time,2019-11-20T10:29:02-08:00,37.8750247,-122.2603614,1.8608342,1574274542.0,1574274542.422,2.3241100000010597,POINT (-122.2603614 37.8750247),android,0.5665561984846452,-0.3877803774265881,0.7022610640301502
188,10.166,34.5,75.48579,1222754643969781,time,2019-11-20T10:29:03-08:00,37.8750285,-122.2603571,1.2815049,1574274543.0,1574274543.403,2.3243877777788375,POINT (-122.2603571 37.8750285),android,0.1787758210580571,0.3144806866035621,-0.5791595642841174
189,10.4,34.5,78.1345,1222755652762281,time,2019-11-20T10:29:04-08:00,37.8750301,-122.2603573,0.43276125,1574274544.0,1574274544.394,2.3246655555566154,POINT (-122.2603573 37.8750301),android,0.49325650766161916,-0.26467887768055537,0.6792438022914968
190,10.333,34.5,75.868385,1222756630742280,time,2019-11-20T10:29:05-08:00,37.8750264,-122.2603604,0.44424048,1574274545.0,1574274545.391,2.324943333334393,POINT (-122.2603604 37.8750264),android,0.2285776299810638,0.4145649246109414,-0.5717709603785086
191,10.333,34.5,74.85742,1222757591759155,time,2019-11-20T10:29:06-08:00,37.8750275,-122.2603626,0.4156669,1574274546.0,1574274546.349,2.3252211111121706,POINT (-122.2603626 37.8750275),android,0.6431425545920052,-0.1572060357675672,0.09272139619398728
192,10.285,63.19999694824219,76.009735,1222758631203009,time,2019-11-20T10:29:07-08:00,37.875027,-122.2603699,0.16048996,1574274547.0,1574274547.391,2.3254988888899484,POINT (-122.2603699 37.875027),android,0.485936518824438,-0.06448463957357992,0.14695627872846206
193,10.285,63.19999694824219,71.07951,1222759613862904,time,2019-11-20T10:29:08-08:00,37.8750275,-122.2603754,0.12009424,1574274548.0,1574274548.381,2.325776666667726,POINT (-122.2603754 37.8750275),android,0.4214518792508581,0.08247163915488215,-0.24597543164029445
194,10.142,63.19999694824219,301.22748,1222760611397643,time,2019-11-20T10:29:09-08:00,37.8750274,-122.2603802,0.0471876,1574274549.0,1574274549.364,2.326054444445504,POINT (-122.2603802 37.8750274),android,0.5039235184057402,-0.1635037924854123,0.2079304818009932
195,10.0,63.19999694824219,258.44128,1222761650957435,time,2019-11-20T10:29:10-08:00,37.8750261,-122.2603857,0.2196154,1574274550.0,1574274550.44,2.326332222223282,POINT (-122.2603857 37.8750261),android,0.34041972592032793,0.04442668931558089,-0.6166596737238359
196,10.323,63.0,256.00388,1222761825000000,time,2019-11-20T10:29:10.492000-08:00,37.8750256,-122.2603875,0.27479875,1574274550.492,1574274551.293,2.326468888918559,POINT (-122.2603875 37.8750256),android,0.3622776616394017,-0.25896993367053556,0.28067223176267053
197,10.377,63.0,253.42934,1222762650427174,time,2019-11-20T10:29:11-08:00,37.8750249,-122.2603894,0.25501367,1574274551.0,1574274551.419,2.3266100000010597,POINT (-122.2603894 37.8750249),android,0.23072096200785092,-0.116388468843448,0.34971913005470884
198,10.377,63.0,233.20715,1222763632735715,time,2019-11-20T10:29:12-08:00,37.8750229,-122.2603901,0.21974824,1574274552.0,1574274552.406,2.3268877777788375,POINT (-122.2603901 37.8750229),android,0.11433249316440292,0.23333066121126084,-0.42809814191063633
199,10.377,63.0,214.00632,1222764633573475,time,2019-11-20T10:29:13-08:00,37.8750225,-122.2603889,0.121619925,1574274553.0,1574274553.391,2.3271655555566153,POINT (-122.2603889 37.8750225),android,0.34766315437566375,-0.1947674806993755,0.1528742088464337
200,10.377,63.0,169.32368,1222765640068266,time,2019-11-20T10:29:14-08:00,37.8750199,-122.2603867,0.17302799,1574274554.0,1574274554.417,2.327443333334393,POINT (-122.2603867 37.8750199),android,0.15289567367628826,-0.04189327185294178,0.7717413144137729
201,10.323,63.0,202.99242,1222766644105922,time,2019-11-20T10:29:15-08:00,37.8750202,-122.2603884,0.10207156,1574274555.0,1574274555.406,2.327721111112171,POINT (-122.2603884 37.8750202),android,0.11100240182334647,0.7298480425608311,-2.621410530180957
202,10.443,63.19999694824219,216.66737,1222766849000000,time,2019-11-20T10:29:15.515000-08:00,37.8750204,-122.260389,0.09245076,1574274555.515,1574274556.256,2.3278641666968665,POINT (-122.260389 37.8750204),android,0.48687422030628114,-0.6201786554792701,1.2862176361175262
203,10.443,63.19999694824219,332.57047,1222767664266703,time,2019-11-20T10:29:16-08:00,37.8750225,-122.2603886,0.051325023,1574274556.0,1574274556.423,2.3279988888899483,POINT (-122.2603886 37.8750225),android,0.1860876374581652,0.0036367631081302976,-0.005404574726310424
204,10.38,63.19999694824219,31.443861,1222768625360869,time,2019-11-20T10:29:17-08:00,37.8750235,-122.2603869,0.08057735,1574274557.0,1574274557.393,2.328276666667726,POINT (-122.2603869 37.8750235),android,0.1897244005662955,-0.0017678116181801262,-0.054679032836491726
205,10.443,63.19999694824219,36.189102,1222769919600764,time,2019-11-20T10:29:18-08:00,37.8750248,-122.2603855,0.11055876,1574274558.0,1574274558.678,2.328554444445504,POINT (-122.2603855 37.8750248),android,0.18795658894811537,-0.05644684445467185,-0.002993318513513629
206,10.38,63.19999694824219,35.518055,1222770607906545,time,2019-11-20T10:29:19-08:00,37.8750262,-122.2603843,0.15666714,1574274559.0,1574274559.392,2.328832222223282,POINT (-122.2603843 37.8750262),android,0.13150974449344352,-0.05944016296818548,0.6232353676991635
207,10.38,63.19999694824219,12.345955,1222771641644097,time,2019-11-20T10:29:20-08:00,37.8750272,-122.2603851,0.12012422,1574274560.0,1574274560.41,2.3291100000010596,POINT (-122.2603851 37.8750272),android,0.07206958152525804,0.5637952047309781,-1.8076898596281132
208,10.758,63.19999694824219,5.1569395,1222771845000000,time,2019-11-20T10:29:20.511000-08:00,37.8750273,-122.2603855,0.112336956,1574274560.511,1574274561.368,2.329251944422722,POINT (-122.2603855 37.8750273),android,0.3601688849025653,-0.3599341652795121,0.7118700163809948
209,10.273,63.19999694824219,58.0404,1222772671328836,time,2019-11-20T10:29:21-08:00,37.8750266,-122.2603837,0.08079096,1574274561.0,1574274561.422,2.3293877777788374,POINT (-122.2603837 37.8750266),android,0.18416104856052656,-0.01182966888448067,1.316309627410904
210,10.273,63.19999694824219,46.590042,1222773661892377,time,2019-11-20T10:29:22-08:00,37.8750279,-122.2603824,0.119754426,1574274562.0,1574274562.419,2.3296655555566153,POINT (-122.2603824 37.8750279),android,0.1723313796760459,1.3044799585264235,-1.0954837580211603
211,10.234,63.19999694824219,47.367672,1222774648221075,time,2019-11-20T10:29:23-08:00,37.8750289,-122.2603809,0.14359985,1574274563.0,1574274563.406,2.329943333334393,POINT (-122.2603809 37.8750289),android,1.4768113382024695,0.20899620050526324,-0.8776232368627583
212,10.273,63.19999694824219,92.055374,1222775641877064,time,2019-11-20T10:29:24-08:00,37.8750263,-122.2603644,0.7216867,1574274564.0,1574274564.422,2.330221111112171,POINT (-122.2603644 37.8750263),android,1.6858075387077327,-0.6686270363574951,7.634570121950446
213,10.273,63.19999694824219,81.725845,1222776648732636,time,2019-11-20T10:29:25-08:00,37.8750267,-122.2603452,1.7451993,1574274565.0,1574274565.423,2.3304988888899487,POINT (-122.2603452 37.8750267),android,1.0171805023502376,6.965943085592952,-15.014535942112841
214,10.317,63.19999694824219,81.73597,1222776872000000,time,2019-11-20T10:29:25.539000-08:00,37.8750273,-122.260339,1.7482593,1574274565.539,1574274566.338,2.3306486111217075,POINT (-122.260339 37.8750273),android,4.771824064641515,-1.126892302689054,3.298570468387767
215,10.271,63.19999694824219,79.12036,1222777629523365,time,2019-11-20T10:29:26-08:00,37.875033,-122.260315,2.9384153,1574274566.0,1574274566.381,2.330776666667726,POINT (-122.260315 37.875033),android,4.252326751790638,0.39374856999027674,1.5216123682886336
216,10.483,63.19999694824219,76.57595,1222778881999614,time,2019-11-20T10:29:27-08:00,37.875044,-122.2602686,4.13595,1574274567.0,1574274567.63,2.331054444445504,POINT (-122.2602686 37.875044),android,4.6460753217809145,1.9153609382789103,-0.408639525450905
217,10.271,63.19999694824219,76.094536,1222779623618312,time,2019-11-20T10:29:28-08:00,37.8750543,-122.2602173,5.1986976,1574274568.0,1574274568.402,2.3313322222232817,POINT (-122.2602173 37.8750543),android,6.561436260059825,1.5067214128280053,0.604302725894593
218,10.128,63.19999694824219,75.17743,1222780615410603,time,2019-11-20T10:29:29-08:00,37.8750737,-122.2601467,6.2308416,1574274569.0,1574274569.36,2.3316100000010596,POINT (-122.2601467 37.8750737),android,8.06815767288783,2.1110241387225983,-4.651562763940023
219,9.986,63.19999694824219,73.23488,1222781632229353,time,2019-11-20T10:29:30-08:00,37.8750989,-122.2600605,7.113601,1574274570.0,1574274570.408,2.3318877777788374,POINT (-122.2600605 37.8750989),android,10.179181811610428,-2.540538625217425,4.4367160418839156
220,9.4,63.19999694824219,73.36267,1222782923379404,time,2019-11-20T10:29:31-08:00,37.8751286,-122.2599508,8.104838,1574274571.0,1574274571.689,2.332165555556615,POINT (-122.2599508 37.8751286),android,7.638643186393003,1.8961774166664904,-1.3989163711546952
221,9.5,63.19999694824219,75.30627,1222783635290966,time,2019-11-20T10:29:32-08:00,37.8751437,-122.2598659,8.861554,1574274572.0,1574274572.409,2.332443333334393,POINT (-122.2598659 37.8751437),android,9.534820603059494,0.4972610455117952,-0.32241342925199135
222,9.6,63.19999694824219,77.41121,1222784624102424,time,2019-11-20T10:29:33-08:00,37.8751598,-122.2597592,8.873066,1574274573.0,1574274573.396,2.332721111112171,POINT (-122.2597592 37.8751598),android,10.032081648571289,0.17484761625980383,-0.2872213789664695
223,9.8,63.19999694824219,81.5393,1222785616662788,time,2019-11-20T10:29:34-08:00,37.8751651,-122.2596451,9.389819,1574274574.0,1574274574.373,2.3329988888899487,POINT (-122.2596451 37.8751651),android,10.206929264831093,-0.11237376270666566,-0.6171720442985027
224,9.666,63.19999694824219,83.23614,1222786621255288,time,2019-11-20T10:29:35-08:00,37.8751687,-122.2595289,9.396898,1574274575.0,1574274575.347,2.3332766666677265,POINT (-122.2595289 37.8751687),android,10.094555502124427,-0.7295458070051684,2.2701028388695903
225,9.666,63.19999694824219,81.59471,1222787637035339,time,2019-11-20T10:29:36-08:00,37.8751807,-122.2594149,9.304594,1574274576.0,1574274576.389,2.333554444445504,POINT (-122.2594149 37.8751807),android,9.365009695119259,1.540557031864422,-2.6908653734138905
226,9.5,63.19999694824219,81.137474,1222788546583204,time,2019-11-20T10:29:37-08:00,37.8751916,-122.2593091,9.639549,1574274577.0,1574274577.357,2.3338322222232817,POINT (-122.2593091 37.8751916),android,10.90556672698368,-1.1503083415494686,3.2488745474198506
227,9.166,71.0999984741211,79.91953,1222789643307318,time,2019-11-20T10:29:38-08:00,37.8752037,-122.2591858,9.333073,1574274578.0,1574274578.419,2.3341100000010595,POINT (-122.2591858 37.8752037),android,9.755258385434212,2.098566205870382,-6.2951889250463955
228,9.0,71.0999984741211,80.48708,1222790667033776,time,2019-11-20T10:29:39-08:00,37.8752173,-122.259076,9.882385,1574274579.0,1574274579.464,2.3343877777788373,POINT (-122.259076 37.8752173),android,11.853824591304594,-4.1966227191760135,6.365885606081703
229,9.0,71.0999984741211,81.47633,1222791923849660,time,2019-11-20T10:29:40-08:00,37.8752312,-122.2589421,10.112906,1574274580.0,1574274580.666,2.334665555556615,POINT (-122.2589421 37.8752312),android,7.657201872128581,2.169262886905689,-2.3221930373724087
230,9.0,71.0999984741211,82.682236,1222792637723201,time,2019-11-20T10:29:41-08:00,37.8752351,-122.258855,9.687546,1574274581.0,1574274581.422,2.334943333334393,POINT (-122.258855 37.8752351),android,9.82646475903427,-0.15293015046671954,0.9070904438622129
231,9.2,71.0999984741211,81.86928,1222793615244086,time,2019-11-20T10:29:42-08:00,37.875246,-122.2587439,9.41907,1574274582.0,1574274582.451,2.335221111112171,POINT (-122.2587439 37.875246),android,9.67353460856755,0.7541602933954934,-4.627811311203191
232,9.333,71.0999984741211,83.65238,1222794615986430,time,2019-11-20T10:29:43-08:00,37.8752514,-122.2586339,9.379452,1574274583.0,1574274583.408,2.3354988888899486,POINT (-122.2586339 37.8752514),android,10.427694901963044,-3.8736510178076973,4.737188059122685
233,9.6,71.0999984741211,82.73018,1222795788419554,time,2019-11-20T10:29:44-08:00,37.8752616,-122.2585158,8.603746,1574274584.0,1574274584.533,2.3357766666677264,POINT (-122.2585158 37.8752616),android,6.554043884155346,0.8635370413149879,-2.120214104142085
234,9.5,71.0999984741211,81.69869,1222796543899189,time,2019-11-20T10:29:45-08:00,37.875272,-122.2584423,7.848178,1574274585.0,1574274585.294,2.3360544444455043,POINT (-122.2584423 37.875272),android,7.417580925470334,-1.2566770628270971,1.8848736439001437
235,9.5,71.0999984741211,84.96124,1222797618179397,time,2019-11-20T10:29:46-08:00,37.8752767,-122.258358,6.323371,1574274586.0,1574274586.383,2.336332222223282,POINT (-122.258358 37.8752767),android,6.160903862643237,0.6281965810730465,-2.182173277231091
236,9.6,71.0999984741211,85.86899,1222798634853512,time,2019-11-20T10:29:47-08:00,37.8752808,-122.258288,7.121024,1574274587.0,1574274587.395,2.3366100000010595,POINT (-122.258288 37.8752808),android,6.789100443716284,-1.5539766961580446,1.9410923011833567
237,8.4,71.0999984741211,81.6344,1222799876293980,time,2019-11-20T10:29:48-08:00,37.8752975,-122.2582136,6.6535606,1574274588.0,1574274588.628,2.3368877777788373,POINT (-122.2582136 37.8752975),android,5.235123747558239,0.38711560502531217,-1.581860634080984
238,7.833,71.0999984741211,80.68197,1222800637779813,time,2019-11-20T10:29:49-08:00,37.8753078,-122.2581554,6.522392,1574274589.0,1574274589.408,2.337165555556615,POINT (-122.2581554 37.8753078),android,5.622239352583551,-1.1947450290556718,0.6854747814011568
239,6.4,71.0999984741211,81.74745,1222801655961375,time,2019-11-20T10:29:50-08:00,37.8753165,-122.2580923,5.1552343,1574274590.0,1574274590.404,2.337443333334393,POINT (-122.2580923 37.8753165),android,4.427494323527879,-0.509270247654515,-1.8017824966914202
240,5.4,71.0999984741211,84.658165,1222802647170385,time,2019-11-20T10:29:51-08:00,37.8753195,-122.258042,4.7834992,1574274591.0,1574274591.402,2.3377211111121707,POINT (-122.258042 37.8753195),android,3.9182240758733644,-2.311052744345935,3.0835880356277396
241,5.333,71.0999984741211,90.7385,1222803634838145,time,2019-11-20T10:29:52-08:00,37.8753167,-122.2579975,4.191872,1574274592.0,1574274592.4,2.3379988888899486,POINT (-122.2579975 37.8753167),android,1.607171331527429,0.7725352912818046,-2.0060432034413056
242,4.6,71.0999984741211,83.22979,1222804936628248,time,2019-11-20T10:29:53-08:00,37.8753262,-122.2579837,1.3220013,1574274593.0,1574274593.661,2.3382766666677264,POINT (-122.2579837 37.8753262),android,2.3797066228092336,-1.233507912159501,0.9826480083100612
243,4.666,71.0999984741211,81.89738,1222805660502310,time,2019-11-20T10:29:54-08:00,37.8753314,-122.25801,1.1270807,1574274594.0,1574274594.443,2.338554444445504,POINT (-122.25801 37.8753314),android,1.1461987106497327,-0.2508599038494398,0.03579945790971362
244,4.75,71.0999984741211,74.63586,1222806655958924,time,2019-11-20T10:29:55-08:00,37.8753338,-122.2580227,0.6310299,1574274595.0,1574274595.411,2.338832222223282,POINT (-122.2580227 37.8753338),android,0.8953388068002929,-0.21506044593972617,0.47884839644546606
245,4.857,71.0999984741211,309.37378,1222807649997518,time,2019-11-20T10:29:56-08:00,37.8753339,-122.2580329,0.14873381,1574274596.0,1574274596.418,2.33911000000106,POINT (-122.2580329 37.8753339),android,0.6802783608605667,0.2637879505057399,2.9269906607733915
246,4.666,71.0999984741211,266.32327,1222808563979861,time,2019-11-20T10:29:57-08:00,37.8753327,-122.2580405,0.32984984,1574274597.0,1574274597.322,2.339387777778837,POINT (-122.2580405 37.8753327),android,0.9440663113663066,3.190778611279131,-27.62156031568148
247,7.016,84.69999694824219,240.50764,1222809635524861,time,2019-11-20T10:29:58-08:00,37.8753273,-122.2580488,0.5887643,1574274598.0,1574274598.379,2.339665555556615,POINT (-122.2580488 37.8753273),android,4.134844922645438,-24.43078170440235,186.59137708694257
248,5.867,84.69999694824219,250.87892,1222809461000000,time,2019-11-20T10:29:58.127000-08:00,37.8753305,-122.2580444,0.4442426,1574274598.127,1574274598.237,2.339700833360354,POINT (-122.2580444 37.8753305),android,1.0321333628834528,-0.7336593755150529,0.5648098382907019
249,7.865,84.69999694824219,240.28326,1222810659450902,time,2019-11-20T10:29:59-08:00,37.8753245,-122.2580513,0.22787696,1574274599.0,1574274599.442,2.339943333334393,POINT (-122.2580513 37.8753245),android,0.3916487966266778,-0.24058043947444457,0.08951208232221136
250,8.896,84.69999694824219,254.38614,1222811637058193,time,2019-11-20T10:30:00-08:00,37.875321,-122.2580518,0.25624618,1574274600.0,1574274600.402,2.3402211111121707,POINT (-122.2580518 37.875321),android,0.1510683571522332,-0.1510683571522332,0.1510683571522332
251,9.216,84.69999694824219,270.78885,1222812638608662,time,2019-11-20T10:30:01-08:00,37.8753197,-122.2580513,0.20432399,1574274601.0,1574274601.398,2.3404988888899485,POINT (-122.2580513 37.8753197),android,0.0,0.0,0.0
