,accuracy,altitude,bearing,elapsedRealtimeNanos,filter,fmt_time,latitude,longitude,sensed_speed,ts,write_ts,hr,geometry,source,speed,acceleration,jerk
0,1782.0,0.0,90.0,143400840000000,time,2019-12-03T10:14:56.185000-08:00,37.8599202,-122.276114,0.0,1575396896.185,1575396897.094,2.009520555535952,POINT (-122.276114 37.8599202),android,0.0,46.2644128301287,-17.241785633072638
1,1782.0,0.0,90.0,143405907000000,time,2019-12-03T10:15:01.251000-08:00,37.8599202,-122.276114,0.0,1575396901.251,1575396902.141,2.010927777753936,POINT (-122.276114 37.8599202),android,234.37551469149307,-41.08247292392851,7.201134400779533
2,98.4,0.0,0.0,143411611000000,time,2019-12-03T10:15:06.956000-08:00,37.8701338,-122.2680746,0.0,1575396906.956,1575396908.166,2.012512500021193,POINT (-122.2680746 37.8701338),android,0.0,0.0,0.007409642550981592
3,106.686,0.0,90.0,143416073000000,time,2019-12-03T10:15:11.418000-08:00,37.8701338,-122.2680746,0.0,1575396911.418,1575396912.247,2.0137519444359673,POINT (-122.2680746 37.8701338),android,0.0,0.033061824271044656,0.020302571200745773
4,110.0,0.0,90.0,143421749000000,time,2019-12-03T10:15:17.093000-08:00,37.8701338,-122.2680746,0.0,1575396917.093,1575396917.308,2.0153283333116105,POINT (-122.2680746 37.8701338),android,0.1876258511616678,0.14827891486717487,-0.1260309617431241
5,78.548,17.700000762939453,222.68849,143426808000000,time,2019-12-03T10:15:22.153000-08:00,37.8701275,-122.2680819,0.102700636,1575396922.153,1575396922.409,2.016733888917499,POINT (-122.2680819 37.8701275),android,0.9379171872574332,-0.48943777438960634,0.029827255226996377
6,78.558,17.700000762939453,222.23973,143427397000000,time,2019-12-03T10:15:22.742000-08:00,37.8701238,-122.2680861,0.15672615,1575396922.742,1575396922.883,2.0168975000249016,POINT (-122.2680861 37.8701238),android,0.6496383446766544,-0.4718695214591423,0.6223829582582958
7,78.611,17.700000762939453,222.40315,143427943000000,time,2019-12-03T10:15:23.288000-08:00,37.8701215,-122.2680889,0.18727303,1575396923.288,1575396923.388,2.017049166692628,POINT (-122.2680889 37.8701215),android,0.3919975841599233,-0.1320484238759102,0.024333608027287026
8,78.627,17.700000762939453,222.54211,143428550000000,time,2019-12-03T10:15:23.895000-08:00,37.8701199,-122.2680907,0.20374373,1575396923.895,1575396923.989,2.0172177777687708,POINT (-122.2680907 37.8701199),android,0.31184420749016295,-0.11727792686658346,0.1498802712839141
9,78.643,17.700000762939453,222.758,143429106000000,time,2019-12-03T10:15:24.451000-08:00,37.8701188,-122.2680921,0.21179093,1575396924.451,1575396924.53,2.017372222211626,POINT (-122.2680921 37.8701188),android,0.24663768082341223,-0.03394449689034903,-0.10532208435411071
10,78.66,17.700000762939453,223.16061,143429665000000,time,2019-12-03T10:15:25.010000-08:00,37.870118,-122.2680933,0.21608901,1575396925.01,1575396925.087,2.0175274999936423,POINT (-122.2680933 37.870118),android,0.2276627065437552,-0.09281954365138438,-0.06895574999264835
11,78.679,17.700000762939453,222.71352,143430202000000,time,2019-12-03T10:15:25.547000-08:00,37.8701171,-122.2680941,0.21782611,1575396925.547,1575396925.666,2.0176766666438843,POINT (-122.2680941 37.8701171),android,0.1778186170911779,-0.12984877732023423,0.3548319132273615
12,78.716,17.700000762939453,222.23961,143430810000000,time,2019-12-03T10:15:26.155000-08:00,37.8701163,-122.2680948,0.21553463,1575396926.155,1575396926.252,2.0178455555438997,POINT (-122.2680948 37.8701163),android,0.09887055527947086,0.08588904013455304,0.17604844016676097
13,78.751,17.700000762939453,222.14885,143431442000000,time,2019-12-03T10:15:26.787000-08:00,37.8701159,-122.2680953,0.21020192,1575396926.787,1575396926.866,2.018021111090978,POINT (-122.2680953 37.8701159),android,0.1531524260233829,0.19715164894737394,-2.159567702586998
14,78.793,17.700000762939453,222.506,143431850000000,time,2019-12-03T10:15:27.195000-08:00,37.8701155,-122.2680958,0.20341505,1575396927.195,1575396927.435,2.0181344444221923,POINT (-122.2680958 37.8701155),android,0.23359029728976374,-0.6839519572319271,3.3397399563694576
15,78.854,17.700000762939453,222.85068,143432086000000,time,2019-12-03T10:15:27.431000-08:00,37.8701152,-122.2680963,0.1964674,1575396927.431,1575396927.494,2.018199999994702,POINT (-122.2680963 37.8701152),android,0.07217759363791437,0.10422687631281487,-0.33641984289935933
16,78.933,17.700000762939453,222.98914,143432757000000,time,2019-12-03T10:15:28.102000-08:00,37.8701149,-122.2680967,0.18770264,1575396928.102,1575396928.217,2.0183863888846503,POINT (-122.2680967 37.8701149),android,0.14211382804140713,-0.1215108395559951,0.12121613388667049
17,79.056,17.700000762939453,223.29755,143433825000000,time,2019-12-03T10:15:29.170000-08:00,37.870114,-122.268098,0.17585707,1575396929.17,1575396929.268,2.0186830555730397,POINT (-122.268098 37.870114),android,0.012340241893299459,0.007948000914227486,0.05258593686134971
18,79.269,17.700000762939453,223.42595,143434973000000,time,2019-12-03T10:15:30.318000-08:00,37.8701139,-122.2680981,0.15365146,1575396930.318,1575396930.431,2.0190019444624583,POINT (-122.2680981 37.8701139),android,0.02146454695799222,0.06831665653135666,0.008291133297232064
19,79.403,17.700000762939453,223.4427,143435634000000,time,2019-12-03T10:15:30.978000-08:00,37.870114,-122.268098,0.13936584,1575396930.978,1575396931.105,2.0191852777534063,POINT (-122.268098 37.870114),android,0.0665535298443931,0.07378880324240328,3.9625692575191924
20,79.599,17.700000762939453,225.02449,143436492000000,time,2019-12-03T10:15:31.837000-08:00,37.8701138,-122.2680986,0.12785123,1575396931.837,1575396931.93,2.0194238888555103,POINT (-122.2680986 37.8701138),android,0.12993810943702097,3.4776356669653716,-19.812750529972252
21,79.748,17.700000762939453,226.25848,143436676000000,time,2019-12-03T10:15:32.021000-08:00,37.870114,-122.2680987,0.11828528,1575396932.021,1575396932.5,2.01947499997086,POINT (-122.2680987 37.870114),android,0.7698231252231584,-0.16791073286810362,0.03962510287864576
22,71.003,17.700000762939453,332.8708,143438945000000,time,2019-12-03T10:15:34.289000-08:00,37.8701297,-122.2680984,0.14104535,1575396934.289,1575396934.385,2.020105000005828,POINT (-122.2680984 37.8701297),android,0.38900156194085517,-0.07804099455112858,-0.28969454323090216
23,62.013,17.700000762939453,338.40268,143439977000000,time,2019-12-03T10:15:35.322000-08:00,37.8701333,-122.2680988,0.16608942,1575396935.322,1575396935.428,2.020391944448153,POINT (-122.2680988 37.8701333),android,0.3083852151649449,-0.3772954554984565,0.7622433277121545
24,53.038,17.700000762939453,339.80173,143440485000000,time,2019-12-03T10:15:35.830000-08:00,37.8701347,-122.268099,0.17290784,1575396935.83,1575396935.938,2.020533055530654,POINT (-122.268099 37.8701347),android,0.11671916263196343,0.00992407647067445,1.0824941106675603
25,49.21,17.700000762939453,339.8252,143441190000000,time,2019-12-03T10:15:36.534000-08:00,37.8701354,-122.2680993,0.17269807,1575396936.534,1575396936.653,2.02072861108515,POINT (-122.2680993 37.8701354),android,0.12370571242946089,0.7719999262512497,-1.6315874333193965
26,41.569,17.700000762939453,340.28857,143441645000000,time,2019-12-03T10:15:36.989000-08:00,37.8701359,-122.2680994,0.16802585,1575396936.989,1575396937.078,2.0208550000190737,POINT (-122.2680994 37.8701359),android,0.4749658040339848,0.02962737957040914,0.04022261364299301
27,25.179,17.700000762939453,315.1054,143442790000000,time,2019-12-03T10:15:38.135000-08:00,37.8701329,-122.2681043,0.14325558,1575396938.135,1575396938.234,2.0211733333269755,POINT (-122.2681043 37.8701329),android,0.5089187783092061,0.07572249112278887,-0.4482369345768797
28,24.323,17.700000762939453,300.44644,143443406000000,time,2019-12-03T10:15:38.751000-08:00,37.8701315,-122.2681074,0.1490847,1575396938.751,1575396938.884,2.0213444444206026,POINT (-122.2681074 37.8701315),android,0.5555638280746807,-0.2003914323634136,0.08668798921756365
29,23.687,17.700000762939453,290.45474,143443906000000,time,2019-12-03T10:15:39.251000-08:00,37.8701305,-122.2681103,0.16300276,1575396939.251,1575396939.354,2.0214833333094915,POINT (-122.2681103 37.8701305),android,0.45536811189297394,-0.15704743775463179,-0.11705540492439771
30,23.042,17.700000762939453,283.73282,143444540000000,time,2019-12-03T10:15:39.885000-08:00,37.8701299,-122.2681135,0.17310618,1575396939.885,1575396940.011,2.0216594444380864,POINT (-122.2681135 37.8701299),android,0.35580002647157827,-0.23126057184446033,0.8590236030224799
31,22.399,17.700000762939453,280.16263,143445049000000,time,2019-12-03T10:15:40.394000-08:00,37.8701295,-122.2681155,0.1832791,1575396940.394,1575396940.527,2.0218008333444595,POINT (-122.2681155 37.8701295),android,0.23808838084662828,0.20598249616307926,-0.7364244659133905
32,21.75,17.700000762939453,277.32318,143445703000000,time,2019-12-03T10:15:41.048000-08:00,37.8701291,-122.2681172,0.18852413,1575396941.048,1575396941.157,2.021982500023312,POINT (-122.2681172 37.8701291),android,0.37280094237353206,-0.2756391368504967,0.8225780631309676
33,21.139,17.700000762939453,274.91306,143446166000000,time,2019-12-03T10:15:41.511000-08:00,37.8701287,-122.2681191,0.19633988,1575396941.511,1575396941.61,2.02211111108462,POINT (-122.2681191 37.8701287),android,0.2451800714313056,0.10521435889848581,-0.18105140359815008
34,20.529,17.700000762939453,273.24835,143446871000000,time,2019-12-03T10:15:42.215000-08:00,37.8701283,-122.268121,0.20373379,1575396942.215,1575396942.31,2.0223066666391163,POINT (-122.268121 37.8701283),android,0.3192509796944787,-0.022245828543955546,-0.10656754756789634
35,19.408,17.700000762939453,271.8596,143447972000000,time,2019-12-03T10:15:43.317000-08:00,37.8701281,-122.268125,0.22066006,1575396943.317,1575396943.427,2.022612777749697,POINT (-122.268125 37.8701281),android,0.2947360766814702,-0.13968326576051585,0.3559144214153107
36,19.461,17.700000762939453,272.0821,143448451000000,time,2019-12-03T10:15:43.795000-08:00,37.8701282,-122.2681266,0.22474055,1575396943.795,1575396943.891,2.0227455555730396,POINT (-122.2681266 37.8701282),android,0.22796745273542066,0.030443886057350805,0.09358191444921993
37,19.52,17.700000762939453,272.33896,143449069000000,time,2019-12-03T10:15:44.413000-08:00,37.8701283,-122.2681282,0.22664174,1575396944.413,1575396944.525,2.0229172222481835,POINT (-122.2681282 37.8701283),android,0.24678177524793712,0.0882775120428621,-0.6109014361157283
38,19.474,17.700000762939453,272.5281,143449569000000,time,2019-12-03T10:15:44.913000-08:00,37.8701284,-122.2681296,0.22719467,1575396944.913,1575396945.019,2.0230561111370724,POINT (-122.2681296 37.8701284),android,0.2909205312693682,-0.2171732060150021,0.3325056501830372
39,19.627,17.700000762939453,272.26663,143450443000000,time,2019-12-03T10:15:45.788000-08:00,37.8701284,-122.2681325,0.22450124,1575396945.788,1575396945.911,2.023299166692628,POINT (-122.2681325 37.8701284),android,0.10089397600624132,0.07376923789515549,0.13764615679214867
40,19.71,17.700000762939453,272.05426,143451313000000,time,2019-12-03T10:15:46.658000-08:00,37.8701284,-122.2681335,0.22055994,1575396946.658,1575396946.757,2.0235408333275053,POINT (-122.2681335 37.8701284),android,0.1650732045328073,0.1935213785519723,-0.2749925260282505
41,19.802,17.700000762939453,271.5961,143451849000000,time,2019-12-03T10:15:47.194000-08:00,37.8701283,-122.2681345,0.21741435,1575396947.194,1575396947.282,2.023689722220103,POINT (-122.2681345 37.8701283),android,0.2688006660204536,0.04612538092928369,-0.014216549501536956
42,20.408,17.700000762939453,279.93307,143454905000000,time,2019-12-03T10:15:50.250000-08:00,37.870132,-122.2681426,0.21941195,1575396950.25,1575396950.347,2.024538611107402,POINT (-122.2681426 37.870132),android,0.409759829876413,0.0026796057339345037,-0.5423481120739028
43,20.104,17.700000762939453,284.49973,143455608000000,time,2019-12-03T10:15:50.952000-08:00,37.8701343,-122.2681441,0.22441615,1575396950.952,1575396951.052,2.0247336110803817,POINT (-122.2681441 37.8701343),android,0.411640912840977,-0.3780487161851518,1.0218837625309283
44,19.909,17.700000762939453,286.74677,143456083000000,time,2019-12-03T10:15:51.427000-08:00,37.8701356,-122.2681456,0.22865978,1575396951.427,1575396951.562,2.0248655555645625,POINT (-122.2681456 37.8701356),android,0.23206771857272723,0.10734621719868395,-0.5126339685394973
45,19.775,17.700000762939453,288.13092,143456742000000,time,2019-12-03T10:15:52.087000-08:00,37.8701366,-122.2681468,0.2301276,1575396952.087,1575396952.191,2.0250488888555105,POINT (-122.2681468 37.8701366),android,0.3029162055441258,-0.2309921238156483,0.9241102659570809
46,19.633,17.700000762939453,288.86987,143457198000000,time,2019-12-03T10:15:52.543000-08:00,37.8701373,-122.2681481,0.23080651,1575396952.543,1575396952.637,2.0251755555470785,POINT (-122.2681481 37.8701373),android,0.19758377637681213,0.19040224030300185,-0.19840650086268036
47,19.455,17.700000762939453,289.2829,143457868000000,time,2019-12-03T10:15:53.212000-08:00,37.8701379,-122.2681494,0.23174536,1575396953.212,1575396953.315,2.02536138885551,POINT (-122.2681494 37.8701379),android,0.3249628580708381,0.057668309012096,-0.04457576902530107
48,19.642,17.700000762939453,284.76028,143459927000000,time,2019-12-03T10:15:55.272000-08:00,37.8701374,-122.268157,0.23599163,1575396955.272,1575396955.363,2.0259336111280652,POINT (-122.268157 37.8701374),android,0.443759585085145,-0.03415778325706975,0.8037488116661572
49,19.474,17.700000762939453,273.13742,143460564000000,time,2019-12-03T10:15:55.909000-08:00,37.8701359,-122.2681596,0.25185463,1575396955.909,1575396956.022,2.0261105555295944,POINT (-122.2681596 37.8701359),android,0.4220010824276065,0.47783008559890733,49.8069077110924
50,19.256,17.700000762939453,259.3289,143461272000000,time,2019-12-03T10:15:56.616000-08:00,37.870134,-122.268162,0.28148913,1575396956.616,1575396956.738,2.0263069444232515,POINT (-122.268162 37.870134),android,0.759826961148531,35.69131469233347,-703.6485089810096
51,19.019,17.700000762939453,244.5676,143461512051522,time,2019-12-03T10:15:57-08:00,37.8701317,-122.2681636,0.30729496,1575396957.0,1575396956.928,2.0264136111074023,POINT (-122.2681636 37.8701317),android,14.465294049505333,-234.50975704577397,3918.7727320856297
52,18.617,17.899999618530273,168.36208,143461716000000,time,2019-12-03T10:15:57.060000-08:00,37.8701244,-122.2681601,0.70555496,1575396957.06,1575396957.696,2.0264302777581746,POINT (-122.2681601 37.8701244),android,0.3947220455148293,0.6163826453894339,-0.7293196330782161
53,17.921,17.899999618530273,159.6497,143462861000000,time,2019-12-03T10:15:58.206000-08:00,37.8701208,-122.2681577,0.9376646,1575396958.206,1575396958.301,2.026748611132304,POINT (-122.2681577 37.8701208),android,1.1010966476566784,-0.21941776123034576,-1.726054480234771
54,17.026,17.899999618530273,158.21721,143463533325375,time,2019-12-03T10:15:59-08:00,37.870114,-122.2681527,1.0210978,1575396959.0,1575396958.963,2.026969166662958,POINT (-122.2681527 37.870114),android,0.9268789649095737,-1.5899048638039344,4.7292665684598605
55,16.735,17.899999618530273,161.76938,143464049000000,time,2019-12-03T10:15:59.394000-08:00,37.870112,-122.2681494,0.614112,1575396959.394,1575396959.542,2.027078611122237,POINT (-122.2681494 37.870112),android,0.30045636366074324,0.27342641673933415,-1.0630413294620646
56,16.611,17.899999618530273,159.20575,143464647000000,time,2019-12-03T10:15:59.992000-08:00,37.8701111,-122.2681477,0.6790519,1575396959.992,1575396960.155,2.027244722247124,POINT (-122.2681477 37.8701111),android,0.4639653744303721,-0.3622723509963317,1.5638789527718668
57,16.581,17.899999618530273,160.82904,143465174000000,time,2019-12-03T10:16:00.519000-08:00,37.8701093,-122.2681461,0.7087244,1575396960.519,1575396960.672,2.0273911111222374,POINT (-122.2681461 37.8701093),android,0.2730478634207768,0.4618917795600202,-1.4639300273887337
58,16.549,17.899999618530273,162.0737,143465809000000,time,2019-12-03T10:16:01.154000-08:00,37.8701082,-122.2681447,0.9602664,1575396961.154,1575396961.27,2.027567500008477,POINT (-122.2681447 37.8701082),android,0.5663491390364463,-0.46770377387070095,1.9726767544197708
59,16.528,17.899999618530273,160.53815,143466310000000,time,2019-12-03T10:16:01.655000-08:00,37.8701059,-122.2681433,1.0319242,1575396961.655,1575396961.784,2.0277066666550105,POINT (-122.2681433 37.8701059),android,0.332029582226043,0.5206071371154763,-0.13843138647891845
60,16.464,17.899999618530273,160.54964,143466950000000,time,2019-12-03T10:16:02.295000-08:00,37.8701044,-122.2681418,1.4365528,1575396962.295,1575396962.359,2.0278844444619284,POINT (-122.2681418 37.8701044),android,0.66521820459381,0.4320110352469382,-0.014592151978037132
61,16.525,17.700000762939453,140.72307,143468071000000,time,2019-12-03T10:16:03.416000-08:00,37.8701006,-122.2681348,1.5750005,1575396963.416,1575396963.508,2.028195833298895,POINT (-122.2681348 37.8701006),android,1.1495024943540533,0.415653235607126,-0.9709560054427018
62,16.468,17.700000762939453,133.56277,143468512042665,time,2019-12-03T10:16:04-08:00,37.8700988,-122.2681275,1.6219313,1575396964.0,1575396963.966,2.028358055551847,POINT (-122.2681275 37.8700988),android,1.3922440299307615,-0.15138517898460516,2.7574217016424014
63,16.589,17.700000762939453,126.57363,143469187000000,time,2019-12-03T10:16:04.532000-08:00,37.8701,-122.2681192,1.6099238,1575396964.532,1575396964.627,2.0285058333476385,POINT (-122.2681192 37.8701),android,1.3117071048936448,1.3155633451075457,-5.909378368978043
64,16.724,17.700000762939453,121.53323,143469515831571,time,2019-12-03T10:16:05-08:00,37.8700991,-122.2681123,1.6035215,1575396965.0,1575396964.963,2.0286358333296244,POINT (-122.2681123 37.8700991),android,1.927390665089886,-1.4500253483518568,2.3259780302058846
65,16.862,17.700000762939453,118.89066,143470284000000,time,2019-12-03T10:16:05.629000-08:00,37.8700972,-122.2680987,1.6080525,1575396965.629,1575396965.753,2.0288105555375417,POINT (-122.2680987 37.8700972),android,1.0153247956505724,0.013014712863467302,-3.149071153025919
66,17.051,17.700000762939453,123.243416,143471392000000,time,2019-12-03T10:16:06.736000-08:00,37.8700954,-122.2680861,1.3721982,1575396966.736,1575396966.889,2.029118055568801,POINT (-122.2680861 37.8700954),android,1.0297320842550228,-3.4730074079124416,15.107302267638477
67,17.248,17.700000762939453,160.21689,143471631000000,time,2019-12-03T10:16:06.976000-08:00,37.8700976,-122.2680865,1.0859782,1575396966.976,1575396967.773,2.0291847222381167,POINT (-122.2680865 37.8700976),android,0.19621027323485724,0.15274528039525453,0.9168745716448028
68,16.91,17.700000762939453,160.05632,143472435869851,time,2019-12-03T10:16:08-08:00,37.8700994,-122.2680863,1.0724576,1575396968.0,1575396967.856,2.029469166662958,POINT (-122.2680863 37.8700994),android,0.3526214295800733,1.0916247770539524,-0.6203747982021561
69,17.047,17.700000762939453,234.72095,143473532433288,time,2019-12-03T10:16:09-08:00,37.870102,-122.2680886,1.0036064,1575396969.0,1575396968.96,2.0297469444407357,POINT (-122.2680886 37.870102),android,1.4442462066340258,0.47124997885179637,-3.5454056699455725
70,16.862,17.700000762939453,248.39333,143474306000000,time,2019-12-03T10:16:09.651000-08:00,37.8701084,-122.2680956,1.1735585,1575396969.651,1575396969.787,2.029927777780427,POINT (-122.2680956 37.8701084),android,1.7510299536526013,-1.8368091934306672,3.4755138402361294
71,16.744,17.700000762939453,258.95587,143474548065267,time,2019-12-03T10:16:10-08:00,37.8701109,-122.2681018,1.2200865,1575396970.0,1575396970.003,2.0300247222185135,POINT (-122.2681018 37.8701109),android,1.1099835871865245,-0.6238549427364568,0.7225123269090705
72,16.385,17.700000762939453,270.49094,143475544098131,time,2019-12-03T10:16:11-08:00,37.8701138,-122.2681139,0.5409033,1575396971.0,1575396970.995,2.0303024999962913,POINT (-122.2681139 37.8701138),android,0.4861286444500677,0.09865738417261366,-0.15814706850209911
73,16.304,17.700000762939453,279.75827,143476546047193,time,2019-12-03T10:16:12-08:00,37.8701181,-122.2681149,0.4729291,1575396972.0,1575396971.971,2.030580277774069,POINT (-122.2681149 37.8701181),android,0.5847860286226814,-0.059489684329485454,-0.049309658899288386
74,15.231,24.700000762939453,261.2575,143478566556411,time,2019-12-03T10:16:14-08:00,37.8701284,-122.2681176,0.45993158,1575396974.0,1575396974.002,2.0311358333296248,POINT (-122.2681176 37.8701284),android,0.46580665996371046,-0.15810900212806223,0.11228686560319678
75,14.781,24.700000762939453,237.64352,143479826471046,time,2019-12-03T10:16:15-08:00,37.8701318,-122.2681207,0.5295883,1575396975.0,1575396975.248,2.0314136111074026,POINT (-122.2681207 37.8701318),android,0.30769765783564823,-0.04582213652486544,0.8542679042354508
76,14.613,24.700000762939453,245.3127,143480548503546,time,2019-12-03T10:16:16-08:00,37.8701344,-122.2681195,0.6046998,1575396976.0,1575396976.009,2.03169138888518,POINT (-122.2681195 37.8701344),android,0.2618755213107828,0.8084457677105854,-1.4211054900459181
77,14.176,24.700000762939453,247.86345,143481527791358,time,2019-12-03T10:16:17-08:00,37.8701359,-122.2681218,0.2441711,1575396977.0,1575396976.961,2.031969166662958,POINT (-122.2681218 37.8701359),android,1.0703212890213682,-0.6126597223353327,0.48053628059730497
78,13.332,24.700000762939453,243.5272,143482463406045,time,2019-12-03T10:16:18-08:00,37.8701391,-122.2681103,0.23844385,1575396978.0,1575396977.877,2.0322469444407356,POINT (-122.2681103 37.8701391),android,0.4576615666860355,-0.13212344173802776,-0.008859285245297721
79,13.125,24.700000762939453,230.75545,143483568333336,time,2019-12-03T10:16:19-08:00,37.8701394,-122.2681051,0.60436994,1575396979.0,1575396978.984,2.0325247222185134,POINT (-122.2681051 37.8701394),android,0.32553812494800777,-0.14098272698332548,0.012713448390879345
80,13.0,24.700000762939453,231.16335,143484556379742,time,2019-12-03T10:16:20-08:00,37.8701392,-122.2681014,0.69397336,1575396980.0,1575396980.0,2.0328024999962913,POINT (-122.2681014 37.8701392),android,0.1845553979646823,-0.12826927859244613,0.226196903117459
81,12.836,24.700000762939453,232.24588,143485550198023,time,2019-12-03T10:16:21-08:00,37.8701377,-122.2681023,0.44899616,1575396981.0,1575396981.01,2.033080277774069,POINT (-122.2681023 37.8701377),android,0.05628611937223614,0.09792762452501287,0.005876359463936956
82,12.678,24.700000762939453,244.84187,143486546438283,time,2019-12-03T10:16:22-08:00,37.8701372,-122.2681024,0.031874634,1575396982.0,1575396981.973,2.033358055551847,POINT (-122.2681024 37.8701372),android,0.154213743897249,0.10380398398894983,0.015131991081459892
83,12.388,25.200000762939453,173.63098,143488825215782,time,2019-12-03T10:16:24-08:00,37.8701365,-122.268099,0.0036154038,1575396984.0,1575396984.247,2.0339136111074025,POINT (-122.268099 37.8701365),android,0.36182171187514867,0.1340679661518696,-0.09987959566056814
84,12.367,25.200000762939453,239.77791,143489564249010,time,2019-12-03T10:16:25-08:00,37.8701337,-122.2681011,0.5911904,1575396985.0,1575396985.042,2.0341913888851804,POINT (-122.2681011 37.8701337),android,0.4958896780270183,0.03418837049130147,1.9655154303600102
85,12.375,25.200000762939453,241.47406,143490527491666,time,2019-12-03T10:16:26-08:00,37.8701304,-122.2681049,0.61742496,1575396986.0,1575396986.001,2.0344691666629577,POINT (-122.2681049 37.8701304),android,0.5300780485183197,1.9997038008513117,-3.126597547707427
86,12.37,25.200000762939453,241.8616,143491525849322,time,2019-12-03T10:16:27-08:00,37.8701269,-122.268109,0.45499566,1575396987.0,1575396986.964,2.0347469444407356,POINT (-122.268109 37.8701269),android,2.5297818493696314,-1.126893746856115,1.1075338002505792
87,11.847,25.200000762939453,192.3374,143492498760832,time,2019-12-03T10:16:28-08:00,37.8701209,-122.2681368,0.34557196,1575396988.0,1575396987.953,2.0350247222185134,POINT (-122.2681368 37.8701209),android,1.4028881025135163,-0.01935994660553586,-0.27294446631910296
88,11.583,25.200000762939453,193.5622,143493545373176,time,2019-12-03T10:16:29-08:00,37.870119,-122.2681526,0.34014887,1575396989.0,1575396988.957,2.035302499996291,POINT (-122.2681526 37.870119),android,1.3835281559079804,-0.2923044129246388,-0.12177415932297275
89,11.178,25.200000762939453,233.84738,143494573629113,time,2019-12-03T10:16:30-08:00,37.8701201,-122.2681683,0.5097717,1575396990.0,1575396990.024,2.035580277774069,POINT (-122.2681683 37.8701201),android,1.0912237429833416,-0.4140785722476116,0.3129217821063959
90,10.779,25.200000762939453,208.06502,143495546258279,time,2019-12-03T10:16:31-08:00,37.8701194,-122.2681807,0.6367431,1575396991.0,1575396990.978,2.035858055551847,POINT (-122.2681807 37.8701194),android,0.67714517073573,-0.1011567901412157,0.3982769355542646
91,10.368,25.200000762939453,241.77635,143496555438383,time,2019-12-03T10:16:32-08:00,37.870116,-122.2681871,0.5095657,1575396992.0,1575396991.998,2.0361358333296247,POINT (-122.2681871 37.870116),android,0.5759883805945143,0.2971201454130489,-0.4705890024868141
92,10.0,25.0,210.24309,143497556724997,time,2019-12-03T10:16:33-08:00,37.8701133,-122.2681927,0.69248015,1575396993.0,1575396993.008,2.0364136111074025,POINT (-122.2681927 37.8701133),android,0.8731085260075632,-0.17346885707376525,-0.027705262150883314
93,10.0,25.0,212.76967,143498534337601,time,2019-12-03T10:16:34-08:00,37.8701057,-122.2681952,0.63379294,1575396994.0,1575396993.98,2.0366913888851803,POINT (-122.2681952 37.8701057),android,0.6996396689337979,-0.20117411922464856,0.1947669806739995
94,10.0,25.0,210.98813,143499547281455,time,2019-12-03T10:16:35-08:00,37.8700997,-122.2681976,0.594406,1575396995.0,1575396995.003,2.036969166662958,POINT (-122.2681976 37.8700997),android,0.49846554970914936,-0.006407138550649061,0.26820676769490503
95,10.0,25.0,246.85802,143500544313590,time,2019-12-03T10:16:36-08:00,37.8700958,-122.2682004,0.6006595,1575396996.0,1575396995.975,2.0372469444407355,POINT (-122.2682004 37.8700958),android,0.4920584111585003,0.261799629144256,-0.07286988990169113
96,10.0,25.0,256.81854,143501549205048,time,2019-12-03T10:16:37-08:00,37.8700956,-122.268206,0.6044672,1575396997.0,1575396996.992,2.0375247222185133,POINT (-122.268206 37.8700956),android,0.7538580403027563,0.18892973924256484,-0.45650023734337997
97,10.0,25.0,257.3235,143502553849058,time,2019-12-03T10:16:38-08:00,37.8701006,-122.2682118,0.6040925,1575396998.0,1575396998.004,2.037802499996291,POINT (-122.2682118 37.8701006),android,0.9427877795453211,-0.2675704981008151,0.2602115090839062
98,10.0,25.0,302.5731,143503538730307,time,2019-12-03T10:16:39-08:00,37.8701085,-122.2682157,0.5718456,1575396999.0,1575396998.979,2.038080277774069,POINT (-122.2682157 37.8701085),android,0.675217281444506,-0.007358989016908901,-0.25560655417525646
99,9.714,25.0,221.66206,143504516804630,time,2019-12-03T10:16:40-08:00,37.8701123,-122.2682217,0.4128927,1575397000.0,1575396999.971,2.038358055551847,POINT (-122.2682217 37.8701123),android,0.6678582924275971,-0.26296554319216536,3.3547875645450684
100,9.428,25.0,181.24362,143505536025931,time,2019-12-03T10:16:41-08:00,37.8701074,-122.2682261,0.53585345,1575397001.0,1575397000.965,2.0386358333296246,POINT (-122.2682261 37.8701074),android,0.4048927492354317,3.091822021352903,-46.30923266932055
101,9.142,25.0,181.54994,143506546745827,time,2019-12-03T10:16:42-08:00,37.8701066,-122.2682306,0.50953275,1575397002.0,1575397001.99,2.0389136111074024,POINT (-122.2682306 37.8701066),android,3.496714770588335,-43.21741064796765,636.3440386804681
102,8.71,25.0,186.09018,143506724000000,time,2019-12-03T10:16:42.069000-08:00,37.870108,-122.2682327,0.45541838,1575397002.069,1575397002.925,2.0389327777756585,POINT (-122.2682327 37.870108),android,0.5147131885865596,0.6903316621744484,-0.7777669622099929
103,8.377,25.0,239.10214,143507576247181,time,2019-12-03T10:16:43-08:00,37.8701099,-122.2682376,0.2818115,1575397003.0,1575397002.992,2.0391913888851803,POINT (-122.2682376 37.8701099),android,1.1574119621208616,-0.033769375192636675,-0.2286146497454763
104,8.037,25.0,276.02805,143508567053430,time,2019-12-03T10:16:44-08:00,37.8701147,-122.2682493,0.58924013,1575397004.0,1575397004.002,2.039469166662958,POINT (-122.2682493 37.8701147),android,1.123642586928225,-0.26238402493811297,0.49272076858547087
105,8.033,25.0,285.59525,143509851540043,time,2019-12-03T10:16:45-08:00,37.8701188,-122.268261,0.49181378,1575397005.0,1575397005.277,2.039746944440736,POINT (-122.268261 37.8701188),android,0.861258561990112,0.2303367436473579,4.8273577182534
106,8.026,25.0,325.23032,143510553918689,time,2019-12-03T10:16:46-08:00,37.8701258,-122.2682652,0.5672142,1575397006.0,1575397006.013,2.0400247222185133,POINT (-122.2682652 37.8701258),android,1.0915953056374699,5.057694461900758,-73.38045445715431
107,8.115,25.0,326.7656,143511551230251,time,2019-12-03T10:16:47-08:00,37.8701354,-122.2682678,0.58431756,1575397007.0,1575397006.971,2.040302499996291,POINT (-122.2682678 37.8701354),android,6.149289767538228,-68.32275999525356,813.2013150997539
108,9.418,25.0,275.3671,143511740000000,time,2019-12-03T10:16:47.085000-08:00,37.8701401,-122.2682679,0.02470557,1575397007.085,1575397007.92,2.0403261111179987,POINT (-122.2682679 37.8701401),android,0.34185256163521766,0.7993828093938542,-0.5010963157710582
109,10.419,25.0,277.06833,143512583522074,time,2019-12-03T10:16:48-08:00,37.8701428,-122.2682689,0.0308142,1575397008.0,1575397007.983,2.040580277774069,POINT (-122.2682689 37.8701428),android,1.0732878017365601,0.3408796995786434,-3.3194522045089965
110,11.806,25.0,335.69305,143513065000000,time,2019-12-03T10:16:48.410000-08:00,37.8701466,-122.2682703,0.17409381,1575397008.41,1575397008.518,2.0406941666867997,POINT (-122.2682703 37.8701466),android,1.2130485078217432,-1.0200959891809132,1.7551369755094304
111,14.084,25.0,108.01369,143513699000000,time,2019-12-03T10:16:49.044000-08:00,37.8701499,-122.2682626,0.894499,1575397009.044,1575397009.153,2.0408702777491676,POINT (-122.2682626 37.8701499),android,0.5663078296834838,0.09266054530751963,0.5885451105794907
112,14.657,25.0,114.46296,143514412000000,time,2019-12-03T10:16:49.757000-08:00,37.8701499,-122.268258,0.89610094,1575397009.757,1575397009.846,2.0410683333211477,POINT (-122.268258 37.8701499),android,0.6323748039665602,0.5122932439500786,-1.6914773980772206
113,17.549,25.0,118.979416,143515380000000,time,2019-12-03T10:16:50.725000-08:00,37.8701554,-122.2682577,0.920418,1575397010.725,1575397010.846,2.0413372221920225,POINT (-122.2682577 37.8701554),android,1.1282746308880944,-1.1250567676966097,0.019838060478704494
114,17.745,25.0,117.958084,143515551710093,time,2019-12-03T10:16:51-08:00,37.8701564,-122.2682544,0.92331874,1575397011.0,1575397010.976,2.0414136111074024,POINT (-122.2682544 37.8701564),android,0.8188839124777524,-1.119601299173061,5.958379242073847
115,19.254,25.0,117.698105,143515967000000,time,2019-12-03T10:16:51.312000-08:00,37.8701577,-122.268252,0.90983295,1575397011.312,1575397011.436,2.041500277784136,POINT (-122.268252 37.8701577),android,0.4695682665618272,0.7394132402834026,-1.213342503245207
116,19.279,25.0,116.44289,143516554000000,time,2019-12-03T10:16:51.899000-08:00,37.8701592,-122.2682495,0.89617544,1575397011.899,1575397011.994,2.041663333310021,POINT (-122.2682495 37.8701592),android,0.9036037596303299,0.027181320477427242,1.7269110008459372
117,21.339,25.0,113.90563,143517102000000,time,2019-12-03T10:16:52.446000-08:00,37.8701636,-122.2682487,0.8756982,1575397012.446,1575397012.546,2.0418152778016196,POINT (-122.2682487 37.8701636),android,0.9184719465456213,0.9718019310902538,-0.6949755405930664
118,19.927,25.0,106.45554,143518791870665,time,2019-12-03T10:16:54-08:00,37.8701754,-122.2682423,0.78262365,1575397014.0,1575397014.238,2.042246944440736,POINT (-122.2682423 37.8701754),android,2.4286520510744913,-0.10818999006221777,-3.3809429454414497
119,19.496,25.0,94.42437,143519325000000,time,2019-12-03T10:16:54.670000-08:00,37.8701898,-122.2682456,0.6339121,1575397014.67,1575397014.783,2.0424330555730394,POINT (-122.2682456 37.8701898),android,2.3561647494785642,-2.3734220214534654,6.345338896098551
120,18.546,25.0,78.230194,143519883000000,time,2019-12-03T10:16:55.228000-08:00,37.8702014,-122.2682485,0.52926713,1575397015.228,1575397015.334,2.042588055531184,POINT (-122.2682485 37.8702014),android,1.0317956191360471,1.1672761264504221,-3.3341160785644353
121,18.313,25.0,70.05374,143520489000000,time,2019-12-03T10:16:55.833000-08:00,37.870207,-122.268248,0.52470154,1575397015.833,1575397015.921,2.0427561110920376,POINT (-122.268248 37.870207),android,1.7379976979025777,-0.8498641646742787,1.8819747729177236
122,18.02,25.0,53.57581,143521087000000,time,2019-12-03T10:16:56.432000-08:00,37.8702162,-122.2682502,0.51737106,1575397016.432,1575397016.53,2.0429224999745688,POINT (-122.2682502 37.8702162),android,1.2289290827145318,0.27743868122845355,-0.226055395150956
123,17.922,25.0,43.785908,143521544000000,time,2019-12-03T10:16:56.888000-08:00,37.8702212,-122.268251,0.5067279,1575397016.888,1575397016.995,2.043049166666137,POINT (-122.268251 37.8702212),android,1.3554411462258042,0.17435740077479453,0.8922488791353084
124,17.72,25.0,30.26014,143522193000000,time,2019-12-03T10:16:57.537000-08:00,37.8702289,-122.2682533,0.5462875,1575397017.537,1575397017.606,2.0432294444243113,POINT (-122.2682533 37.8702289),android,1.468599087023913,0.7534268603659116,-2.04520519911894
125,17.406,25.0,17.475782,143523347000000,time,2019-12-03T10:16:58.692000-08:00,37.8702435,-122.2682589,0.6408224,1575397018.692,1575397018.801,2.043550277749697,POINT (-122.2682589 37.8702435),android,2.3388070891908255,-1.6087850861026738,-6.269183389474926
126,17.35,25.0,11.537572,143523550290142,time,2019-12-03T10:16:59-08:00,37.8702492,-122.2682628,0.62913287,1575397019.0,1575397018.981,2.0436358333296245,POINT (-122.2682628 37.8702492),android,1.8433011415195564,-3.539694120106796,12.347268972218737
127,17.411,25.0,9.536971,143523964000000,time,2019-12-03T10:16:59.309000-08:00,37.8702537,-122.2682659,0.58495367,1575397019.309,1575397019.424,2.0437216666671967,POINT (-122.2682659 37.8702537),android,0.7495356043951105,0.2756121807131664,-0.17220277703170508
128,17.422,25.0,7.7356462,143524544377069,time,2019-12-03T10:17:00-08:00,37.8702578,-122.2682687,0.54618037,1575397020.0,1575397020.002,2.0439136111074023,POINT (-122.2682687 37.8702578),android,0.9399836170624003,0.15662006441186405,0.04543096235115485
129,17.521,25.0,2.6956158,143525532596548,time,2019-12-03T10:17:01-08:00,37.8702651,-122.2682741,0.47669944,1575397021.0,1575397020.958,2.04419138888518,POINT (-122.2682741 37.8702651),android,1.0966036814742643,0.2020510267630189,2.054542738482886
130,17.425,25.0,2.1646981,143526555433735,time,2019-12-03T10:17:02-08:00,37.8702743,-122.2682786,0.4746722,1575397022.0,1575397021.995,2.044469166662958,POINT (-122.2682786 37.8702743),android,1.2986547082372832,2.256593765245905,-8.205744234679836
131,17.341,25.0,3.8386836,143527329000000,time,2019-12-03T10:17:02.674000-08:00,37.8702817,-122.268282,0.5355286,1575397022.674,1575397022.777,2.0446563888920677,POINT (-122.268282 37.8702817),android,2.8195989619664665,-3.274078052394101,11.636923761744766
132,16.827,25.600000381469727,5.8434153,143527798000000,time,2019-12-03T10:17:03.143000-08:00,37.8702934,-122.2682793,0.60776,1575397023.143,1575397023.259,2.0447866666316985,POINT (-122.2682793 37.8702934),android,1.2840568050198307,2.1836375937759094,-8.040878049945965
133,16.739,25.600000381469727,5.9429493,143528483000000,time,2019-12-03T10:17:03.828000-08:00,37.8703003,-122.2682744,0.6166384,1575397023.828,1575397023.932,2.044976944459809,POINT (-122.2682744 37.8703003),android,2.7798489524273555,-3.3243653274290637,12.840224952649193
134,16.486,25.600000381469727,10.055288,143528973000000,time,2019-12-03T10:17:04.318000-08:00,37.8703106,-122.268266,0.6601293,1575397024.318,1575397024.412,2.0451130555735695,POINT (-122.268266 37.8703106),android,1.150909910283496,2.9673450218229687,-10.210433857845073
135,16.431,25.600000381469727,13.696038,143529544753005,time,2019-12-03T10:17:05-08:00,37.8703167,-122.2682615,0.6913251,1575397025.0,1575397024.982,2.0453024999962914,POINT (-122.2682615 37.8703167),android,3.1746389831165405,-3.996170070758232,9.789818496548872
136,16.251,25.600000381469727,19.965416,143530125000000,time,2019-12-03T10:17:05.469000-08:00,37.870328,-122.2682524,0.7394348,1575397025.469,1575397025.549,2.0454327778021493,POINT (-122.2682524 37.870328),android,1.300434815960185,0.5952557937708262,-1.768050840217294
137,16.06,25.600000381469727,22.510805,143530642336546,time,2019-12-03T10:17:06-08:00,37.8703333,-122.2682483,0.76430726,1575397026.0,1575397026.081,2.0455802777740693,POINT (-122.2682483 37.8703333),android,1.6165155822783965,-0.3435790236532214,0.43254025560558795
138,16.112,25.600000381469727,27.050232,143531264000000,time,2019-12-03T10:17:06.609000-08:00,37.8703404,-122.2682416,0.8099097,1575397026.609,1575397026.705,2.0457494444317286,POINT (-122.2682416 37.8703404),android,1.4072759680141094,-0.08016202201450444,2.1129307587212915
139,16.059,25.600000381469727,30.716396,143531868000000,time,2019-12-03T10:17:07.213000-08:00,37.8703464,-122.2682356,0.8536983,1575397027.213,1575397027.31,2.0459172222349378,POINT (-122.2682356 37.8703464),android,1.3588580993782964,1.196048349697744,-2.682439991955016
140,15.792,25.600000381469727,31.824055,143532332000000,time,2019-12-03T10:17:07.677000-08:00,37.870351,-122.2682314,0.87718385,1575397027.677,1575397027.756,2.046046111120118,POINT (-122.2682314 37.870351),android,1.9138245176690813,-0.048603770754945576,-2.9200984054478
141,15.988,25.30000114440918,33.687508,143532986000000,time,2019-12-03T10:17:08.331000-08:00,37.8703596,-122.2682222,0.92547965,1575397028.331,1575397028.498,2.0462277777989706,POINT (-122.2682222 37.8703596),android,1.8820376494631472,-1.9583482560196581,6.309352875919122
142,16.081,25.30000114440918,33.73772,143533451000000,time,2019-12-03T10:17:08.796000-08:00,37.8703657,-122.2682159,0.93277293,1575397028.796,1575397028.895,2.0463569444417953,POINT (-122.2682159 37.8703657),android,0.9714058785003853,0.9755002897466326,-1.6153375572789548
143,16.022,25.30000114440918,34.416893,143534817290502,time,2019-12-03T10:17:10-08:00,37.8703738,-122.2682074,0.94353724,1575397030.0,1575397030.247,2.04669138888518,POINT (-122.2682074 37.8703738),android,2.1459082236340925,-0.9693661230552051,0.9604122165838905
144,16.066,25.30000114440918,36.04168,143535543709877,time,2019-12-03T10:17:11-08:00,37.8703891,-122.2681925,0.9472881,1575397031.0,1575397030.966,2.046969166662958,POINT (-122.2681925 37.8703891),android,1.1765421005788874,-0.008953906471314527,-0.10053669291688345
145,16.021,25.30000114440918,37.91826,143536372000000,time,2019-12-03T10:17:11.716000-08:00,37.8703946,-122.2681859,0.9439076,1575397031.716,1575397031.81,2.047168055574099,POINT (-122.2681859 37.8703946),android,1.170131102828141,-0.08093818665366108,-0.2199909979903631
146,15.71,25.30000114440918,47.867207,143537531544563,time,2019-12-03T10:17:13-08:00,37.8704027,-122.2681722,0.82965064,1575397033.0,1575397032.961,2.0475247222185136,POINT (-122.2681722 37.8704027),android,1.0662064776486884,-0.3634066104501071,-0.8474261165323176
147,15.894,25.30000114440918,52.658493,143538031000000,time,2019-12-03T10:17:13.376000-08:00,37.8704047,-122.2681684,0.778851,1575397033.376,1575397033.485,2.047629166642825,POINT (-122.2681684 37.8704047),android,0.929565618458886,-0.6820387688454508,0.9358183034113422
148,16.042,25.30000114440918,52.60663,143538694284354,time,2019-12-03T10:17:14-08:00,37.8704082,-122.2681635,0.77879703,1575397034.0,1575397034.137,2.0478024999962914,POINT (-122.2681635 37.8704082),android,0.5039733772656676,-0.09808807968936628,0.672901122699846
149,16.096,25.30000114440918,63.08757,143539556380656,time,2019-12-03T10:17:15-08:00,37.8704092,-122.2681579,0.7055509,1575397035.0,1575397035.036,2.048080277774069,POINT (-122.2681579 37.8704092),android,0.4058852975763013,0.5748130430104798,-1.37772108488834
150,16.117,25.30000114440918,76.35459,143540472000000,time,2019-12-03T10:17:15.817000-08:00,37.8704079,-122.2681545,0.6624608,1575397035.817,1575397035.89,2.0483072221941416,POINT (-122.2681545 37.8704079),android,0.8755075032828952,-0.5507849624647503,0.7237132935217921
151,16.253,25.30000114440918,84.260666,143541205000000,time,2019-12-03T10:17:16.549000-08:00,37.8704078,-122.2681472,0.65548176,1575397036.549,1575397036.655,2.0485105555587344,POINT (-122.2681472 37.8704078),android,0.47233284877690024,-0.021026750164758246,2.608768728878264
152,16.226,25.30000114440918,89.08442,143541792000000,time,2019-12-03T10:17:17.137000-08:00,37.8704073,-122.2681441,0.6505575,1575397037.137,1575397037.237,2.048673888908492,POINT (-122.2681441 37.8704073),android,0.45996911843675675,1.5129294166664364,-2.30466655148965
153,16.282,25.30000114440918,89.55328,143542479000000,time,2019-12-03T10:17:17.824000-08:00,37.8704073,-122.2681405,0.6463304,1575397037.824,1575397037.923,2.0488647221856646,POINT (-122.2681405 37.8704073),android,1.49935132180411,-0.07037603825187777,-0.24468258827413236
154,16.268,25.399999618530273,90.29533,143543824918883,time,2019-12-03T10:17:19-08:00,37.8704042,-122.2681208,0.6532834,1575397039.0,1575397039.261,2.04919138888518,POINT (-122.2681208 37.8704042),android,1.41658909249754,-0.35812279099734745,0.1620205362569156
155,15.979,25.399999618530273,93.61216,143544545339300,time,2019-12-03T10:17:20-08:00,37.8703995,-122.2681058,0.66773623,1575397040.0,1575397039.986,2.049469166662958,POINT (-122.2681058 37.8703995),android,1.0584663015001925,-0.19610225474043186,0.0037218566213694793
156,15.849,25.399999618530273,94.76423,143545543534039,time,2019-12-03T10:17:21-08:00,37.8703969,-122.2680942,0.6637607,1575397041.0,1575397041.009,2.0497469444407357,POINT (-122.2680942 37.8703969),android,0.8623640467597606,-0.19238039811906238,0.3344325217838875
157,15.475,25.399999618530273,95.61215,143546557347372,time,2019-12-03T10:17:22-08:00,37.8703944,-122.2680849,0.64361423,1575397042.0,1575397042.021,2.0500247222185135,POINT (-122.2680849 37.8703944),android,0.6699836486406983,0.14205212366482511,-0.5250825063669757
158,14.377,25.399999618530273,96.55508,143547543800392,time,2019-12-03T10:17:23-08:00,37.8703924,-122.2680777,0.6143535,1575397043.0,1575397042.966,2.0503024999962913,POINT (-122.2680777 37.8703924),android,0.8120357723055234,-0.3830303827021507,0.20789364572590457
159,14.269,25.399999618530273,97.26142,143548545659403,time,2019-12-03T10:17:24-08:00,37.8703886,-122.2680698,0.59224147,1575397044.0,1575397043.985,2.050580277774069,POINT (-122.2680698 37.8703886),android,0.4290053896033727,-0.1751367369762461,0.16727582095012472
160,14.108,25.399999618530273,96.42996,143549556213465,time,2019-12-03T10:17:25-08:00,37.8703865,-122.2680657,0.5174602,1575397045.0,1575397045.015,2.050858055551847,POINT (-122.2680657 37.8703865),android,0.2538686526271266,-0.007860916026121378,0.01130674762812156
161,13.972,25.399999618530273,94.37738,143550523528204,time,2019-12-03T10:17:26-08:00,37.8703855,-122.2680631,0.4557562,1575397046.0,1575397045.957,2.051135833329625,POINT (-122.2680631 37.8703855),android,0.24600773660100522,0.0034458316020001822,0.10635408859099676
162,13.8,25.399999618530273,90.501656,143551607956537,time,2019-12-03T10:17:27-08:00,37.8703845,-122.2680606,0.043198675,1575397047.0,1575397047.074,2.051413611107402,POINT (-122.2680606 37.8703845),android,0.2494535682030054,0.10979992019299695,-0.24807544770184425
163,13.765,25.399999618530273,90.340805,143552546173932,time,2019-12-03T10:17:28-08:00,37.8703838,-122.2680633,0.007983668,1575397048.0,1575397047.996,2.05169138888518,POINT (-122.2680633 37.8703838),android,0.35925348839600235,-0.1382755275088473,0.14578964608488185
164,13.471,25.30000114440918,177.08778,143553545149453,time,2019-12-03T10:17:29-08:00,37.8703826,-122.2680671,0.0005090542,1575397049.0,1575397049.016,2.051969166662958,POINT (-122.2680671 37.8703826),android,0.22097796088715504,0.00751411857603454,0.027326136174618876
165,13.457,25.30000114440918,265.16083,143554548131171,time,2019-12-03T10:17:30-08:00,37.870382,-122.2680695,0.0038799595,1575397050.0,1575397049.996,2.0522469444407356,POINT (-122.2680695 37.870382),android,0.22849207946318958,0.034840254750653415,0.05574317251939301
166,13.456,25.30000114440918,269.3566,143555704231639,time,2019-12-03T10:17:31-08:00,37.8703819,-122.2680721,0.0015142693,1575397051.0,1575397051.126,2.0525247222185135,POINT (-122.2680721 37.8703819),android,0.263332334213843,0.09058342727004642,-0.1614568425297233
167,13.4,25.30000114440918,269.90045,143556548165493,time,2019-12-03T10:17:32-08:00,37.8703819,-122.2680751,0.0010810008,1575397052.0,1575397051.993,2.0528024999962913,POINT (-122.2680751 37.8703819),android,0.3539157614838894,-0.07087341525967689,0.26949471066421976
168,13.171,25.30000114440918,269.63403,143557545410910,time,2019-12-03T10:17:33-08:00,37.8703815,-122.2680791,0.0015312121,1575397053.0,1575397052.977,2.053080277774069,POINT (-122.2680791 37.8703815),android,0.28304234622421254,0.19862129540454287,-0.4407095786576025
169,12.786,25.30000114440918,243.63335,143558543534972,time,2019-12-03T10:17:34-08:00,37.8703798,-122.2680815,0.0015334745,1575397054.0,1575397053.999,2.053358055551847,POINT (-122.2680815 37.8703798),android,0.4816636416287554,-0.24208828325305962,0.13562931664315572
170,12.358,25.30000114440918,217.93472,143559821690231,time,2019-12-03T10:17:35-08:00,37.8703764,-122.2680849,0.14340685,1575397055.0,1575397055.254,2.0536358333296247,POINT (-122.2680849 37.8703764),android,0.2395753583756958,-0.1064589666099039,0.08667519893868479
171,11.946,25.30000114440918,259.34982,143560549831845,time,2019-12-03T10:17:36-08:00,37.8703746,-122.2680864,0.008721007,1575397056.0,1575397056.021,2.0539136111074026,POINT (-122.2680864 37.8703746),android,0.1331163917657919,-0.019783767671219102,3.1091105217331103
172,11.645,25.30000114440918,268.5121,143561552078043,time,2019-12-03T10:17:37-08:00,37.8703737,-122.2680874,0.0015768525,1575397057.0,1575397056.983,2.05419138888518,POINT (-122.2680874 37.8703737),android,0.1133326240945728,3.0893267540618914,-4.9540208323303885
173,11.27,25.30000114440918,269.12418,143562451762678,time,2019-12-03T10:17:38-08:00,37.8703729,-122.2680882,0.00052336685,1575397058.0,1575397057.918,2.0544691666629578,POINT (-122.2680882 37.8703729),android,3.202659378156464,-1.8646940782684969,1.1865605278270843
174,10.253,25.600000381469727,269.35196,143563531962990,time,2019-12-03T10:17:39-08:00,37.8703693,-122.2681244,0.09326844,1575397059.0,1575397058.965,2.0547469444407356,POINT (-122.2681244 37.8703693),android,1.3379652998879672,-0.6781335504414124,0.22141113646076915
175,9.503,25.600000381469727,265.80893,143564530108250,time,2019-12-03T10:17:40-08:00,37.8703684,-122.2681396,0.7405865,1575397060.0,1575397059.962,2.0550247222185134,POINT (-122.2681396 37.8703684),android,0.6598317494465548,-0.4567224139806433,0.347515531780903
176,8.296,25.600000381469727,265.97647,143565528381322,time,2019-12-03T10:17:41-08:00,37.870368,-122.2681471,0.69100815,1575397061.0,1575397060.96,2.055302499996291,POINT (-122.2681471 37.870368),android,0.2031093354659115,-0.10920688219974028,0.07774668736968239
177,7.066,25.600000381469727,265.76904,143566521106687,time,2019-12-03T10:17:42-08:00,37.8703678,-122.2681494,0.40869564,1575397062.0,1575397061.961,2.055580277774069,POINT (-122.2681494 37.8703678),android,0.09390245326617122,-0.031460194830057894,0.09595228794404193
178,4.6,25.600000381469727,271.17938,143567508481999,time,2019-12-03T10:17:43-08:00,37.8703681,-122.2681484,0.1244318,1575397063.0,1575397062.931,2.055858055551847,POINT (-122.2681484 37.8703681),android,0.062442258436113326,0.06449209311398403,-0.0644920912964579
179,4.571,25.5,263.69293,143568511878196,time,2019-12-03T10:17:44-08:00,37.870368,-122.2681477,0.029663427,1575397064.0,1575397063.947,2.0561358333296247,POINT (-122.2681477 37.870368),android,0.12693435155009736,1.8175261295994005e-09,-0.002250019124627106
180,4.428,25.5,246.91127,143569510472831,time,2019-12-03T10:17:45-08:00,37.8703675,-122.268149,0.08873578,1575397065.0,1575397064.955,2.0564136111074025,POINT (-122.268149 37.8703675),android,0.1269343533676235,-0.0022500173071009766,0.008851887462610702
181,4.166,25.5,242.87816,143570528767935,time,2019-12-03T10:17:46-08:00,37.870367,-122.2681503,0.11059251,1575397066.0,1575397065.973,2.0566913888851803,POINT (-122.2681503 37.870367),android,0.12468433606052251,0.006601870155509726,-0.061305859502132076
182,4.166,25.5,240.99687,143571551019289,time,2019-12-03T10:17:47-08:00,37.8703664,-122.2681515,0.11435589,1575397067.0,1575397066.973,2.056969166662958,POINT (-122.2681515 37.8703664),android,0.13128620621603224,-0.05470398934662235,-0.0010975042678091282
183,4.2,25.5,232.21625,143572528772205,time,2019-12-03T10:17:48-08:00,37.8703656,-122.2681526,0.12621619,1575397068.0,1575397067.973,2.0572469444407355,POINT (-122.2681526 37.8703656),android,0.07658221686940989,-0.05580149361443148,0.08283797637234142
184,4.0,25.399999618530273,228.70073,143573532283246,time,2019-12-03T10:17:49-08:00,37.8703651,-122.2681532,0.09131926,1575397069.0,1575397068.982,2.0575247222185133,POINT (-122.2681532 37.8703651),android,0.020780723254978407,0.02703648275790993,-0.018187374171968473
185,4.0,25.399999618530273,228.8005,143574529718923,time,2019-12-03T10:17:50-08:00,37.870365,-122.2681534,0.049977332,1575397070.0,1575397069.959,2.057802499996291,POINT (-122.2681534 37.870365),android,0.04781720601288834,0.008849108585941456,-0.03718226607476516
186,4.0,25.399999618530273,218.45914,143575592436579,time,2019-12-03T10:17:51-08:00,37.8703646,-122.2681536,0.046725508,1575397071.0,1575397071.03,2.058080277774069,POINT (-122.2681536 37.8703646),android,0.056666314598829794,-0.028333157488823698,0.014166579641415433
187,4.0,25.399999618530273,216.40353,143576549009964,time,2019-12-03T10:17:52-08:00,37.8703642,-122.268154,0.051666625,1575397072.0,1575397071.975,2.058358055551847,POINT (-122.268154 37.8703642),android,0.028333157110006096,-0.014166577847408265,0.008777744662520027
188,4.0,25.399999618530273,216.47926,143577597317307,time,2019-12-03T10:17:53-08:00,37.870364,-122.2681542,0.040957194,1575397073.0,1575397073.036,2.0586358333296246,POINT (-122.2681542 37.870364),android,0.014166579262597831,-0.0053888331848882375,1.1048178032457734
189,4.0,25.30000114440918,216.51273,143578551766161,time,2019-12-03T10:17:54-08:00,37.8703639,-122.2681543,0.02053556,1575397074.0,1575397074.001,2.0589136111074025,POINT (-122.2681543 37.8703639),android,0.008777746077709593,1.0994289700608852,-0.9522209055057549
190,4.0,25.30000114440918,229.48254,143579527966890,time,2019-12-03T10:17:55-08:00,37.8703639,-122.2681544,0.015564594,1575397075.0,1575397074.958,2.0591913888851803,POINT (-122.2681544 37.8703639),android,1.108206716138595,0.14720806455513036,-0.22626721372959868
191,4.0,25.30000114440918,93.07517,143580543813452,time,2019-12-03T10:17:56-08:00,37.8703625,-122.2681419,0.80362386,1575397076.0,1575397075.981,2.059469166662958,POINT (-122.2681419 37.8703625),android,1.2554147806937253,-0.07905914917446832,0.7442547119727445
192,4.0,25.30000114440918,77.31612,143581549547827,time,2019-12-03T10:17:57-08:00,37.8703623,-122.2681276,0.8554763,1575397077.0,1575397076.99,2.059746944440736,POINT (-122.2681276 37.8703623),android,1.176355631519257,0.6651955627982762,-1.3403273841752061
193,4.0,25.30000114440918,82.80725,143582467426733,time,2019-12-03T10:17:58-08:00,37.8703636,-122.2681143,1.0163102,1575397078.0,1575397077.919,2.0600247222185133,POINT (-122.2681143 37.8703636),android,1.8415511943175331,-0.6751318213769298,0.43618050980141715
194,6.787,25.200000762939453,92.46632,143583370000000,time,2019-12-03T10:17:58.715000-08:00,37.8703637,-122.2680993,0.8174328,1575397078.715,1575397078.821,2.0602233333057827,POINT (-122.2680993 37.8703637),android,1.3588319999800573,-0.36326279430659003,0.36634373088113653
195,8.524,25.200000762939453,159.74556,143584033000000,time,2019-12-03T10:17:59.378000-08:00,37.8703628,-122.2680891,0.73859316,1575397079.378,1575397079.476,2.0604075000021194,POINT (-122.2680891 37.8703628),android,1.1179887285541357,-0.12037686160266453,-2.221956507793226
196,8.841,25.200000762939453,161.89572,143584486000000,time,2019-12-03T10:17:59.831000-08:00,37.870361,-122.2680838,0.7666106,1575397079.831,1575397079.945,2.060533333354526,POINT (-122.2680838 37.870361),android,1.0634580019825055,-1.1269233122026414,1.7238563459284726
197,10.041,25.200000762939453,165.82376,143585147000000,time,2019-12-03T10:18:00.492000-08:00,37.8703572,-122.2680774,0.84009814,1575397080.492,1575397080.601,2.060716944469346,POINT (-122.2680774 37.8703572),android,0.3185616775705101,0.012545755472044184,0.06805935245353499
198,11.167,25.200000762939453,155.99564,143586349000000,time,2019-12-03T10:18:01.694000-08:00,37.8703547,-122.2680744,1.0463923,1575397081.694,1575397081.809,2.061050833331214,POINT (-122.2680744 37.8703547),android,0.33364167442752163,0.09435309050073469,0.12866732807060957
199,12.652,25.200000762939453,152.57161,143586834000000,time,2019-12-03T10:18:02.178000-08:00,37.870355,-122.2680726,0.64351714,1575397082.178,1575397082.277,2.0611852777666515,POINT (-122.2680726 37.870355),android,0.37930856717048517,0.15662807311488103,0.4324632679845341
200,13.3,25.200000762939453,149.90106,143587471000000,time,2019-12-03T10:18:02.816000-08:00,37.8703538,-122.2680703,0.5211979,1575397082.816,1575397082.925,2.0613624999920526,POINT (-122.2680703 37.8703538),android,0.4792372796102453,0.4325396430381631,0.7337448164464588
201,12.96,25.200000762939453,145.77434,143587982000000,time,2019-12-03T10:18:03.326000-08:00,37.8703557,-122.2680689,0.6987451,1575397083.326,1575397083.429,2.0615041666560705,POINT (-122.2680689 37.8703557),android,0.699832493434689,0.8067494924283213,-2.8621784137493735
202,11.442,25.399999618530273,145.52547,143588486935064,time,2019-12-03T10:18:04-08:00,37.8703564,-122.2680636,0.7245646,1575397084.0,1575397083.931,2.06169138888518,POINT (-122.2680636 37.8703564),android,1.2435816713351606,-1.1223588294079936,2.4571136527897286
203,11.141,25.399999618530273,129.91985,143589128000000,time,2019-12-03T10:18:04.473000-08:00,37.8703563,-122.2680569,0.87313026,1575397084.473,1575397084.613,2.061822777787844,POINT (-122.2680569 37.8703563),android,0.7127058893662106,0.03985605021242955,0.897905618520743
204,10.739,25.399999618530273,121.56706,143589807000000,time,2019-12-03T10:18:05.152000-08:00,37.8703566,-122.2680514,0.76261103,1575397085.152,1575397085.287,2.062011388871405,POINT (-122.2680514 37.8703566),android,0.7397681435074424,0.6495338761318232,-3.218437842700289
205,10.722,25.399999618530273,122.071976,143590270000000,time,2019-12-03T10:18:05.615000-08:00,37.8703565,-122.2680475,0.73765415,1575397085.615,1575397085.731,2.0621399999989403,POINT (-122.2680475 37.8703565),android,1.0405023665619906,-0.8406030353375842,2.02937822077469
206,10.439,25.399999618530273,117.96835,143590551196834,time,2019-12-03T10:18:06-08:00,37.8703571,-122.268043,0.72754896,1575397086.0,1575397085.989,2.062246944440736,POINT (-122.268043 37.8703571),android,0.7168702059736359,-0.05929243969298749,0.6326767992840608
207,10.348,25.399999618530273,119.519714,143591432000000,time,2019-12-03T10:18:06.777000-08:00,37.8703565,-122.2680367,0.88016576,1575397086.777,1575397086.885,2.062462777760294,POINT (-122.2680367 37.8703565),android,0.6707999832725599,0.4322974019756119,-0.3513610627133797
208,10.317,25.399999618530273,108.487,143592463765010,time,2019-12-03T10:18:08-08:00,37.8703578,-122.2680275,0.861953,1575397088.0,1575397087.893,2.062802499996291,POINT (-122.2680275 37.8703578),android,1.1994997273268215,0.0025828048527793968,0.2328277085396396
209,10.079,25.399999618530273,107.93119,143593487590530,time,2019-12-03T10:18:09-08:00,37.8703625,-122.2680152,0.76926005,1575397089.0,1575397088.922,2.063080277774069,POINT (-122.2680152 37.8703625),android,1.202082532179601,0.235410513392419,-1.5752562444989073
210,10.043,25.399999618530273,99.48012,143594291000000,time,2019-12-03T10:18:09.636000-08:00,37.870364,-122.2680067,0.7580864,1575397089.636,1575397089.748,2.0632569444179536,POINT (-122.2680067 37.870364),android,1.3518035993897528,-0.7664523289126839,0.43636364295551155
211,10.108,25.399999618530273,97.301,143594571907613,time,2019-12-03T10:18:10-08:00,37.8703642,-122.2680011,0.7571218,1575397090.0,1575397090.034,2.0633580555518467,POINT (-122.2680011 37.8703642),android,1.0728148888041884,-0.607615927088081,1.3389959865371603
212,10.183,25.399999618530273,87.11411,143595850732092,time,2019-12-03T10:18:11-08:00,37.8703664,-122.2679892,0.6000996,1575397091.0,1575397091.298,2.0636358333296245,POINT (-122.2679892 37.8703664),android,0.46519896171610736,0.7313800594490794,-1.9634196798351815
213,10.252,25.399999618530273,86.83323,143596550703966,time,2019-12-03T10:18:12-08:00,37.87037,-122.2679865,0.75015754,1575397092.0,1575397091.999,2.0639136111074023,POINT (-122.2679865 37.87037),android,1.1965790211651868,-1.2320396203861022,3.9191223666633386
214,10.275,25.399999618530273,80.101425,143597061000000,time,2019-12-03T10:18:12.406000-08:00,37.8703731,-122.2679826,0.7882706,1575397092.406,1575397092.523,2.0640263888570995,POINT (-122.2679826 37.8703731),android,0.6963710598346708,0.3591236642971809,2.65248545927477
215,10.382,25.399999618530273,78.53918,143597515500320,time,2019-12-03T10:18:13-08:00,37.8703753,-122.2679788,0.7887899,1575397093.0,1575397092.935,2.06419138888518,POINT (-122.2679788 37.8703753),android,0.9096905527308199,1.9347002952447636,-4.73312843919552
216,10.588,25.399999618530273,76.2318,143598166000000,time,2019-12-03T10:18:13.510000-08:00,37.8703782,-122.267975,0.94708544,1575397093.51,1575397093.583,2.0643330555491977,POINT (-122.267975 37.8703782),android,1.8963876848549095,-0.47919516360632125,3.1160675204845076
217,10.72,25.399999618530273,76.29077,143598487262507,time,2019-12-03T10:18:14-08:00,37.8703826,-122.267966,0.98188233,1575397094.0,1575397093.934,2.064469166662958,POINT (-122.267966 37.8703826),android,1.6615820501178509,1.0476779511482233,-7.281566268505744
218,10.916,25.399999618530273,77.91482,143599291000000,time,2019-12-03T10:18:14.635000-08:00,37.8703866,-122.2679551,1.0089681,1575397094.635,1575397094.746,2.064645555549198,POINT (-122.2679551 37.8703866),android,2.326857539105537,-3.576116559910497,11.750340505905625
219,10.972,25.399999618530273,75.178474,143599573876882,time,2019-12-03T10:18:15-08:00,37.8703901,-122.2679465,1.0134373,1575397095.0,1575397095.028,2.064746944440736,POINT (-122.2679465 37.8703901),android,1.0215749606337006,0.7127578368050351,-2.3844327840025796
220,10.921,25.399999618530273,71.27538,143600530761673,time,2019-12-03T10:18:16-08:00,37.8703948,-122.2679365,1.0159541,1575397096.0,1575397095.977,2.0650247222185136,POINT (-122.2679365 37.8703948),android,1.7343327974387357,-1.6716749471975445,4.988460447209979
221,10.988,25.399999618530273,65.25635,143601063000000,time,2019-12-03T10:18:16.408000-08:00,37.8703993,-122.2679308,0.9733176,1575397096.408,1575397096.532,2.0651380555497276,POINT (-122.2679308 37.8703993),android,1.0522894317360052,0.36361687720519403,-0.8385165591239893
222,11.023,25.399999618530273,70.968666,143602150000000,time,2019-12-03T10:18:17.495000-08:00,37.8704058,-122.2679207,1.0177531,1575397097.495,1575397097.619,2.0654399999645023,POINT (-122.2679207 37.8704058),android,1.4475409384195785,-0.5478505329993512,1.569195708705006
223,10.983,25.399999618530273,73.944305,143602607000000,time,2019-12-03T10:18:17.952000-08:00,37.8704094,-122.2679147,0.9537481,1575397097.952,1575397098.067,2.065566944413715,POINT (-122.2679147 37.8704094),android,1.1971732354343974,0.16927193281586622,-0.7056439503478402
224,10.931,25.5,74.18765,143603707000000,time,2019-12-03T10:18:19.052000-08:00,37.8704144,-122.2679011,0.92995304,1575397099.052,1575397099.165,2.065872500009007,POINT (-122.2679011 37.8704144),android,1.3833723857463944,-0.6069365135099347,1.0053307141698555
225,10.85,25.5,69.48037,143604848269432,time,2019-12-03T10:18:20-08:00,37.8704183,-122.267887,0.92873615,1575397100.0,1575397100.281,2.0661358333296245,POINT (-122.267887 37.8704183),android,0.807996598722325,0.3461169575027004,-1.2375444201536792
226,10.728,25.5,17.484087,143605481000000,time,2019-12-03T10:18:20.825000-08:00,37.8704214,-122.2678805,0.66627467,1575397100.825,1575397100.928,2.0663650000095366,POINT (-122.2678805 37.8704214),android,1.0935431051661955,-0.6748572481348013,4.9372014016413495
227,10.74,25.5,5.9291997,143605965000000,time,2019-12-03T10:18:21.309000-08:00,37.8704258,-122.2678782,0.7776926,1575397101.309,1575397101.397,2.0664994444449745,POINT (-122.2678782 37.8704258),android,0.7669122189511485,1.714748070171218,-5.589372217296838
228,10.645,25.5,7.334357,143606550242504,time,2019-12-03T10:18:22-08:00,37.8704305,-122.2678772,0.8043087,1575397102.0,1575397102.035,2.06669138888518,POINT (-122.2678772 37.8704305),android,1.951803109274481,-2.1475080466938454,7.811977717800886
229,10.662,25.5,5.5539813,143607045000000,time,2019-12-03T10:18:22.390000-08:00,37.8704373,-122.2678762,0.95500374,1575397102.39,1575397102.518,2.0667997222476537,POINT (-122.2678762 37.8704373),android,1.1142747457813218,0.8991640827575763,-2.39241445736998
230,10.623,25.5,1.862376,143607535863181,time,2019-12-03T10:18:23-08:00,37.8704434,-122.2678757,1.0068655,1575397103.0,1575397102.95,2.066969166662958,POINT (-122.2678757 37.8704434),android,1.6627647419373772,-0.5602084852638473,-0.0030391833503237626
231,10.601,25.5,357.17126,143608145000000,time,2019-12-03T10:18:23.490000-08:00,37.8704507,-122.2678765,0.9147668,1575397103.49,1575397103.594,2.0671052777767183,POINT (-122.2678765 37.8704507),android,1.3882625788155276,-0.5616976851344898,1.5926872109829693
232,10.415,25.5,356.9141,143608491474899,time,2019-12-03T10:18:24-08:00,37.8704567,-122.2678738,0.8949382,1575397104.0,1575397103.931,2.0672469444407358,POINT (-122.2678738 37.8704567),android,1.1017967647537044,0.2505727772777756,-2.6451197282202346
233,10.389,25.5,353.30942,143609235000000,time,2019-12-03T10:18:24.580000-08:00,37.8704619,-122.2678707,0.8068758,1575397104.58,1575397104.697,2.067408055530654,POINT (-122.2678707 37.8704619),android,1.2471289564576284,-1.2835964632833405,4.696492002232144
234,10.381,25.5,350.4642,143609567159899,time,2019-12-03T10:18:25-08:00,37.8704666,-122.2678703,0.7882352,1575397105.0,1575397105.049,2.0675247222185136,POINT (-122.2678703 37.8704666),android,0.708018343947987,0.6889305359680642,-1.3554420345858265
235,10.45,25.5,349.84296,143610386000000,time,2019-12-03T10:18:25.731000-08:00,37.8704712,-122.2678712,0.60838753,1575397105.731,1575397105.827,2.067727777759234,POINT (-122.2678712 37.8704712),android,1.2116265289477819,-0.30189751892576056,-0.841938834282694
236,10.482,25.5,349.47403,143611027000000,time,2019-12-03T10:18:26.372000-08:00,37.8704779,-122.2678737,0.5286108,1575397106.372,1575397106.468,2.0679058333237967,POINT (-122.2678737 37.8704779),android,1.0181102095273644,-0.8415803390007724,2.4750967210577097
237,10.473,25.5,351.9918,143611503000000,time,2019-12-03T10:18:26.848000-08:00,37.8704822,-122.2678746,0.52372515,1575397106.848,1575397106.934,2.068038055565622,POINT (-122.2678746 37.8704822),android,0.6175179087710737,0.33656587489497414,-0.7663931963671172
238,10.544,25.5,352.90414,143612430000000,time,2019-12-03T10:18:27.775000-08:00,37.8704871,-122.2678766,0.5919229,1575397107.775,1575397107.869,2.068295555578338,POINT (-122.2678766 37.8704871),android,0.9295144902054778,-0.37388065322004,1.3467278903016147
239,10.62,25.30000114440918,357.8965,143613719000000,time,2019-12-03T10:18:29.064000-08:00,37.8704973,-122.267881,0.5355429,1575397109.064,1575397109.215,2.0686536110772025,POINT (-122.267881 37.8704973),android,0.4475824045087668,1.362051322530024,-7.341643251025051
240,10.68,25.30000114440918,358.49448,143614517116616,time,2019-12-03T10:18:30-08:00,37.870501,-122.2678801,0.54306793,1575397110.0,1575397109.978,2.0689136111074022,POINT (-122.2678801 37.870501),android,1.7224625904775528,-5.509727558604597,31.788463273483604
241,10.762,25.30000114440918,358.87994,143614871000000,time,2019-12-03T10:18:30.216000-08:00,37.8705043,-122.2678794,0.54836833,1575397110.216,1575397110.309,2.0689736111296546,POINT (-122.2678794 37.8705043),android,0.532360996442164,1.3565830549985043,-3.2917773655584193
242,10.858,25.30000114440918,359.23907,143615519821615,time,2019-12-03T10:18:31-08:00,37.870508,-122.2678786,0.5540782,1575397111.0,1575397110.935,2.06919138888518,POINT (-122.2678786 37.870508),android,1.595922002886964,-1.22417013589948,0.8168767805971936
243,11.014,25.30000114440918,359.99622,143616143000000,time,2019-12-03T10:18:31.488000-08:00,37.870515,-122.2678783,0.5091798,1575397111.488,1575397111.618,2.0693269444174236,POINT (-122.2678783 37.870515),android,0.9985270793044642,-0.8255343355230773,7.3432826701571745
244,11.086,25.30000114440918,359.68597,143616666000000,time,2019-12-03T10:18:32.011000-08:00,37.8705196,-122.2678795,0.4644831,1575397112.011,1575397112.146,2.0694722221957313,POINT (-122.2678795 37.8705196),android,0.5667726202513129,3.015002514975325,-22.70511704935816
245,11.276,25.30000114440918,358.241,143617526293229,time,2019-12-03T10:18:33-08:00,37.8705245,-122.267881,0.45992622,1575397113.0,1575397112.948,2.0697469444407357,POINT (-122.267881 37.8705245),android,3.548610354840329,-19.440360109022578,173.37534064058846
246,11.324,25.30000114440918,357.39737,143617776000000,time,2019-12-03T10:18:33.121000-08:00,37.8705282,-122.2678824,0.48320994,1575397113.121,1575397113.255,2.069780555566152,POINT (-122.2678824 37.8705282),android,1.196325780500902,1.5380650370435385,-4.254631593804071
247,11.538,25.30000114440918,356.46982,143618205000000,time,2019-12-03T10:18:33.550000-08:00,37.8705327,-122.2678837,0.5058744,1575397113.55,1575397113.655,2.069899722205268,POINT (-122.2678837 37.8705327),android,1.8561555288440152,-0.2871714947149887,-0.38237220560158974
248,11.761,25.200000762939453,354.19165,143618876000000,time,2019-12-03T10:18:34.221000-08:00,37.8705438,-122.2678856,0.57544136,1575397114.221,1575397114.324,2.0700861110952165,POINT (-122.2678856 37.8705438),android,1.6634634547947855,-0.5437432461322896,0.43962800097414567
249,11.804,25.200000762939453,354.0223,143619365000000,time,2019-12-03T10:18:34.709000-08:00,37.8705511,-122.2678857,0.6049137,1575397114.709,1575397114.81,2.0702216666936875,POINT (-122.2678857 37.8705511),android,1.3981166666764853,-0.32920471373647336,0.5718897456623262
250,11.846,25.200000762939453,356.0209,143620811625206,time,2019-12-03T10:18:36-08:00,37.8705673,-122.267887,0.6252316,1575397116.0,1575397116.265,2.070580277774069,POINT (-122.267887 37.8705673),android,0.9731134176613715,0.40910488464758854,-0.4621906677666417
251,11.777,25.200000762939453,356.50128,143621431524894,time,2019-12-03T10:18:37-08:00,37.870576,-122.2678882,0.6350657,1575397117.0,1575397116.848,2.070858055551847,POINT (-122.2678882 37.870576),android,1.38221830230896,-0.05308578311905315,-0.855349883233182
252,11.731,25.200000762939453,356.4533,143622241000000,time,2019-12-03T10:18:37.586000-08:00,37.8705832,-122.2678896,0.6416434,1575397117.586,1575397117.68,2.071020833320088,POINT (-122.2678896 37.8705832),android,1.3511100352237506,-0.55432078532759,2.6625624199172093
253,11.703,25.200000762939453,357.0079,143622542751351,time,2019-12-03T10:18:38-08:00,37.8705882,-122.2678903,0.63777745,1575397118.0,1575397117.974,2.071135833329625,POINT (-122.2678903 37.8705882),android,1.1216212110670345,0.5479801479299607,-1.136548416296443
254,11.723,25.200000762939453,357.2296,143623311000000,time,2019-12-03T10:18:38.655000-08:00,37.8705947,-122.2678918,0.6334354,1575397118.655,1575397118.723,2.071317777766122,POINT (-122.2678918 37.8705947),android,1.480548192283321,-0.1964590322272984,0.0593450194650885
255,11.539,25.5,357.5249,143624544353746,time,2019-12-03T10:18:40-08:00,37.8706126,-122.2678925,0.63807,1575397120.0,1575397119.976,2.07169138888518,POINT (-122.2678925 37.8706126),android,1.2163107883168667,-0.11663997934887975,-0.7597770137563385
256,11.57,25.5,357.44528,143625454000000,time,2019-12-03T10:18:40.798000-08:00,37.8706213,-122.2678934,0.6128847,1575397120.798,1575397120.88,2.0719130555788676,POINT (-122.2678934 37.8706213),android,1.1232320734503323,-0.7229421102335799,2.3123948256263627
257,11.703,25.5,357.1947,143626014000000,time,2019-12-03T10:18:41.359000-08:00,37.8706269,-122.2678945,0.60157126,1575397121.359,1575397121.473,2.0720688888761734,POINT (-122.2678945 37.8706269),android,0.7176616433746739,0.5743110870258781,-1.8089275280335724
258,11.773,25.5,357.42654,143626535324423,time,2019-12-03T10:18:42-08:00,37.870631,-122.2678952,0.606528,1575397122.0,1575397121.969,2.0722469444407356,POINT (-122.2678952 37.870631),android,1.0857950687802567,-0.5852115170979842,1.8850276888534598
259,11.876,25.5,358.2812,143627146000000,time,2019-12-03T10:18:42.491000-08:00,37.8706357,-122.2678964,0.5880548,1575397122.491,1575397122.643,2.0723833333121404,POINT (-122.2678964 37.8706357),android,0.7984562507198252,0.3403369594807,-0.2472511042430889
260,11.95,25.5,358.3897,143627580371974,time,2019-12-03T10:18:43-08:00,37.8706393,-122.2678972,0.5686176,1575397123.0,1575397123.033,2.0725247222185135,POINT (-122.2678972 37.8706393),android,0.9716877845171622,0.21448613185836388,-0.6516298961151713
261,12.079,25.5,358.07855,143628243000000,time,2019-12-03T10:18:43.588000-08:00,37.8706443,-122.2678987,0.5677452,1575397123.588,1575397123.683,2.072688055568271,POINT (-122.2678987 37.8706443),android,1.097805642731975,-0.16867228558680397,0.18331431690894898
262,12.439,25.5,358.71927,143629846420411,time,2019-12-03T10:18:45-08:00,37.8706581,-122.2678962,0.6005411,1575397125.0,1575397125.278,2.073080277774069,POINT (-122.2678962 37.8706581),android,0.8596403854566301,0.09016751904965833,-0.3624878570488726
263,12.361,25.5,1.3913724,143630515000000,time,2019-12-03T10:18:45.860000-08:00,37.8706626,-122.26789,0.58027273,1575397125.86,1575397125.953,2.073319166633818,POINT (-122.26789 37.8706626),android,0.9371844423803871,-0.2215719999858826,0.4159569957764963
264,12.377,25.5,3.0529861,143631129000000,time,2019-12-03T10:18:46.474000-08:00,37.8706667,-122.267886,0.5516471,1575397126.474,1575397126.623,2.0734897222121558,POINT (-122.267886 37.8706667),android,0.801139216216608,0.033825629536011474,1.0105375482883747
265,12.433,25.5,3.1477766,143631558461035,time,2019-12-03T10:18:47-08:00,37.8706703,-122.2678845,0.54497874,1575397127.0,1575397126.999,2.0736358333296248,POINT (-122.2678845 37.8706703),android,0.8189314981267573,0.5653684030650654,-2.7740660550715788
266,12.536,25.5,3.1081383,143632535824577,time,2019-12-03T10:18:48-08:00,37.8706773,-122.2678816,0.5324112,1575397128.0,1575397127.964,2.0739136111074026,POINT (-122.2678816 37.8706773),android,1.3842999011918227,-2.208697652006513,12.221683647218558
267,12.516,25.5,3.568478,143632917000000,time,2019-12-03T10:18:48.262000-08:00,37.8706805,-122.2678808,0.5323673,1575397128.262,1575397128.371,2.073986388908492,POINT (-122.2678808 37.8706805),android,0.8056209310048326,0.9933844892492589,-3.4559582292633557
268,12.362,25.5,3.923058,143633439152389,time,2019-12-03T10:18:49-08:00,37.8706855,-122.2678784,0.5368861,1575397129.0,1575397128.886,2.07419138888518,POINT (-122.2678784 37.8706855),android,1.5387386007026416,-1.5571123939115405,4.274120484715232
269,12.283,25.5,3.937833,143634087000000,time,2019-12-03T10:18:49.431000-08:00,37.8706911,-122.2678758,0.546006,1575397129.431,1575397129.574,2.074311111105813,POINT (-122.2678758 37.8706911),android,0.8676231678366362,0.28503351054401116,-0.4608238817839457
270,12.288,25.5,3.9616773,143634536193638,time,2019-12-03T10:18:50-08:00,37.8706954,-122.2678744,0.55184466,1575397130.0,1575397129.963,2.0744691666629578,POINT (-122.2678744 37.8706954),android,1.0298072369671534,0.02282471917209066,-2.550903058023388
271,12.392,25.5,6.237344,143635229000000,time,2019-12-03T10:18:50.574000-08:00,37.8707005,-122.2678725,0.54657996,1575397130.574,1575397130.693,2.0746286110745538,POINT (-122.2678725 37.8707005),android,1.0429086230727822,-1.4413933344747234,5.163572759442469
272,12.478,25.5,7.659997,143635540279784,time,2019-12-03T10:18:51-08:00,37.8707044,-122.2678714,0.5389597,1575397131.0,1575397130.986,2.0747469444407356,POINT (-122.2678714 37.8707044),android,0.4288748921336945,0.7582892716692418,-1.4823443475966025
273,12.524,25.5,6.552965,143636409000000,time,2019-12-03T10:18:51.753000-08:00,37.8707073,-122.2678712,0.5141281,1575397131.753,1575397131.885,2.0749561111132304,POINT (-122.2678712 37.8707073),android,0.9998667296101756,-0.35791605317182196,1.8693078199319635
274,12.566,25.5,3.015357,143637387000000,time,2019-12-03T10:18:52.732000-08:00,37.8707161,-122.2678715,0.5015961,1575397132.732,1575397132.829,2.075228055583106,POINT (-122.2678715 37.8707161),android,0.6494668807867686,1.4721364736818126,-3.6136588125717175
275,12.631,25.5,1.9574596,143638248000000,time,2019-12-03T10:18:53.592000-08:00,37.870721,-122.2678729,0.5290045,1575397133.592,1575397133.703,2.075466944442855,POINT (-122.2678729 37.870721),android,1.9155040937198653,-1.6356097260419689,4.789743432401179
276,12.769,25.5,1.570101,143638500784210,time,2019-12-03T10:18:54-08:00,37.870728,-122.2678737,0.5577296,1575397134.0,1575397133.953,2.075580277774069,POINT (-122.2678737 37.870728),android,1.248175337973454,0.31860555783487016,-0.9988073983117378
277,12.715,25.5,0.50732213,143639368000000,time,2019-12-03T10:18:54.713000-08:00,37.870736,-122.267874,0.5657798,1575397134.713,1575397134.806,2.075778333346049,POINT (-122.267874 37.870736),android,1.4753411195481645,-0.3935441762186906,0.5723487245274086
278,12.779,25.5,0.1799788,143640472000000,time,2019-12-03T10:18:55.817000-08:00,37.8707506,-122.2678755,0.5664181,1575397135.817,1575397135.93,2.0760849999719198,POINT (-122.2678755 37.8707506),android,1.040868406800928,0.23832873160108958,-0.7098216321365696
279,12.76,25.5,0.14996646,143641588209990,time,2019-12-03T10:18:57-08:00,37.8707614,-122.2678786,0.54383755,1575397137.0,1575397137.025,2.0764136111074025,POINT (-122.2678786 37.8707614),android,1.322811317195512,-0.601390321494829,0.8447424417442272
280,12.832,25.5,0.26499414,143642143000000,time,2019-12-03T10:18:57.488000-08:00,37.8707668,-122.2678813,0.5311407,1575397137.488,1575397137.582,2.076549166639646,POINT (-122.2678813 37.8707668),android,1.0293328907767199,-0.18915608081725313,0.9606317304101762
281,12.863,25.5,359.93927,143642725000000,time,2019-12-03T10:18:58.070000-08:00,37.8707719,-122.2678835,0.5283325,1575397138.07,1575397138.183,2.076710833311081,POINT (-122.2678835 37.8707719),android,0.9192440484939992,0.36993160277180603,-0.9475134728495891
282,12.91,25.5,358.90298,143643187000000,time,2019-12-03T10:18:58.532000-08:00,37.8707756,-122.2678847,0.5202534,1575397138.532,1575397138.655,2.076839166680972,POINT (-122.2678847 37.8707756),android,1.0901524976601826,-0.0678197463841625,-0.3530937670043552
283,13.169,25.5,359.98206,143643858000000,time,2019-12-03T10:18:59.202000-08:00,37.8707821,-122.2678859,0.47526103,1575397139.202,1575397139.282,2.0770252777470484,POINT (-122.2678859 37.8707821),android,1.0447132785780453,-0.3043925130318828,0.8990769939831725
284,13.215,25.5,359.98538,143644307000000,time,2019-12-03T10:18:59.651000-08:00,37.8707863,-122.2678854,0.44851595,1575397139.651,1575397139.764,2.077150000002649,POINT (-122.2678854 37.8707863),android,0.9080410036500234,0.09929316530231802,-1.018082409258105
285,13.26,25.5,359.99258,143644982000000,time,2019-12-03T10:19:00.327000-08:00,37.8707918,-122.2678848,0.3989141,1575397140.327,1575397140.412,2.077337777747048,POINT (-122.2678848 37.8707918),android,0.9751631714630293,-0.5889304210203612,1.2047086952661394
286,13.375,25.5,359.9972,143645811177592,time,2019-12-03T10:19:01-08:00,37.8707977,-122.2678846,0.3723199,1575397141.0,1575397141.238,2.0775247222185134,POINT (-122.2678846 37.8707977),android,0.578812940828249,0.22183864808152431,-0.3159700742348597
287,13.423,25.5,0.14356436,143646529435300,time,2019-12-03T10:19:02-08:00,37.8708029,-122.2678843,0.34147796,1575397142.0,1575397141.963,2.077802499996291,POINT (-122.2678843 37.8708029),android,0.8006515889097733,-0.09413142615333536,0.7265852217809771
288,13.562,25.5,358.73886,143647512063217,time,2019-12-03T10:19:03-08:00,37.8708101,-122.2678844,0.36650398,1575397143.0,1575397142.951,2.078080277774069,POINT (-122.2678844 37.8708101),android,0.7065201627564379,0.6324537956276417,-1.0182420724090286
289,13.657,25.5,357.9486,143648372000000,time,2019-12-03T10:19:03.717000-08:00,37.8708146,-122.2678853,0.3652331,1575397143.717,1575397143.798,2.078279444442855,POINT (-122.2678853 37.8708146),android,1.1599895390466965,-0.09762577805820224,-0.43239290076328973
290,13.634,25.5,355.9471,143649544085091,time,2019-12-03T10:19:05-08:00,37.8708279,-122.2678834,0.38854483,1575397145.0,1575397144.989,2.0786358333296246,POINT (-122.2678834 37.8708279),android,1.0347356665428487,-0.652385866438607,0.9081911639235966
291,13.602,25.5,359.9542,143650408000000,time,2019-12-03T10:19:05.753000-08:00,37.8708349,-122.267883,0.38920882,1575397145.753,1575397145.869,2.0788450000021195,POINT (-122.267883 37.8708349),android,0.5434890954269774,0.0314820990504702,-0.11446486995773648
292,13.568,25.5,359.99963,143651166000000,time,2019-12-03T10:19:06.510000-08:00,37.8708386,-122.267883,0.33548906,1575397146.51,1575397146.623,2.07905527777142,POINT (-122.267883 37.8708386),android,0.567321043447426,-0.0551678040143457,0.644217765839221
293,13.509,25.5,359.99994,143651513739830,time,2019-12-03T10:19:07-08:00,37.8708411,-122.267883,0.31319442,1575397147.0,1575397146.942,2.0791913888851803,POINT (-122.267883 37.8708411),android,0.5402888189542754,0.260498907390612,-0.09121063872355424
294,13.528,25.5,0.0,143652293000000,time,2019-12-03T10:19:07.638000-08:00,37.8708442,-122.267883,0.274118,1575397147.638,1575397147.78,2.0793686111105814,POINT (-122.267883 37.8708442),android,0.7064871248506592,0.20230651884116146,2.8456614856175504
295,13.461,25.5,0.0,143652509158475,time,2019-12-03T10:19:08-08:00,37.8708465,-122.267883,0.25802785,1575397148.0,1575397147.946,2.079469166662958,POINT (-122.267883 37.8708465),android,0.7797220823559453,1.2324359440687034,-7.40398598405121
296,13.347,25.5,359.4315,143652998000000,time,2019-12-03T10:19:08.343000-08:00,37.8708489,-122.2678832,0.2746594,1575397148.343,1575397148.44,2.0795644444227217,POINT (-122.2678832 37.8708489),android,1.2024475312482201,-1.307130768313455,2.6114661763943263
297,13.437,25.700000762939453,358.69888,143653441000000,time,2019-12-03T10:19:08.786000-08:00,37.8708533,-122.2678808,0.29456532,1575397148.786,1575397148.905,2.0796875,POINT (-122.2678808 37.8708533),android,0.6233884986660422,-0.15025104795073438,0.2415859869498666
298,13.395,25.700000762939453,359.9576,143654809356182,time,2019-12-03T10:19:10-08:00,37.8708589,-122.2678759,0.27338156,1575397150.0,1575397150.257,2.0800247222185133,POINT (-122.2678759 37.8708589),android,0.44098372845991857,0.1430343369808828,-0.029237620155560154
299,13.291,25.700000762939453,359.99582,143655528056182,time,2019-12-03T10:19:11-08:00,37.8708614,-122.267872,0.23263144,1575397151.0,1575397150.985,2.080302499996291,POINT (-122.267872 37.8708614),android,0.5840180654408014,0.11379671682532265,-0.548339903905199
300,13.246,25.700000762939453,358.77078,143656283000000,time,2019-12-03T10:19:11.628000-08:00,37.8708641,-122.2678696,0.20924008,1575397151.628,1575397151.729,2.0804769444465636,POINT (-122.2678696 37.8708641),android,0.6554824059946541,-0.23056075433177137,1.6766280510747016
301,13.25,25.700000762939453,358.86496,143656510718890,time,2019-12-03T10:19:12-08:00,37.8708662,-122.2678688,0.20424123,1575397152.0,1575397151.957,2.080580277774069,POINT (-122.2678688 37.8708662),android,0.5697138102205923,0.3931448454909611,-0.7558179381227811
302,13.176,25.700000762939453,358.81647,143657390000000,time,2019-12-03T10:19:12.735000-08:00,37.8708698,-122.2678674,0.22724809,1575397152.735,1575397152.837,2.0807844444115955,POINT (-122.2678674 37.8708698),android,0.8586752304139131,-0.16238125974082596,1.107588071767468
303,13.199,25.700000762939453,1.5330323,143658473000000,time,2019-12-03T10:19:13.818000-08:00,37.8708781,-122.2678661,0.2838306,1575397153.818,1575397153.887,2.0810852777957916,POINT (-122.2678661 37.8708781),android,0.6828162963817019,1.0371368247887751,-3.855498566645411
304,13.326,29.600000381469727,2.0342398,143659528281754,time,2019-12-03T10:19:15-08:00,37.8708836,-122.2678601,0.27507776,1575397155.0,1575397154.985,2.0814136111074024,POINT (-122.2678601 37.8708836),android,1.9087119421765923,-3.5200621794811235,11.802443301330996
305,13.382,29.600000381469727,3.8722997,143660026000000,time,2019-12-03T10:19:15.371000-08:00,37.8708855,-122.2678524,0.2682726,1575397155.371,1575397155.504,2.081516666677263,POINT (-122.2678524 37.8708855),android,0.6027686923114792,0.858644893119776,-2.8273992165051594
306,13.451,29.600000381469727,5.655405,143660542009826,time,2019-12-03T10:19:16-08:00,37.8708877,-122.2678491,0.2818154,1575397156.0,1575397155.976,2.0816913888851802,POINT (-122.2678491 37.8708877),android,1.142856285864969,-0.9197890684553965,0.9781877800195504
307,13.475,29.600000381469727,8.19547,143661145000000,time,2019-12-03T10:19:16.489000-08:00,37.8708906,-122.2678439,0.30922487,1575397156.489,1575397156.595,2.0818272222412957,POINT (-122.2678439 37.8708906),android,0.6930793559528678,-0.441455163798796,1.63260154723246
308,13.529,29.600000381469727,9.533401,143661530302430,time,2019-12-03T10:19:17-08:00,37.8708931,-122.2678414,0.3242487,1575397157.0,1575397156.97,2.081969166662958,POINT (-122.2678414 37.8708931),android,0.4674958034580659,0.39280409293755697,-0.05671469533009976
309,13.515,29.600000381469727,11.827366,143662528977950,time,2019-12-03T10:19:18-08:00,37.8708964,-122.2678381,0.33129132,1575397158.0,1575397157.989,2.082246944440736,POINT (-122.2678381 37.8708964),android,0.8602998963956229,0.3360893976074572,0.16099607310944528
310,13.54,29.600000381469727,15.971148,143663188000000,time,2019-12-03T10:19:18.533000-08:00,37.8708982,-122.2678334,0.31056282,1575397158.533,1575397158.603,2.0823949999941718,POINT (-122.2678334 37.8708982),android,1.039435542756239,0.421900303346489,-1.494399807826286
311,13.477,29.600000381469727,22.601114,143663628000000,time,2019-12-03T10:19:18.973000-08:00,37.8708998,-122.2678286,0.27200508,1575397158.973,1575397159.084,2.0825172222322887,POINT (-122.2678286 37.8708998),android,1.225071700370023,-0.23563569760731976,-1.0887834908803153
312,13.395,25.899999618530273,26.522764,143664227000000,time,2019-12-03T10:19:19.572000-08:00,37.8709047,-122.267823,0.26678866,1575397159.572,1575397159.653,2.08268361111482,POINT (-122.267823 37.8709047),android,1.0839259228965117,-0.8878169837243522,2.5085012952040016
313,13.239,25.899999618530273,36.01678,143664904000000,time,2019-12-03T10:19:20.249000-08:00,37.8709096,-122.2678174,0.23165075,1575397160.249,1575397160.348,2.082871666683091,POINT (-122.2678174 37.8709096),android,0.482873784274089,0.810438507958833,-1.9533082085860243
314,13.173,25.899999618530273,43.308212,143665512969772,time,2019-12-03T10:19:21-08:00,37.8709112,-122.2678138,0.21484263,1575397161.0,1575397160.963,2.083080277774069,POINT (-122.2678138 37.8709112),android,1.091513045011199,-0.6564958151149611,0.2878350139035069
315,12.992,25.899999618530273,55.91769,143666109000000,time,2019-12-03T10:19:21.454000-08:00,37.8709125,-122.2678084,0.1777178,1575397161.454,1575397161.57,2.0832063888841206,POINT (-122.2678084 37.8709125),android,0.7934639474533394,-0.5258187199007724,1.6209492528195968
316,12.789,25.899999618530273,71.706924,143666752000000,time,2019-12-03T10:19:22.097000-08:00,37.8709122,-122.2678026,0.1386774,1575397162.097,1575397162.199,2.083384999963972,POINT (-122.2678026 37.8709122),android,0.45536256972940004,0.5164514672510233,-1.797975321392528
317,12.759,25.899999618530273,82.52851,143667326000000,time,2019-12-03T10:19:22.671000-08:00,37.8709114,-122.2677998,0.12069703,1575397162.671,1575397162.783,2.083544444441795,POINT (-122.2677998 37.8709114),android,0.7518057739898264,-0.5155865832783314,1.3320428108530606
318,12.584,25.899999618530273,112.9404,143667922000000,time,2019-12-03T10:19:23.267000-08:00,37.8709088,-122.2677959,0.12429609,1575397163.267,1575397163.389,2.083709999985165,POINT (-122.2677959 37.8709088),android,0.4445161929742183,0.278310873554682,-0.9329334211990712
319,12.365,25.899999618530273,125.90772,143668510823677,time,2019-12-03T10:19:24-08:00,37.8709065,-122.2677936,0.14551045,1575397164.0,1575397163.914,2.0839136111074024,POINT (-122.2677936 37.8709065),android,0.6485180744373533,-0.40552936155225217,0.9462126542245486
320,12.056,25.899999618530273,140.7685,143669509358208,time,2019-12-03T10:19:25-08:00,37.870902,-122.2677889,0.19456364,1575397165.0,1575397164.938,2.08419138888518,POINT (-122.2677889 37.870902),android,0.24298871288510115,0.5406832926722964,-2.6572966127257507
321,11.997,25.899999618530273,140.69156,143670194000000,time,2019-12-03T10:19:25.539000-08:00,37.8709013,-122.2677877,0.19479121,1575397165.539,1575397165.63,2.084341111116939,POINT (-122.2677877 37.8709013),android,0.5344170261983566,-0.8915996728179224,3.5035961638826434
322,11.903,25.899999618530273,140.91411,143670512235656,time,2019-12-03T10:19:26-08:00,37.8708996,-122.2677859,0.19675834,1575397166.0,1575397165.961,2.084469166662958,POINT (-122.2677859 37.8708996),android,0.12338960763993992,0.723558038445548,-5.378602897769282
323,11.78,25.899999618530273,124.55181,143671507957582,time,2019-12-03T10:19:27-08:00,37.8708997,-122.2677845,0.14341165,1575397167.0,1575397166.952,2.084746944440736,POINT (-122.2677845 37.8708997),android,0.8469476460854879,-4.655044859323734,34.604453266004306
324,11.721,25.899999618530273,106.47422,143671791000000,time,2019-12-03T10:19:27.135000-08:00,37.8708993,-122.2677833,0.1174962,1575397167.135,1575397167.263,2.0847844444380867,POINT (-122.2677833 37.8708993),android,0.21851663447075095,0.01655600157306375,0.5776722177308421
325,11.638,25.899999618530273,100.53587,143672528583311,time,2019-12-03T10:19:28-08:00,37.8708985,-122.2677814,0.11026978,1575397168.0,1575397167.949,2.0850247222185136,POINT (-122.2677814 37.8708985),android,0.23283757598934143,0.5162424754193538,-0.8262975356573814
326,11.451,25.899999618530273,91.24806,143673510183988,time,2019-12-03T10:19:29-08:00,37.8708978,-122.2677789,0.10367081,1575397169.0,1575397168.924,2.0853024999962915,POINT (-122.2677789 37.8708978),android,0.7490800514086952,-0.31005506023802765,0.23518428867667973
327,11.109,25.899999618530273,90.38539,143674793514130,time,2019-12-03T10:19:30-08:00,37.8708972,-122.2677704,0.10733502,1575397170.0,1575397170.215,2.085580277774069,POINT (-122.2677704 37.8708972),android,0.4390249911706675,-0.07487077156134792,0.1041953307486293
328,11.02,25.899999618530273,89.99171,143675516111734,time,2019-12-03T10:19:31-08:00,37.8708973,-122.2677654,0.021523338,1575397171.0,1575397170.955,2.0858580555518467,POINT (-122.2677654 37.8708973),android,0.3641542196093196,0.029324559187281385,-0.10587751941175971
329,10.937,25.899999618530273,101.97822,143676522862150,time,2019-12-03T10:19:32-08:00,37.8708968,-122.2677613,0.11145772,1575397172.0,1575397171.957,2.0861358333296245,POINT (-122.2677613 37.8708968),android,0.393478778796601,-0.07655296022447833,0.9208057581111584
330,10.778,25.899999618530273,93.29034,143677522132149,time,2019-12-03T10:19:33-08:00,37.8708958,-122.267757,0.08555742,1575397173.0,1575397172.952,2.0864136111074023,POINT (-122.267757 37.8708958),android,0.31692581857212265,0.8442527978866801,-1.8151390170587156
331,10.444,25.899999618530273,99.60127,143678513991628,time,2019-12-03T10:19:34-08:00,37.8708951,-122.2677535,0.12617734,1575397174.0,1575397173.917,2.08669138888518,POINT (-122.2677535 37.8708951),android,1.1611786164588027,-0.9708862191720355,4.38348955728327
332,10.411,25.899999618530273,99.07021,143679066000000,time,2019-12-03T10:19:34.411000-08:00,37.8708946,-122.2677481,0.13381386,1575397174.411,1575397174.512,2.0868055555555554,POINT (-122.2677481 37.8708946),android,0.7621443674163666,0.8307280473972882,-0.775314750661805
333,10.392,25.899999618530273,97.80202,143679512355795,time,2019-12-03T10:19:35-08:00,37.8708943,-122.267743,0.16478857,1575397175.0,1575397174.939,2.086969166662958,POINT (-122.267743 37.8708943),android,1.2514431762419533,0.3740676696090538,1.9813519087392761
334,10.37,25.899999618530273,103.99926,143680274000000,time,2019-12-03T10:19:35.618000-08:00,37.8708932,-122.2677343,0.5494352,1575397175.618,1575397175.732,2.087140833338102,POINT (-122.2677343 37.8708932),android,1.482617007475988,1.598543209675988,-16.493130745457517
335,10.383,25.899999618530273,102.16196,143680544645638,time,2019-12-03T10:19:36-08:00,37.8708921,-122.267728,0.5914379,1575397176.0,1575397175.964,2.0872469444407358,POINT (-122.267728 37.8708921),android,2.093260464788548,-4.701832231758377,18.683207396085464
336,10.401,25.899999618530273,98.76132,143680924000000,time,2019-12-03T10:19:36.269000-08:00,37.8708908,-122.2677218,0.3945946,1575397176.269,1575397176.384,2.0873216666777927,POINT (-122.2677218 37.8708908),android,0.8284673433406127,0.3239515555795343,-0.5166969336533687
337,10.461,25.899999618530273,95.85169,143681533294231,time,2019-12-03T10:19:37-08:00,37.8708895,-122.2677151,0.32838324,1575397177.0,1575397176.953,2.0875247222185136,POINT (-122.2677151 37.8708895),android,1.0652759131683727,-0.05375387532648485,-2.8928301019869056
338,10.49,25.899999618530273,95.41927,143682003000000,time,2019-12-03T10:19:37.348000-08:00,37.8708887,-122.267711,0.35245177,1575397177.348,1575397177.422,2.0876213888989557,POINT (-122.267711 37.8708887),android,1.046569561889044,-1.060458894276452,3.355925932773337
339,10.528,25.899999618530273,94.501114,143682514000000,time,2019-12-03T10:19:37.859000-08:00,37.8708875,-122.2677051,0.3387973,1575397177.859,1575397177.943,2.0877633333206176,POINT (-122.2677051 37.8708875),android,0.5046751538883645,0.6544189821311315,0.5203015978423092
340,10.577,25.899999618530273,91.030495,143683523009543,time,2019-12-03T10:19:39-08:00,37.8708868,-122.2676986,0.33043313,1575397179.0,1575397178.956,2.0880802777740692,POINT (-122.2676986 37.8708868),android,1.251367233719473,1.2480831221399475,-7.172819113267831
341,10.659,25.899999618530273,90.97351,143684328000000,time,2019-12-03T10:19:39.673000-08:00,37.8708892,-122.2676895,0.33501408,1575397179.673,1575397179.804,2.088267222245534,POINT (-122.2676895 37.8708892),android,2.091327296326669,-3.579224838823706,11.123910478509025
342,10.696,25.899999618530273,88.086105,143684520859699,time,2019-12-03T10:19:40-08:00,37.8708919,-122.2676825,0.37044266,1575397180.0,1575397179.938,2.0883580555518466,POINT (-122.2676825 37.8708919),android,0.920921122199627,0.05829280557279779,-0.05209051009724794
343,10.701,25.899999618530273,83.26156,143685541000000,time,2019-12-03T10:19:40.886000-08:00,37.8708955,-122.2676744,0.17356904,1575397180.886,1575397180.952,2.0886041666401756,POINT (-122.2676744 37.8708955),android,0.9725685431561836,0.012140617898890933,0.5898541795388123
344,10.637,25.899999618530273,79.291595,143686457000000,time,2019-12-03T10:19:41.802000-08:00,37.8708981,-122.2676648,0.24861342,1575397181.802,1575397181.907,2.088858611120118,POINT (-122.2676648 37.8708981),android,0.9836893507030459,0.5524471217352998,-0.8502055236950175
345,10.489,25.899999618530273,78.2001,143687303000000,time,2019-12-03T10:19:42.648000-08:00,37.8709002,-122.2676557,0.4610476,1575397182.648,1575397182.78,2.0890936111079323,POINT (-122.2676557 37.8709002),android,1.4510595914557964,-0.16682671401300309,-3.9299759789848783
346,10.421,25.899999618530273,77.2539,143687514759333,time,2019-12-03T10:19:43-08:00,37.8709017,-122.2676502,0.56957734,1575397183.0,1575397182.94,2.08919138888518,POINT (-122.2676502 37.8709017),android,1.392336588441416,-1.5501782511198459,4.253751081755332
347,10.349,25.899999618530273,75.66399,143687990000000,time,2019-12-03T10:19:43.335000-08:00,37.8709038,-122.2676456,0.60891163,1575397183.335,1575397183.446,2.089284444451332,POINT (-122.2676456 37.8709038),android,0.8730268151816604,-0.12517147646408372,1.0472641624346744
348,10.033,25.899999618530273,73.5083,143688533774958,time,2019-12-03T10:19:44-08:00,37.8709067,-122.2676401,0.6661123,1575397184.0,1575397183.947,2.089469166662958,POINT (-122.2676401 37.8709067),android,0.7897877881079576,0.5712591516050174,-1.2843253632508609
349,9.943,25.899999618530273,72.70567,143689395000000,time,2019-12-03T10:19:44.740000-08:00,37.8709105,-122.2676355,0.688521,1575397184.74,1575397184.82,2.0896747222211625,POINT (-122.2676355 37.8709105),android,1.2125195657436223,-0.37914162944890073,0.5778480993117552
350,9.689,25.899999618530273,69.156204,143690822395633,time,2019-12-03T10:19:46-08:00,37.8709206,-122.2676237,0.63295263,1575397186.0,1575397186.26,2.0900247222185135,POINT (-122.2676237 37.8709206),android,0.7348011162537837,0.3489469701731218,-1.9784131424551996
351,9.676,25.899999618530273,42.4007,143691519576727,time,2019-12-03T10:19:47-08:00,37.8709259,-122.2676287,0.30538565,1575397187.0,1575397186.94,2.0903024999962914,POINT (-122.2676287 37.8709259),android,1.0837480864269056,-1.6294661722820778,6.758627789413568
352,9.573,25.899999618530273,16.748692,143691946000000,time,2019-12-03T10:19:47.291000-08:00,37.8709286,-122.2676298,0.22461998,1575397187.291,1575397187.387,2.0903833332988953,POINT (-122.2676298 37.8709286),android,0.6095736105545053,0.33729376675582085,-0.8001071868281374
353,9.603,25.899999618530273,1.9124122,143692494000000,time,2019-12-03T10:19:47.839000-08:00,37.8709316,-122.2676296,0.20657362,1575397187.839,1575397187.941,2.090535555548138,POINT (-122.2676296 37.8709316),android,0.7944106275468722,-0.10116504945624928,1.8283070449341683
354,9.614,25.899999618530273,0.005906228,143693163000000,time,2019-12-03T10:19:48.508000-08:00,37.8709363,-122.2676285,0.19013223,1575397188.508,1575397188.626,2.09072138885657,POINT (-122.2676285 37.8709363),android,0.7267312185296213,1.121972199705419,-2.906702152047948
355,9.65,25.899999618530273,0.00016053327,143693560144695,time,2019-12-03T10:19:49-08:00,37.8709395,-122.2676281,0.18432555,1575397189.0,1575397188.995,2.090858055551847,POINT (-122.2676281 37.8709395),android,1.278741656344263,-0.3081255584832676,0.7931843575093815
356,9.659,25.899999618530273,359.99966,143694749670736,time,2019-12-03T10:19:50-08:00,37.870951,-122.2676281,0.18232676,1575397190.0,1575397190.17,2.0911358333296244,POINT (-122.2676281 37.870951),android,0.9706160978609955,0.48505879902611393,-0.5861571415112028
357,9.596,25.899999618530273,359.97748,143695551731152,time,2019-12-03T10:19:51-08:00,37.8709597,-122.267629,0.18230282,1575397191.0,1575397190.997,2.091413611107402,POINT (-122.267629 37.8709597),android,1.4556748968871094,-0.10109834248508887,-1.9505018231266096
358,9.61,25.899999618530273,351.64243,143696351000000,time,2019-12-03T10:19:51.696000-08:00,37.8709687,-122.2676308,0.23100443,1575397191.696,1575397191.833,2.0916069444682863,POINT (-122.2676308 37.8709687),android,1.3853104404903387,-1.4586478048361324,4.141511593958776
359,9.596,25.899999618530273,347.25165,143696924000000,time,2019-12-03T10:19:52.268000-08:00,37.8709755,-122.2676335,0.25798395,1575397192.268,1575397192.412,2.091765833298365,POINT (-122.2676335 37.8709755),android,0.5509642049427095,0.9102959500852683,-0.5751448946609999
360,9.626,25.899999618530273,347.96695,143697541082870,time,2019-12-03T10:19:53-08:00,37.8709789,-122.2676351,0.23985057,1575397193.0,1575397192.965,2.091969166662958,POINT (-122.2676351 37.8709789),android,1.2173009428439783,0.4892898224703085,-2.8993825391182044
361,9.623,25.899999618530273,357.17993,143698278000000,time,2019-12-03T10:19:53.623000-08:00,37.8709851,-122.2676387,0.07970535,1575397193.623,1575397193.697,2.0921422221925523,POINT (-122.2676387 37.8709851),android,1.522128456513913,-1.3170252284238002,3.466906855039885
362,9.665,25.899999618530273,359.8784,143698548790943,time,2019-12-03T10:19:54-08:00,37.8709898,-122.2676414,0.030699955,1575397194.0,1575397193.985,2.0922469444407357,POINT (-122.2676414 37.8709898),android,1.0256098223088532,-0.010001020056361165,-0.07197888488649562
363,9.632,26.5,359.74536,143699549969849,time,2019-12-03T10:19:55-08:00,37.8709986,-122.2676449,0.048395354,1575397195.0,1575397195.031,2.0925247222185135,POINT (-122.2676449 37.8709986),android,1.015608802252492,-0.08197990494285678,-1.3283357758706016
364,9.664,26.5,338.9445,143700556699119,time,2019-12-03T10:19:56-08:00,37.8710075,-122.2676475,0.34711233,1575397196.0,1575397195.985,2.0928024999962913,POINT (-122.2676475 37.8710075),android,0.9336288973096353,-1.4103156808134585,2.130386415073318
365,9.7,26.5,319.89322,143701317000000,time,2019-12-03T10:19:56.662000-08:00,37.8710126,-122.2676503,0.4563476,1575397196.662,1575397196.82,2.0929863888687557,POINT (-122.2676503 37.8710126),android,0.0,0.0,0.0
