,filter,floor,longitude,sensed_speed,ts,bearing,latitude,vaccuracy,fmt_time,accuracy,altitude,write_ts,hr,geometry,source,speed,acceleration,jerk
0,distance,0,-122.25771454174281,1.3899999856948853,1564011427.9987493,170.15625,37.86944238472531,4.0,2019-07-24T16:37:07.998749-07:00,10.0,93.31355476379395,1564011428.089442,8.8441323059135,POINT (-122.25771454174281 37.86944238472531),ios,0.67150448735081,-0.05352021956698799,0.21505210818912407
1,distance,0,-122.25769928667904,0.20999999344348907,1564011429.9987159,178.59375,37.86944330673466,4.0,2019-07-24T16:37:09.998716-07:00,10.0,93.0507984161377,1564011430.1064339,8.844687852197223,POINT (-122.25769928667904 37.86944330673466),ios,0.5644658346468924,0.37657681867273074,0.038550163033075444
2,distance,0,-122.25768663000525,0.15000000596046448,1564011431.99868,227.109375,37.86944510884384,4.0,2019-07-24T16:37:11.998680-07:00,10.0,92.9466724395752,1564011432.075958,8.845243397818672,POINT (-122.25768663000525 37.86944510884384),ios,1.3176060045558493,0.45367576607761745,-0.3349044732145513
3,distance,0,-122.25767171021761,0.5799999833106995,1564011432.9986613,159.609375,37.86944380964885,4.0,2019-07-24T16:37:12.998661-07:00,10.0,92.72126960754395,1564011433.097014,8.845521170364487,POINT (-122.25767171021761 37.86944380964885),ios,1.7712732256196766,0.1187776008115086,-0.7401976254053071
4,distance,0,-122.25765259947838,0.7900000214576721,1564011433.9986413,125.859375,37.869438696687915,4.0,2019-07-24T16:37:13.998641-07:00,10.0,92.6108570098877,1564011434.1579351,8.845798942579163,POINT (-122.25765259947838 37.869438696687915),ios,1.8900484476530928,-0.6214052005370458,0.9829254912088634
5,distance,0,-122.25763122562529,0.6000000238418579,1564011434.9986215,122.6953125,37.86943664312164,4.0,2019-07-24T16:37:14.998621-07:00,10.0,92.6720142364502,1564011435.16713,8.846076714860068,POINT (-122.25763122562529 37.86943664312164),ios,1.2686555439432785,0.36150083981280245,-0.10215319852326897
6,distance,0,-122.25761706020893,0.18000000715255737,1564011435.9986005,140.2734375,37.869438906235494,4.0,2019-07-24T16:37:15.998600-07:00,10.0,92.73176765441895,1564011436.1432462,8.846354486809837,POINT (-122.25761706020893 37.869438906235494),ios,1.6301487991666226,0.2593497845489324,0.013052528639314314
7,distance,0,-122.25759870384098,0.6000000238418579,1564011436.99858,112.5,37.869441127439835,4.0,2019-07-24T16:37:16.998580-07:00,10.0,92.98396492004395,1564011437.12432,8.84663225889206,POINT (-122.25759870384098 37.869441127439835),ios,1.8894932660081425,0.2724020455592282,-0.616355249205184
8,distance,0,-122.2575773299879,0.9100000262260437,1564011437.998559,115.3125,37.869439115783074,4.0,2019-07-24T16:37:17.998559-07:00,10.0,93.2341480255127,1564011438.1296391,8.846910030841828,POINT (-122.2575773299879 37.869439115783074),ios,2.1618895963450098,-0.34394027199819505,0.16149394476350687
9,distance,0,-122.25755469884933,1.1299999952316284,1564011438.998538,123.046875,37.86943144634167,4.0,2019-07-24T16:37:18.998538-07:00,10.0,93.1364917755127,1564011439.1250582,8.847187802791595,POINT (-122.25755469884933 37.86943144634167),ios,1.817956540500898,-0.18244971551249045,0.2993546364503287
10,distance,0,-122.25753734830977,0.8700000047683716,1564011439.9985151,142.734375,37.869422519614794,4.0,2019-07-24T16:37:19.998515-07:00,10.0,93.61482429504395,1564011440.1316051,8.847465574211544,POINT (-122.25753734830977 37.869422519614794),ios,1.6355110009309928,0.11689806925395956,-0.19179762357239058
11,distance,0,-122.25752477545501,1.2200000286102295,1564011440.9984927,151.875,37.86941166505019,4.0,2019-07-24T16:37:20.998493-07:00,10.0,94.4206714630127,1564011441.1294851,8.847743345763948,POINT (-122.25752477545501 37.86941166505019),ios,1.7524064503418246,-0.07489525587544364,0.015010760332959165
12,distance,0,-122.25751371134282,1.100000023841858,1564011441.9984694,161.3671875,37.86939854737172,4.0,2019-07-24T16:37:21.998469-07:00,10.0,94.7451343536377,1564011442.1393728,8.848021117051443,POINT (-122.25751371134282 37.86939854737172),ios,1.6775129443955887,-0.05988484626921116,-0.14628261791938757
13,distance,0,-122.25750315014483,1.1299999952316284,1564011442.9984474,160.3125,37.869385974516966,3.0,2019-07-24T16:37:22.998447-07:00,10.0,95.0133228302002,1564011443.127609,8.8482988887363,POINT (-122.25750315014483 37.869385974516966),ios,1.6176294116710936,-0.2061642555511589,0.30383094478791856
14,distance,0,-122.25749124784232,1.100000023841858,1564011443.9984236,145.8984375,37.869374868495264,3.0,2019-07-24T16:37:23.998424-07:00,10.0,95.33101081848145,1564011444.119629,8.848576659891341,POINT (-122.25749124784232 37.869374868495264),ios,1.4114700714588218,0.09765944534254531,-0.13605278742099722
15,distance,0,-122.2574806028253,1.190000057220459,1564011444.9984007,146.25,37.869365355035164,3.0,2019-07-24T16:37:24.998401-07:00,10.0,95.40278816223145,1564011445.130955,8.84885443131129,POINT (-122.2574806028253 37.869365355035164),ios,1.5091272815540524,-0.03839022807727498,-0.08765064289699213
16,distance,0,-122.25746911961795,1.2799999713897705,1564011445.9983768,146.25,37.86935525484184,3.0,2019-07-24T16:37:25.998377-07:00,10.0,95.12581062316895,1564011446.1216621,8.849132202466329,POINT (-122.25746911961795 37.86935525484184),ios,1.4707379687711404,-0.12603878122009343,-0.17655492700440667
17,distance,0,-122.25745855841996,1.2799999713897705,1564011446.998353,146.25,37.86934498701046,3.0,2019-07-24T16:37:26.998353-07:00,10.0,94.7882251739502,1564011447.123633,8.849409973621368,POINT (-122.25745855841996 37.86934498701046),ios,1.34470219254976,-0.30258949882701713,0.4303995194738017
18,distance,0,-122.25744858395518,1.2799999713897705,1564011447.9983292,146.25,37.869335808826484,3.0,2019-07-24T16:37:27.998329-07:00,10.0,94.64827156066895,1564011448.123842,8.849687744776407,POINT (-122.25744858395518 37.869335808826484),ios,1.042119908018579,0.1277997591225967,0.28917584139607594
19,distance,0,-122.25743793893815,1.1399999856948853,1564011448.9983044,145.8984375,37.869331659784415,3.0,2019-07-24T16:37:28.998304-07:00,10.0,94.64802742004395,1564011449.129823,8.849965515666538,POINT (-122.25743793893815 37.869331659784415),ios,1.1699164982781298,0.41696843024977814,-0.33181455649253677
20,distance,0,-122.25742771301628,1.190000057220459,1564011449.9982803,142.734375,37.86932491235236,3.0,2019-07-24T16:37:29.998280-07:00,10.0,94.75703620910645,1564011450.111068,8.850243286755349,POINT (-122.25742771301628 37.86932491235236),ios,1.5868748878128203,0.08516186394350486,-0.20653329394945946
21,distance,0,-122.25741832528473,1.5299999713897705,1564011450.998255,152.578125,37.86931271668325,3.0,2019-07-24T16:37:30.998255-07:00,10.0,94.5868091583252,1564011451.11345,8.850521057513024,POINT (-122.25741832528473 37.86931271668325),ios,1.672034599514242,-0.12136621042025966,0.013746795584625555
22,distance,0,-122.2574113683051,1.309999942779541,1564011451.99823,160.6640625,37.86929871890495,3.0,2019-07-24T16:37:31.998230-07:00,10.0,94.40840339660645,1564011452.141985,8.850798828336927,POINT (-122.2574113683051 37.86929871890495),ios,1.5506714273697235,-0.10761975897223851,0.17547138347805374
23,distance,0,-122.25740734499158,1.4900000095367432,1564011452.9982052,168.75,37.86928514022181,3.0,2019-07-24T16:37:32.998205-07:00,10.0,93.97151374816895,1564011453.12574,8.851076599227058,POINT (-122.25740734499158 37.86928514022181),ios,1.4430543368866868,0.06784727359947137,-0.16368743830786184
24,distance,0,-122.25740307022096,1.3799999952316284,1564011453.9981802,169.1015625,37.86927260927657,3.0,2019-07-24T16:37:33.998180-07:00,10.0,94.41536140441895,1564011454.12492,8.85135437005096,POINT (-122.25740307022096 37.86927260927657),ios,1.5108999120008486,-0.09583606696511236,0.09606320553673202
25,distance,0,-122.25739971745969,1.4800000190734863,1564011454.9981542,169.1015625,37.86925928205053,3.0,2019-07-24T16:37:34.998154-07:00,10.0,94.77644538879395,1564011455.138546,8.851632140609953,POINT (-122.25739971745969 37.86925928205053),ios,1.4150663355875177,0.000224642117046146,-0.3409221680831637
26,distance,0,-122.25739804107906,1.4800000190734863,1564011455.9981284,166.640625,37.86924662537674,3.0,2019-07-24T16:37:35.998128-07:00,10.0,94.75105476379395,1564011456.123641,8.851909911235174,POINT (-122.25739804107906 37.86924662537674),ios,1.4152909719202076,-0.34068874749079653,0.1870414656489552
27,distance,0,-122.25739913072647,1.399999976158142,1564011456.9981022,169.1015625,37.869233926793434,3.0,2019-07-24T16:37:36.998102-07:00,10.0,94.77412605285645,1564011457.134738,8.852187681727939,POINT (-122.25739913072647 37.869233926793434),ios,1.0746111593473913,-0.15365218719949336,0.22817931372471603
28,distance,0,-122.25740156147839,0.8199999928474426,1564011457.9980774,169.1015625,37.86922445524285,3.0,2019-07-24T16:37:37.998077-07:00,10.0,94.92769050598145,1564011458.1316051,8.85246545261807,POINT (-122.25740156147839 37.86922445524285),ios,0.9209627820356573,0.07452146869769577,0.045501933578427835
29,distance,0,-122.2574042436874,0.8899999856948853,1564011459.9980268,169.1015625,37.869208026712634,3.0,2019-07-24T16:37:39.998027-07:00,10.0,95.2013111114502,1564011460.10203,8.85302099413342,POINT (-122.2574042436874 37.869208026712634),ios,1.0700019527628808,0.1655230359712052,0.15908411319696275
30,distance,0,-122.25739527505101,0.9200000166893005,1564011461.997973,156.09375,37.86919013134936,3.0,2019-07-24T16:37:41.997973-07:00,10.0,95.2144947052002,1564011462.1188679,8.853576534721586,POINT (-122.25739527505101 37.86919013134936),ios,1.401039105893939,0.4836826904996716,-0.69641979990951
31,distance,0,-122.25738974299492,1.2300000190734863,1564011462.9979472,156.09375,37.86917831286589,3.0,2019-07-24T16:37:42.997947-07:00,10.0,94.47249031066895,1564011463.117837,8.853854305346808,POINT (-122.25738974299492 37.86917831286589),ios,1.8847093419481118,-0.2127191771525698,-0.32889266598233835
32,distance,0,-122.25737926561595,1.5700000524520874,1564011463.9979205,151.875,37.86916351880679,3.0,2019-07-24T16:37:43.997921-07:00,10.0,94.30330085754395,1564011464.130903,8.854132075707117,POINT (-122.25737926561595 37.86916351880679),ios,1.671995845010386,-0.541603060753233,0.4233746884731084
33,distance,0,-122.25737054843665,1.440000057220459,1564011464.997895,151.171875,37.869150149671235,3.0,2019-07-24T16:37:44.997895-07:00,10.0,94.52705574035645,1564011465.133779,8.854409846398566,POINT (-122.25737054843665 37.869150149671235),ios,1.1304066009779965,-0.11823917290203143,0.21923228405014075
34,distance,0,-122.25736333999993,1.440000057220459,1564011465.997868,145.1953125,37.86914172585855,3.0,2019-07-24T16:37:45.997868-07:00,10.0,94.67952156066895,1564011466.128055,8.85468761669265,POINT (-122.25736333999993 37.86914172585855),ios,1.0121706135929276,0.10098720474549816,0.36840541159905343
35,distance,0,-122.25735629920126,1.0499999523162842,1564011466.9978414,142.734375,37.86913451742182,3.0,2019-07-24T16:37:46.997841-07:00,10.0,94.4168872833252,1564011467.127635,8.85496538705296,POINT (-122.25735629920126 37.86913451742182),ios,1.1131551216891291,0.4693827788587377,-0.32038649224254717
36,distance,0,-122.25734875548841,1.0499999523162842,1564011467.9978147,144.4921875,37.869126470794775,3.0,2019-07-24T16:37:47.997815-07:00,10.0,93.8631763458252,1564011468.125932,8.855243157413272,POINT (-122.25734875548841 37.869126470794775),ios,1.5825253666754455,0.14900484185852184,-0.29399316805856873
37,distance,0,-122.25734389398457,1.1200000047683716,1564011468.997789,158.90625,37.86911276638309,3.0,2019-07-24T16:37:48.997789-07:00,10.0,93.52522468566895,1564011469.1242828,8.85552092803849,POINT (-122.25734389398457 37.86911276638309),ios,1.7315263717775184,-0.14498075610924036,-0.015330328379854723
38,distance,0,-122.25734020594717,1.3799999952316284,1564011469.9977615,168.75,37.8690974694098,3.0,2019-07-24T16:37:49.997761-07:00,10.0,93.6200122833252,1564011470.130859,8.85579869820012,POINT (-122.25734020594717 37.8690974694098),ios,1.586549590770453,-0.1603106641600575,0.7852413681646184
39,distance,0,-122.25733928393782,1.3799999952316284,1564011470.9977355,177.5390625,37.86908322017441,3.0,2019-07-24T16:37:50.997736-07:00,10.0,93.64021492004395,1564011471.120913,8.856076468759113,POINT (-122.25733928393782 37.86908322017441),ios,1.4262430927038388,0.6249102974462548,-0.4964264117333991
40,distance,0,-122.25733794283332,1.309999942779541,1564011471.9977088,175.78125,37.86907043777207,3.0,2019-07-24T16:37:51.997709-07:00,10.0,93.9500904083252,1564011472.120534,8.856354239119424,POINT (-122.25733794283332 37.86907043777207),ios,2.051136703244873,0.1284971417281837,-0.09427451750472901
41,distance,0,-122.25733961921395,1.309999942779541,1564011472.9976814,177.5390625,37.86905203949461,3.0,2019-07-24T16:37:52.997681-07:00,30.0,93.9580249786377,1564011473.129784,8.856632009281052,POINT (-122.25733961921395 37.86905203949461),ios,2.1796303218208726,0.034225209055053205,-0.6749274034207863
42,distance,0,-122.2573495098597,1.6699999570846558,1564011473.9976544,186.328125,37.86903406031231,3.0,2019-07-24T16:37:53.997654-07:00,10.0,94.13875007629395,1564011474.12941,8.856909779575137,POINT (-122.2573495098597 37.86903406031231),ios,2.2138546088043203,-0.6406840109444583,0.8153091593598834
43,distance,0,-122.25735118624033,1.8799999952316284,1564011474.9976277,185.9765625,37.86901419520179,3.0,2019-07-24T16:37:54.997628-07:00,10.0,94.5028247833252,1564011475.1383262,8.857187549935446,POINT (-122.25735118624033 37.86901419520179),ios,1.5731877059686747,0.17460337731207914,-1.0951954180190364
44,distance,0,-122.25736384291412,1.8799999952316284,1564011475.9976006,195.1171875,37.8690041788275,3.0,2019-07-24T16:37:55.997601-07:00,10.0,94.34224128723145,1564011476.138291,8.857465320163303,POINT (-122.25736384291412 37.8690041788275),ios,1.7477863376101936,-0.9205622736043214,0.8665440488884968
45,distance,0,-122.2573833727485,1.4500000476837158,1564011476.9975734,208.4765625,37.869001119432845,3.0,2019-07-24T16:37:56.997573-07:00,10.0,94.05195808410645,1564011477.128341,8.857743090391159,POINT (-122.2573833727485 37.869001119432845),ios,0.8272490846288865,-0.05404177713872331,0.2727471178595975
46,distance,0,-122.25740139384033,0.9800000190734863,1564011478.9975197,219.375,37.868996760843196,3.0,2019-07-24T16:37:58.997520-07:00,10.0,92.96931648254395,1564011479.132134,8.858298631045553,POINT (-122.25740139384033 37.868996760843196),ios,0.7191684293782763,0.4914378272849054,-0.23631006244964084
47,distance,0,-122.25738924008073,0.8500000238418579,1564011480.9974663,170.5078125,37.86898808557341,3.0,2019-07-24T16:38:00.997466-07:00,10.0,92.50374031066895,1564011481.1277928,8.858854171766176,POINT (-122.25738924008073 37.86898808557341),ios,1.7020178383365836,0.01883032270451069,0.24916183505297868
48,distance,0,-122.25736996170343,0.8500000238418579,1564011481.9974384,129.375,37.868986451102295,3.0,2019-07-24T16:38:01.997438-07:00,10.0,92.41951179504395,1564011482.13064,8.859131941795349,POINT (-122.25736996170343 37.868986451102295),ios,1.7208476357697366,0.2679852073946398,-0.3655560386075769
49,distance,0,-122.25735068332614,0.9200000166893005,1564011482.9974117,107.578125,37.86898925903986,3.0,2019-07-24T16:38:02.997412-07:00,10.0,92.0752124786377,1564011483.127114,8.85940971215566,POINT (-122.25735068332614 37.86898925903986),ios,1.9888256871873113,-0.09756106981359071,-0.2193630464998006
50,distance,0,-122.25732880655886,1.0399999618530273,1564011483.9973845,98.4375,37.86899391099612,3.0,2019-07-24T16:38:03.997385-07:00,10.0,92.4177417755127,1564011484.1255798,8.859687482383515,POINT (-122.25732880655886 37.86899391099612),ios,1.8912672690560877,-0.31691815408764396,0.0624389998990108
51,distance,0,-122.25730944436253,0.949999988079071,1564011484.9973578,93.1640625,37.86900137088994,3.0,2019-07-24T16:38:04.997358-07:00,10.0,92.4953784942627,1564011485.1255999,8.859965252743827,POINT (-122.25730944436253 37.86900137088994),ios,1.5743575775961545,-0.25448082148980844,0.5882281533216829
52,distance,0,-122.25729385402263,0.949999988079071,1564011485.9973307,86.8359375,37.86900836977909,3.0,2019-07-24T16:38:05.997331-07:00,10.0,92.4721851348877,1564011486.126612,8.860243022971684,POINT (-122.25729385402263 37.86900836977909),ios,1.319883672823315,0.33373134395653714,-0.5311539795325886
53,distance,0,-122.2572818679011,0.949999988079071,1564011486.9973037,76.640625,37.8690155363063,3.0,2019-07-24T16:38:06.997304-07:00,10.0,92.49934577941895,1564011487.11908,8.860520793265767,POINT (-122.2572818679011 37.8690155363063),ios,1.6536060256237826,-0.19740832559764088,-0.13867085102003576
54,distance,0,-122.25726585846604,1.0499999523162842,1564011487.9972763,75.5859375,37.869023373385765,3.0,2019-07-24T16:38:07.997276-07:00,10.0,92.76558113098145,1564011488.116575,8.860798563427394,POINT (-122.25726585846604 37.869023373385765),ios,1.4562031125945782,-0.3360753745213414,0.1719421617067082
55,distance,0,-122.25725051958324,1.0499999523162842,1564011488.9972491,79.1015625,37.86902836061815,3.0,2019-07-24T16:38:08.997249-07:00,10.0,92.90278816223145,1564011489.121923,8.861076333655252,POINT (-122.25725051958324 37.86902836061815),ios,1.120136872507149,-0.1641378861541037,0.4657546606420189
56,distance,0,-122.25723844964267,0.6899999976158142,1564011489.9972224,83.3203125,37.86903162956039,3.0,2019-07-24T16:38:09.997222-07:00,10.0,93.09687995910645,1564011490.1214771,8.861354104015563,POINT (-122.25723844964267 37.86903162956039),ios,0.9560033693074638,0.3016043374967024,-0.04669904649159548
57,distance,0,-122.25721707578958,0.7799999713897705,1564011491.9971685,83.671875,37.86903494041214,3.0,2019-07-24T16:38:11.997169-07:00,10.0,93.09480476379395,1564011492.1203032,8.86190964460373,POINT (-122.25721707578958 37.86903494041214),ios,1.5591957930753317,0.20820876077950148,-0.2546171281305632
58,distance,0,-122.25719938997389,0.8199999928474426,1564011492.99714,79.453125,37.869036239607134,3.0,2019-07-24T16:38:12.997140-07:00,10.0,92.9610767364502,1564011493.136471,8.86218741443422,POINT (-122.25719938997389 37.869036239607134),ios,1.767398596954405,-0.04640108269659321,-0.30072590329884386
59,distance,0,-122.25717935722531,1.2599999904632568,1564011493.9971123,78.046875,37.869037832168736,3.0,2019-07-24T16:38:13.997112-07:00,10.0,93.24080085754395,1564011494.12943,8.862465184529622,POINT (-122.25717935722531 37.869037832168736),ios,1.7209987975519156,-0.34711866895289967,0.16609506701452115
60,distance,0,-122.25715999502899,1.159999966621399,1564011494.9970856,73.125,37.869040262920656,3.0,2019-07-24T16:38:14.997086-07:00,10.0,93.1898365020752,1564011495.119353,8.862742954889933,POINT (-122.25715999502899 37.869040262920656),ios,1.373889397667477,-0.18102803715516433,0.09466603298295578
61,distance,0,-122.25714448850812,1.159999966621399,1564011495.9970584,76.2890625,37.86904193930129,3.0,2019-07-24T16:38:15.997058-07:00,10.0,92.9735279083252,1564011496.117343,8.863020725117789,POINT (-122.25714448850812 37.86904193930129),ios,1.192866280803316,-0.08636457716829087,0.1575038349801551
62,distance,0,-122.25713090982498,0.949999988079071,1564011496.9970317,80.859375,37.86904235839645,3.0,2019-07-24T16:38:16.997032-07:00,10.0,93.2956714630127,1564011497.1103659,8.8632984954781,POINT (-122.25713090982498 37.86904235839645),ios,1.1065040098180396,0.07113505200572388,0.8693656056766005
63,distance,0,-122.25711833697022,0.9200000166893005,1564011497.9970036,86.484375,37.86904164593468,3.0,2019-07-24T16:38:17.997004-07:00,10.0,93.10298347473145,1564011498.134309,8.863576265441047,POINT (-122.25711833697022 37.86904164593468),ios,1.1776370605534368,0.9404761994786582,-1.104886933330583
64,distance,0,-122.2571053450203,0.9200000166893005,1564011498.9969764,78.75,37.86904428623418,3.0,2019-07-24T16:38:18.996976-07:00,10.0,93.25911140441895,1564011499.1244922,8.863854035668902,POINT (-122.2571053450203 37.86904428623418),ios,2.118087698154191,-0.16438070333663557,0.19399233711603214
65,distance,0,-122.25708204332949,1.7599999904632568,1564011499.9969485,74.1796875,37.86904923155705,3.0,2019-07-24T16:38:19.996948-07:00,10.0,93.2635669708252,1564011500.2102962,8.864131805698078,POINT (-122.25708204332949 37.86904923155705),ios,1.9537115802129608,0.02960622236824407,0.06468673152226972
66,distance,0,-122.25706167530478,1.7599999904632568,1564011500.996922,71.015625,37.86905631426523,3.0,2019-07-24T16:38:20.996922-07:00,10.0,93.39387702941895,1564011501.128088,8.864409576124615,POINT (-122.25706167530478 37.86905631426523),ios,1.9833170190684497,0.09429124199094738,-0.29914086771988196
67,distance,0,-122.25704080436589,1.6399999856948853,1564011501.9968944,69.609375,37.869063145516314,3.0,2019-07-24T16:38:21.996894-07:00,10.0,93.7401294708252,1564011502.126768,8.864687346220016,POINT (-122.25704080436589 37.869063145516314),ios,2.0776056532884604,-0.20484135252302121,-0.08694467400418002
68,distance,0,-122.25702169362665,1.5099999904632568,1564011502.9968667,63.984375,37.869074167718985,3.0,2019-07-24T16:38:22.996867-07:00,10.0,93.93953132629395,1564011503.127633,8.864965116315418,POINT (-122.25702169362665 37.869074167718985),ios,1.8727699659716075,-0.2917836219370274,0.23474859622521663
69,distance,0,-122.2570038401729,1.409999966621399,1564011503.9968395,62.9296875,37.86908338781247,3.0,2019-07-24T16:38:23.996840-07:00,10.0,93.62178230285645,1564011504.13186,8.865242886543275,POINT (-122.2570038401729 37.86908338781247),ios,1.5809942746311465,-0.05704140611246119,-0.2873310927135994
70,distance,0,-122.25698648963333,1.1799999475479126,1564011504.9968119,64.3359375,37.86908720157842,3.0,2019-07-24T16:38:24.996812-07:00,10.0,93.6738452911377,1564011505.125307,8.865520656638676,POINT (-122.25698648963333 37.86908720157842),ios,1.5239544460874808,-0.34436455223784124,-0.3185281080203547
71,distance,0,-122.2569692229128,1.1799999475479126,1564011505.9967856,75.5859375,37.869088626501956,3.0,2019-07-24T16:38:25.996786-07:00,10.0,93.4416675567627,1564011506.130254,8.865798427131441,POINT (-122.2569692229128 37.869088626501956),ios,1.1795989251694357,-0.662884306526115,0.5252013039401312
72,distance,0,-122.25695581186773,1.1399999856948853,1564011506.9967585,83.671875,37.86908929705421,3.0,2019-07-24T16:38:26.996758-07:00,10.0,93.31721687316895,1564011507.12048,8.866076197359297,POINT (-122.25695581186773 37.86908929705421),ios,0.5167326356518503,-0.13769727740932736,0.09120007797087365
73,distance,0,-122.25694525066973,0.1899999976158142,1564011508.9967036,113.5546875,37.869085189921655,3.0,2019-07-24T16:38:28.996704-07:00,10.0,93.31685066223145,1564011509.1186519,8.866631737682555,POINT (-122.25694525066973 37.869085189921655),ios,0.24134563163871764,0.044697877460029053,0.02371987653503963
74,distance,0,-122.25693309691013,0.25,1564011513.9965665,52.3828125,37.86908011887024,3.0,2019-07-24T16:38:33.996567-07:00,10.0,93.1872730255127,1564011514.1002212,8.868020588490698,POINT (-122.25693309691013 37.86908011887024),ios,0.464828891276314,0.16329400836115274,-0.03494040024174638
75,distance,0,-122.25692572083534,0.33000001311302185,1564011517.996457,150.8203125,37.869064444711306,3.0,2019-07-24T16:38:37.996457-07:00,10.0,93.02107429504395,1564011518.126611,8.86913166920344,POINT (-122.25692572083534 37.869064444711306),ios,1.1179870547835438,0.023536231066392906,0.022836045222069924
76,distance,0,-122.25692915741564,0.6700000166893005,1564011518.99643,183.8671875,37.86905476361314,3.0,2019-07-24T16:38:38.996430-07:00,10.0,93.0890064239502,1564011519.118753,8.869409439431296,POINT (-122.25692915741564 37.86905476361314),ios,1.141522646141813,0.04637165561119306,-0.46507082409723816
77,distance,0,-122.25693318072916,1.0499999523162842,1564011520.9963746,204.2578125,37.86903447940747,3.0,2019-07-24T16:38:40.996375-07:00,10.0,93.1401538848877,1564011521.121701,8.869964979622099,POINT (-122.25693318072916 37.86903447940747),ios,1.2342633924036952,-0.8837442680694687,1.1135296357981945
78,distance,0,-122.2569295765108,0.46000000834465027,1564011521.9963474,166.9921875,37.86902375057141,3.0,2019-07-24T16:38:41.996347-07:00,10.0,93.1941089630127,1564011522.131085,8.870242749849956,POINT (-122.2569295765108 37.86902375057141),ios,0.3505431442542323,0.22975510230722074,-0.02776926613312865
79,distance,0,-122.25691993732215,0.6600000262260437,1564011524.996265,341.015625,37.86901813469628,3.0,2019-07-24T16:38:44.996265-07:00,10.0,93.38777351379395,1564011525.1188931,8.871076060268614,POINT (-122.25691993732215 37.86901813469628),ios,1.039789498027673,0.14644959467313984,-0.6640686300008739
80,distance,0,-122.25692655902566,0.8299999833106995,1564011525.9962382,0.0,37.86902588795672,3.0,2019-07-24T16:38:45.996238-07:00,10.0,92.9151782989502,1564011526.122325,8.871353830628925,POINT (-122.25692655902566 37.86902588795672),ios,1.1862351820747343,-0.5176013027822247,0.544377169647339
81,distance,0,-122.25693058233918,0.8299999833106995,1564011526.996211,11.6015625,37.86903607196907,3.0,2019-07-24T16:38:46.996211-07:00,10.0,92.75666999816895,1564011527.12128,8.87163160085678,POINT (-122.25693058233918 37.86903607196907),ios,0.6686479475499648,0.026761070847148124,0.08952283175216681
82,distance,0,-122.25692605611147,0.8299999833106995,1564011528.996156,61.171875,37.869047555176415,3.0,2019-07-24T16:38:48.996156-07:00,10.0,93.23701667785645,1564011529.100599,8.87218714111381,POINT (-122.25692605611147 37.869047555176415),ios,0.7221686153865327,0.2058018039091164,-0.40810647584749116
83,distance,0,-122.25691474054219,0.8799999952316284,1564011530.9961014,60.46875,37.86905698481748,3.0,2019-07-24T16:38:50.996101-07:00,10.0,93.2033863067627,1564011531.115985,8.872742681503295,POINT (-122.25691474054219 37.86905698481748),ios,1.1337609868677962,-0.6103888660478305,0.7849857646143799
84,distance,0,-122.25690308969678,0.8799999952316284,1564011531.9960735,57.3046875,37.86906138531665,3.0,2019-07-24T16:38:51.996073-07:00,10.0,93.1532154083252,1564011532.1109881,8.87302045153247,POINT (-122.25690308969678 37.86906138531665),ios,0.5233891476013645,0.1745750014092476,-0.012706956307237654
85,distance,0,-122.2568915226704,0.7799999713897705,1564011534.9959912,33.046875,37.869072156062224,3.0,2019-07-24T16:38:54.995991-07:00,10.0,93.5711841583252,1564011535.119386,8.873853762017356,POINT (-122.2568915226704 37.869072156062224),ios,1.0470997922654022,0.1364551776907259,0.7461669280385018
86,distance,0,-122.25688640970947,0.7799999713897705,1564011535.9959636,29.8828125,37.86908066369394,3.0,2019-07-24T16:38:55.995964-07:00,10.0,93.61860847473145,1564011536.121062,8.874131532112758,POINT (-122.25688640970947 37.86908066369394),ios,1.1835511960759773,0.8826014693224121,-0.1376376257386478
87,distance,0,-122.25686394620897,0.7799999713897705,1564011537.9959085,59.765625,37.8690924402679,3.0,2019-07-24T16:38:57.995908-07:00,10.0,92.9889087677002,1564011538.1169028,8.874687072369788,POINT (-122.25686394620897 37.8690924402679),ios,2.9487055257169206,0.6073337981949304,-0.14087402470582752
88,distance,0,-122.25683041859628,1.2799999713897705,1564011538.9958816,79.8046875,37.86909407473902,3.0,2019-07-24T16:38:58.995882-07:00,10.0,92.86604499816895,1564011539.112283,8.874964842663871,POINT (-122.25683041859628 37.86909407473902),ios,3.5560229615501346,0.4664635688183856,-2.4438141045447956
89,distance,0,-122.25678993400396,2.240000009536743,1564011539.9958534,82.96875,37.869095206295945,3.0,2019-07-24T16:38:59.995853-07:00,10.0,93.0129566192627,1564011540.116282,8.875242612626817,POINT (-122.25678993400396 37.869095206295945),ios,4.022473407165929,-1.9772817829454152,1.049730604571858
90,distance,0,-122.25674425263168,2.5999999046325684,1564011540.9958267,82.96875,37.869098056143024,3.0,2019-07-24T16:39:00.995827-07:00,10.0,93.07820320129395,1564011541.115237,8.875520382987128,POINT (-122.25674425263168 37.869098056143024),ios,2.0452444233403893,-0.9275792092048257,0.9168603466634683
91,distance,0,-122.2567223758644,2.240000009536743,1564011541.995799,77.6953125,37.86910438447992,3.0,2019-07-24T16:39:01.995799-07:00,10.0,92.87642097473145,1564011542.112848,8.87579815308253,POINT (-122.2567223758644 37.86910438447992),ios,1.1176908677811428,-0.01074421974012346,-0.03047246186840143
92,distance,0,-122.25671223376156,1.3899999856948853,1564011542.9957714,72.421875,37.86911046135972,3.0,2019-07-24T16:39:02.995771-07:00,10.0,93.06794929504395,1564011543.1227689,8.87607592317793,POINT (-122.25671223376156 37.86911046135972),ios,1.1069469451891254,-0.041215838845201885,-0.4562073536902729
93,distance,0,-122.25670267839195,1.2799999713897705,1564011543.995744,67.5,37.869116957334676,3.0,2019-07-24T16:39:03.995744-07:00,10.0,93.12581062316895,1564011544.118672,8.87635369333956,POINT (-122.25670267839195 37.869116957334676),ios,1.065732236405423,-0.4974106841799349,0.504256476428521
94,distance,0,-122.25669186573685,1.1200000047683716,1564011544.995717,74.8828125,37.869121315924325,3.0,2019-07-24T16:39:04.995717-07:00,10.0,93.21077156066895,1564011545.1168752,8.876631463633643,POINT (-122.25669186573685 37.869121315924325),ios,0.5683349531156744,0.006832206923860875,0.09956374785027639
95,distance,0,-122.25667250354053,0.9300000071525574,1564011547.995634,77.6953125,37.869122531300285,3.0,2019-07-24T16:39:07.995634-07:00,10.0,93.21455574035645,1564011548.112681,8.877464773919847,POINT (-122.25667250354053 37.869122531300285),ios,0.5888310070213337,0.30551518970383224,0.18618739223398784
96,distance,0,-122.25665917631449,0.800000011920929,1564011549.9955797,70.3125,37.869123746676244,3.0,2019-07-24T16:39:09.995580-07:00,10.0,93.1405200958252,1564011550.0992951,8.87802031437556,POINT (-122.25665917631449 37.869123746676244),ios,1.1998447787955857,0.6778798531301692,-1.475273503513177
97,distance,0,-122.25664610054554,0.9900000095367432,1564011550.9955525,68.90625,37.869126889889934,3.0,2019-07-24T16:39:10.995553-07:00,10.0,93.33503913879395,1564011551.1071181,8.878298084603415,POINT (-122.25664610054554 37.869126889889934),ios,1.877706207342497,-0.7973535528651834,0.9472126175051786
98,distance,0,-122.25662472669245,0.9900000095367432,1564011551.9955254,82.6171875,37.86912756044219,3.0,2019-07-24T16:39:11.995525-07:00,10.0,93.3538990020752,1564011552.118916,8.878575854831272,POINT (-122.25662472669245 37.86912756044219),ios,1.080374326322041,0.1498333196681487,0.16313824425590062
99,distance,0,-122.25661282438995,0.9900000095367432,1564011552.9954975,91.40625,37.86912508778075,3.0,2019-07-24T16:39:12.995497-07:00,10.0,93.43208503723145,1564011553.1003861,8.878853624860445,POINT (-122.25661282438995 37.86912508778075),ios,1.2302034663936698,0.31296701318700737,-0.6755910304779102
100,distance,0,-122.2566034366584,1.0800000429153442,1564011553.9954715,117.7734375,37.869116873515644,3.0,2019-07-24T16:39:13.995471-07:00,10.0,93.46809577941895,1564011554.104136,8.879131395419439,POINT (-122.2566034366584 37.869116873515644),ios,1.543162346311263,-0.36260646028446697,0.47429161287097427
101,distance,0,-122.25658793013753,1.0499999523162842,1564011554.9954438,125.859375,37.86911033563117,3.0,2019-07-24T16:39:14.995444-07:00,10.0,93.5791187286377,1564011555.097999,8.87940916551484,POINT (-122.25658793013753 37.86911033563117),ios,1.180565914472372,0.11167203531434651,-0.06103863535281553
102,distance,0,-122.25657451909245,1.1299999952316284,1564011555.9954157,102.3046875,37.86910953935037,3.0,2019-07-24T16:39:15.995416-07:00,10.0,93.4712085723877,1564011556.092163,8.879686935477787,POINT (-122.25657451909245 37.86910953935037),ios,1.2922348080735362,0.05063511718540689,0.23996236120308254
103,distance,0,-122.25656068895222,1.0499999523162842,1564011556.995388,66.09375,37.869113520754375,3.0,2019-07-24T16:39:16.995388-07:00,10.0,93.5360279083252,1564011557.103806,8.879964705573189,POINT (-122.25656068895222 37.869113520754375),ios,1.3428685248660308,0.2905908418562067,0.10395810484415494
104,distance,0,-122.25654551770748,0.7599999904632568,1564011557.9953609,56.25,37.86911197010229,3.0,2019-07-24T16:39:17.995361-07:00,10.0,93.69612312316895,1564011558.1088,8.880242475801044,POINT (-122.25654551770748 37.86911197010229),ios,1.6334514685450974,0.39454612114838633,-0.9350738304644548
105,distance,0,-122.2565273289776,0.75,1564011558.9953327,80.859375,37.869108868798115,3.0,2019-07-24T16:39:18.995333-07:00,10.0,93.6158618927002,1564011559.115498,8.880520245763991,POINT (-122.2565273289776 37.869108868798115),ios,2.0279864897726636,-0.5405014025171347,0.33514753056906627
106,distance,0,-122.25650503311516,1.090000033378601,1564011559.995305,100.8984375,37.86910409111331,3.0,2019-07-24T16:39:19.995305-07:00,10.0,94.0892505645752,1564011560.121398,8.880798015859392,POINT (-122.25650503311516 37.86910409111331),ios,1.4875000356623902,-0.20536314097423966,0.19474231096983255
107,distance,0,-122.25648810167075,1.090000033378601,1564011560.9952774,84.0234375,37.86910463593701,3.0,2019-07-24T16:39:20.995277-07:00,10.0,93.92793464660645,1564011561.1185288,8.881075785954794,POINT (-122.25648810167075 37.86910463593701),ios,1.28214257432519,-0.010626215905875511,-0.19216693300681273
108,distance,0,-122.25647435534955,0.8899999856948853,1564011561.9952512,88.9453125,37.86910073835204,3.0,2019-07-24T16:39:21.995251-07:00,10.0,93.9763355255127,1564011562.115766,8.881353556447559,POINT (-122.25647435534955 37.86910073835204),ios,1.2715166371029172,-0.20278810913430528,0.45365602895525314
109,distance,0,-122.2564601899332,0.8899999856948853,1564011562.9952235,79.1015625,37.86910312719444,3.0,2019-07-24T16:39:22.995224-07:00,10.0,93.8414478302002,1564011563.098083,8.88163132654296,POINT (-122.2564601899332 37.86910312719444),ios,1.0687341363891412,0.2508553732579522,-0.35358539980473846
110,distance,0,-122.25644451577426,1.2100000381469727,1564011564.9951692,27.421875,37.86911783743451,3.0,2019-07-24T16:39:24.995169-07:00,10.0,94.3255786895752,1564011565.106107,8.882186866998673,POINT (-122.25644451577426 37.86911783743451),ios,1.570431246548429,-0.45629620564860107,0.7022205187322779
111,distance,0,-122.25643395457627,1.2100000381469727,1564011565.9951413,5.9765625,37.86912923682282,3.0,2019-07-24T16:39:25.995141-07:00,10.0,94.38533210754395,1564011566.123097,8.882464637027846,POINT (-122.25643395457627 37.86912923682282),ios,1.1141477692705088,0.24590472466073668,0.10290844331328927
112,distance,0,-122.25641626876057,0.33000001311302185,1564011567.9950871,56.6015625,37.86914361178676,3.0,2019-07-24T16:39:27.995087-07:00,10.0,94.5981616973877,1564011568.114671,8.883020177549787,POINT (-122.25641626876057 37.86914361178676),ios,1.6059439099780863,0.4517160417776583,-0.38247100625492647
113,distance,0,-122.25639799621166,0.3499999940395355,1564011568.9950597,114.2578125,37.86914432424853,3.0,2019-07-24T16:39:28.995060-07:00,10.0,94.76521492004395,1564011569.088371,8.883297947711414,POINT (-122.25639799621166 37.86914432424853),ios,2.0576475665436083,0.06925552216502553,-0.16456524554377958
114,distance,0,-122.25637469452084,1.2200000286102295,1564011569.9950328,117.0703125,37.86914231259177,3.0,2019-07-24T16:39:29.995033-07:00,10.0,94.82490730285645,1564011570.1015692,8.883575718005499,POINT (-122.25637469452084 37.86914231259177),ios,2.1269012228748734,-0.0953052897771967,0.362252336031974
115,distance,0,-122.25635047082068,1.4299999475479126,1564011570.9950044,115.3125,37.86914189349661,3.0,2019-07-24T16:39:30.995004-07:00,10.0,94.7505054473877,1564011571.1122708,8.883853487902217,POINT (-122.25635047082068 37.86914189349661),ios,2.0315986370813373,0.26693676849999654,-0.2978832427368404
116,distance,0,-122.25632767204405,1.3899999856948853,1564011571.994977,111.796875,37.86913875028292,3.0,2019-07-24T16:39:31.994977-07:00,10.0,94.9381275177002,1564011572.128211,8.884131258063846,POINT (-122.25632767204405 37.86913875028292),ios,2.2985280866725524,-0.03093830683340465,-0.7131597963196058
117,distance,0,-122.2563024425155,1.4299999475479126,1564011572.9949493,112.1484375,37.86913321822683,3.0,2019-07-24T16:39:32.994949-07:00,10.0,94.95759773254395,1564011573.117672,8.884409028159247,POINT (-122.2563024425155 37.86913321822683),ios,2.2675906354861377,-0.7440783796097544,0.29326035356581637
118,distance,0,-122.25627696152986,1.3899999856948853,1564011573.9949317,100.1953125,37.8691365709881,3.0,2019-07-24T16:39:33.994932-07:00,10.0,95.1207447052002,1564011574.117365,8.8846868010362,POINT (-122.25627696152986 37.8691365709881),ios,1.5235253836325238,-0.4508232000289816,0.1676179748377092
119,distance,0,-122.2562596109903,1.3799999952316284,1564011574.994894,94.921875,37.86913623571197,3.0,2019-07-24T16:39:34.994894-07:00,10.0,94.99238777160645,1564011575.1186352,8.88496456835005,POINT (-122.2562596109903 37.86913623571197),ios,1.072719166174573,-0.2832115393830964,0.3157871123564432
120,distance,0,-122.2562474572307,1.3799999952316284,1564011575.9948673,83.671875,37.86913724154035,3.0,2019-07-24T16:39:35.994867-07:00,10.0,94.8873462677002,1564011576.1190372,8.885242338710361,POINT (-122.2562474572307 37.86913724154035),ios,0.7895151893554707,0.03256714054770858,0.006597898560832777
121,distance,0,-122.25623019051017,0.8299999833106995,1564011577.994813,85.4296875,37.86914122294436,3.0,2019-07-24T16:39:37.994813-07:00,10.0,94.85676765441895,1564011578.086498,8.885797879166073,POINT (-122.25623019051017 37.86914122294436),ios,0.8546477001194944,0.04576257901132935,0.17694030427023189
122,distance,0,-122.25622214388312,0.2800000011920929,1564011579.994758,71.71875,37.869155220722654,3.0,2019-07-24T16:39:39.994758-07:00,10.0,94.73982429504395,1564011580.1067948,8.886353419423104,POINT (-122.25622214388312 37.869155220722654),ios,0.9461703377822194,0.3996334426190733,-0.19772441301162802
123,distance,0,-122.2562009376681,0.7300000190734863,1564011581.9947028,117.421875,37.869152161327996,3.0,2019-07-24T16:39:41.994703-07:00,10.0,94.66584968566895,1564011582.116301,8.886908959680133,POINT (-122.2562009376681 37.869152161327996),ios,1.7454152133316918,0.004195506206919779,-0.020165457159314695
124,distance,0,-122.25618232984306,1.0399999618530273,1564011582.9946752,119.8828125,37.8691466292719,3.0,2019-07-24T16:39:42.994675-07:00,10.0,94.47883796691895,1564011583.115162,8.887186729775534,POINT (-122.25618232984306 37.8691466292719),ios,1.7496106035053627,-0.015969393245316345,0.0043098220415443604
125,distance,0,-122.25616254855157,1.1100000143051147,1564011583.9946477,115.3125,37.86914470143417,3.0,2019-07-24T16:39:43.994648-07:00,10.0,94.47200202941895,1564011584.109467,8.887464499937163,POINT (-122.25616254855157 37.86914470143417),ios,1.7336416481110517,-0.011659689371061427,0.9204839013003029
126,distance,0,-122.25614285107912,1.2999999523162842,1564011584.9946208,108.984375,37.8691458329911,3.0,2019-07-24T16:39:44.994621-07:00,10.0,94.45723152160645,1564011585.098768,8.887742270231247,POINT (-122.25614285107912 37.8691458329911),ios,1.721982272867173,0.9087994128968282,-1.123763132897878
127,distance,0,-122.25612390797795,1.3200000524520874,1564011585.9945936,91.40625,37.869149856304624,3.0,2019-07-24T16:39:45.994594-07:00,10.0,94.4806079864502,1564011586.10328,8.888020040459104,POINT (-122.25612390797795 37.869149856304624),ios,2.630756984852224,-0.21493317643597915,-1.0588991469108906
128,distance,0,-122.25609758880199,1.3200000524520874,1564011586.9945655,74.1796875,37.869161171873905,3.0,2019-07-24T16:39:46.994565-07:00,10.0,94.72285652160645,1564011587.114145,8.88829781042205,POINT (-122.25609758880199 37.869161171873905),ios,2.415829855215623,-1.2738025329217277,0.7311402351335292
129,distance,0,-122.25608392629982,1.7000000476837158,1564011587.9945383,53.7890625,37.86918003115604,3.0,2019-07-24T16:39:47.994538-07:00,10.0,94.63557624816895,1564011588.109647,8.888575580649906,POINT (-122.25608392629982 37.86918003115604),ios,1.1420619438875503,-0.5426821699736207,0.8807877948947307
130,distance,0,-122.25608082499565,1.7000000476837158,1564011588.9945107,56.25,37.869190005620815,3.0,2019-07-24T16:39:48.994511-07:00,10.0,94.6637134552002,1564011589.117168,8.888853350745308,POINT (-122.25608082499565 37.869190005620815),ios,0.5993947826333064,0.3380812653648623,-0.17770555724183865
131,distance,0,-122.25607076671184,1.1299999952316284,1564011590.9944558,108.6328125,37.869197297876575,3.0,2019-07-24T16:39:50.994456-07:00,10.0,94.4767017364502,1564011591.0859551,8.889408891068564,POINT (-122.25607076671184 37.869197297876575),ios,1.275538774246402,-0.017320104408330077,0.3110801816396048
132,distance,0,-122.25605660129548,1.0499999523162842,1564011591.9944289,100.8984375,37.86919474139611,3.0,2019-07-24T16:39:51.994429-07:00,10.0,94.32710456848145,1564011592.092113,8.889686661362648,POINT (-122.25605660129548 37.86919474139611),ios,1.258219136464191,0.2937516963269518,-0.4964642604268305
133,distance,0,-122.25604310643138,1.0499999523162842,1564011592.9944012,85.078125,37.86919855516205,3.0,2019-07-24T16:39:52.994401-07:00,10.0,94.50569343566895,1564011593.104882,8.889964431458049,POINT (-122.25604310643138 37.86919855516205),ios,1.5519627086311454,-0.2026988336086674,0.1879979422734794
134,distance,0,-122.25602734845342,0.949999988079071,1564011593.9943733,78.75,37.869204883498945,3.0,2019-07-24T16:39:53.994373-07:00,10.0,94.6124439239502,1564011594.116685,8.890242201487224,POINT (-122.25602734845342 37.869204883498945),ios,1.3492695293011217,-0.014706135532853661,-0.4311508219233193
135,distance,0,-122.25601561378897,0.8299999833106995,1564011594.9943457,62.9296875,37.86921272057841,3.0,2019-07-24T16:39:54.994346-07:00,10.0,94.5919361114502,1564011595.115973,8.890519971582625,POINT (-122.25601561378897 37.86921272057841),ios,1.3345638004893168,-0.4458450333096774,0.616571984853488
136,distance,0,-122.25600522022904,0.9100000262260437,1564011595.9943187,59.0625,37.869221479667225,3.0,2019-07-24T16:39:55.994319-07:00,10.0,94.7353687286377,1564011596.118607,8.890797741876709,POINT (-122.25600522022904 37.869221479667225),ios,0.8887307788241849,0.17071034029334123,0.24464601280961407
137,distance,0,-122.255997173602,0.8199999928474426,1564011597.9942641,40.4296875,37.869236147997775,3.0,2019-07-24T16:39:57.994264-07:00,10.0,94.5614185333252,1564011598.108702,8.891353282266193,POINT (-122.255997173602 37.869236147997775),ios,1.230142138992527,0.65998900876513,-0.22810265633796784
138,distance,0,-122.25598728295626,0.8199999928474426,1564011598.9942365,43.59375,37.86924398507724,3.0,2019-07-24T16:39:58.994236-07:00,10.0,94.3757495880127,1564011599.12015,8.891631052361594,POINT (-122.25598728295626 37.86924398507724),ios,1.8901128947352206,0.43189266096086293,0.5121774938724755
139,distance,0,-122.25596892658831,1.5199999809265137,1564011599.9942083,57.65625,37.8692528698946,3.0,2019-07-24T16:39:59.994208-07:00,10.0,94.35139656066895,1564011600.120292,8.891908822324542,POINT (-122.25596892658831 37.8692528698946),ios,2.3219934050904065,0.9440557455429586,0.5643339543339594
140,distance,0,-122.25594445143105,1.7200000286102295,1564011600.9941816,63.6328125,37.8692607907931,3.0,2019-07-24T16:40:00.994182-07:00,10.0,94.36189460754395,1564011601.117645,8.892186592684851,POINT (-122.25594445143105 37.8692607907931),ios,3.266023941625267,1.5083746305345704,-3.498148545015795
141,distance,0,-122.25590782251419,1.7200000286102295,1564011601.9941545,81.5625,37.86925563592265,3.0,2019-07-24T16:40:01.994154-07:00,10.0,94.54976081848145,1564011602.123598,8.892464362912708,POINT (-122.25590782251419 37.86925563592265),ios,4.774357574962715,-1.9896788357901876,1.6712519916311324
142,distance,0,-122.25585375923873,2.2899999618530273,1564011602.9941266,90.703125,37.86925094205687,3.0,2019-07-24T16:40:02.994127-07:00,10.0,94.37703132629395,1564011603.117578,8.892742132941882,POINT (-122.25585375923873 37.86925094205687),ios,2.7847342412114324,-0.31847346368949947,-1.0126702782723558
143,distance,0,-122.25582207564474,2.2899999618530273,1564011603.9940996,92.8125,37.86925219934235,3.0,2019-07-24T16:40:03.994100-07:00,10.0,94.2904224395752,1564011604.110804,8.893019903235965,POINT (-122.25582207564474 37.86925219934235),ios,2.4662693576108814,-1.331116459308656,0.7148070093145448
144,distance,0,-122.25579399626912,1.75,1564011604.9940717,85.078125,37.869252953713634,3.0,2019-07-24T16:40:04.994072-07:00,10.0,94.1700611114502,1564011605.118877,8.89329767326514,POINT (-122.25579399626912 37.869252953713634),ios,1.1351900297609225,-0.6163293895168759,1.2030183618562351
145,distance,0,-122.25578133959533,1.75,1564011605.994044,78.3984375,37.86925504918943,3.0,2019-07-24T16:40:05.994044-07:00,10.0,94.33247566223145,1564011606.119091,8.893575443360541,POINT (-122.25578133959533 37.86925504918943),ios,0.5188776857918143,0.5866557009956572,-0.5772645531243727
146,distance,0,-122.2557780706531,0.9599999785423279,1564011607.99399,66.4453125,37.86926401782582,3.0,2019-07-24T16:40:07.993990-07:00,10.0,94.3338794708252,1564011608.114594,8.89413098388248,POINT (-122.2557780706531 37.86926401782582),ios,1.6921573373796945,-0.5678421631081317,0.49741439393962716
147,distance,0,-122.2557601333803,1.1299999952316284,1564011608.9939618,65.390625,37.86926959179143,3.0,2019-07-24T16:40:08.993962-07:00,10.0,94.4445972442627,1564011609.116349,8.894408753845427,POINT (-122.2557601333803 37.86926959179143),ios,1.1243311495979214,-0.07044176312280187,-0.6914185303364766
148,distance,0,-122.25574831489683,0.9300000071525574,1564011609.9939346,68.5546875,37.869273489376404,3.0,2019-07-24T16:40:09.993935-07:00,10.0,94.63325691223145,1564011610.10818,8.894686524073283,POINT (-122.25574831489683 37.869273489376404),ios,1.0538913010623778,-0.7618415008985918,0.9799559348490104
149,distance,0,-122.25573683168949,1.0099999904632568,1564011610.993907,72.421875,37.86927625540445,3.0,2019-07-24T16:40:10.993907-07:00,10.0,94.6916675567627,1564011611.1422172,8.894964294168684,POINT (-122.25573683168949 37.86927625540445),ios,0.29207087007529087,0.21808733174503667,-0.005823418604207942
150,distance,0,-122.25571864295961,0.8500000238418579,1564011616.993743,71.71875,37.86928275137941,3.0,2019-07-24T16:40:16.993743-07:00,10.0,94.63398933410645,1564011617.1066132,8.896630915270912,POINT (-122.25571864295961 37.86928275137941),ios,1.6005590872481437,0.18314777534668714,-1.4502164896415546
151,distance,0,-122.2557120212561,1.1799999475479126,1564011617.9937143,29.1796875,37.86929616242448,3.0,2019-07-24T16:40:17.993714-07:00,10.0,94.80720710754395,1564011618.114396,8.896908685101403,POINT (-122.2557120212561 37.86929616242448),ios,1.7837016226949471,-1.2670272232682853,1.801870666644074
152,distance,0,-122.25571445200802,1.409999966621399,1564011618.9936886,356.1328125,37.86931208804051,3.0,2019-07-24T16:40:18.993689-07:00,10.0,95.26082038879395,1564011619.106183,8.897186455726624,POINT (-122.25571445200802 37.86931208804051),ios,0.5167070243723293,0.5347970466358296,-0.17823812327662594
153,distance,0,-122.25568519916595,0.6800000071525574,1564011623.9935513,93.515625,37.86930953156004,3.0,2019-07-24T16:40:23.993551-07:00,10.0,95.37458992004395,1564011624.169745,8.89857530646854,POINT (-122.25568519916595 37.86930953156004),ios,3.1906188143535448,-0.3563690924659664,-0.014701183173150233
154,distance,0,-122.25564957607747,2.380000114440918,1564011624.9935236,92.8125,37.869303831865885,3.0,2019-07-24T16:40:24.993524-07:00,10.0,95.4028491973877,1564011625.1010818,8.898853076563942,POINT (-122.25564957607747 37.869303831865885),ios,2.834259577829047,-0.37106986905503303,-0.3588261642675635
155,distance,0,-122.25561730575026,2.380000114440918,1564011625.993496,79.1015625,37.8693046700562,3.0,2019-07-24T16:40:25.993496-07:00,10.0,95.59614753723145,1564011626.099347,8.899130846659343,POINT (-122.25561730575026 37.8693046700562),ios,2.4631999712883217,-0.729886109426986,-0.31220821004623894
156,distance,0,-122.25558931019367,1.5700000524520874,1564011626.9934692,78.046875,37.86930617879877,3.0,2019-07-24T16:40:26.993469-07:00,10.0,95.6115894317627,1564011627.098077,8.899408617019652,POINT (-122.25558931019367 37.86930617879877),ios,1.7333333519231566,-1.0420859826145887,1.2034809165795433
157,distance,0,-122.25556969654025,1.5,1564011627.9934406,69.609375,37.869307980907955,3.0,2019-07-24T16:40:27.993441-07:00,10.0,95.47114753723145,1564011628.115865,8.899686386850146,POINT (-122.25556969654025 37.869307980907955),ios,0.691277183627681,0.16136050209974181,0.12281744143247363
158,distance,0,-122.25555511202873,1.2200000286102295,1564011629.993386,73.828125,37.86931267477373,3.0,2019-07-24T16:40:29.993386-07:00,10.0,95.1184253692627,1564011630.120686,8.90024192723963,POINT (-122.25555511202873 37.86931267477373),ios,1.0139893778899305,0.40698867939587763,-1.3631926939135302
159,distance,0,-122.25554396409751,1.2200000286102295,1564011630.9933596,73.4765625,37.869315063616135,3.0,2019-07-24T16:40:30.993360-07:00,10.0,95.07014656066895,1564011631.101023,8.900519697666168,POINT (-122.25554396409751 37.869315063616135),ios,1.4209672865492537,-0.9561679383560235,1.400358813992649
160,distance,0,-122.25552778702439,1.2200000286102295,1564011631.9933317,75.234375,37.86931552462081,3.0,2019-07-24T16:40:31.993332-07:00,10.0,95.0532398223877,1564011632.1059752,8.900797467695343,POINT (-122.25552778702439 37.86931552462081),ios,0.4648260204727758,0.4441518126642618,-0.14445076579985439
161,distance,0,-122.25551228050352,1.2000000476837158,1564011634.9932492,80.15625,37.86931824873934,3.0,2019-07-24T16:40:34.993249-07:00,10.0,94.57112312316895,1564011635.116341,8.901630778114,POINT (-122.25551228050352 37.86931824873934),ios,1.7972448191263093,0.010811431416929506,-0.291383660439494
162,distance,0,-122.25549182865979,1.4299999475479126,1564011635.9932215,76.9921875,37.869319003110625,4.0,2019-07-24T16:40:35.993222-07:00,10.0,94.53840827941895,1564011636.12147,8.901908548209402,POINT (-122.25549182865979 37.869319003110625),ios,1.8080559515362893,-0.2805641703542822,0.2552700944909342
163,distance,0,-122.25547129299702,1.2999999523162842,1564011636.9931946,78.75,37.8693202603961,4.0,2019-07-24T16:40:36.993195-07:00,10.0,94.53853034973145,1564011637.118789,8.902186318503485,POINT (-122.25547129299702 37.8693202603961),ios,1.5274993399453323,-0.025300953171401425,0.21631436937136223
164,distance,0,-122.25545394245745,1.2999999523162842,1564011637.9931672,82.265625,37.869319212658205,4.0,2019-07-24T16:40:37.993167-07:00,10.0,94.5837574005127,1564011638.107699,8.902464088665115,POINT (-122.25545394245745 37.869319212658205),ios,1.502199080478921,0.19100748526303354,-0.10170730772007996
165,distance,0,-122.25543684337498,1.1799999475479126,1564011638.9931395,82.96875,37.8693186678345,4.0,2019-07-24T16:40:38.993140-07:00,10.0,94.5849781036377,1564011639.1152968,8.902741858760516,POINT (-122.25543684337498 37.8693186678345),ios,1.6932012831328993,0.08930299041672132,-0.05231792550948984
166,distance,0,-122.25541756499769,1.3200000524520874,1564011639.993112,85.078125,37.86931816492031,4.0,2019-07-24T16:40:39.993112-07:00,10.0,94.6746997833252,1564011640.115063,8.903019628922145,POINT (-122.25541756499769 37.86931816492031),ios,1.782501825028031,0.036986499367259555,-0.3627582234746171
167,distance,0,-122.25539736461104,1.4299999475479126,1564011640.9930851,85.78125,37.86931653044919,4.0,2019-07-24T16:40:40.993085-07:00,10.0,94.7354907989502,1564011641.118187,8.903297399216228,POINT (-122.25539736461104 37.86931653044919),ios,1.8194873279309358,-0.32576195092943516,0.28177673024913164
168,distance,0,-122.25537682894827,1.4299999475479126,1564011641.993057,84.375,37.86931430924485,3.0,2019-07-24T16:40:41.993057-07:00,10.0,94.8443775177002,1564011642.11909,8.903575169179174,POINT (-122.25537682894827 37.86931430924485),ios,1.4937345417902737,-0.043993148015606234,0.2426306089190268
169,distance,0,-122.25535981368483,1.4299999475479126,1564011642.99303,83.3203125,37.86931447688291,3.0,2019-07-24T16:40:42.993030-07:00,10.0,95.0141773223877,1564011643.110258,8.903852939473259,POINT (-122.25535981368483 37.86931447688291),ios,1.4497425790072413,0.19863092411953276,-0.7321686930032767
170,distance,0,-122.25534330133559,1.4199999570846558,1564011643.9930024,82.265625,37.86931472834001,3.0,2019-07-24T16:40:43.993002-07:00,10.0,95.11592292785645,1564011644.114829,8.90413070956866,POINT (-122.25534330133559 37.86931472834001),ios,1.6483680096796616,-0.5335175196198879,0.8335062936819261
171,distance,0,-122.25532452587248,1.5,1564011644.9929752,84.375,37.8693149797971,3.0,2019-07-24T16:40:44.992975-07:00,10.0,95.28206062316895,1564011645.119669,8.904408479796516,POINT (-122.25532452587248 37.8693149797971),ios,1.1148649909155144,0.29996611959601005,-0.4269841051492221
172,distance,0,-122.25531228829385,1.5,1564011645.9929476,80.15625,37.86931766200612,3.0,2019-07-24T16:40:45.992948-07:00,10.0,95.2597827911377,1564011646.116105,8.904686249891917,POINT (-122.25531228829385 37.86931766200612),ios,1.414822814481987,-0.12700617664374877,0.023658375906088863
173,distance,0,-122.25529879342974,1.5,1564011646.9929202,71.015625,37.86932461898575,3.0,2019-07-24T16:40:46.992920-07:00,10.0,95.2490406036377,1564011647.1152558,8.904964020053546,POINT (-122.25529879342974 37.86932461898575),ios,1.287820120110938,-0.10334844940624216,0.07594015564957314
174,distance,0,-122.25528647203208,1.2699999809265137,1564011647.9928932,65.0390625,37.86933090541313,3.0,2019-07-24T16:40:47.992893-07:00,10.0,95.4301929473877,1564011648.119823,8.90524179034763,POINT (-122.25528647203208 37.86933090541313),ios,1.1844744550462178,-0.02741033968314179,0.07697000509005555
175,distance,0,-122.25527406681539,1.309999942779541,1564011648.992865,68.90625,37.869335096364715,3.0,2019-07-24T16:40:48.992865-07:00,10.0,95.4923267364502,1564011649.118177,8.905519560310577,POINT (-122.25527406681539 37.869335096364715),ios,1.1570648865089164,0.049557499979562616,-0.8387962402546314
176,distance,0,-122.2552632541603,1.2200000286102295,1564011649.9928381,73.125,37.86934104751597,3.0,2019-07-24T16:40:49.992838-07:00,10.0,95.6296558380127,1564011650.114777,8.90579733060466,POINT (-122.2552632541603 37.86934104751597),ios,1.2066210513450326,-0.7892161420143923,1.0821029693443578
177,distance,0,-122.25525193859102,1.2200000286102295,1564011650.9928107,78.3984375,37.8693472082148,3.0,2019-07-24T16:40:50.992811-07:00,10.0,95.5962085723877,1564011651.119429,8.906075100766287,POINT (-122.25525193859102 37.8693472082148),ios,0.41742654816662644,0.29285715808294027,-0.15008385757423295
178,distance,0,-122.25523768935562,1.1100000143051147,1564011653.9927285,86.8359375,37.869347753038504,3.0,2019-07-24T16:40:53.992728-07:00,10.0,95.37776374816895,1564011654.114537,8.906908411251175,POINT (-122.25523768935562 37.869347753038504),ios,1.2959739336227563,-0.15738206958063483,-0.5485872160437368
179,distance,0,-122.25522293720604,1.2899999618530273,1564011654.992701,87.1875,37.86934729203383,3.0,2019-07-24T16:40:54.992701-07:00,10.0,95.39607429504395,1564011655.1120028,8.907186181412802,POINT (-122.25522293720604 37.86934729203383),ios,1.138596179165203,-0.705954244385147,0.9128265021792691
180,distance,0,-122.25521002907516,1.309999942779541,1564011655.9926739,79.8046875,37.86934628620545,3.0,2019-07-24T16:40:55.992674-07:00,10.0,95.10408210754395,1564011656.104867,8.90746395164066,POINT (-122.25521002907516 37.86934628620545),ios,0.43266112241735183,0.20684744742719383,0.017017397311232717
181,distance,0,-122.25519527692558,0.6899999976158142,1564011658.9925916,87.1875,37.86934548992465,3.0,2019-07-24T16:40:58.992592-07:00,10.0,95.29268074035645,1564011659.114836,8.908297262125545,POINT (-122.25519527692558 37.86934548992465),ios,1.0531864505842286,0.25789823960492,-0.10760109164346307
182,distance,0,-122.2551713046825,1.350000023841858,1564011660.9925365,74.1796875,37.869346328114965,3.0,2019-07-24T16:41:00.992537-07:00,10.0,95.20051765441895,1564011661.1196408,8.908852802382576,POINT (-122.2551713046825 37.869346328114965),ios,1.5689687261280136,0.042701982414950476,-0.09678600047064051
183,distance,0,-122.25515345122875,1.350000023841858,1564011661.992509,79.453125,37.86934565756271,3.0,2019-07-24T16:41:01.992509-07:00,10.0,95.3976001739502,1564011662.120113,8.909130572477977,POINT (-122.25515345122875 37.86934565756271),ios,1.6116695275532313,-0.05408134128832777,0.28855106395744434
184,distance,0,-122.25513568159403,1.350000023841858,1564011662.9924812,82.96875,37.86934201143483,3.0,2019-07-24T16:41:02.992481-07:00,10.0,95.36409187316895,1564011663.109024,8.909408342573379,POINT (-122.25513568159403 37.86934201143483),ios,1.557589681968503,0.23446174234069522,-0.29458531879588673
185,distance,0,-122.2551184148735,1.3600000143051147,1564011663.992454,83.671875,37.86933878440211,3.0,2019-07-24T16:41:03.992454-07:00,10.0,95.6150074005127,1564011664.1206222,8.909686112801234,POINT (-122.2551184148735 37.86933878440211),ios,1.7920450517051554,-0.060115569709294464,0.005629358230608111
186,distance,0,-122.2550988850391,1.2899999618530273,1564011664.9924269,87.5390625,37.869334090536334,3.0,2019-07-24T16:41:04.992427-07:00,10.0,95.68477058410645,1564011665.1231751,8.90996388302909,POINT (-122.2550988850391 37.869334090536334),ios,1.731931115920094,-0.05448636448305568,0.12360718126639515
187,distance,0,-122.25507969048084,1.3799999952316284,1564011665.9923985,84.375,37.86933048631797,3.0,2019-07-24T16:41:05.992399-07:00,10.0,95.6141529083252,1564011666.1154099,8.910241652925809,POINT (-122.25507969048084 37.86933048631797),ios,1.6774462973138689,0.06911730982376507,-0.10547615189141708
188,distance,0,-122.25506091501774,1.2899999618530273,1564011666.9923713,87.890625,37.86932767838041,3.0,2019-07-24T16:41:06.992371-07:00,10.0,95.52510261535645,1564011667.1184359,8.910519423153666,POINT (-122.25506091501774 37.86932767838041),ios,1.7465617285486428,-0.03635597525558602,0.06679884292216606
189,distance,0,-122.25504130136432,1.2699999809265137,1564011667.992344,87.5390625,37.86932503808091,3.0,2019-07-24T16:41:07.992344-07:00,10.0,95.65486335754395,1564011668.109294,8.910797193315293,POINT (-122.25504130136432 37.86932503808091),ios,1.7102067501061524,0.03044103616678031,-0.42328493708866993
190,distance,0,-122.25502202298702,1.2699999809265137,1564011668.9923167,91.0546875,37.86932281687657,3.0,2019-07-24T16:41:08.992317-07:00,10.0,95.97334480285645,1564011669.115052,8.91107496354315,POINT (-122.25502202298702 37.86932281687657),ios,1.7406469588941536,-0.3928323961566585,-0.18075316686299175
191,distance,0,-122.25500224169554,1.309999942779541,1564011669.9922888,83.671875,37.869321727229156,3.0,2019-07-24T16:41:09.992289-07:00,10.0,96.0208911895752,1564011670.118599,8.911352733572324,POINT (-122.25500224169554 37.869321727229156),ios,1.347825520786876,-0.5735805209148045,0.7889552818367719
192,distance,0,-122.25498690281273,1.309999942779541,1564011670.9922621,79.1015625,37.86932227205286,3.0,2019-07-24T16:41:10.992262-07:00,10.0,96.2734546661377,1564011671.117511,8.911630503932635,POINT (-122.25498690281273 37.86932227205286),ios,0.7742603161243846,0.21535369354307313,-0.014707282748464183
193,distance,0,-122.25496930081607,0.8600000143051147,1564011672.9922073,77.34375,37.86932319406221,3.0,2019-07-24T16:41:12.992207-07:00,10.0,97.07710456848145,1564011673.113133,8.912186044255892,POINT (-122.25496930081607 37.86932319406221),ios,1.2049558940165586,0.1859399345387195,-0.4213458850922757
194,distance,0,-122.2549556383139,0.8600000143051147,1564011673.9921794,84.375,37.86932424180011,3.0,2019-07-24T16:41:13.992179-07:00,10.0,97.44954109191895,1564011674.1237512,8.912463814285067,POINT (-122.2549556383139 37.86932424180011),ios,1.390890641765684,-0.23539419712114984,0.19874496568445205
195,distance,0,-122.25493979651691,0.8700000047683716,1564011674.9921527,93.8671875,37.86932399034301,3.0,2019-07-24T16:41:14.992153-07:00,10.0,98.0523853302002,1564011675.1150122,8.912741584645378,POINT (-122.25493979651691 37.86932399034301),ios,1.155502730347735,-0.03665453849983784,-0.03474338315642243
196,distance,0,-122.25492663692893,0.949999988079071,1564011675.9921243,93.515625,37.86932373888592,3.0,2019-07-24T16:41:15.992124-07:00,10.0,98.09834480285645,1564011676.1236,8.913019354542097,POINT (-122.25492663692893 37.86932373888592),ios,1.1188492318035326,-0.07139693592356287,0.17987489186220249
197,distance,0,-122.25491389643611,0.8700000047683716,1564011676.9920979,93.8671875,37.869323445519306,3.0,2019-07-24T16:41:16.992098-07:00,10.0,97.93489265441895,1564011677.191671,8.913297124968635,POINT (-122.25491389643611 37.869323445519306),ios,1.0474541853614874,0.10847319564634876,-0.07496378701893093
198,distance,0,-122.2549019941336,0.8999999761581421,1564011677.992071,93.8671875,37.86932277496705,3.0,2019-07-24T16:41:17.992071-07:00,10.0,97.9128589630127,1564011678.097118,8.913574895262718,POINT (-122.2549019941336 37.86932277496705),ios,1.1559244585989912,0.033511428249250956,0.23793219438364396
199,distance,0,-122.25488883454562,0.8999999761581421,1564011678.9920435,93.8671875,37.869323152152695,3.0,2019-07-24T16:41:18.992043-07:00,10.0,97.96736335754395,1564011679.112308,8.913852665424347,POINT (-122.25488883454562 37.869323152152695),ios,1.1894349680273248,0.27143709897548857,-0.20743517356595556
200,distance,0,-122.25487533968152,0.8500000238418579,1564011679.992015,93.8671875,37.86932411607156,3.0,2019-07-24T16:41:19.992015-07:00,10.0,97.90608406066895,1564011680.113992,8.914130435254839,POINT (-122.25487533968152 37.86932411607156),ios,1.460864301125119,0.06400786017745345,-0.09600839534934931
201,distance,0,-122.25485899497033,1.2799999713897705,1564011680.9919882,73.125,37.869326588732996,3.0,2019-07-24T16:41:20.991988-07:00,10.0,97.9517993927002,1564011681.118946,8.91440820561515,POINT (-122.25485899497033 37.869326588732996),ios,1.524870452108308,-0.03199797147115334,0.16255888331620452
202,distance,0,-122.25484298553528,1.25,1564011681.9919608,64.6875,37.86933191124151,3.0,2019-07-24T16:41:21.991961-07:00,10.0,97.93867683410645,1564011682.1171021,8.914685975776779,POINT (-122.25484298553528 37.86933191124151),ios,1.4928733579619073,0.13055645478338343,-0.09563350463195362
203,distance,0,-122.25482965830923,1.2799999713897705,1564011682.9919329,55.546875,37.869340251235165,3.0,2019-07-24T16:41:22.991933-07:00,10.0,98.0249195098877,1564011683.11144,8.914963745805952,POINT (-122.25482965830923 37.869340251235165),ios,1.623426170876411,0.034925617845531616,-0.1101659366145221
204,distance,0,-122.25481700163544,1.2599999904632568,1564011683.9919057,44.6484375,37.86935089625219,3.0,2019-07-24T16:41:23.991906-07:00,10.0,97.83589363098145,1564011684.117178,8.915241516033808,POINT (-122.25481700163544 37.86935089625219),ios,1.658350839453498,-0.07523732448989817,-0.09766377385645891
205,distance,0,-122.25480451259972,1.340000033378601,1564011684.9918783,42.890625,37.86936208609293,3.0,2019-07-24T16:41:24.991878-07:00,10.0,97.91267585754395,1564011685.125998,8.915519286195437,POINT (-122.25480451259972 37.86936208609293),ios,1.58311557783084,-0.17289842058766494,-0.16613236767333822
206,distance,0,-122.25479185592593,1.340000033378601,1564011685.9918494,49.5703125,37.869372228195765,3.0,2019-07-24T16:41:25.991849-07:00,10.0,97.8379077911377,1564011686.1393871,8.915797055959702,POINT (-122.25479185592593 37.869372228195765),ios,1.4102221451288626,-0.3390259955667949,0.20741444930650993
207,distance,0,-122.25477886397601,1.1100000143051147,1564011686.9918232,58.0078125,37.86937968808959,3.0,2019-07-24T16:41:26.991823-07:00,10.0,97.97932624816895,1564011687.126834,8.916074826452467,POINT (-122.25477886397601 37.86937968808959),ios,1.0712050408726432,-0.13161698592069676,0.4584201918473238
208,distance,0,-122.25477207463445,1.100000023841858,1564011687.9917955,62.9296875,37.869387692807116,3.0,2019-07-24T16:41:27.991796-07:00,10.0,97.7400074005127,1564011688.110506,8.916352596547869,POINT (-122.25477207463445 37.869387692807116),ios,0.9395916950243797,0.3267905276032975,-0.14994489203610994
209,distance,0,-122.25475464027585,1.3899999856948853,1564011689.991741,66.796875,37.86939749963383,3.0,2019-07-24T16:41:29.991741-07:00,10.0,97.8614673614502,1564011690.117964,8.916908136937353,POINT (-122.25475464027585 37.86939749963383),ios,1.5931549081692593,0.026908930200493158,-0.27461651662824066
210,distance,0,-122.2547378764695,1.3899999856948853,1564011690.9917138,75.234375,37.869402989780404,3.0,2019-07-24T16:41:30.991714-07:00,10.0,97.66914558410645,1564011691.12636,8.917185907165209,POINT (-122.2547378764695 37.869402989780404),ios,1.6200631069926175,-0.24770012242826256,0.20557678943735277
211,distance,0,-122.25471985537769,1.2799999713897705,1564011691.9916859,78.75,37.869406132994094,3.0,2019-07-24T16:41:31.991686-07:00,10.0,97.7181568145752,1564011692.124584,8.917463677194384,POINT (-122.25471985537769 37.869406132994094),ios,1.372369894152769,-0.042129067550055736,0.04379329722709498
212,distance,0,-122.25470426503779,1.2200000286102295,1564011692.9916592,84.0234375,37.86940705500344,3.0,2019-07-24T16:41:32.991659-07:00,10.0,97.5731372833252,1564011693.131207,8.917741447554695,POINT (-122.25470426503779 37.86940705500344),ios,1.3302419515701849,0.0016630602698409485,-0.18556806554896976
213,distance,0,-122.25468934525014,1.2200000286102295,1564011693.991631,97.03125,37.86940495952765,3.0,2019-07-24T16:41:33.991631-07:00,10.0,97.3973560333252,1564011694.12555,8.91801921751764,POINT (-122.25468934525014 37.86940495952765),ios,1.3319049650524988,-0.18389978461993606,-0.034861383551416554
214,distance,0,-122.2546744254625,1.1699999570846558,1564011694.9916039,96.6796875,37.869402780232825,3.0,2019-07-24T16:41:34.991604-07:00,10.0,97.1522388458252,1564011695.1161752,8.918296987745498,POINT (-122.2546744254625 37.869402780232825),ios,1.1480101787768522,-0.21876022064877798,0.388436240354277
215,distance,0,-122.2546620202458,1.1699999570846558,1564011695.9915767,96.328125,37.86939951129059,3.0,2019-07-24T16:41:35.991577-07:00,10.0,97.05769538879395,1564011696.115459,8.918574757973353,POINT (-122.2546620202458 37.86939951129059),ios,0.9292559039691849,0.16966546211801833,-0.03762818269685817
216,distance,0,-122.25464106548787,0.9100000262260437,1564011697.9915214,95.625,37.86940190013299,3.0,2019-07-24T16:41:37.991521-07:00,10.0,96.68794441223145,1564011698.127211,8.919130298164156,POINT (-122.25464106548787 37.86940190013299),ios,1.2685774434807926,0.09441117805612383,-0.24164443313991693
217,distance,0,-122.25462731916667,0.9100000262260437,1564011698.9914927,78.046875,37.869405420532324,3.0,2019-07-24T16:41:38.991493-07:00,10.0,96.5274829864502,1564011699.1589441,8.919408067994647,POINT (-122.25462731916667 37.869405420532324),ios,1.3629859204114456,-0.14722634158110545,0.0025623767266734375
218,distance,0,-122.25461239937903,1.090000033378601,1564011699.9914672,95.625,37.86940881520311,3.0,2019-07-24T16:41:39.991467-07:00,10.0,96.4154224395752,1564011700.113966,8.919685838686096,POINT (-122.25461239937903 37.86940881520311),ios,1.215763334690323,-0.14466403022268137,0.17091709687072545
219,distance,0,-122.25459932361008,1.090000033378601,1564011700.9914398,95.2734375,37.86941241942147,3.0,2019-07-24T16:41:40.991440-07:00,10.0,96.3546314239502,1564011701.125328,8.919963608847723,POINT (-122.25459932361008 37.86941241942147),ios,1.0711032708857828,0.026248380419735366,0.21952426348094337
220,distance,0,-122.2545880080408,0.9900000095367432,1564011701.9914093,95.2734375,37.869416023639836,3.0,2019-07-24T16:41:41.991409-07:00,10.0,96.3465747833252,1564011702.2435951,8.920241378148397,POINT (-122.2545880080408 37.869416023639836),ios,1.097350850268518,0.24576594455181763,-0.27052166563580515
221,distance,0,-122.2545761057383,0.9900000095367432,1564011702.9913843,95.2734375,37.86941904112498,3.0,2019-07-24T16:41:42.991384-07:00,10.0,96.3800220489502,1564011703.105307,8.9205191489723,POINT (-122.2545761057383 37.86941904112498),ios,1.34311064232777,-0.024748948857918167,-0.2102741212394046
222,distance,0,-122.25456143740774,1.0,1564011703.991357,78.046875,37.86942247770528,3.0,2019-07-24T16:41:43.991357-07:00,10.0,96.3954029083252,1564011704.11116,8.920796919200155,POINT (-122.25456143740774 37.86942247770528),ios,1.3183623661393031,-0.2350173549060011,0.2332370537859927
223,distance,0,-122.25454727199138,1.100000023841858,1564011704.9913294,75.9375,37.86942641719977,3.0,2019-07-24T16:41:44.991329-07:00,10.0,96.06245613098145,1564011705.106577,8.921074689295557,POINT (-122.25454727199138 37.86942641719977),ios,1.0833515110037453,-0.0017867516534554703,-0.2620091370195964
224,distance,0,-122.25453553732694,1.100000023841858,1564011705.9913025,73.4765625,37.86942943468491,3.0,2019-07-24T16:41:45.991302-07:00,10.0,96.06599617004395,1564011706.089577,8.92135245958964,POINT (-122.25453553732694 37.86942943468491),ios,1.0815648074877011,-0.2637888298064358,-0.1451180457462732
225,distance,0,-122.25452363502444,1.0399999618530273,1564011706.9912753,78.046875,37.86943194925586,3.0,2019-07-24T16:41:46.991275-07:00,10.0,96.03938484191895,1564011707.1008,8.921630229817497,POINT (-122.25452363502444 37.86943194925586),ios,0.8177831473872756,-0.4089029312851464,0.20445714459606473
226,distance,0,-122.2545050271994,0.7900000214576721,1564011708.9912198,123.75,37.86943270362715,3.0,2019-07-24T16:41:48.991220-07:00,10.0,96.00618171691895,1564011709.09252,8.922185769942072,POINT (-122.2545050271994 37.86943270362715),ios,0.0,0.0,0.0
