,accuracy,altitude,bearing,elapsedRealtimeNanos,filter,fmt_time,latitude,longitude,sensed_speed,ts,write_ts,hr,geometry,source,speed,acceleration,jerk
0,7.0,53.0,174,1804369303843800,time,2019-07-24T16:37:19.397000-07:00,37.869375,-122.2575854,0.72560316,1564011439.397,1564011440.889,8.823617222242886,POINT (-122.2575854 37.869375),android,0.22651368275219258,0.4346482795001512,0.7686839967830063
1,6.257,58.0,0,1804370407535154,time,2019-07-24T16:37:21-07:00,37.8693719,-122.2575841,0.0,1564011441.0,1564011442.043,8.8240625,POINT (-122.2575841 37.8693719),android,0.9232548424589286,1.6668486691635238,-3.299033819989899
2,6.389,56.0,98,1804371416040987,time,2019-07-24T16:37:22-07:00,37.8693668,-122.2575758,0.99045444,1564011442.0,1564011442.856,8.824340277777777,POINT (-122.2575758 37.8693668),android,2.5901035116224524,-1.6321851508263754,1.9083961139113257
3,4.664,55.0,121,1804372355464059,time,2019-07-24T16:37:23-07:00,37.8693457,-122.2575633,1.0604244,1564011443.0,1564011443.793,8.824618055555556,POINT (-122.2575633 37.8693457),android,0.9579183607960771,0.2762109630849503,-0.4108458155663768
4,4.15,58.0,101,1804373429157809,time,2019-07-24T16:37:24-07:00,37.8693389,-122.2575566,1.0692053,1564011444.0,1564011444.88,8.824895833333333,POINT (-122.2575566 37.8693389),android,1.2341293238810274,-0.13463485248142648,-0.4664558852770597
5,3.478,57.0,91,1804374685573798,time,2019-07-24T16:37:25-07:00,37.8693358,-122.2575431,1.1859596,1564011445.0,1564011446.113,8.825173611111111,POINT (-122.2575431 37.8693358),android,1.0994944713996009,-0.6010907377584862,0.7708334499564764
6,3.0,55.0,124,1804375409000516,time,2019-07-24T16:37:26-07:00,37.8693267,-122.2575382,1.0062306,1564011446.0,1564011446.88,8.825451388888888,POINT (-122.2575382 37.8693267),android,0.4984037336411146,0.16974271219799025,0.49732189495560813
7,3.0,55.0,149,1804376415191245,time,2019-07-24T16:37:27-07:00,37.8693285,-122.257533,1.0907338,1564011447.0,1564011447.86,8.825729166666667,POINT (-122.257533 37.8693285),android,0.6681464458391049,0.6670646071535984,-0.09667316180744256
8,3.0,55.0,155,1804377435766922,time,2019-07-24T16:37:28-07:00,37.8693258,-122.2575262,1.372953,1564011448.0,1564011448.903,8.826006944444444,POINT (-122.2575262 37.8693258),android,1.3352110529927033,0.5703914453461558,-1.1563986128776664
9,3.0,56.0,154,1804378373813015,time,2019-07-24T16:37:29-07:00,37.8693148,-122.2575201,1.450138,1564011449.0,1564011449.79,8.826284722222223,POINT (-122.2575201 37.8693148),android,1.905602498338859,-0.5860071675315106,0.6129008701154095
10,3.049,56.0,158,1804379514102390,time,2019-07-24T16:37:30-07:00,37.8692984,-122.2575138,1.3,1564011450.0,1564011450.958,8.8265625,POINT (-122.2575138 37.8692984),android,1.3195953308073485,0.026893702583898893,-0.029105810063803972
11,3.004,56.0,163,1804380441089265,time,2019-07-24T16:37:31-07:00,37.8692866,-122.2575122,1.401285,1564011451.0,1564011451.867,8.826840277777778,POINT (-122.2575122 37.8692866),android,1.3464890333912474,-0.002212107479905079,0.033935820767820646
12,3.007,56.0,169,1804381445319629,time,2019-07-24T16:37:32-07:00,37.8692745,-122.2575116,1.342386,1564011452.0,1564011452.87,8.827118055555555,POINT (-122.2575116 37.8692745),android,1.3442769259113423,0.03172371328791557,0.2697028151593126
13,3.0,57.0,150,1804382449310149,time,2019-07-24T16:37:33-07:00,37.8692626,-122.2575089,1.3018832,1564011453.0,1564011453.901,8.827395833333334,POINT (-122.2575089 37.8692626),android,1.3760006391992579,0.30142652844722817,-0.8831848818702137
14,3.0,58.0,161,1804383696773690,time,2019-07-24T16:37:34-07:00,37.8692507,-122.2575046,1.25,1564011454.0,1564011455.133,8.827673611111111,POINT (-122.2575046 37.8692507),android,1.677427167646486,-0.5817583534229855,0.8823334925061745
15,3.0,57.0,166,1804384427920096,time,2019-07-24T16:37:35-07:00,37.8692359,-122.2575009,1.2014991,1564011455.0,1564011455.865,8.82795138888889,POINT (-122.2575009 37.8692359),android,1.0956688142235005,0.300575139083189,-0.22312783402897374
16,3.0,56.0,160,1804385420881710,time,2019-07-24T16:37:36-07:00,37.8692261,-122.2574996,1.4840822,1564011456.0,1564011456.866,8.828229166666667,POINT (-122.2574996 37.8692261),android,1.3962439533066895,0.07744730505421527,-0.4382245395947457
17,3.0,55.0,160,1804386426975564,time,2019-07-24T16:37:37-07:00,37.8692138,-122.2574964,1.6300306,1564011457.0,1564011457.878,8.828506944444445,POINT (-122.2574964 37.8692138),android,1.4736912583609048,-0.36077723454053046,0.12157978330267372
18,3.0,55.0,160,1804387650515876,time,2019-07-24T16:37:38-07:00,37.8692011,-122.2574916,1.3703284,1564011458.0,1564011459.083,8.828784722222222,POINT (-122.2574916 37.8692011),android,1.1129140238203743,-0.23919745123785674,1.05908146575698
19,3.001,56.0,160,1804388447447282,time,2019-07-24T16:37:39-07:00,37.8691922,-122.2574858,0.9104944,1564011459.0,1564011459.885,8.8290625,POINT (-122.2574858 37.8691922),android,0.8737165725825176,0.8198840145191233,-0.7373026344058404
20,3.043,56.0,161,1804389446682698,time,2019-07-24T16:37:40-07:00,37.8691855,-122.2574806,1.132166,1564011460.0,1564011460.885,8.829340277777778,POINT (-122.2574806 37.8691855),android,1.6936005871016409,0.08258138011328287,-0.21152977010867802
21,3.088,57.0,160,1804390453413479,time,2019-07-24T16:37:41-07:00,37.8691706,-122.2574766,1.1603879,1564011461.0,1564011461.891,8.829618055555555,POINT (-122.2574766 37.8691706),android,1.7761819672149237,-0.12894838999539515,-0.08397605592476554
22,3.018,56.0,160,1804391608503322,time,2019-07-24T16:37:42-07:00,37.8691555,-122.25747,1.1428473,1564011462.0,1564011463.02,8.829895833333333,POINT (-122.25747 37.8691555),android,1.6472335772195286,-0.2129244459201607,-0.6089068658787259
23,3.0,56.0,160,1804392441385093,time,2019-07-24T16:37:43-07:00,37.8691412,-122.2574651,1.1335784,1564011463.0,1564011463.871,8.83017361111111,POINT (-122.2574651 37.8691412),android,1.4343091312993679,-0.8218313117988866,1.337142610044594
24,3.067,54.0,160,1804393352517072,time,2019-07-24T16:37:44-07:00,37.8691294,-122.2574585,0.9879271,1564011464.0,1564011464.802,8.83045138888889,POINT (-122.2574585 37.8691294),android,0.6124778195004813,0.5153112982457074,-0.5485712800993524
25,3.036,55.0,161,1804394440211811,time,2019-07-24T16:37:45-07:00,37.8691241,-122.2574566,0.80529493,1564011465.0,1564011465.894,8.830729166666666,POINT (-122.2574566 37.8691241),android,1.1277891177461887,-0.03325998185364498,-0.3430810479441898
26,3.0,57.0,156,1804395447503633,time,2019-07-24T16:37:46-07:00,37.8691146,-122.2574521,1.28082,1564011466.0,1564011466.897,8.831006944444445,POINT (-122.2574521 37.8691146),android,1.0945291358925437,-0.3763410297978348,0.3441528463106239
27,3.0,57.0,156,1804396754146185,time,2019-07-24T16:37:47-07:00,37.8691052,-122.2574484,1.1403947,1564011467.0,1564011468.178,8.831284722222222,POINT (-122.2574484 37.8691052),android,0.718188106094709,-0.032188183487210864,-0.19681961084264693
28,3.247,57.0,156,1804397447460716,time,2019-07-24T16:37:48-07:00,37.8690994,-122.2574448,1.3700365,1564011468.0,1564011468.892,8.8315625,POINT (-122.2574448 37.8690994),android,0.6859999226074981,-0.2290077943298578,0.6783187733137439
29,3.806,57.0,149,1804398444260819,time,2019-07-24T16:37:49-07:00,37.8690941,-122.2574408,1.4400347,1564011469.0,1564011469.9,8.831840277777777,POINT (-122.2574408 37.8690941),android,0.4569921282776403,0.4493109789838861,-0.7743165365742293
30,4.479,57.0,93,1804399438389100,time,2019-07-24T16:37:50-07:00,37.8690939,-122.2574356,0.8902247,1564011470.0,1564011470.87,8.832118055555556,POINT (-122.2574356 37.8690939),android,0.9063031072615264,-0.3250055575903431,0.9563426420766568
31,5.235,58.0,64,1804400443395090,time,2019-07-24T16:37:51-07:00,37.8690969,-122.257426,1.6507574,1564011471.0,1564011471.872,8.832395833333333,POINT (-122.257426 37.8690969),android,0.5812975496711833,0.6313370844863136,-0.4473993776525639
32,6.129,58.0,87,1804401444967850,time,2019-07-24T16:37:52-07:00,37.8690959,-122.2574195,0.83006024,1564011472.0,1564011472.893,8.832673611111112,POINT (-122.2574195 37.8690959),android,1.212634634157497,0.18393770683374977,0.6753755757039805
33,6.22,58.0,0,1804402447238891,time,2019-07-24T16:37:53-07:00,37.8690892,-122.2574086,0.0,1564011473.0,1564011473.897,8.832951388888889,POINT (-122.2574086 37.8690892),android,1.3965723409912467,0.8593132825377303,-1.5181247037674652
34,6.099,57.0,147,1804403445572640,time,2019-07-24T16:37:54-07:00,37.869078,-122.2574014,0.37735924,1564011474.0,1564011474.895,8.833229166666667,POINT (-122.2574014 37.869078),android,2.255885623528977,-0.6588114212297349,0.47559455071326595
35,5.417,56.0,145,1804404723619514,time,2019-07-24T16:37:55-07:00,37.8690581,-122.2574064,0.52611786,1564011475.0,1564011476.162,8.833506944444444,POINT (-122.2574064 37.8690581),android,1.5970742022992421,-0.18321687051646895,-0.2264766755601395
36,4.77,55.0,130,1804405429628680,time,2019-07-24T16:37:56-07:00,37.8690438,-122.2574047,0.68007356,1564011476.0,1564011476.893,8.833784722222223,POINT (-122.2574047 37.8690438),android,1.4138573317827732,-0.40969354607660846,0.2984152912324549
37,4.519,56.0,139,1804406453442586,time,2019-07-24T16:37:57-07:00,37.869032,-122.2573987,0.81154174,1564011477.0,1564011477.878,8.8340625,POINT (-122.2573987 37.869032),android,1.0041637857061647,-0.11127825484415355,0.11355217168791454
38,4.4,57.0,150,1804407449736232,time,2019-07-24T16:37:58-07:00,37.8690236,-122.2573945,0.74431175,1564011478.0,1564011478.869,8.834340277777779,POINT (-122.2573945 37.8690236),android,0.8928855308620112,0.0022739168437609925,0.48742276011362407
39,4.194,58.0,131,1804408448132533,time,2019-07-24T16:37:59-07:00,37.8690177,-122.2573876,0.64,1564011479.0,1564011479.881,8.834618055555556,POINT (-122.2573876 37.8690177),android,0.8951594477057722,0.48969667695738506,-0.3840600511292548
40,4.188,57.0,126,1804409452653054,time,2019-07-24T16:38:00-07:00,37.8690135,-122.2573789,0.58034474,1564011480.0,1564011480.882,8.834895833333333,POINT (-122.2573789 37.8690135),android,1.3848561246631572,0.10563662582813027,-0.4555730532744995
41,3.91,57.0,127,1804410449035553,time,2019-07-24T16:38:01-07:00,37.8690058,-122.2573665,1.09,1564011481.0,1564011481.872,8.835173611111111,POINT (-122.2573665 37.8690058),android,1.4904927504912875,-0.3499364274463692,0.3261691531379214
42,3.779,57.0,115,1804411443506386,time,2019-07-24T16:38:02-07:00,37.8690045,-122.2573496,1.4605479,1564011482.0,1564011482.882,8.835451388888888,POINT (-122.2573496 37.8690045),android,1.1405563230449183,-0.023767274308447828,0.26764741378622015
43,3.704,59.0,113,1804412712960812,time,2019-07-24T16:38:03-07:00,37.8690017,-122.2573371,1.321363,1564011483.0,1564011484.146,8.835729166666667,POINT (-122.2573371 37.8690017),android,1.1167890487364704,0.24388013947777232,0.5527128568343975
44,3.594,59.0,94,1804413451804770,time,2019-07-24T16:38:04-07:00,37.8690011,-122.2573244,1.4003214,1564011484.0,1564011484.92,8.836006944444444,POINT (-122.2573244 37.8690011),android,1.3606691882142428,0.7965929963121698,-1.444567074669217
45,3.65,59.0,96,1804414455263780,time,2019-07-24T16:38:05-07:00,37.8689987,-122.2573092,1.5033296,1564011485.0,1564011485.889,8.836284722222222,POINT (-122.2573092 37.8689987),android,2.1572621845264126,-0.6479740783570471,0.5359673650651076
46,3.323,60.0,86,1804415442769405,time,2019-07-24T16:38:06-07:00,37.8689949,-122.2572851,1.5408114,1564011486.0,1564011486.912,8.8365625,POINT (-122.2572851 37.8689949),android,1.5092881061693655,-0.11200671329193956,0.3499836042928477
47,3.446,60.0,83,1804416686980706,time,2019-07-24T16:38:07-07:00,37.8689924,-122.2572682,1.3106105,1564011487.0,1564011488.095,8.836840277777778,POINT (-122.2572682 37.8689924),android,1.397281392877426,0.23797689100090813,-0.4213001401608918
48,3.399,60.0,79,1804417444503622,time,2019-07-24T16:38:08-07:00,37.8689918,-122.2572523,1.2606348,1564011488.0,1564011488.886,8.837118055555555,POINT (-122.2572523 37.8689918),android,1.635258283878334,-0.18332324915998366,0.276391581997554
49,3.446,59.0,77,1804418444654299,time,2019-07-24T16:38:09-07:00,37.8689941,-122.2572339,1.2806249,1564011489.0,1564011489.9,8.837395833333334,POINT (-122.2572339 37.8689941),android,1.4519350347183504,0.09306833283757032,-0.18754254756000455
50,3.687,59.0,66,1804419456907840,time,2019-07-24T16:38:10-07:00,37.8689958,-122.2572175,0.75239617,1564011490.0,1564011490.905,8.83767361111111,POINT (-122.2572175 37.8689958),android,1.5450033675559207,-0.09447421472243422,0.3686263211031733
51,3.692,59.0,49,1804420453221173,time,2019-07-24T16:38:11-07:00,37.8689994,-122.2572005,0.74108034,1564011491.0,1564011491.888,8.83795138888889,POINT (-122.2572005 37.8689994),android,1.4505291528334865,0.27415210638073906,-0.716551925800696
52,3.597,59.0,66,1804421750046277,time,2019-07-24T16:38:12-07:00,37.869001,-122.2571841,0.88277966,1564011492.0,1564011493.178,8.838229166666666,POINT (-122.2571841 37.869001),android,1.7246812592142255,-0.442399819419957,0.6966452289152347
53,3.216,60.0,72,1804422447994453,time,2019-07-24T16:38:13-07:00,37.8690029,-122.2571646,1.0107918,1564011493.0,1564011493.893,8.838506944444445,POINT (-122.2571646 37.8690029),android,1.2822814397942686,0.25424540949527774,-0.5965106107670528
54,3.14,60.0,91,1804423449100391,time,2019-07-24T16:38:14-07:00,37.8690015,-122.2571501,1.0,1564011494.0,1564011494.867,8.838784722222222,POINT (-122.2571501 37.8690015),android,1.5365268492895463,-0.34226520127177507,0.2560305374742249
55,3.13,59.0,89,1804424451183463,time,2019-07-24T16:38:15-07:00,37.8689979,-122.2571332,1.0907338,1564011495.0,1564011495.939,8.8390625,POINT (-122.2571332 37.8689979),android,1.1942616480177712,-0.08623466379755018,0.7388530948756813
56,3.084,59.0,73,1804425427243931,time,2019-07-24T16:38:16-07:00,37.8689982,-122.2571196,1.1903782,1564011496.0,1564011496.903,8.839340277777778,POINT (-122.2571196 37.8689982),android,1.108026984220221,0.6526184310781311,-1.0873798221144344
57,3.0,58.0,77,1804426430259608,time,2019-07-24T16:38:17-07:00,37.8689988,-122.257107,1.1600431,1564011497.0,1564011497.895,8.839618055555556,POINT (-122.257107 37.8689988),android,1.7606454152983522,-0.4347613910363033,0.5470968628767245
58,3.014,58.0,82,1804427446748670,time,2019-07-24T16:38:18-07:00,37.8689976,-122.257087,1.51,1564011498.0,1564011498.893,8.839895833333333,POINT (-122.257087 37.8689976),android,1.3258840242620489,0.11233547184042125,-0.0016465181990488187
59,3.054,58.0,84,1804428447476899,time,2019-07-24T16:38:19-07:00,37.8689973,-122.2570719,1.3300377,1564011499.0,1564011499.888,8.840173611111112,POINT (-122.2570719 37.8689973),android,1.4382194961024701,0.11068895364137243,-0.6885002572191324
60,3.049,58.0,68,1804429450253253,time,2019-07-24T16:38:20-07:00,37.8689997,-122.2570558,1.1201786,1564011500.0,1564011500.908,8.840451388888889,POINT (-122.2570558 37.8689997),android,1.5489084497438426,-0.57781130357776,0.8472439557632074
61,3.028,58.0,65,1804430763058460,time,2019-07-24T16:38:21-07:00,37.8690007,-122.2570382,1.1007271,1564011501.0,1564011502.186,8.840729166666666,POINT (-122.2570382 37.8690007),android,0.9710971461660826,0.26943265218544743,0.5267854697435216
62,3.239,61.0,57,1804431445711689,time,2019-07-24T16:38:22-07:00,37.8690032,-122.2570276,1.1301769,1564011502.0,1564011502.895,8.841006944444445,POINT (-122.2570276 37.8690032),android,1.24052979835153,0.796218121928969,-1.899257774935501
63,3.506,60.0,67,1804432452999189,time,2019-07-24T16:38:23-07:00,37.8690065,-122.2570141,0.9004998,1564011503.0,1564011503.885,8.841284722222222,POINT (-122.2570141 37.8690065),android,2.036747920280499,-1.103039653006532,0.6635558817343881
64,3.207,60.0,78,1804433452958512,time,2019-07-24T16:38:24-07:00,37.8690068,-122.2569909,1.1,1564011504.0,1564011504.885,8.8415625,POINT (-122.2569909 37.8690068),android,0.9337082672739669,-0.43948377127214394,0.12397474130683223
65,3.085,60.0,76,1804434437197730,time,2019-07-24T16:38:25-07:00,37.8690061,-122.2569803,1.0300485,1564011505.0,1564011505.869,8.841840277777777,POINT (-122.2569803 37.8690061),android,0.494224496001823,-0.3155090299653117,0.6288163424627846
66,3.015,60.0,78,1804435422914396,time,2019-07-24T16:38:26-07:00,37.8690076,-122.256975,0.9,1564011506.0,1564011506.861,8.842118055555556,POINT (-122.256975 37.8690076),android,0.1787154660365113,0.3133073124974729,-0.03189415544922147
67,4.555,60.0,73,1804436350370698,time,2019-07-24T16:38:27-07:00,37.869009,-122.256974,0.6618913,1564011507.0,1564011507.794,8.842395833333333,POINT (-122.256974 37.869009),android,0.49202277853398424,0.2814131570482514,0.7000883188109787
68,4.981,60.0,85,1804437412137416,time,2019-07-24T16:38:28-07:00,37.869011,-122.256969,1.0331022,1564011508.0,1564011508.843,8.842673611111111,POINT (-122.256969 37.869011),android,0.7734359355822357,0.9815014758592301,-1.261380782905789
69,5.34,61.0,81,1804438422579812,time,2019-07-24T16:38:29-07:00,37.8690131,-122.2569606,1.1204017,1564011509.0,1564011509.885,8.842951388888888,POINT (-122.2569606 37.8690131),android,1.7549374114414658,-0.27987930704655883,0.04480540390994059
70,5.76,61.0,71,1804439424946322,time,2019-07-24T16:38:30-07:00,37.8690175,-122.2569414,1.7801123,1564011510.0,1564011510.884,8.843229166666667,POINT (-122.2569414 37.8690175),android,1.475058104394907,-0.23507390313661825,0.2777593843074899
71,5.977,62.0,73,1804440386216634,time,2019-07-24T16:38:31-07:00,37.8690213,-122.2569253,1.4000357,1564011511.0,1564011511.847,8.843506944444444,POINT (-122.2569253 37.8690213),android,1.2399842012582887,0.042685481170871675,-0.5465453416035871
72,6.174,61.0,16,1804441446163769,time,2019-07-24T16:38:32-07:00,37.8690307,-122.2569177,0.65,1564011512.0,1564011512.882,8.843784722222223,POINT (-122.2569177 37.8690307),android,1.2826696824291604,-0.5038598604327155,0.24773990543015822
73,6.376,60.0,354,1804442421961008,time,2019-07-24T16:38:33-07:00,37.8690406,-122.2569252,0.9604686,1564011513.0,1564011513.836,8.8440625,POINT (-122.2569252 37.8690406),android,0.7788098219964449,-0.25611995500255724,0.19535670571511998
74,6.515,59.0,22,1804443412459237,time,2019-07-24T16:38:34-07:00,37.8690476,-122.2569249,0.81098706,1564011514.0,1564011514.862,8.844340277777778,POINT (-122.2569249 37.8690476),android,0.5226898669938876,-0.06076324928743726,31.202141723277805
75,6.745,59.0,21,1804444415221372,time,2019-07-24T16:38:35-07:00,37.8690523,-122.256925,0.62008065,1564011515.0,1564011515.858,8.844618055555555,POINT (-122.256925 37.8690523),android,0.4619266177064504,31.14137847399037,-538.8813789267348
76,6.904,59.0,21,1804444592000000,time,2019-07-24T16:38:35.939000-07:00,37.8690562,-122.2569251,0.62008065,1564011515.939,1564011516.764,8.84487888885869,POINT (-122.2569251 37.8690562),android,29.703677619127863,-474.86817775163786,7778.794307176696
77,6.67,58.0,0,1804445443033872,time,2019-07-24T16:38:36-07:00,37.8690493,-122.2569438,0.0,1564011516.0,1564011516.826,8.844895833333334,POINT (-122.2569438 37.8690493),android,0.736667149145286,-0.36087931211624946,0.07786336621420936
78,6.515,59.0,0,1804446674107464,time,2019-07-24T16:38:37-07:00,37.8690441,-122.256949,0.0,1564011517.0,1564011518.095,8.845173611111111,POINT (-122.256949 37.8690441),android,0.3757878370290365,-0.2830159459020401,0.2044107302531038
79,6.408,60.0,0,1804447462036370,time,2019-07-24T16:38:38-07:00,37.8690424,-122.2569453,0.0,1564011518.0,1564011518.897,8.84545138888889,POINT (-122.2569453 37.8690424),android,0.0927718911269964,-0.0786052156489363,0.3607884240785813
80,6.335,59.0,0,1804448434848401,time,2019-07-24T16:38:39-07:00,37.8690416,-122.2569456,0.0,1564011519.0,1564011519.867,8.845729166666667,POINT (-122.2569456 37.8690416),android,0.014166675478060097,0.282183208429645,-0.36321934398588485
81,6.283,58.0,0,1804449432400224,time,2019-07-24T16:38:40-07:00,37.8690417,-122.2569455,0.0,1564011520.0,1564011520.874,8.846006944444444,POINT (-122.2569455 37.8690417),android,0.2963498839077051,-0.08103613555623984,0.14167480701056717
82,6.25,57.0,348,1804450378051057,time,2019-07-24T16:38:41-07:00,37.8690433,-122.2569482,0.29427877,1564011521.0,1564011521.81,8.846284722222222,POINT (-122.2569482 37.8690433),android,0.21531374835146527,0.06063867145432733,0.00911760041233245
83,6.205,57.0,0,1804451424207827,time,2019-07-24T16:38:42-07:00,37.8690429,-122.2569506,0.0,1564011522.0,1564011522.857,8.8465625,POINT (-122.2569506 37.8690429),android,0.2759524198057926,0.06975627186665978,-0.27201299656762545
84,6.19,56.0,0,1804452412301941,time,2019-07-24T16:38:43-07:00,37.8690405,-122.2569514,0.07,1564011523.0,1564011523.85,8.846840277777778,POINT (-122.2569514 37.8690405),android,0.3457086916724524,-0.20225672470096567,0.1734706814103707
85,6.179,54.0,0,1804453428082774,time,2019-07-24T16:38:44-07:00,37.8690374,-122.2569517,0.0,1564011524.0,1564011524.853,8.847118055555555,POINT (-122.2569517 37.8690374),android,0.1434519669714867,-0.02878604329059499,3.2039259962070528
86,6.185,54.0,17,1804454412739336,time,2019-07-24T16:38:45-07:00,37.8690386,-122.2569511,0.49,1564011525.0,1564011525.846,8.847395833333334,POINT (-122.2569511 37.8690386),android,0.11466592368089172,3.175139952916458,-67.2462031828636
87,6.314,54.0,17,1804454607000000,time,2019-07-24T16:38:45.953000-07:00,37.8690395,-122.2569506,0.49,1564011525.953,1564011526.766,8.84766055557463,POINT (-122.2569506 37.8690395),android,3.140574516829835,-60.91049629778288,1304.147227675434
88,6.286,55.0,33,1804455448802617,time,2019-07-24T16:38:46-07:00,37.8690389,-122.2569491,0.68,1564011526.0,1564011526.873,8.84767361111111,POINT (-122.2569491 37.8690389),android,0.27778537322590596,0.3843338542789722,-0.2097476121753939
89,6.366,56.0,52,1804456461106888,time,2019-07-24T16:38:47-07:00,37.8690379,-122.2569462,0.77620876,1564011527.0,1564011527.886,8.84795138888889,POINT (-122.2569462 37.8690379),android,0.6621192275048782,0.17458624210357832,-0.3766106321054852
90,6.441,58.0,68,1804457366027825,time,2019-07-24T16:38:48-07:00,37.869034,-122.2569405,0.86492777,1564011528.0,1564011528.821,8.848229166666666,POINT (-122.2569405 37.869034),android,0.8367054696084565,-0.20202439000190686,0.03875328028618791
91,6.454,58.0,88,1804458332206991,time,2019-07-24T16:38:49-07:00,37.8690303,-122.2569322,0.98005104,1564011529.0,1564011529.774,8.848506944444445,POINT (-122.2569322 37.8690303),android,0.6346810796065496,-0.16327110971571895,20.057065117146276
92,6.432,56.0,85,1804459413897512,time,2019-07-24T16:38:50-07:00,37.8690278,-122.2569257,1.08,1564011530.0,1564011530.848,8.848784722222222,POINT (-122.2569257 37.8690278),android,0.47140996989083067,19.893794007430557,-464.49004634052494
93,6.465,56.0,85,1804459610000000,time,2019-07-24T16:38:50.956000-07:00,37.869026,-122.2569211,1.08,1564011530.956,1564011531.8,8.849050277802679,POINT (-122.2569211 37.869026),android,19.489878824381282,-424.15873193350063,9680.187584669988
94,6.425,56.0,77,1804460451119386,time,2019-07-24T16:38:51-07:00,37.869029,-122.2569121,1.1601723,1564011531.0,1564011531.874,8.8490625,POINT (-122.2569121 37.869029),android,0.8269326431803941,1.7686540078287165,-3.3664098757717316
95,6.438,56.0,69,1804461452076469,time,2019-07-24T16:38:52-07:00,37.8690306,-122.2569029,0.8605231,1564011532.0,1564011532.883,8.849340277777777,POINT (-122.2569029 37.8690306),android,2.5955866510091106,-1.597755867943015,2.223848724158033
96,3.944,56.0,68,1804462464948083,time,2019-07-24T16:38:53-07:00,37.8690322,-122.2568734,1.2410077,1564011533.0,1564011533.932,8.849618055555556,POINT (-122.2568734 37.8690322),android,0.9978307830660954,0.6260928562150178,-1.3775250694811945
97,3.312,55.0,70,1804463775631051,time,2019-07-24T16:38:54-07:00,37.869035,-122.2568626,0.8228001,1564011534.0,1564011535.205,8.849895833333333,POINT (-122.2568626 37.869035),android,1.6239236392811132,-0.7514322132661768,0.8783456270025473
98,3.0,54.0,45,1804464455838916,time,2019-07-24T16:38:55-07:00,37.8690395,-122.256845,1.0499524,1564011535.0,1564011535.923,8.850173611111112,POINT (-122.256845 37.8690395),android,0.8724914260149363,0.12691341373637044,0.3254891951481842
99,3.0,52.0,72,1804465448752040,time,2019-07-24T16:38:56-07:00,37.8690402,-122.2568351,0.88141936,1564011536.0,1564011536.897,8.850451388888889,POINT (-122.2568351 37.8690402),android,0.9994048397513068,0.45240260888455464,-0.5284328794459016
100,3.0,54.0,84,1804466446638967,time,2019-07-24T16:38:57-07:00,37.8690422,-122.256824,0.9718539,1564011537.0,1564011537.891,8.850729166666667,POINT (-122.256824 37.8690422),android,1.4518074486358614,-0.07603027056134692,-0.12087408269386524
101,3.0,54.0,86,1804467448373394,time,2019-07-24T16:38:58-07:00,37.8690431,-122.2568075,1.2101653,1564011538.0,1564011538.865,8.851006944444444,POINT (-122.2568075 37.8690431),android,1.3757771780745145,-0.19690435325521216,-0.006218726339126235
102,3.0,54.0,80,1804468446591362,time,2019-07-24T16:38:59-07:00,37.8690454,-122.2567921,1.31,1564011539.0,1564011539.901,8.851284722222223,POINT (-122.2567921 37.8690454),android,1.1788728248193023,-0.2031230795943384,0.42251872461284723
103,3.0,53.0,79,1804469449919903,time,2019-07-24T16:39:00-07:00,37.86905,-122.25678,0.9613012,1564011540.0,1564011540.905,8.8515625,POINT (-122.25678 37.86905),android,0.9757497452249639,0.21939564501850883,-0.20056213215309815
104,3.0,53.0,68,1804470448617143,time,2019-07-24T16:39:01-07:00,37.8690533,-122.2567697,0.74966663,1564011541.0,1564011541.886,8.851840277777777,POINT (-122.2567697 37.8690533),android,1.1951453902434728,0.018833512865410684,0.8577105607016353
105,3.0,56.0,80,1804471446862923,time,2019-07-24T16:39:02-07:00,37.8690556,-122.2567564,1.0001999,1564011542.0,1564011542.897,8.852118055555556,POINT (-122.2567564 37.8690556),android,1.2139789031088835,0.876544073567046,-1.7566072031985778
106,3.0,56.0,80,1804472368611309,time,2019-07-24T16:39:03-07:00,37.8690591,-122.2567433,1.1326518,1564011543.0,1564011543.79,8.852395833333333,POINT (-122.2567433 37.8690591),android,2.0905229766759295,-0.8800631296315318,0.9505811733000946
107,3.254,57.0,80,1804473514984537,time,2019-07-24T16:39:04-07:00,37.8690657,-122.256721,1.1344161,1564011544.0,1564011544.961,8.852673611111111,POINT (-122.256721 37.8690657),android,1.2104598470443977,0.07051804366856285,-0.06299478056467711
108,3.133,56.0,80,1804474459885422,time,2019-07-24T16:39:05-07:00,37.8690691,-122.2567079,1.0500475,1564011545.0,1564011545.921,8.852951388888888,POINT (-122.2567079 37.8690691),android,1.2809778907129605,0.007523263103885736,0.3763969084951555
109,3.051,58.0,80,1804475436668703,time,2019-07-24T16:39:06-07:00,37.8690704,-122.2566934,1.3324039,1564011546.0,1564011546.902,8.853229166666667,POINT (-122.2566934 37.8690704),android,1.2885011538168463,0.38392017159904124,-1.0233251614641923
110,3.01,58.0,80,1804476757201671,time,2019-07-24T16:39:07-07:00,37.8690716,-122.2566788,1.2205327,1564011547.0,1564011548.185,8.853506944444444,POINT (-122.2566788 37.8690716),android,1.6724213254158875,-0.639404989865151,0.6425030772713527
111,3.0,58.0,80,1804477449946046,time,2019-07-24T16:39:08-07:00,37.8690735,-122.2566599,1.1315918,1564011548.0,1564011548.907,8.853784722222223,POINT (-122.2566599 37.8690735),android,1.0330163355507365,0.003098087406201655,0.23886154938318804
112,3.0,57.0,80,1804478451499379,time,2019-07-24T16:39:09-07:00,37.8690745,-122.2566482,1.1526058,1564011549.0,1564011549.883,8.8540625,POINT (-122.2566482 37.8690745),android,1.0361144229569381,0.2419596367893897,-0.2128870931017255
113,3.0,56.0,80,1804479452444795,time,2019-07-24T16:39:10-07:00,37.8690766,-122.2566367,1.1601723,1564011550.0,1564011550.915,8.854340277777778,POINT (-122.2566367 37.8690766),android,1.2780740597463278,0.02907254368766421,-0.048747373062561605
114,3.0,57.0,80,1804480446767191,time,2019-07-24T16:39:11-07:00,37.8690783,-122.2566223,1.3337542,1564011551.0,1564011551.887,8.854618055555555,POINT (-122.2566223 37.8690783),android,1.307146603433992,-0.019674829374897396,0.12315430354952528
115,3.0,58.0,80,1804481446595680,time,2019-07-24T16:39:12-07:00,37.8690796,-122.2566075,1.3075167,1564011552.0,1564011552.883,8.854895833333334,POINT (-122.2566075 37.8690796),android,1.2874717740590946,0.10347947417462788,-0.17036748277262181
116,3.0,58.0,80,1804482449617555,time,2019-07-24T16:39:13-07:00,37.8690818,-122.2565931,1.224949,1564011553.0,1564011553.907,8.85517361111111,POINT (-122.2565931 37.8690818),android,1.3909512482337225,-0.06688800859799393,0.45293900546644594
117,3.0,59.0,71,1804483447800835,time,2019-07-24T16:39:14-07:00,37.8690844,-122.2565776,1.1738824,1564011554.0,1564011554.893,8.85545138888889,POINT (-122.2565776 37.8690844),android,1.3240632396357286,0.386050996868452,-1.0849981147363175
118,3.0,59.0,71,1804484744436304,time,2019-07-24T16:39:15-07:00,37.8690867,-122.2565628,1.0131633,1564011555.0,1564011556.192,8.855729166666666,POINT (-122.2565628 37.8690867),android,1.7101142365041806,-0.6989471178678655,0.9107422614515395
119,3.0,60.0,77,1804485450994428,time,2019-07-24T16:39:16-07:00,37.8690901,-122.2565438,1.1301769,1564011556.0,1564011556.904,8.856006944444445,POINT (-122.2565438 37.8690901),android,1.0111671186363151,0.21179514358367402,-0.20529143419854035
120,3.0,59.0,76,1804486431543022,time,2019-07-24T16:39:17-07:00,37.8690928,-122.2565328,1.1035398,1564011557.0,1564011557.871,8.856284722222222,POINT (-122.2565328 37.8690928),android,1.2229622622199892,0.006503709385133671,-0.125012875461612
121,3.0,60.0,76,1804487434208125,time,2019-07-24T16:39:18-07:00,37.8690948,-122.2565191,1.0438869,1564011558.0,1564011558.849,8.8565625,POINT (-122.2565191 37.8690948),android,1.2294659716051228,-0.11850916607647832,-0.014753325718910415
122,3.0,59.0,69,1804488449366875,time,2019-07-24T16:39:19-07:00,37.8690971,-122.2565054,0.8006248,1564011559.0,1564011559.871,8.856840277777778,POINT (-122.2565054 37.8690971),android,1.1109568055286445,-0.13326249179538874,0.23201668192564595
123,3.019,58.0,68,1804489434912812,time,2019-07-24T16:39:20-07:00,37.8691019,-122.2564943,0.84403795,1564011560.0,1564011560.886,8.857118055555556,POINT (-122.2564943 37.8691019),android,0.9776943137332558,0.09875419013025721,0.0025907331583611137
124,3.0,59.0,69,1804490431337499,time,2019-07-24T16:39:21-07:00,37.8691046,-122.2564837,0.9972462,1564011561.0,1564011561.865,8.857395833333333,POINT (-122.2564837 37.8691046),android,1.076448503863513,0.10134492328861833,0.1989079887916927
125,3.0,60.0,69,1804491456127655,time,2019-07-24T16:39:22-07:00,37.8691075,-122.256472,0.8668333,1564011562.0,1564011562.886,8.85767361111111,POINT (-122.256472 37.8691075),android,1.1777934271521313,0.300252912080311,-0.9299930363416539
126,3.0,60.0,69,1804492685060467,time,2019-07-24T16:39:23-07:00,37.8691089,-122.2564587,1.1237882,1564011563.0,1564011564.096,8.857951388888889,POINT (-122.2564587 37.8691089),android,1.4780463392324423,-0.6297401242613428,0.7353635592860256
127,3.0,59.0,69,1804493444795623,time,2019-07-24T16:39:24-07:00,37.8691106,-122.256442,0.87005746,1564011564.0,1564011564.885,8.858229166666666,POINT (-122.256442 37.8691106),android,0.8483062149710995,0.10562343502468274,0.16039096539126974
128,3.0,59.0,80,1804494449864685,time,2019-07-24T16:39:25-07:00,37.869112,-122.2564325,0.80894995,1564011565.0,1564011565.903,8.858506944444445,POINT (-122.2564325 37.869112),android,0.9539296499957822,0.2660144004159525,-0.2545905633646107
129,3.0,59.0,80,1804495445264320,time,2019-07-24T16:39:26-07:00,37.8691135,-122.2564218,0.9442987,1564011566.0,1564011566.907,8.858784722222222,POINT (-122.2564218 37.8691135),android,1.2199440504117347,0.011423837051341756,0.3237347113308304
130,3.0,60.0,80,1804496459617497,time,2019-07-24T16:39:27-07:00,37.8691148,-122.256408,1.0756394,1564011567.0,1564011567.892,8.8590625,POINT (-122.256408 37.8691148),android,1.2313678874630765,0.3351585483821722,-0.842072746884108
131,3.0,59.0,80,1804497708232756,time,2019-07-24T16:39:28-07:00,37.8691155,-122.256394,1.2776932,1564011568.0,1564011569.15,8.859340277777777,POINT (-122.256394 37.8691155),android,1.5665264358452486,-0.5069141985019359,0.725375303341061
132,3.0,59.0,80,1804498438002339,time,2019-07-24T16:39:29-07:00,37.8691173,-122.2563763,1.186971,1564011569.0,1564011569.89,8.859618055555556,POINT (-122.2563763 37.8691173),android,1.0596122373433128,0.21846110483912518,-0.1519394005874537
133,3.0,59.0,85,1804499440145152,time,2019-07-24T16:39:30-07:00,37.8691189,-122.2563644,1.0716809,1564011570.0,1564011570.874,8.859895833333333,POINT (-122.2563644 37.8691189),android,1.278073342182438,0.06652170425167148,-0.10329411965816249
134,3.0,59.0,85,1804500447832703,time,2019-07-24T16:39:31-07:00,37.8691206,-122.25635,1.1300442,1564011571.0,1564011571.882,8.860173611111112,POINT (-122.25635 37.8691206),android,1.3445950464341094,-0.03677241540649101,0.023249306771360834
135,3.0,59.0,85,1804501450422078,time,2019-07-24T16:39:32-07:00,37.869124,-122.2563353,1.020049,1564011572.0,1564011572.881,8.860451388888889,POINT (-122.2563353 37.869124),android,1.3078226310276184,-0.013523108635130177,-0.18000739620351847
136,3.055,58.0,64,1804502447203327,time,2019-07-24T16:39:33-07:00,37.8691278,-122.2563212,1.0678015,1564011573.0,1564011573.871,8.860729166666667,POINT (-122.2563212 37.8691278),android,1.2942995223924882,-0.19353050483864864,0.053678191681291176
137,3.06,57.0,65,1804503446952963,time,2019-07-24T16:39:34-07:00,37.8691319,-122.2563074,1.0358571,1564011574.0,1564011574.874,8.861006944444444,POINT (-122.2563074 37.8691319),android,1.1007690175538396,-0.13985231315735747,0.14456785855047494
138,3.041,58.0,72,1804504452252025,time,2019-07-24T16:39:35-07:00,37.8691345,-122.2562953,1.1182576,1564011575.0,1564011575.903,8.861284722222223,POINT (-122.2562953 37.8691345),android,0.9609167043964821,0.004715545393117471,0.3555068823149006
139,3.035,59.0,72,1804505447300514,time,2019-07-24T16:39:36-07:00,37.8691353,-122.2562844,0.9078546,1564011576.0,1564011576.913,8.8615625,POINT (-122.2562844 37.8691353),android,0.9656322497895996,0.36022242770801804,-0.7950582964653513
140,3.0,60.0,72,1804506682105253,time,2019-07-24T16:39:37-07:00,37.8691354,-122.2562734,1.0307764,1564011577.0,1564011578.115,8.861840277777778,POINT (-122.2562734 37.8691354),android,1.3258546774976177,-0.43483586875733327,0.5109846083357623
141,3.0,60.0,90,1804507449050044,time,2019-07-24T16:39:38-07:00,37.8691368,-122.2562584,0.9899495,1564011578.0,1564011578.916,8.862118055555555,POINT (-122.2562584 37.8691368),android,0.8910188087402844,0.07614873957842905,0.2825652510665899
142,3.0,60.0,90,1804508449180564,time,2019-07-24T16:39:39-07:00,37.869136,-122.2562483,1.1652038,1564011579.0,1564011579.898,8.862395833333334,POINT (-122.2562483 37.869136),android,0.9671675483187134,0.35871399064501897,-0.4168638303720058
143,3.0,60.0,90,1804509451468845,time,2019-07-24T16:39:40-07:00,37.8691355,-122.2562373,0.90271807,1564011580.0,1564011580.876,8.862673611111111,POINT (-122.2562373 37.8691355),android,1.3258815389637324,-0.05814983972698684,0.25706613851754434
144,3.0,61.0,90,1804510440039626,time,2019-07-24T16:39:41-07:00,37.8691358,-122.2562222,1.2722422,1564011581.0,1564011581.856,8.862951388888888,POINT (-122.2562222 37.8691358),android,1.2677316992367456,0.1989162987905575,-0.24414705251120217
145,3.0,61.0,90,1804511432507126,time,2019-07-24T16:39:42-07:00,37.8691386,-122.2562082,1.106029,1564011582.0,1564011582.88,8.863229166666667,POINT (-122.2562082 37.8691386),android,1.466647998027303,-0.04523075372064467,-0.17032972523763945
146,3.0,61.0,90,1804512438622438,time,2019-07-24T16:39:43-07:00,37.8691424,-122.2561922,1.014002,1564011583.0,1564011583.876,8.863506944444444,POINT (-122.2561922 37.8691424),android,1.4214172443066584,-0.21556047895828412,0.02069114210661982
147,3.0,60.0,90,1804513428849677,time,2019-07-24T16:39:44-07:00,37.8691461,-122.2561767,1.0307764,1564011584.0,1564011584.87,8.863784722222222,POINT (-122.2561767 37.8691461),android,1.2058567653483743,-0.1948693368516643,0.6580324900983108
148,3.0,62.0,91,1804514441121552,time,2019-07-24T16:39:45-07:00,37.8691469,-122.256163,1.1727744,1564011585.0,1564011585.873,8.8640625,POINT (-122.256163 37.8691469),android,1.01098742849671,0.4631631532466465,-0.8386696478075133
149,3.0,61.0,98,1804515700592696,time,2019-07-24T16:39:46-07:00,37.8691474,-122.2561515,1.1197321,1564011586.0,1564011587.159,8.864340277777778,POINT (-122.2561515 37.8691474),android,1.4741505817433564,-0.3755064945608668,0.4146568691468193
150,3.0,62.0,77,1804516424414987,time,2019-07-24T16:39:47-07:00,37.8691488,-122.2561348,1.4375325,1564011587.0,1564011587.876,8.864618055555555,POINT (-122.2561348 37.8691488),android,1.0986440871824896,0.0391503745859525,-0.045479285990939644
151,3.0,62.0,80,1804517411421393,time,2019-07-24T16:39:48-07:00,37.8691493,-122.2561223,1.141096,1564011588.0,1564011588.868,8.864895833333334,POINT (-122.2561223 37.8691493),android,1.1377944617684421,-0.0063289114049871475,0.4587916331795532
152,3.0,62.0,68,1804518410910768,time,2019-07-24T16:39:49-07:00,37.8691503,-122.2561094,1.3502963,1564011589.0,1564011589.834,8.86517361111111,POINT (-122.2561094 37.8691503),android,1.131465550363455,0.45246272177456603,-1.122103860015062
153,3.0,62.0,76,1804519583608945,time,2019-07-24T16:39:50-07:00,37.8691515,-122.2560966,1.0737784,1564011590.0,1564011591.004,8.86545138888889,POINT (-122.2560966 37.8691515),android,1.583928272138021,-0.669641138240496,0.917948332382186
154,3.0,63.0,85,1804520420800819,time,2019-07-24T16:39:51-07:00,37.8691505,-122.2560786,1.1527792,1564011591.0,1564011591.857,8.865729166666666,POINT (-122.2560786 37.8691505),android,0.914287133897525,0.24830719414169,-0.19967359018242148
155,3.0,62.0,109,1804521415623111,time,2019-07-24T16:39:52-07:00,37.8691482,-122.2560686,1.1981652,1564011592.0,1564011592.886,8.866006944444445,POINT (-122.2560686 37.8691482),android,1.162594328039215,0.04863360395926852,-0.004294456133138613
156,3.0,62.0,108,1804522410230350,time,2019-07-24T16:39:53-07:00,37.8691462,-122.2560556,1.3319534,1564011593.0,1564011593.863,8.866284722222222,POINT (-122.2560556 37.8691462),android,1.2112279319984836,0.04433914782612991,0.3662166421672527
157,3.0,64.0,97,1804523580826651,time,2019-07-24T16:39:54-07:00,37.8691449,-122.2560419,1.1845675,1564011594.0,1564011595.011,8.8665625,POINT (-122.2560419 37.8691449),android,1.2555670798246135,0.4105557899933826,-0.47472154761544566
158,3.277,62.0,63,1804525430601234,time,2019-07-24T16:39:56-07:00,37.8691528,-122.2560151,1.2163059,1564011596.0,1564011596.873,8.867118055555556,POINT (-122.2560151 37.8691528),android,2.0766786598113787,-0.5388873052375087,0.3560949134361122
159,3.165,62.0,56,1804526464879307,time,2019-07-24T16:39:57-07:00,37.8691629,-122.2559952,0.98716766,1564011597.0,1564011597.898,8.867395833333333,POINT (-122.2559952 37.8691629),android,1.53779135457387,-0.1827923918013965,0.44302101167406027
160,3.0,62.0,82,1804527420760244,time,2019-07-24T16:39:58-07:00,37.8691703,-122.2559804,0.9459387,1564011598.0,1564011598.888,8.867673611111112,POINT (-122.2559804 37.8691703),android,1.3549989627724734,0.26022861987266377,-1.0209897460149215
161,3.0,63.0,83,1804528709319931,time,2019-07-24T16:39:59-07:00,37.8691756,-122.2559665,0.8360024,1564011599.0,1564011600.146,8.867951388888889,POINT (-122.2559665 37.8691756),android,1.6152275826451372,-0.7607611261422577,0.9409517789368784
162,3.0,62.0,80,1804529423394305,time,2019-07-24T16:40:00-07:00,37.8691817,-122.2559498,1.2477981,1564011600.0,1564011600.885,8.868229166666667,POINT (-122.2559498 37.8691817),android,0.8544664565028796,0.18019065279462076,-0.014390248530149585
163,3.0,60.0,85,1804530420271440,time,2019-07-24T16:40:01-07:00,37.8691853,-122.2559412,1.0911462,1564011601.0,1564011601.853,8.868506944444444,POINT (-122.2559412 37.8691853),android,1.0346571092975003,0.16580040426447118,-0.08415107925970577
164,3.0,60.0,85,1804531402235711,time,2019-07-24T16:40:02-07:00,37.8691882,-122.25593,1.0904129,1564011602.0,1564011602.838,8.868784722222221,POINT (-122.25593 37.8691882),android,1.2004575135619715,0.0816493250047654,-0.014024867092855331
165,3.0,61.0,82,1804532400715710,time,2019-07-24T16:40:03-07:00,37.8691913,-122.2559169,1.029563,1564011603.0,1564011603.846,8.8690625,POINT (-122.2559169 37.8691913),android,1.282106838566737,0.06762445791191007,-0.41302542411757526
166,3.1,61.0,82,1804533410203731,time,2019-07-24T16:40:04-07:00,37.869194,-122.2559027,0.96026033,1564011604.0,1564011604.871,8.869340277777777,POINT (-122.2559027 37.869194),android,1.349731296478647,-0.3454009662056652,0.6745954445294422
167,3.157,59.0,68,1804534412209303,time,2019-07-24T16:40:05-07:00,37.8692024,-122.2558916,1.0811568,1564011605.0,1564011605.873,8.869618055555556,POINT (-122.2558916 37.8692024),android,1.0043303302729818,0.329194478323777,-0.27703101047872747
168,3.132,60.0,101,1804535410131699,time,2019-07-24T16:40:06-07:00,37.8692058,-122.255881,1.0917875,1564011606.0,1564011606.846,8.869895833333333,POINT (-122.255881 37.8692058),android,1.3335248085967588,0.05216346784504955,0.24929847215432765
169,3.0,61.0,80,1804536402499563,time,2019-07-24T16:40:07-07:00,37.8692077,-122.255866,0.92179173,1564011607.0,1564011607.834,8.870173611111111,POINT (-122.255866 37.8692077),android,1.3856882764418084,0.3014619399993772,-0.9030323566644092
170,3.0,60.0,83,1804537710969354,time,2019-07-24T16:40:08-07:00,37.869209,-122.2558503,1.0060318,1564011608.0,1564011609.149,8.870451388888888,POINT (-122.2558503 37.869209),android,1.6871502164411856,-0.601570416665032,0.519692076336147
171,3.0,61.0,85,1804538411013208,time,2019-07-24T16:40:09-07:00,37.8692083,-122.2558311,0.87664133,1564011609.0,1564011609.853,8.870729166666667,POINT (-122.2558311 37.8692083),android,1.0855797997761536,-0.08187834032888497,0.28587687696458497
172,3.0,60.0,89,1804539424243468,time,2019-07-24T16:40:10-07:00,37.8692067,-122.2558189,0.8994442,1564011610.0,1564011610.85,8.871006944444444,POINT (-122.2558189 37.8692067),android,1.0037014594472686,0.2039985366357,-0.2441869737695177
173,3.0,59.0,71,1804540440898832,time,2019-07-24T16:40:11-07:00,37.8692074,-122.2558075,1.0707475,1564011611.0,1564011611.883,8.871284722222223,POINT (-122.2558075 37.8692074),android,1.2076999960829686,-0.0401884371338177,0.18628857281349998
174,3.0,59.0,88,1804541435236227,time,2019-07-24T16:40:12-07:00,37.8692084,-122.2557938,1.1641735,1564011612.0,1564011612.872,8.8715625,POINT (-122.2557938 37.8692084),android,1.167511558949151,0.14610013567968227,-0.1740609839598426
175,3.0,60.0,89,1804542420851331,time,2019-07-24T16:40:13-07:00,37.8692085,-122.2557805,1.2998846,1564011613.0,1564011613.867,8.871840277777778,POINT (-122.2557805 37.8692085),android,1.3136116946288332,-0.027960848280160322,-0.2827739207346176
176,3.016,60.0,79,1804543441883675,time,2019-07-24T16:40:14-07:00,37.8692074,-122.2557656,0.98183507,1564011614.0,1564011614.911,8.872118055555555,POINT (-122.2557656 37.8692074),android,1.2856508463486729,-0.3107347690147779,0.2314390801726185
177,3.0,61.0,87,1804544454799039,time,2019-07-24T16:40:15-07:00,37.8692049,-122.2557513,0.99040395,1564011615.0,1564011615.896,8.872395833333334,POINT (-122.2557513 37.8692049),android,0.974916077333895,-0.07929568884215943,0.33406195245320935
178,3.0,61.0,68,1804545461782111,time,2019-07-24T16:40:16-07:00,37.8692046,-122.2557402,0.29274562,1564011616.0,1564011616.91,8.87267361111111,POINT (-122.2557402 37.8692046),android,0.8956203884917355,0.2547662636110499,-0.6320482649410869
179,3.0,62.0,63,1804546728118256,time,2019-07-24T16:40:17-07:00,37.8692048,-122.25573,0.73498297,1564011617.0,1564011618.15,8.87295138888889,POINT (-122.25573 37.8692048),android,1.1503866521027855,-0.377282001330037,0.5318887070272754
180,3.0,61.0,75,1804547444380078,time,2019-07-24T16:40:18-07:00,37.8692051,-122.2557169,0.6844706,1564011618.0,1564011618.865,8.873229166666667,POINT (-122.2557169 37.8692051),android,0.7731046507727485,0.15460670569723844,-0.09842123497101929
181,3.0,60.0,83,1804548454428099,time,2019-07-24T16:40:19-07:00,37.8692066,-122.2557083,0.7463243,1564011619.0,1564011619.9,8.873506944444445,POINT (-122.2557083 37.8692066),android,0.9277113564699869,0.056185470726219156,0.0714834187046206
182,3.0,59.0,76,1804549447067109,time,2019-07-24T16:40:20-07:00,37.8692093,-122.2556983,0.57271284,1564011620.0,1564011620.888,8.873784722222222,POINT (-122.2556983 37.8692093),android,0.9838968271962061,0.12766888943083976,-0.08284488740668716
183,3.0,59.0,77,1804550445745859,time,2019-07-24T16:40:21-07:00,37.869211,-122.2556873,0.95047355,1564011621.0,1564011621.872,8.8740625,POINT (-122.2556873 37.869211),android,1.1115657166270458,0.0448240020241526,-0.07940615137253948
184,3.057,59.0,85,1804551456262369,time,2019-07-24T16:40:22-07:00,37.8692126,-122.2556748,1.020441,1564011622.0,1564011622.889,8.874340277777778,POINT (-122.2556748 37.8692126),android,1.1563897186511984,-0.03458214934838688,0.15149902798430692
185,3.073,59.0,89,1804552443652733,time,2019-07-24T16:40:23-07:00,37.8692137,-122.2556617,0.88283634,1564011623.0,1564011623.881,8.874618055555555,POINT (-122.2556617 37.8692137),android,1.1218075693028116,0.11691687863592004,-0.01676941387849551
186,3.0,59.0,86,1804553424116899,time,2019-07-24T16:40:24-07:00,37.8692158,-122.2556492,0.8434453,1564011624.0,1564011624.878,8.874895833333333,POINT (-122.2556492 37.8692158),android,1.2387244479387316,0.10014746475742453,-0.1018988709556079
187,3.0,59.0,81,1804554354085701,time,2019-07-24T16:40:25-07:00,37.8692172,-122.2556352,1.0430723,1564011625.0,1564011625.813,8.87517361111111,POINT (-122.2556352 37.8692172),android,1.3388719126961561,-0.0017514061981833695,0.011701068593489072
188,3.0,60.0,82,1804555365792784,time,2019-07-24T16:40:26-07:00,37.8692189,-122.2556201,1.0904129,1564011626.0,1564011626.831,8.875451388888889,POINT (-122.2556201 37.8692189),android,1.3371205064979728,0.009949662395305703,-0.09128392946754493
189,3.01,60.0,82,1804556446654294,time,2019-07-24T16:40:27-07:00,37.8692214,-122.2556052,1.1128792,1564011627.0,1564011627.898,8.875729166666666,POINT (-122.2556052 37.8692214),android,1.3470701688932785,-0.08133426707223923,-0.09390149496715994
190,3.0,60.0,82,1804557443617679,time,2019-07-24T16:40:28-07:00,37.8692243,-122.2555903,1.0112369,1564011628.0,1564011628.875,8.876006944444445,POINT (-122.2555903 37.8692243),android,1.2657359018210392,-0.17523576203939917,0.5420336994479262
191,3.024,59.0,82,1804558443961272,time,2019-07-24T16:40:29-07:00,37.8692283,-122.2555768,1.0431682,1564011629.0,1564011629.892,8.876284722222222,POINT (-122.2555768 37.8692283),android,1.09050013978164,0.36679793740852706,-1.0554827067760708
192,3.0,61.0,89,1804559716967417,time,2019-07-24T16:40:30-07:00,37.8692289,-122.2555644,0.81301904,1564011630.0,1564011631.126,8.8765625,POINT (-122.2555644 37.8692289),android,1.4572980771901671,-0.6886847693675437,0.8897274535004642
193,3.0,63.0,89,1804560445001063,time,2019-07-24T16:40:31-07:00,37.8692291,-122.2555478,0.8561542,1564011631.0,1564011631.888,8.876840277777777,POINT (-122.2555478 37.8692291),android,0.7686133078226234,0.20104268413292048,-0.07279904750335309
194,3.0,62.0,89,1804561449063927,time,2019-07-24T16:40:32-07:00,37.8692304,-122.2555392,0.91678786,1564011632.0,1564011632.889,8.877118055555556,POINT (-122.2555392 37.8692304),android,0.9696559919555439,0.1282436366295674,0.20051695011469928
195,3.0,62.0,79,1804562435197208,time,2019-07-24T16:40:33-07:00,37.8692312,-122.2555282,0.9334345,1564011633.0,1564011633.869,8.877395833333333,POINT (-122.2555282 37.8692312),android,1.0978996285851113,0.32876058674426667,-0.4973275801945187
196,3.0,62.0,79,1804563434838354,time,2019-07-24T16:40:34-07:00,37.8692337,-122.2555161,1.1332256,1564011634.0,1564011634.877,8.877673611111112,POINT (-122.2555161 37.8692337),android,1.426660215329378,-0.16856699345025206,0.2304267711755319
197,3.162,61.0,79,1804564447742936,time,2019-07-24T16:40:35-07:00,37.8692373,-122.2555005,1.0834205,1564011635.0,1564011635.895,8.877951388888889,POINT (-122.2555005 37.8692373),android,1.2580932218791259,0.06185977772527984,-0.380887363902934
198,3.031,61.0,79,1804565444565853,time,2019-07-24T16:40:36-07:00,37.8692411,-122.255487,0.9914131,1564011636.0,1564011636.897,8.878229166666667,POINT (-122.255487 37.8692411),android,1.3199529996044057,-0.31902758617765414,0.285268310726039
199,3.027,60.0,79,1804566448091582,time,2019-07-24T16:40:37-07:00,37.8692436,-122.2554723,1.1335784,1564011637.0,1564011637.886,8.878506944444444,POINT (-122.2554723 37.8692436),android,1.0009254134267516,-0.03375927545161517,0.6560118936881403
200,3.0,60.0,79,1804567447495019,time,2019-07-24T16:40:38-07:00,37.8692438,-122.2554609,0.94191295,1564011638.0,1564011638.895,8.878784722222223,POINT (-122.2554609 37.8692438),android,0.9671661379751364,0.6222526182365251,-1.1756428044803435
201,3.0,60.0,79,1804568751052101,time,2019-07-24T16:40:39-07:00,37.8692433,-122.2554499,0.86,1564011639.0,1564011640.168,8.8790625,POINT (-122.2554499 37.8692433),android,1.5894187562116615,-0.5533901862438184,0.85221427283972
202,3.0,60.0,88,1804569447431684,time,2019-07-24T16:40:40-07:00,37.8692429,-122.2554318,1.0811568,1564011640.0,1564011640.913,8.879340277777779,POINT (-122.2554318 37.8692429),android,1.036028569967843,0.29882408659590154,-0.26966457316201997
203,3.0,60.0,88,1804570444321892,time,2019-07-24T16:40:41-07:00,37.8692431,-122.25542,1.2110327,1564011641.0,1564011641.886,8.879618055555556,POINT (-122.25542 37.8692431),android,1.3348526565637446,0.029159513433881568,0.004668049989966283
204,3.0,61.0,70,1804571448311162,time,2019-07-24T16:40:42-07:00,37.8692455,-122.2554051,1.1603879,1564011642.0,1564011642.891,8.879895833333334,POINT (-122.2554051 37.8692455),android,1.3640121699976262,0.03382756342384785,-0.05788665031951301
205,3.0,61.0,69,1804572444849912,time,2019-07-24T16:40:43-07:00,37.8692497,-122.2553905,1.1005453,1564011643.0,1564011643.869,8.880173611111111,POINT (-122.2553905 37.8692497),android,1.397839733421474,-0.02405908689566516,0.009964647437447516
206,3.0,61.0,70,1804573425172515,time,2019-07-24T16:40:44-07:00,37.8692529,-122.2553751,0.9055385,1564011644.0,1564011644.851,8.880451388888888,POINT (-122.2553751 37.8692529),android,1.373780646525809,-0.014094439458217645,-0.1969466143244809
207,3.034,61.0,70,1804574438777463,time,2019-07-24T16:40:45-07:00,37.8692555,-122.2553598,1.2059851,1564011645.0,1564011645.863,8.880729166666667,POINT (-122.2553598 37.8692555),android,1.3596862070675912,-0.21104105378269855,0.47237230010015185
208,3.042,61.0,66,1804575444499702,time,2019-07-24T16:40:46-07:00,37.8692602,-122.2553455,1.00005,1564011646.0,1564011646.883,8.881006944444444,POINT (-122.2553455 37.8692602),android,1.1486451532848927,0.2613312463174533,-0.881119856303933
209,3.0,62.0,67,1804576607822670,time,2019-07-24T16:40:47-07:00,37.8692635,-122.2553331,1.0012492,1564011647.0,1564011648.023,8.881284722222222,POINT (-122.2553331 37.8692635),android,1.409976399602346,-0.6197886099864797,0.8871986223332335
210,3.0,62.0,81,1804577444590951,time,2019-07-24T16:40:48-07:00,37.8692676,-122.2553179,1.0623088,1564011648.0,1564011648.874,8.8815625,POINT (-122.2553179 37.8692676),android,0.7901877896158663,0.2674100123467539,-0.22894421809262921
211,3.0,62.0,80,1804578443979857,time,2019-07-24T16:40:49-07:00,37.8692697,-122.2553093,1.0149385,1564011649.0,1564011649.889,8.881840277777778,POINT (-122.2553093 37.8692697),android,1.0575978019626202,0.03846579425412466,0.025962404764536373
212,3.0,62.0,74,1804579449302513,time,2019-07-24T16:40:50-07:00,37.869273,-122.255298,1.0599056,1564011650.0,1564011650.875,8.882118055555555,POINT (-122.255298 37.869273),android,1.0960635962167449,0.06442819901866104,0.18188472377795795
213,3.0,62.0,76,1804580445405898,time,2019-07-24T16:40:51-07:00,37.8692751,-122.2552858,1.1119803,1564011651.0,1564011651.897,8.882395833333334,POINT (-122.2552858 37.8692751),android,1.160491795235406,0.24631292279661898,-0.6387134397310184
214,3.0,62.0,76,1804581736821157,time,2019-07-24T16:40:52-07:00,37.869278,-122.2552731,1.0248902,1564011652.0,1564011653.179,8.88267361111111,POINT (-122.2552731 37.869278),android,1.406804718032025,-0.39240051693439937,0.3022691937103137
215,3.0,62.0,76,1804582445396782,time,2019-07-24T16:40:53-07:00,37.8692809,-122.2552575,0.95257545,1564011653.0,1564011653.895,8.88295138888889,POINT (-122.2552575 37.8692809),android,1.0144042010976255,-0.09013132322408568,0.06677724560267928
216,3.0,62.0,79,1804583445102146,time,2019-07-24T16:40:54-07:00,37.8692818,-122.255246,1.0656922,1564011654.0,1564011654.893,8.883229166666666,POINT (-122.255246 37.8692818),android,0.9242728778735398,-0.0233540776214064,0.16290253062268722
217,3.0,62.0,78,1804584447691521,time,2019-07-24T16:40:55-07:00,37.8692831,-122.2552356,0.7955501,1564011655.0,1564011655.878,8.883506944444445,POINT (-122.2552356 37.8692831),android,0.9009188002521334,0.13954845300128083,-0.13866665175101744
218,3.0,62.0,79,1804585435075531,time,2019-07-24T16:40:56-07:00,37.869284,-122.2552254,0.9402127,1564011656.0,1564011656.866,8.883784722222222,POINT (-122.2552254 37.869284),android,1.0404672532534143,0.000881801250263381,0.0773138874596655
219,3.066,61.0,79,1804586428709489,time,2019-07-24T16:40:57-07:00,37.8692855,-122.2552137,0.81596565,1564011657.0,1564011657.877,8.8840625,POINT (-122.2552137 37.8692855),android,1.0413490545036777,0.07819568870992888,-0.01995726858014124
220,3.029,60.0,79,1804587454987197,time,2019-07-24T16:40:58-07:00,37.8692878,-122.2552022,0.8302409,1564011658.0,1564011658.879,8.884340277777778,POINT (-122.2552022 37.8692878),android,1.1195447432136065,0.05823842012978764,-0.08277274108265265
221,3.0,61.0,79,1804588454509696,time,2019-07-24T16:40:59-07:00,37.8692898,-122.2551897,1.0804167,1564011659.0,1564011659.884,8.884618055555556,POINT (-122.2551897 37.8692898),android,1.1777831633433942,-0.024534320952865007,0.7314328124690765
222,3.0,61.0,79,1804589458202404,time,2019-07-24T16:41:00-07:00,37.8692917,-122.2551765,1.118794,1564011660.0,1564011660.895,8.884895833333333,POINT (-122.2551765 37.8692917),android,1.1532488423905292,0.7068984915162115,-1.5514845657334106
223,3.0,60.0,79,1804590746631882,time,2019-07-24T16:41:01-07:00,37.8692932,-122.2551635,1.0916501,1564011661.0,1564011662.178,8.885173611111112,POINT (-122.2551635 37.8692932),android,1.8601473339067407,-0.8445860742171991,1.0762761887588632
224,3.0,59.0,79,1804591450027038,time,2019-07-24T16:41:02-07:00,37.8692964,-122.2551427,1.3039172,1564011662.0,1564011662.903,8.885451388888889,POINT (-122.2551427 37.8692964),android,1.0155612596895416,0.2316901145416641,-0.19347052007021293
225,3.0,59.0,79,1804592446513184,time,2019-07-24T16:41:03-07:00,37.8692974,-122.2551312,1.0929319,1564011663.0,1564011663.89,8.885729166666666,POINT (-122.2551312 37.8692974),android,1.2472513742312057,0.03821959447145118,0.10565327190819285
226,3.0,60.0,79,1804593446454589,time,2019-07-24T16:41:04-07:00,37.869297,-122.255117,1.0408651,1564011664.0,1564011664.89,8.886006944444444,POINT (-122.255117 37.869297),android,1.2854709687026569,0.14387286637964403,-0.2959620915153969
227,3.0,60.0,79,1804594469125995,time,2019-07-24T16:41:05-07:00,37.8692979,-122.2551024,1.1834272,1564011665.0,1564011665.908,8.886284722222221,POINT (-122.2551024 37.8692979),android,1.429343835082301,-0.15208922513575285,0.15856532033908777
228,3.0,60.0,86,1804595446837505,time,2019-07-24T16:41:06-07:00,37.8692992,-122.2550862,1.1727319,1564011666.0,1564011666.915,8.8865625,POINT (-122.2550862 37.8692992),android,1.277254609946548,0.0064760952033349195,-0.12248957777452263
229,3.0,60.0,85,1804597444149692,time,2019-07-24T16:41:08-07:00,37.8693019,-122.2550573,1.1500435,1564011668.0,1564011668.851,8.887118055555556,POINT (-122.2550573 37.8693019),android,1.2902068003532179,-0.23850306034571034,0.24132081744822687
230,3.0,60.0,85,1804598444085108,time,2019-07-24T16:41:09-07:00,37.8693038,-122.2550428,1.2280066,1564011669.0,1564011669.846,8.887395833333333,POINT (-122.2550428 37.8693038),android,1.0517037400075075,0.002817757102516527,-0.20472469118896575
231,3.0,61.0,86,1804599355852973,time,2019-07-24T16:41:10-07:00,37.8693049,-122.2550309,0.9899495,1564011670.0,1564011670.8,8.887673611111111,POINT (-122.2550309 37.8693049),android,1.054521497110024,-0.20190693408644922,0.27296298122917906
232,3.009,61.0,86,1804600406710681,time,2019-07-24T16:41:11-07:00,37.8693062,-122.255019,0.78006405,1564011671.0,1564011671.857,8.887951388888888,POINT (-122.255019 37.8693062),android,0.8526145630235749,0.07105604714272984,-0.012433083992247629
233,3.0,62.0,86,1804601331577711,time,2019-07-24T16:41:12-07:00,37.8693066,-122.2550093,0.8220097,1564011672.0,1564011672.749,8.888229166666667,POINT (-122.2550093 37.8693066),android,0.9236706101663047,0.05862296315048221,0.21665130839245295
234,3.0,61.0,86,1804602417265055,time,2019-07-24T16:41:13-07:00,37.8693083,-122.254999,0.79906195,1564011673.0,1564011673.836,8.888506944444444,POINT (-122.254999 37.8693083),android,0.9822935733167869,0.27527427154293516,-0.6459981310093459
235,3.0,60.0,85,1804603702651617,time,2019-07-24T16:41:14-07:00,37.8693103,-122.2549881,1.1401755,1564011674.0,1564011675.144,8.888784722222223,POINT (-122.2549881 37.8693103),android,1.257567844859722,-0.37072385946641073,0.7864345093937846
236,3.0,63.0,86,1804604424750210,time,2019-07-24T16:41:15-07:00,37.8693088,-122.2549739,0.95189285,1564011675.0,1564011675.88,8.8890625,POINT (-122.2549739 37.8693088),android,0.8868439853933113,0.41571064992737383,-0.17241819726925012
237,3.0,63.0,86,1804605432652397,time,2019-07-24T16:41:16-07:00,37.8693086,-122.2549638,0.9729337,1564011676.0,1564011676.856,8.889340277777778,POINT (-122.2549638 37.8693086),android,1.3025546353206852,0.24329245265812371,0.014321821510018484
238,3.0,63.0,83,1804606454183386,time,2019-07-24T16:41:17-07:00,37.8693102,-122.2549491,1.4043148,1564011677.0,1564011677.902,8.889618055555555,POINT (-122.2549491 37.8693102),android,1.5458470879788089,0.2576142741681422,-1.106790120700884
239,3.004,62.0,83,1804607687776928,time,2019-07-24T16:41:18-07:00,37.8693128,-122.2549318,1.4400347,1564011678.0,1564011679.111,8.889895833333334,POINT (-122.2549318 37.8693128),android,1.803461362146951,-0.8491758465327417,1.0608590196231105
240,3.0,64.0,86,1804608409983334,time,2019-07-24T16:41:19-07:00,37.8693153,-122.2549115,0.91411155,1564011679.0,1564011679.841,8.890173611111111,POINT (-122.2549115 37.8693153),android,0.9542855156142094,0.21168317309036877,0.19615501247221778
241,3.0,64.0,86,1804609414904114,time,2019-07-24T16:41:20-07:00,37.8693178,-122.2549011,1.1002728,1564011680.0,1564011680.857,8.89045138888889,POINT (-122.2549011 37.8693178),android,1.1659686887045781,0.40783818556258655,-0.48745450665759127
242,3.0,63.0,81,1804610411346979,time,2019-07-24T16:41:21-07:00,37.8693203,-122.2548882,1.1820744,1564011681.0,1564011681.859,8.890729166666667,POINT (-122.2548882 37.8693203),android,1.5738068742671647,-0.07961632109500472,-0.08633240128655362
243,3.0,64.0,77,1804611434163385,time,2019-07-24T16:41:22-07:00,37.869323,-122.2548706,1.5124154,1564011682.0,1564011682.859,8.891006944444445,POINT (-122.2548706 37.869323),android,1.49419055317216,-0.16594872238155833,0.14012481597804638
244,3.094,65.0,76,1804612425127342,time,2019-07-24T16:41:23-07:00,37.8693266,-122.2548542,0.9618732,1564011683.0,1564011683.879,8.891284722222222,POINT (-122.2548542 37.8693266),android,1.3282418307906017,-0.025823906403511954,0.2311360544657719
245,3.05,65.0,77,1804613430960467,time,2019-07-24T16:41:24-07:00,37.8693315,-122.2548404,1.1261439,1564011684.0,1564011684.879,8.8915625,POINT (-122.2548404 37.8693315),android,1.3024179243870897,0.20531214806225995,-0.36389831005439444
246,3.004,65.0,77,1804614424740831,time,2019-07-24T16:41:25-07:00,37.869337,-122.2548273,1.2440257,1564011685.0,1564011685.876,8.891840277777778,POINT (-122.2548273 37.869337),android,1.5077300724493496,-0.1585861619921345,0.4382510253627383
247,3.005,65.0,77,1804615410655727,time,2019-07-24T16:41:26-07:00,37.8693425,-122.2548116,1.1144954,1564011686.0,1564011686.844,8.892118055555555,POINT (-122.2548116 37.8693425),android,1.3491439104572152,0.2796648633706038,-0.8813018320233974
248,3.0,65.0,77,1804616675817705,time,2019-07-24T16:41:27-07:00,37.8693483,-122.2547981,0.9625487,1564011687.0,1564011688.097,8.892395833333333,POINT (-122.2547981 37.8693483),android,1.628808773827819,-0.6016369686527936,0.8251826561878521
249,3.0,65.0,77,1804617403486924,time,2019-07-24T16:41:28-07:00,37.8693553,-122.2547818,1.042353,1564011688.0,1564011688.854,8.89267361111111,POINT (-122.2547818 37.8693553),android,1.0271718051750254,0.22354568753505855,-0.2148272108328122
250,3.0,65.0,77,1804618414391298,time,2019-07-24T16:41:29-07:00,37.8693577,-122.2547705,0.9600521,1564011689.0,1564011689.838,8.89295138888889,POINT (-122.2547705 37.8693577),android,1.250717492710084,0.008718476702246347,0.2996299411161587
251,3.0,65.0,77,1804619435986975,time,2019-07-24T16:41:30-07:00,37.8693605,-122.2547567,1.1401755,1564011690.0,1564011690.858,8.893229166666666,POINT (-122.2547567 37.8693605),android,1.2594359694123303,0.30834841781840505,-0.8616120660277538
252,3.0,65.0,77,1804620613744058,time,2019-07-24T16:41:31-07:00,37.8693636,-122.2547429,0.9700516,1564011691.0,1564011692.036,8.893506944444445,POINT (-122.2547429 37.8693636),android,1.5677843872307353,-0.5532636482093487,0.5670086281786655
253,3.0,65.0,81,1804621429217026,time,2019-07-24T16:41:32-07:00,37.869366,-122.2547253,0.9234717,1564011692.0,1564011692.891,8.893784722222222,POINT (-122.2547253 37.869366),android,1.0145207390213866,0.013744979969316784,-0.1212577447194585
254,3.0,65.0,81,1804622442815307,time,2019-07-24T16:41:33-07:00,37.8693688,-122.2547143,1.1901681,1564011693.0,1564011693.897,8.8940625,POINT (-122.2547143 37.8693688),android,1.0282657189907034,-0.10751276475014171,0.38385907222961846
255,3.0,64.0,81,1804623443716036,time,2019-07-24T16:41:34-07:00,37.8693729,-122.2547038,1.1510864,1564011694.0,1564011694.866,8.894340277777777,POINT (-122.2547038 37.8693729),android,0.9207529542405617,0.27634630747947675,-0.3485042156217273
256,3.0,64.0,81,1804624456217911,time,2019-07-24T16:41:35-07:00,37.8693754,-122.2546938,0.7900633,1564011695.0,1564011695.894,8.894618055555556,POINT (-122.2546938 37.8693754),android,1.1970992617200384,-0.07215790814225054,0.04585726715986893
257,3.025,64.0,81,1804625434247858,time,2019-07-24T16:41:36-07:00,37.8693762,-122.2546802,1.0700468,1564011696.0,1564011696.865,8.894895833333333,POINT (-122.2546802 37.8693762),android,1.124941353577788,-0.026300640982381607,-0.09759882530443875
258,3.027,64.0,81,1804626438256660,time,2019-07-24T16:41:37-07:00,37.8693757,-122.2546674,0.8149846,1564011697.0,1564011697.888,8.895173611111112,POINT (-122.2546674 37.8693757),android,1.0986407125954063,-0.12389946628682036,0.10089570855127983
259,3.003,64.0,81,1804627435341347,time,2019-07-24T16:41:38-07:00,37.8693762,-122.2546549,1.0340697,1564011698.0,1564011698.862,8.895451388888889,POINT (-122.2546549 37.8693762),android,0.9747412463085859,-0.02300375773554053,0.43637140527650253
260,3.0,64.0,81,1804628442861138,time,2019-07-24T16:41:39-07:00,37.8693774,-122.2546439,0.93771,1564011699.0,1564011699.88,8.895729166666667,POINT (-122.2546439 37.8693774),android,0.9517374885730454,0.413367647540962,-1.0154310269639302
261,3.0,64.0,81,1804629742442804,time,2019-07-24T16:41:40-07:00,37.8693792,-122.2546333,1.0523306,1564011700.0,1564011701.168,8.896006944444444,POINT (-122.2546333 37.8693792),android,1.3651051361140074,-0.6020633794229683,0.3063697311721484
262,3.0,64.0,81,1804630449342700,time,2019-07-24T16:41:41-07:00,37.8693802,-122.2546178,0.78057665,1564011701.0,1564011701.885,8.896284722222223,POINT (-122.2546178 37.8693802),android,0.7630417566910391,-0.2956936482508199,0.6320691363701506
263,3.0,65.0,81,1804631453701241,time,2019-07-24T16:41:42-07:00,37.8693792,-122.2546092,0.8532877,1564011702.0,1564011702.918,8.8965625,POINT (-122.2546092 37.8693792),android,0.46734810844021923,0.3363754881193307,0.17459155619413214
264,3.0,64.0,81,1804632450227959,time,2019-07-24T16:41:43-07:00,37.8693788,-122.2546039,1.0756394,1564011703.0,1564011703.886,8.896840277777779,POINT (-122.2546039 37.8693788),android,0.80372359655955,0.5109670443134628,-0.6852468564441543
265,3.0,64.0,81,1804633449774417,time,2019-07-24T16:41:44-07:00,37.8693796,-122.2545948,1.0811568,1564011704.0,1564011704.891,8.897118055555556,POINT (-122.2545948 37.8693796),android,1.3146906408730128,-0.17427981213069144,0.06382437327346957
266,3.208,65.0,75,1804634453035511,time,2019-07-24T16:41:45-07:00,37.8693808,-122.2545799,1.055462,1564011705.0,1564011705.887,8.897395833333333,POINT (-122.2545799 37.8693808),android,1.1404108287423214,-0.11045543885722187,-0.1615439610979179
267,3.253,65.0,74,1804635439821760,time,2019-07-24T16:41:46-07:00,37.8693833,-122.2545673,0.8438009,1564011706.0,1564011706.872,8.897673611111111,POINT (-122.2545673 37.8693833),android,1.0299553898850995,-0.2719993999551398,0.05037762765335463
268,3.08,65.0,75,1804636443748635,time,2019-07-24T16:41:47-07:00,37.8693826,-122.2545556,0.8221922,1564011707.0,1564011707.875,8.897951388888888,POINT (-122.2545556 37.8693826),android,0.7579559899299597,-0.22162177230178515,0.20315712921259588
269,3.002,66.0,75,1804637448894728,time,2019-07-24T16:41:48-07:00,37.8693814,-122.2545471,0.6378871,1564011708.0,1564011708.921,8.898229166666667,POINT (-122.2545471 37.8693814),android,0.5363342176281746,-0.01846464308918927,-0.23034942813072762
270,3.0,66.0,75,1804638744036238,time,2019-07-24T16:41:49-07:00,37.869379,-122.2545418,0.45705578,1564011709.0,1564011710.179,8.898506944444444,POINT (-122.2545418 37.869379),android,0.5178695745389853,-0.2488140712199169,0.18751659562572856
271,3.0,66.0,75,1804639446243112,time,2019-07-24T16:41:50-07:00,37.8693768,-122.2545366,0.23345235,1564011710.0,1564011710.89,8.898784722222222,POINT (-122.2545366 37.8693768),android,0.2690555033190684,-0.06129747559418833,-0.0030086732054657728
272,3.0,66.0,0,1804640453045143,time,2019-07-24T16:41:51-07:00,37.8693754,-122.2545341,0.0,1564011711.0,1564011711.897,8.8990625,POINT (-122.2545341 37.8693754),android,0.20775802772488008,-0.0643061487996541,0.006609220197473398
273,3.0,66.0,0,1804641445957695,time,2019-07-24T16:41:52-07:00,37.8693741,-122.2545324,0.0,1564011712.0,1564011712.891,8.899340277777778,POINT (-122.2545324 37.8693741),android,0.14345187892522598,-0.0576969286021807,-0.02805802172086458
274,3.0,66.0,0,1804642441931861,time,2019-07-24T16:41:53-07:00,37.8693729,-122.2545318,0.0,1564011713.0,1564011713.877,8.899618055555555,POINT (-122.2545318 37.8693729),android,0.08575495032304528,-0.08575495032304528,0.08575495032304528
275,3.0,66.0,0,1804643443143215,time,2019-07-24T16:41:54-07:00,37.8693726,-122.2545309,0.0,1564011714.0,1564011714.913,8.899895833333334,POINT (-122.2545309 37.8693726),android,0.0,0.0,0.0
