,filter,floor,longitude,sensed_speed,ts,bearing,latitude,vaccuracy,fmt_time,accuracy,altitude,write_ts,hr,geometry,source,speed,acceleration,jerk
0,distance,0,-122.26770434539976,0.550000011920929,1564075129.9938812,25.3125,37.871121489478156,4.0,2019-07-25T10:18:49.993881-07:00,10.0,59.096269607543945,1564075130.0720801,2.2435718670156266,POINT (-122.26770434539976 37.871121489478156),ios,1.4784636170651648,0.5465099431289648,-0.3461620077163222
1,distance,0,-122.26770367484751,0.8399999737739563,1564075130.9938598,5.9765625,37.87113477479468,4.0,2019-07-25T10:18:50.993860-07:00,10.0,59.040117263793945,1564075131.080989,2.24384963883294,POINT (-122.26770367484751 37.87113477479468),ios,2.02496183336296,0.20035536324350428,-0.44811732873540916
2,distance,0,-122.26770560268524,1.4900000095367432,1564075131.9938378,356.484375,37.87115292161505,4.0,2019-07-25T10:18:51.993838-07:00,10.0,58.911699295043945,1564075132.2307649,2.2441274105177986,POINT (-122.26770560268524 37.87115292161505),ios,2.2253128019098907,-0.24775213625820042,0.40048717611426465
3,distance,0,-122.2677044292188,1.899999976158142,1564075132.9938164,7.03125,37.871172912454114,4.0,2019-07-25T10:18:52.993816-07:00,10.0,58.826677322387695,1564075133.094996,2.244405182335112,POINT (-122.2677044292188 37.871172912454114),ios,1.977565981835797,0.15272644633355126,0.012102672917806733
4,distance,0,-122.26769948389592,1.899999976158142,1564075133.9937944,13.7109375,37.87119026299368,4.0,2019-07-25T10:18:53.993794-07:00,10.0,58.808183670043945,1564075134.093488,2.24468295401997,POINT (-122.26769948389592 37.87119026299368),ios,2.130289078189694,0.1648288537851666,-0.07357418318236202
5,distance,0,-122.26768783305052,1.899999976158142,1564075134.9937725,24.609375,37.87120706870954,4.0,2019-07-25T10:18:54.993773-07:00,10.0,58.830949783325195,1564075135.104385,2.244960725704829,POINT (-122.26768783305052 37.87120706870954),ios,2.295114316534838,0.09125628441640816,-0.06842929193761696
6,distance,0,-122.26767207507255,2.0399999618530273,1564075135.9937506,32.34375,37.87122353914927,4.0,2019-07-25T10:18:55.993751-07:00,10.0,58.833147048950195,1564075136.11145,2.2452384973896873,POINT (-122.26767207507255 37.87122353914927),ios,2.3863685992894292,0.022828493441730043,0.03522959996325249
7,distance,0,-122.2676539701617,2.059999942779541,1564075136.9937286,37.96875,37.87123954858433,4.0,2019-07-25T10:18:56.993729-07:00,10.0,58.956010818481445,1564075137.1804972,2.245516269074546,POINT (-122.2676539701617 37.87123954858433),ios,2.409196591999358,0.05805732066099531,1.1188280439111167
8,distance,0,-122.26763293158474,2.2300000190734863,1564075137.993707,44.296875,37.87125346254359,4.0,2019-07-25T10:18:57.993707-07:00,10.0,59.187273025512695,1564075138.111695,2.245794040825632,POINT (-122.26763293158474 37.87125346254359),ios,2.4672526530434586,1.1768610903773955,0.13557847640610324
9,distance,0,-122.26760669622782,2.369999885559082,1564075138.9936852,58.359375,37.871261425351605,4.0,2019-07-25T10:18:58.993685-07:00,10.0,59.005937576293945,1564075139.1123738,2.2460718125767176,POINT (-122.26760669622782 37.871261425351605),ios,3.644088210135898,1.312436625260578,-0.454359712812601
10,distance,0,-122.26756612781647,2.369999885559082,1564075139.9936628,71.015625,37.87126838233124,4.0,2019-07-25T10:18:59.993663-07:00,30.0,58.905839920043945,1564075140.109277,2.2463495841291214,POINT (-122.26756612781647 37.87126838233124),ios,4.9564954219245925,0.8580870952609071,-0.8192647348669678
11,distance,0,-122.26751030434134,3.259999990463257,1564075140.9936411,76.9921875,37.871275087853775,4.0,2019-07-25T10:19:00.993641-07:00,10.0,58.810930252075195,1564075141.101471,2.2466273558802077,POINT (-122.26751030434134 37.871275087853775),ios,5.814563900050054,0.03884013523593274,-0.3462251891238311
12,distance,0,-122.26744567986789,4.429999828338623,1564075141.9936194,73.125,37.87128657106112,3.0,2019-07-25T10:19:01.993619-07:00,10.0,58.765520095825195,1564075142.1075292,2.2469051276312935,POINT (-122.26744567986789 37.87128657106112),ios,5.85340319260689,-0.30737754215479307,0.4484911600433703
13,distance,0,-122.2673828155941,4.840000152587891,1564075142.9935987,69.9609375,37.871304131148264,3.0,2019-07-25T10:19:02.993599-07:00,10.0,58.895891189575195,1564075143.11658,2.2471828996472887,POINT (-122.2673828155941 37.871304131148264),ios,5.546032026205062,0.14110431509819205,-1.2198157077676228
14,distance,0,-122.26732447754803,4.960000038146973,1564075143.9935763,66.796875,37.87132328379701,3.0,2019-07-25T10:19:03.993576-07:00,10.0,58.991960525512695,1564075144.109702,2.2474606711996925,POINT (-122.26732447754803 37.87132328379701),ios,5.687133178965565,-1.0786840549570165,0.40697262304298015
15,distance,0,-122.26727460522416,4.840000152587891,1564075144.9935546,59.765625,37.871355931309864,3.0,2019-07-25T10:19:04.993555-07:00,10.0,59.083696365356445,1564075145.097002,2.2477384429507787,POINT (-122.26727460522416 37.871355931309864),ios,4.60847252723564,-0.6717202616289776,0.26301247063466787
16,distance,0,-122.26723328244152,4.840000152587891,1564075145.993533,57.65625,37.87138149611454,3.0,2019-07-25T10:19:05.993533-07:00,10.0,59.189775466918945,1564075146.107497,2.2480162147018645,POINT (-122.26723328244152 37.87138149611454),ios,3.9367668393103825,-0.40871349733672735,0.2513842504377885
17,distance,0,-122.26719874900046,3.6700000762939453,1564075146.9935107,59.0625,37.871404085343585,3.0,2019-07-25T10:19:06.993511-07:00,10.0,59.418718338012695,1564075147.128848,2.248293986320496,POINT (-122.26719874900046 37.871404085343585),ios,3.5280624043485456,-0.15733482082378805,0.5798260317174261
18,distance,0,-122.26716404792133,3.299999952316284,1564075147.993489,69.2578125,37.87142009477864,3.0,2019-07-25T10:19:07.993489-07:00,30.0,59.570756912231445,1564075148.125228,2.2485717580715816,POINT (-122.26716404792133 37.87142009477864),ios,3.3707309970753,0.4224786309354646,-1.1569780054054628
19,distance,0,-122.26712817337575,3.299999952316284,1564075148.9934669,73.125,37.871430907433734,3.0,2019-07-25T10:19:08.993467-07:00,30.0,59.761980056762695,1564075149.122096,2.2488495296902125,POINT (-122.26712817337575 37.871430907433734),ios,3.79320026042256,-0.734473720880153,0.7365077926213454
20,distance,0,-122.2670857609457,3.299999952316284,1564075149.9934454,74.1796875,37.87143744531821,3.0,2019-07-25T10:19:09.993445-07:00,30.0,59.913286209106445,1564075150.1210098,2.249127301507526,POINT (-122.2670857609457 37.87143744531821),ios,3.05874229963869,0.00201826799846519,0.24116536693265578
21,distance,0,-122.26705156278076,3.0999999046325684,1564075150.993423,72.0703125,37.871442725917206,3.0,2019-07-25T10:19:10.993423-07:00,30.0,59.901750564575195,1564075151.114182,2.2494050730599295,POINT (-122.26705156278076 37.871442725917206),ios,3.060760522405052,0.24317823009053438,0.5462610596166407
22,distance,0,-122.26701786753001,3.2300000190734863,1564075151.9934034,71.015625,37.871449808625385,3.0,2019-07-25T10:19:11.993403-07:00,30.0,59.895097732543945,1564075152.114349,2.249682845407062,POINT (-122.26701786753001 37.871449808625385),ios,3.303933998282523,0.7894286101267517,-0.5943090283044781
23,distance,0,-122.26698140625122,3.0999999046325684,1564075152.9933796,69.609375,37.871457184700176,4.0,2019-07-25T10:19:12.993380-07:00,30.0,60.142168045043945,1564075153.11338,2.2499606165621016,POINT (-122.26698140625122 37.871457184700176),ios,4.093343786964522,0.19513375125368118,-0.42348734085314155
24,distance,0,-122.26693865854504,3.950000047683716,1564075153.9933584,63.984375,37.87147189494024,3.0,2019-07-25T10:19:13.993358-07:00,30.0,60.039323806762695,1564075154.1243858,2.2502383884456423,POINT (-122.26693865854504 37.87147189494024),ios,4.288473397625661,-0.22834460351420377,0.4968227594273142
25,distance,0,-122.26689616229596,3.869999885559082,1564075154.9933376,59.0625,37.87149092186044,4.0,2019-07-25T10:19:14.993338-07:00,30.0,60.264909744262695,1564075155.109838,2.2505161604616375,POINT (-122.26689616229596 37.87149092186044),ios,4.060133530530302,0.2684678506085664,-0.0016433092324638638
26,distance,0,-122.26685777317944,3.869999885559082,1564075155.993315,53.7890625,37.87151128988515,4.0,2019-07-25T10:19:15.993315-07:00,30.0,60.990861892700195,1564075156.111289,2.2507939319478143,POINT (-122.26685777317944 37.87151128988515),ios,4.328595300405138,0.2668245785966705,-0.19350309388624726
27,distance,0,-122.26681628275874,3.869999885559082,1564075156.9932928,55.546875,37.87153232846211,4.0,2019-07-25T10:19:16.993293-07:00,30.0,60.550798416137695,1564075157.1112719,2.251071703566445,POINT (-122.26681628275874 37.87153232846211),ios,4.595413962719677,0.073325775240564,-0.0665404850155899
28,distance,0,-122.2667646502352,3.7300000190734863,1564075157.9932714,67.5,37.871539159713194,4.0,2019-07-25T10:19:17.993271-07:00,30.0,60.392412185668945,1564075158.111325,2.2513494753837584,POINT (-122.2667646502352 37.871539159713194),ios,4.668738164559798,0.0067867180288842125,-0.47900104031992424
29,distance,0,-122.2667115089691,3.7300000190734863,1564075158.9932494,77.34375,37.87154091991286,4.0,2019-07-25T10:19:18.993249-07:00,30.0,60.432634353637695,1564075159.116839,2.251627247068617,POINT (-122.2667115089691 37.87154091991286),ios,4.675524733725353,-0.4722038156382773,-0.2522082810496067
30,distance,0,-122.26665828388396,3.4600000381469727,1564075159.9932275,85.078125,37.87154255438398,4.0,2019-07-25T10:19:19.993227-07:00,30.0,60.481584548950195,1564075160.114908,2.2519050187534755,POINT (-122.26665828388396 37.87154255438398),ios,4.20333127564605,-0.7244065646230035,0.5939348144436782
31,distance,0,-122.26661218341651,3.2799999713897705,1564075160.993206,82.265625,37.87153232846211,4.0,2019-07-25T10:19:20.993206-07:00,30.0,60.426897048950195,1564075161.113543,2.2521827905707887,POINT (-122.26661218341651 37.87153232846211),ios,3.4789402551015915,-0.1304844946378337,-0.3871665501824298
32,distance,0,-122.26657421339515,2.059999942779541,1564075161.993184,81.2109375,37.871523359825716,4.0,2019-07-25T10:19:21.993184-07:00,10.0,60.204607009887695,1564075162.099627,2.2524605622556475,POINT (-122.26657421339515 37.871523359825716),ios,3.348458622577116,-0.5176425525119767,-0.215487977672912
33,distance,0,-122.26654227834406,1.5499999523162842,1564075162.9931626,87.5390625,37.871506889385984,4.0,2019-07-25T10:19:22.993163-07:00,10.0,60.121904373168945,1564075163.096723,2.2527383340729608,POINT (-122.26654227834406 37.871506889385984),ios,2.830827177469306,-0.7331259063145181,0.4664503871193783
34,distance,0,-122.26651445042553,1.5499999523162842,1564075163.9931393,98.7890625,37.871494023164615,4.0,2019-07-25T10:19:23.993139-07:00,10.0,59.908159255981445,1564075164.1325622,2.253016105360455,POINT (-122.26651445042553 37.871494023164615),ios,2.097718400656803,-0.26668641781811464,-0.08224986865533594
35,distance,0,-122.26649433385792,0.18000000715255737,1564075164.9931188,112.1484375,37.87148383915226,4.0,2019-07-25T10:19:24.993119-07:00,10.0,59.774431228637695,1564075165.123146,2.253293877442678,POINT (-122.26649433385792 37.87148383915226),ios,1.8310374509764131,-0.3489346000223244,-0.40655618932365084
36,distance,0,-122.26647379819515,0.9300000071525574,1564075165.9930964,59.0625,37.87148094739567,4.0,2019-07-25T10:19:25.993096-07:00,10.0,60.161272048950195,1564075166.1116571,2.2535716489950817,POINT (-122.26647379819515 37.87148094739567),ios,1.4821106710482932,-0.7554816778743708,0.837511081874776
37,distance,0,-122.26645703438881,0.18000000715255737,1564075166.9930754,12.65625,37.871479354834065,4.0,2019-07-25T10:19:26.993075-07:00,10.0,60.016862869262695,1564075167.1104832,2.25384942094485,POINT (-122.26645703438881 37.871479354834065),ios,0.7266448438103219,0.08201183231861837,0.002944169854573238
38,distance,0,-122.26640791643622,0.23999999463558197,1564075172.9929438,101.6015625,37.87147352941136,3.0,2019-07-25T10:19:32.992944-07:00,10.0,59.611467361450195,1564075173.112947,2.2555160510540007,POINT (-122.26640791643622 37.87147352941136),ios,1.218705044386251,0.09967646397253187,-0.41614271202215125
39,distance,0,-122.26639408629599,0.9900000095367432,1564075173.9929223,82.6171875,37.871474493330226,3.0,2019-07-25T10:19:33.992922-07:00,10.0,59.799272537231445,1564075174.1108499,2.2557938228713144,POINT (-122.26639408629599 37.871474493330226),ios,1.318379369533901,-0.31645731859575005,0.6371866480040402
40,distance,0,-122.26637908268931,0.8799999952316284,1564075174.992901,88.9453125,37.87147503815393,4.0,2019-07-25T10:19:34.992901-07:00,10.0,60.215105056762695,1564075175.103332,2.2560715947548546,POINT (-122.26637908268931 37.87147503815393),ios,1.0019287659262288,0.32071580878325384,-0.04760865516762322
41,distance,0,-122.266367683301,0.8799999952316284,1564075175.992879,99.4921875,37.871475499158606,4.0,2019-07-25T10:19:35.992879-07:00,10.0,60.132768630981445,1564075176.101006,2.256349366373486,POINT (-122.266367683301 37.871475499158606),ios,1.322637463500992,0.273108209238907,0.7973751311177998
42,distance,0,-122.26635829556945,0.6499999761581421,1564075176.992858,125.15625,37.871466195246086,4.0,2019-07-25T10:19:36.992858-07:00,10.0,59.956743240356445,1564075177.111007,2.256627138323254,POINT (-122.26635829556945 37.871466195246086),ios,1.5957399427016346,1.0704666107606788,-3.6780815820212034
43,distance,0,-122.26635142240885,0.25,1564075177.9928346,163.4765625,37.87145290992956,3.0,2019-07-25T10:19:37.992835-07:00,10.0,59.741533279418945,1564075178.135096,2.256904909610748,POINT (-122.26635142240885 37.87145290992956),ios,2.6661815419877386,-2.607529032808033,2.614399005978785
44,distance,0,-122.26634094502988,0.18000000715255737,1564075178.9928136,163.4765625,37.87143040451954,3.0,2019-07-25T10:19:38.992814-07:00,10.0,59.759172439575195,1564075179.118441,2.2571826815605163,POINT (-122.26634094502988 37.87143040451954),ios,0.05870721731599876,0.00681512089668568,-0.001403527350562767
45,distance,0,-122.26629149180117,0.5600000023841858,1564075252.9912019,3.8671875,37.87142885386746,3.0,2019-07-25T10:20:52.991202-07:00,10.0,59.621416091918945,1564075253.116508,2.2777377894189623,POINT (-122.26629149180117 37.87142885386746),ios,0.5630151796750006,-0.09704364096646172,0.09176229755648992
46,distance,0,-122.26627883512738,0.3499999940395355,1564075255.991136,4.21875,37.87141741256963,3.0,2019-07-25T10:20:55.991136-07:00,10.0,59.815324783325195,1564075256.106264,2.2785711044735377,POINT (-122.26627883512738 37.87141741256963),ios,0.2718906425895447,0.17823721342010684,0.06757611781739095
47,distance,0,-122.26627749402287,0.4000000059604645,1564075259.9910488,4.21875,37.871427135577306,4.0,2019-07-25T10:20:59.991049-07:00,10.0,60.279253005981445,1564075260.105431,2.279682191345427,POINT (-122.26627749402287 37.871427135577306),ios,0.9848239430768531,0.44853578791654186,-0.4805018836747449
48,distance,0,-122.26626483734908,0.8299999833106995,1564075261.9910054,3.515625,37.87144176199834,4.0,2019-07-25T10:21:01.991005-07:00,10.0,60.472490310668945,1564075262.106769,2.2802377348475984,POINT (-122.26626483734908 37.87144176199834),ios,1.8818760559636647,-0.5124471294080502,0.6185991734697959
49,distance,0,-122.26625637162688,1.0700000524520874,1564075262.990983,3.8671875,37.871457310428724,4.0,2019-07-25T10:21:02.990983-07:00,10.0,61.045122146606445,1564075263.154632,2.2805155064000022,POINT (-122.26625637162688 37.871457310428724),ios,1.3694404111857617,0.10613818042136432,-0.4404392895217582
50,distance,0,-122.26624405022922,1.0700000524520874,1564075263.9946225,4.921875,37.87146493796061,4.0,2019-07-25T10:21:03.994622-07:00,10.0,61.093400955200195,1564075264.10787,2.280794295138783,POINT (-122.26624405022922 37.87146493796061),ios,1.4759648772278469,-0.33590407010525897,-0.301195056803946
51,distance,0,-122.26623306993606,0.9700000286102295,1564075264.9949298,4.21875,37.871474996244416,4.0,2019-07-25T10:21:04.994930-07:00,10.0,61.136125564575195,1564075265.1056151,2.2810721582836573,POINT (-122.26623306993606 37.871474996244416),ios,1.1399575765636285,-0.637191690640451,1.030177838551225
52,distance,0,-122.26622133527162,0.9700000286102295,1564075265.9952655,4.21875,37.87147939674358,4.0,2019-07-25T10:21:05.995265-07:00,10.0,61.145158767700195,1564075266.11776,2.2813500293095905,POINT (-122.26622133527162 37.87147939674358),ios,0.5025519849039806,0.393331971770151,-0.1928103515501519
53,distance,0,-122.26620574493172,0.7200000286102295,1564075268.9961424,2.4609375,37.87148509643774,4.0,2019-07-25T10:21:08.996142-07:00,10.0,60.971025466918945,1564075269.104806,2.282183606227239,POINT (-122.26620574493172 37.87148509643774),ios,1.6828928144104887,-0.1852681589589583,1.2112753392231996
54,distance,0,-122.26619912322822,1.0199999809265137,1564075269.9963913,358.2421875,37.87149930376361,4.0,2019-07-25T10:21:09.996391-07:00,10.0,61.029680252075195,1564075270.104434,2.2824614531464045,POINT (-122.26619912322822 37.87149930376361),ios,1.4975785405399853,1.026308677593512,-1.9375848139294092
55,distance,0,-122.26618789147797,1.9500000476837158,1564075270.9966226,348.3984375,37.87150944586645,4.0,2019-07-25T10:21:10.996623-07:00,30.0,61.311296463012695,1564075271.111586,2.282739295164744,POINT (-122.26618789147797 37.87150944586645),ios,2.5241245684584297,-0.9117242338675763,1.431585924172834
56,distance,0,-122.26616584707263,2.619999885559082,1564075271.99685,337.1484375,37.87152403037797,4.0,2019-07-25T10:21:11.996850-07:00,30.0,61.694597244262695,1564075272.100002,2.2830171361234455,POINT (-122.26616584707263 37.87152403037797),ios,1.6121929617063153,0.5201873064197933,-0.9293477532051888
57,distance,0,-122.26614958618048,1.9500000476837158,1564075272.9970403,325.1953125,37.87153077781002,4.0,2019-07-25T10:21:12.997040-07:00,30.0,61.897111892700195,1564075273.1022801,2.283294966750675,POINT (-122.26614958618048 37.87153077781002),ios,2.1324792379362423,-0.40933726265450227,0.4637206238888725
58,distance,0,-122.26612636830869,2.059999942779541,1564075273.9972224,311.1328125,37.87153643559466,4.0,2019-07-25T10:21:13.997222-07:00,30.0,61.996538162231445,1564075274.112881,2.2835727951261733,POINT (-122.26612636830869 37.87153643559466),ios,1.723067413764819,0.054467828778127454,0.7649730736343293
59,distance,0,-122.26610692229333,2.049999952316284,1564075274.9973931,297.0703125,37.87153857297997,4.0,2019-07-25T10:21:14.997393-07:00,30.0,61.953874588012695,1564075275.129678,2.2838506203227573,POINT (-122.26610692229333 37.87153857297997),ios,1.7775445406208648,0.8195714892084359,-1.090352128723875
60,distance,0,-122.26609376270535,2.7200000286102295,1564075275.9975457,287.9296875,37.87155072673957,4.0,2019-07-25T10:21:15.997546-07:00,30.0,62.151689529418945,1564075276.1101441,2.2841284404860605,POINT (-122.26609376270535 37.87155072673957),ios,2.5972410865140554,-0.2709470140467996,0.1527998370694585
61,distance,0,-122.2660862189925,2.7200000286102295,1564075276.9976916,282.3046875,37.87157331596862,4.0,2019-07-25T10:21:16.997692-07:00,30.0,62.481706619262695,1564075277.109103,2.2844062587949963,POINT (-122.2660862189925 37.87157331596862),ios,2.32625453800037,-0.11812488162147598,0.1387632033327613
62,distance,0,-122.26608705718282,2.7899999618530273,1564075277.9978256,279.84375,37.87159422881703,4.0,2019-07-25T10:21:17.997826-07:00,30.0,62.679033279418945,1564075278.108307,2.2846840737925636,POINT (-122.26608705718282 37.87159422881703),ios,2.208113828679359,0.020656914765168174,1.0878209628215048
63,distance,0,-122.26609133195343,2.7300000190734863,1564075278.99795,278.7890625,37.87161380056094,4.0,2019-07-25T10:21:18.997950-07:00,30.0,62.599565505981445,1564075279.112293,2.2849618861410352,POINT (-122.26609133195343 37.87161380056094),ios,2.2287733142904904,1.1086132617988311,-1.590112986221994
64,distance,0,-122.26609728310468,2.819999933242798,1564075279.9980655,278.7890625,37.87163328848581,4.0,2019-07-25T10:21:19.998065-07:00,10.0,62.500444412231445,1564075280.102776,2.2852396959728667,POINT (-122.26609728310468 37.87163328848581),ios,3.3375145040646688,-0.4816832148628952,0.6346198374383906
65,distance,0,-122.26610558118882,2.819999933242798,1564075280.9981713,278.4375,37.871662583237395,4.0,2019-07-25T10:21:20.998171-07:00,10.0,62.487504959106445,1564075281.108767,2.2855175031556025,POINT (-122.26610558118882 37.871662583237395),ios,2.8557802992526904,0.15300380206649608,-0.17666852642569675
66,distance,0,-122.26611270580652,3.0399999618530273,1564075281.99827,277.734375,37.87168764512788,4.0,2019-07-25T10:21:21.998270-07:00,10.0,62.355852127075195,1564075282.112983,2.2857953083515166,POINT (-122.26611270580652 37.87168764512788),ios,3.008799203604108,-0.023682162477644216,-0.5749713194199102
67,distance,0,-122.26611798640552,2.609999895095825,1564075282.998361,277.3828125,37.871714383398995,4.0,2019-07-25T10:21:22.998361-07:00,10.0,62.496171951293945,1564075283.102347,2.2860731114281547,POINT (-122.26611798640552 37.871714383398995),ios,2.985114884252268,-0.5987058479263445,-0.26997823735756565
68,distance,0,-122.26612946961286,2.609999895095825,1564075283.9984431,277.3828125,37.87173965483706,4.0,2019-07-25T10:21:23.998443-07:00,10.0,62.767961502075195,1564075284.1027222,2.286350911988152,POINT (-122.26612946961286 37.87173965483706),ios,2.386359932872362,-0.8687062278166524,1.3816859365511407
69,distance,0,-122.26612527866128,2.5799999237060547,1564075284.9985209,277.3828125,37.87176086105208,4.0,2019-07-25T10:21:24.998521-07:00,10.0,63.093828201293945,1564075285.112389,2.286628711356057,POINT (-122.26612527866128 37.87176086105208),ios,1.517586185336045,0.5130870995233572,-0.4571088280082407
70,distance,0,-122.26611907605293,1.6399999856948853,1564075285.998591,277.3828125,37.8717736015449,4.0,2019-07-25T10:21:25.998591-07:00,10.0,63.401323318481445,1564075286.1051102,2.2869065086046856,POINT (-122.26611907605293 37.8717736015449),ios,2.030709249731586,0.05594623044335955,0.6200375276146279
71,distance,0,-122.26612117152872,1.0099999904632568,1564075286.9986558,277.3828125,37.871791790274784,4.0,2019-07-25T10:21:26.998656-07:00,10.0,63.623552322387695,1564075287.109946,2.2871843043963116,POINT (-122.26612117152872 37.871791790274784),ios,2.0866591082797945,0.6760239674008275,-0.8990285259790114
72,distance,0,-122.26611622620585,1.2799999713897705,1564075287.9987144,277.734375,37.87181014664273,4.0,2019-07-25T10:21:27.998714-07:00,10.0,63.959245681762695,1564075288.119739,2.2874620984660257,POINT (-122.26611622620585 37.87181014664273),ios,2.7627227251423636,-0.22305728747370293,-0.10666453787267928
73,distance,0,-122.26612133916679,1.2799999713897705,1564075288.998767,278.0859375,37.87183466370951,4.0,2019-07-25T10:21:28.998767-07:00,10.0,64.14326667785645,1564075289.1016269,2.2877398908138273,POINT (-122.26612133916679 37.87183466370951),ios,2.5396537378483224,-0.32972742012404543,0.6274786444376217
74,distance,0,-122.26612125534776,1.940000057220459,1564075289.9988163,278.4375,37.87185750439565,4.0,2019-07-25T10:21:29.998816-07:00,10.0,64.3230152130127,1564075290.1120028,2.2880176823006737,POINT (-122.26612125534776 37.87185750439565),ios,2.2099100448036766,0.29778219204490874,0.12250896579091532
75,distance,0,-122.26612620067063,2.3499999046325684,1564075290.9988604,278.7890625,37.87187699232052,4.0,2019-07-25T10:21:30.998860-07:00,10.0,64.45735359191895,1564075291.109999,2.288295472330517,POINT (-122.26612620067063 37.87187699232052),ios,2.5077053712579005,0.420296561392331,0.16796057296775843
76,distance,0,-122.26613198418382,2.75,1564075291.9989002,278.7890625,37.87189907863538,4.0,2019-07-25T10:21:31.998900-07:00,10.0,64.66316413879395,1564075292.116205,2.288573261168268,POINT (-122.26613198418382 37.87189907863538),ios,2.9280186671372292,0.5882638218619218,-0.0899792423402153
77,distance,0,-122.26614455703857,2.75,1564075292.9989357,278.7890625,37.87192346997361,4.0,2019-07-25T10:21:32.998936-07:00,10.0,64.89448738098145,1564075293.10976,2.288851048813926,POINT (-122.26614455703857 37.87192346997361),ios,3.5163033866998084,0.49828138306596353,-0.2718597201921684
78,distance,0,-122.26615687843623,3.0399999618530273,1564075293.9989684,278.7890625,37.871953561005995,4.0,2019-07-25T10:21:33.998968-07:00,10.0,65.12117195129395,1564075294.101275,2.289128835664855,POINT (-122.26615687843623 37.871953561005995),ios,4.014601045302662,0.22641278302587123,-0.7798431458704834
79,distance,0,-122.26617154676678,4.329999923706055,1564075294.9989972,278.4375,37.871987759170935,4.0,2019-07-25T10:21:34.998997-07:00,10.0,65.1576099395752,1564075295.1132011,2.289406621456146,POINT (-122.26617154676678 37.871987759170935),ios,4.2410203600312295,-0.5534528602650782,11.99209702320966
80,distance,0,-122.26618386816445,4.789999961853027,1564075295.999022,278.4375,37.87202463954489,4.0,2019-07-25T10:21:35.999022-07:00,10.0,65.09211921691895,1564075296.112505,2.2896844061215718,POINT (-122.26618386816445 37.87202463954489),ios,3.6875537766079187,11.438941513372784,-22.760854076216418
81,distance,0,-122.2661895678586,4.789999961853027,1564075296.9990435,278.7890625,37.87205749660532,4.0,2019-07-25T10:21:36.999043-07:00,10.0,64.9767017364502,1564075297.1071901,2.289962189859814,POINT (-122.2661895678586 37.87205749660532),ios,15.126740743037086,-11.322400957787552,13.034303474749876
82,distance,0,-122.2661065870172,5.03000020980835,1564075297.9990647,351.9140625,37.87217672917794,4.0,2019-07-25T10:21:37.999065-07:00,10.0,64.89436531066895,1564075298.150151,2.290239973531829,POINT (-122.2661065870172 37.87217672917794),ios,3.8040995323529296,1.712179095152472,-5.108679469755023
83,distance,0,-122.26612511102321,5.230000019073486,1564075298.9990802,346.2890625,37.87220765840064,4.0,2019-07-25T10:21:38.999080-07:00,10.0,65.64338874816895,1564075299.134328,2.2905177556143865,POINT (-122.26612511102321 37.87220765840064),ios,5.516305161500359,-3.3965795448690677,9.053071512999104
84,distance,0,-122.26612938579383,5.230000019073486,1564075299.9990945,347.6953125,37.87225715353887,4.0,2019-07-25T10:21:39.999094-07:00,10.0,65.55049324035645,1564075300.132312,2.2907955373658075,POINT (-122.26612938579383 37.87225715353887),ios,2.1196770281711577,5.656621473356835,-5.972571634441407
85,distance,0,-122.26613290619316,5.039999961853027,1564075300.9991055,279.140625,37.872276012821004,4.0,2019-07-25T10:21:40.999105-07:00,10.0,65.58296394348145,1564075301.100431,2.291073318190045,POINT (-122.26613290619316 37.872276012821004),ios,7.7763605391360855,-0.31601566379853485,0.2675512476686372
86,distance,0,-122.26613550458315,5.039999961853027,1564075301.999115,358.2421875,37.872345917893455,4.0,2019-07-25T10:21:41.999115-07:00,10.0,65.5936450958252,1564075302.093151,2.291351098616918,POINT (-122.26613550458315 37.872345917893455),ios,7.460341861577329,-0.04846186456236539,-0.0024128087606999638
87,distance,0,-122.26613039162221,6.53000020980835,1564075302.9991217,358.59375,37.872412889299795,4.0,2019-07-25T10:21:42.999122-07:00,10.0,65.5785083770752,1564075303.165447,2.2916288782490626,POINT (-122.26613039162221 37.872412889299795),ios,7.411879673497115,-0.05087468943030157,5.107306487559579
88,distance,0,-122.26612167444291,6.550000190734863,1564075303.999127,7.734375,37.87247919015388,4.0,2019-07-25T10:21:43.999127-07:00,30.0,65.43208503723145,1564075304.103837,2.2919066574838425,POINT (-122.26612167444291 37.87247919015388),ios,7.361004717218448,5.056458587017905,6.572585531263595
89,distance,0,-122.26610885013106,6.550000190734863,1564075304.9991307,5.9765625,37.872544610908136,4.0,2019-07-25T10:21:44.999131-07:00,30.0,65.46028327941895,1564075305.161627,2.2921844363212585,POINT (-122.26610885013106 37.872544610908136),ios,12.417482593095098,11.629069190705554,-34.63020074438269
90,distance,0,-122.26601411683079,6.869999885559082,1564075305.999132,354.783935546875,37.87246167240751,4.0,2019-07-25T10:21:45.999132-07:00,30.0,65.57722663879395,1564075306.1484408,2.292462214430173,POINT (-122.26601411683079 37.87246167240751),ios,24.046565646731416,-23.001172836093414,26.65529561368602
91,distance,0,-122.26603796542518,7.110000133514404,1564075306.999132,355.00946044921875,37.872677107406425,4.0,2019-07-25T10:21:46.999132-07:00,30.0,66.03120613098145,1564075307.139258,2.292739992207951,POINT (-122.26603796542518 37.872677107406425),ios,1.0453928106380022,3.65412277759261,-3.7510569283051844
92,distance,0,-122.26603693367129,7.110000133514404,1564075307.9991302,355.00946044921875,37.8726677413226,4.0,2019-07-25T10:21:47.999130-07:00,10.0,66.0892505645752,1564075308.138074,2.293017769522137,POINT (-122.26603693367129 37.8726677413226),ios,4.699509489755289,-0.096927890460934,-3.4810124390057444
93,distance,0,-122.26604157186001,4.679999828338623,1564075308.999127,355.00946044921875,37.8727098459994,4.0,2019-07-25T10:21:48.999127-07:00,10.0,65.84687995910645,1564075309.122586,2.2932955463727316,POINT (-122.26604157186001 37.8727098459994),ios,4.602581922826094,-3.577928710334125,4.99159579684572
94,distance,0,-122.26604611438167,4.659999847412109,1564075309.9991226,355.00946044921875,37.87275108222644,4.0,2019-07-25T10:21:49.999123-07:00,10.0,65.90999031066895,1564075310.129541,2.2935733229584163,POINT (-122.26604611438167 37.87275108222644),ios,1.0246685672961953,1.413645664906404,-1.6983768689899192
95,distance,0,-122.2660451030847,4.630000114440918,1564075310.9991179,355.00946044921875,37.872741901847625,4.0,2019-07-25T10:21:50.999118-07:00,10.0,66.0985279083252,1564075311.1210241,2.2938510994116466,POINT (-122.2660451030847 37.872741901847625),ios,2.4383074914147835,-0.28472310559151753,-1.3138003869360209
96,distance,0,-122.26604750956665,2.5999999046325684,1564075311.9991105,355.00946044921875,37.872763747475055,4.0,2019-07-25T10:21:51.999110-07:00,30.0,66.2815113067627,1564075312.12993,2.2941288751363755,POINT (-122.26604750956665 37.872763747475055),ios,2.1535864902048925,-1.5985137822604727,1.7317206266818908
97,distance,0,-122.26604963504184,3.0299999713897705,1564075312.999102,355.00946044921875,37.87278304217168,4.0,2019-07-25T10:21:52.999102-07:00,30.0,66.42317390441895,1564075313.14038,2.2944066505961946,POINT (-122.26604963504184 37.87278304217168),ios,0.5550860469828822,0.13319239381842565,-0.17383851775803177
98,distance,0,-122.26604689584639,0.49000000953674316,1564075317.9990487,355.00946044921875,37.87275817622852,4.0,2019-07-25T10:21:57.999049-07:00,30.0,66.5078296661377,1564075318.108697,2.29579552465015,POINT (-122.26604689584639 37.87275817622852),ios,1.2210409028337634,-0.7359909109932763,0.9821959416696072
99,distance,0,-122.26604569075067,0.49000000953674316,1564075318.999035,355.00946044921875,37.872747236577545,4.0,2019-07-25T10:21:58.999035-07:00,30.0,66.6549243927002,1564075319.147609,2.2960732985867396,POINT (-122.26604569075067 37.872747236577545),ios,0.4850601693271065,0.24619144859820388,0.10501421555190679
100,distance,0,-122.26604856310189,1.2899999618530273,1564075324.9989429,355.00946044921875,37.8727733112861,4.0,2019-07-25T10:22:04.998943-07:00,30.0,66.4008960723877,1564075325.119721,2.2977399396896363,POINT (-122.26604856310189 37.8727733112861),ios,1.9621862040228,0.8762670774963824,0.29238165776727276
101,distance,0,-122.2660504996572,2.0,1564075325.9989252,355.00946044921875,37.87279089100055,4.0,2019-07-25T10:22:05.998925-07:00,30.0,66.2693042755127,1564075326.119049,2.2980177125665877,POINT (-122.2660504996572 37.87279089100055),ios,2.838437821561169,1.1686435767814196,-2.001625944443292
102,distance,0,-122.26605330101809,2.5,1564075326.9989076,355.00946044921875,37.87281632127133,4.0,2019-07-25T10:22:06.998908-07:00,30.0,66.28816413879395,1564075327.1320071,2.298295485443539,POINT (-122.26605330101809 37.87281632127133),ios,4.007060779993351,-0.8329470530256684,4.309587647975722
103,distance,0,-122.26605725573599,3.130000114440918,1564075327.9988897,355.00946044921875,37.872852221517554,4.0,2019-07-25T10:22:07.998890-07:00,30.0,66.37349128723145,1564075328.140493,2.298573258254263,POINT (-122.26605725573599 37.872852221517554),ios,3.174128621221646,3.476563533517788,-2.893068400786395
104,distance,0,-122.26605412307218,3.130000114440918,1564075328.998871,355.00946044921875,37.872823783736386,4.0,2019-07-25T10:22:08.998871-07:00,30.0,66.6496753692627,1564075329.126244,2.298851030866305,POINT (-122.26605412307218 37.872823783736386),ios,6.650627502307084,0.5835489341094668,-2.4355186788258933
105,distance,0,-122.26606068681538,3.130000114440918,1564075329.9988518,355.00946044921875,37.87288336826403,4.0,2019-07-25T10:22:09.998852-07:00,30.0,66.22310066223145,1564075330.139828,2.2991288032796646,POINT (-122.26606068681538 37.87288336826403),ios,7.234165166975027,-1.8519227102113014,3.7651527011995163
106,distance,0,-122.26606782787995,4.440000057220459,1564075330.9988332,354.89044189453125,37.87294818079265,4.0,2019-07-25T10:22:10.998833-07:00,30.0,66.54878425598145,1564075331.1375399,2.2994065758917066,POINT (-122.26606782787995 37.87294818079265),ios,5.382276896320657,1.9131599717643595,-1.183022794022003
107,distance,0,-122.2660732662202,5.5,1564075331.9988132,354.89044189453125,37.87299639305763,3.0,2019-07-25T10:22:11.998813-07:00,30.0,66.8886890411377,1564075332.15605,2.2996843481063842,POINT (-122.2660732662202 37.87299639305763),ios,7.295398552922923,0.7301608703298985,1.938022300928137
108,distance,0,-122.26608063761158,6.389999866485596,1564075332.9987934,354.89044189453125,37.873061742310554,3.0,2019-07-25T10:22:12.998793-07:00,30.0,67.3044605255127,1564075333.158949,2.2999621203872893,POINT (-122.26608063761158 37.873061742310554),ios,8.025544974287692,2.6681448202346054,-5.381181866777862
109,distance,0,-122.26608889278096,6.340000152587891,1564075333.9987726,354.67926025390625,37.87313362149673,3.0,2019-07-25T10:22:13.998773-07:00,30.0,67.5587329864502,1564075334.1550388,2.3002398924032845,POINT (-122.26608889278096 37.87313362149673),ios,10.69363445075147,-2.7129254278283486,1.472466803201469
110,distance,0,-122.26610014314407,6.389999866485596,1564075334.9987516,354.67926025390625,37.87322937871808,4.0,2019-07-25T10:22:14.998752-07:00,30.0,67.47273445129395,1564075335.16252,2.3005176643530527,POINT (-122.26610014314407 37.87322937871808),ios,7.980765942363783,-1.240489518209863,9.765570946791108
111,distance,0,-122.26610853940822,6.789999961853027,1564075335.9987314,354.67926025390625,37.87330084333831,3.0,2019-07-25T10:22:15.998731-07:00,30.0,67.4980640411377,1564075336.173507,2.300795436501503,POINT (-122.26610853940822 37.87330084333831),ios,6.740301563392528,8.524883523629558,-12.580413540802397
112,distance,0,-122.26611563061631,7.789999961853027,1564075336.9987097,354.67926025390625,37.873361200002016,3.0,2019-07-25T10:22:16.998710-07:00,30.0,67.6118335723877,1564075337.180268,2.301073208252589,POINT (-122.26611563061631 37.873361200002016),ios,15.265000130375965,-4.0552570713796365,6.275793119654063
113,distance,0,-122.26613048297556,8.6899995803833,1564075337.9986887,355.0910949707031,37.87349797701837,3.0,2019-07-25T10:22:17.998689-07:00,10.0,67.75435066223145,1564075338.203775,2.301350980202357,POINT (-122.26613048297556 37.87349797701837),ios,11.209828141675667,2.220404376894733,-11.864650348272267
114,distance,0,-122.26614185761836,8.6899995803833,1564075338.9986677,354.7837829589844,37.87359838666157,3.0,2019-07-25T10:22:18.998668-07:00,10.0,67.6870288848877,1564075339.198759,2.301628752152125,POINT (-122.26614185761836 37.87359838666157),ios,13.430185932632622,-9.643997041106708,12.70911732965602
115,distance,0,-122.26615553141188,8.6899995803833,1564075339.9986458,354.9364013671875,37.87371868130867,4.0,2019-07-25T10:22:19.998646-07:00,30.0,67.62617683410645,1564075340.234503,2.3019065238369834,POINT (-122.26615553141188 37.87371868130867),ios,3.7864004278684833,3.0648415202973394,-8.028657667103571
116,distance,0,-122.26615925655712,7.320000171661377,1564075340.9986236,355.13568115234375,37.873752605269104,4.0,2019-07-25T10:22:20.998624-07:00,30.0,67.49238777160645,1564075341.215436,2.3021842954556146,POINT (-122.26615925655712 37.873752605269104),ios,6.851173991655902,-4.963638127958995,8.262157006356924
117,distance,0,-122.26616593040787,6.329999923706055,1564075341.998602,354.8681335449219,37.87381399238649,3.0,2019-07-25T10:22:21.998602-07:00,10.0,67.8083667755127,1564075342.217072,2.3024620672067004,POINT (-122.26616593040787 37.87381399238649),ios,1.8876435552399242,3.2983396218901566,-5.748042544999868
118,distance,0,-122.2661678460113,5.28000020980835,1564075342.9985805,354.8681335449219,37.87383090052858,3.0,2019-07-25T10:22:22.998580-07:00,10.0,68.32380867004395,1564075343.1962981,2.302739839024014,POINT (-122.2661678460113 37.87383090052858),ios,5.185912402439937,-2.449579583497454,2.8570476869792945
119,distance,0,-122.26617310873395,4.550000190734863,1564075343.9985583,354.8681335449219,37.873877352138116,4.0,2019-07-25T10:22:23.998558-07:00,10.0,68.20930671691895,1564075344.1988559,2.303017610642645,POINT (-122.26617310873395 37.873877352138116),ios,2.7363871332938663,0.40740475436959483,2.9980572221139514
120,distance,0,-122.26617588565058,4.590000152587891,1564075344.998536,354.8681335449219,37.87390186269234,4.0,2019-07-25T10:22:24.998536-07:00,10.0,68.00959968566895,1564075345.194515,2.3032953822612763,POINT (-122.26617588565058 37.87390186269234),ios,3.143782854307234,3.405395500777051,-4.947331952829095
121,distance,0,-122.26617907599403,4.480000019073486,1564075345.998513,354.8681335449219,37.87393002237264,4.0,2019-07-25T10:22:25.998513-07:00,10.0,68.12434577941895,1564075346.2011452,2.3035731536149977,POINT (-122.26617907599403 37.87393002237264),ios,6.549099599857297,-1.5418220370741538,7.1222997147029785
122,distance,0,-122.26618663395875,4.820000171661377,1564075346.9984899,354.1600036621094,37.8739886155322,4.0,2019-07-25T10:22:26.998490-07:00,10.0,68.22847175598145,1564075347.1876268,2.3038509249687196,POINT (-122.26618663395875 37.8739886155322),ios,5.007313219888016,5.580312963036768,-8.906151040117381
123,distance,0,-122.26619241440882,5.079999923706055,1564075347.9984684,354.1600036621094,37.87403341464674,4.0,2019-07-25T10:22:27.998468-07:00,10.0,68.51753425598145,1564075348.140655,2.304128696786033,POINT (-122.26619241440882 37.87403341464674),ios,10.587506442398901,-3.3256469718117496,2.9978506053726717
124,distance,0,-122.26602337578014,5.900000095367432,1564075349.9984217,81.39864349365234,37.87416927555357,4.0,2019-07-25T10:22:29.998422-07:00,30.0,69.36909675598145,1564075350.1624188,2.304684239361021,POINT (-122.26602337578014 37.87416927555357),ios,3.936367906396421,2.6699141492503817,-5.0337460701653765
125,distance,0,-122.26597903824106,7.019999980926514,1564075350.9983983,81.39864349365234,37.87417459175401,4.0,2019-07-25T10:22:30.998398-07:00,30.0,69.5343189239502,1564075351.1836472,2.3049620106485156,POINT (-122.26597903824106 37.87417459175401),ios,6.6062196730473,-2.363714307333605,7.666461413117161
126,distance,0,-122.26590465245835,8.270000457763672,1564075351.9983757,81.0916976928711,37.874183636850674,4.0,2019-07-25T10:22:31.998376-07:00,30.0,70.0241870880127,1564075352.204952,2.305239782134692,POINT (-122.26590465245835 37.874183636850674),ios,4.242558903287318,5.302573462234054,-6.62849242539137
127,distance,0,-122.26585690587615,8.670000076293945,1564075352.9983516,81.0916976928711,37.87418956937947,4.0,2019-07-25T10:22:32.998352-07:00,30.0,70.11775398254395,1564075353.190332,2.305517553223504,POINT (-122.26585690587615 37.87418956937947),ios,9.545004678086297,-1.3257593472270053,5.161706845730285
128,distance,0,-122.26574945418639,8.670000076293945,1564075353.998329,81.37175750732422,37.87420276427435,4.0,2019-07-25T10:22:33.998329-07:00,30.0,70.1173267364502,1564075354.2046099,2.3057953247096803,POINT (-122.26574945418639 37.87420276427435),ios,8.219275358996972,3.835830587056149,-10.05682999749405
129,distance,0,-122.26565688242968,8.869999885559082,1564075354.9983056,81.37175750732422,37.87421389913032,4.0,2019-07-25T10:22:34.998306-07:00,30.0,70.95552253723145,1564075355.191558,2.3060730959971747,POINT (-122.26565688242968 37.87421389913032),ios,12.055016321791854,-6.220764432396312,10.218389903225026
130,distance,0,-122.26552101058735,-1.0,1564075355.9982824,81.66873931884766,37.87422970910267,4.0,2019-07-25T10:22:35.998282-07:00,30.0,71.52168464660645,1564075356.197513,2.306350867350896,POINT (-122.26552101058735 37.87422970910267),ios,5.8343957545397815,3.997389154190576,-6.51825288354197
131,distance,0,-122.26558677319827,8.109999656677246,1564075356.9982584,81.66873931884766,37.874222075159196,4.0,2019-07-25T10:22:36.998258-07:00,10.0,72.71919441223145,1564075357.2018108,2.306628638439708,POINT (-122.26558677319827 37.874222075159196),ios,9.83168865049429,-2.520706768019731,8.473410505432632
132,distance,0,-122.26547595497289,9.970000267028809,1564075357.998234,81.66873931884766,37.87423493930885,3.0,2019-07-25T10:22:37.998234-07:00,10.0,61.214738845825195,1564075358.2087421,2.306906409462293,POINT (-122.26547595497289 37.87423493930885),ios,7.3110431827738065,5.952497675126631,-12.675309790606187
133,distance,0,-122.26539355089267,9.829999923706055,1564075358.998178,81.66873931884766,37.874244505049646,3.0,2019-07-25T10:22:38.998178-07:00,10.0,73.00251960754395,1564075360.661055,2.307184171676636,POINT (-122.26539355089267 37.874244505049646),ios,13.263207349181553,-6.722101938582319,13.21607866890454
134,distance,0,-122.26524390722801,10.079999923706055,1564075359.9981768,80.57672119140625,37.87426107128265,4.0,2019-07-25T10:22:39.998177-07:00,30.0,73.01472663879395,1564075360.739583,2.3074619491232764,POINT (-122.26524390722801 37.87426107128265),ios,6.541113423969198,6.493960975528735,-10.0118320337961
135,distance,0,-122.26517039891061,9.890000343322754,1564075360.9981642,80.57672119140625,37.87427074208619,3.0,2019-07-25T10:22:40.998164-07:00,23.050755682069052,74.1004810333252,1564075361.1796951,2.307739723391003,POINT (-122.26517039891061 37.87427074208619),ios,13.03499234060766,-3.517744546908677,1.1218868190771563
136,distance,0,-122.2650239426761,11.079999923706055,1564075361.9981403,80.33349609375,37.87429014565458,3.0,2019-07-25T10:22:41.998140-07:00,29.51166176605434,74.39924812316895,1564075362.1542811,2.3080174945460428,POINT (-122.2650239426761 37.87429014565458),ios,9.517331663264635,-2.3958844756976525,3.7077225357597206
137,distance,0,-122.26491731463719,11.539999961853027,1564075362.9981325,78.51261901855469,37.87430568743142,3.0,2019-07-25T10:22:42.998132-07:00,30.32067924732965,74.5948657989502,1564075363.163104,2.308295270138317,POINT (-122.26491731463719 37.87430568743142),ios,7.121466037938271,1.3118088883940917,-1.8946322000766114
138,distance,0,-122.26483782120002,10.600000381469727,1564075363.998092,78.51261901855469,37.8743184933266,3.0,2019-07-25T10:22:43.998092-07:00,23.559043461120748,75.58418464660645,1564075364.1794438,2.3085730366574393,POINT (-122.26483782120002 37.8743184933266),ios,8.433221757198455,-0.582746520044619,-1.4306308376474792
139,distance,0,-122.26474368371044,10.300000190734863,1564075364.9980679,78.51261901855469,37.87433365828696,3.0,2019-07-25T10:22:44.998068-07:00,22.20610928923355,76.3225269317627,1564075365.159086,2.3088508077462513,POINT (-122.26474368371044 37.87433365828696),ios,7.8504892698511615,-2.0133429077059737,-0.5506629654640751
140,distance,0,-122.26483131648135,7.639999866485596,1564075365.9980454,78.51261901855469,37.87431954119606,3.0,2019-07-25T10:22:45.998045-07:00,10.0,76.86482429504395,1564075366.165772,2.309128579298655,POINT (-122.26483131648135 37.87431954119606),ios,5.837191483870586,-2.5639935320715606,4.476200007759095
141,distance,0,-122.26476615775138,7.420000076293945,1564075366.9980204,78.51261901855469,37.87433003785963,3.0,2019-07-25T10:22:46.998020-07:00,10.0,76.05659675598145,1564075367.172714,2.3094063501225577,POINT (-122.26476615775138 37.87433003785963),ios,3.2732621386869734,1.9120944187167441,-2.3809246738116983
142,distance,0,-122.26472961929224,6.809999942779541,1564075367.997997,78.51261901855469,37.8743359239767,3.0,2019-07-25T10:22:47.997997-07:00,10.0,76.4604663848877,1564075368.18908,2.309684121410052,POINT (-122.26472961929224 37.8743359239767),ios,5.185311881277944,-0.4687746247405419,2.6173978292175564
143,distance,0,-122.26467212416429,2.7899999618530273,1564075368.997972,74.72831726074219,37.87434663651143,3.0,2019-07-25T10:22:48.997972-07:00,10.0,76.56257820129395,1564075369.207408,2.3099618922339547,POINT (-122.26467212416429 37.87434663651143),ios,4.716548991818297,2.148557680668519,-3.3914796279958863
144,distance,0,-122.26462030224855,4.829999923706055,1564075369.9979477,74.72831726074219,37.874357852618516,3.0,2019-07-25T10:22:49.997948-07:00,10.0,76.39644050598145,1564075370.192298,2.310239663256539,POINT (-122.26462030224855 37.874357852618516),ios,6.865054422367743,-1.2428394709684634,-0.5796591237408101
145,distance,0,-122.26448011328509,6.039999961853027,1564075371.9979012,64.8154067993164,37.874412630088756,3.0,2019-07-25T10:22:51.997901-07:00,10.0,76.7772388458252,1564075372.162675,2.310795205897755,POINT (-122.26448011328509 37.874412630088756),ios,4.379433262054857,-2.4021307691566776,2.3785715214076775
146,distance,0,-122.26443499678464,5.260000228881836,1564075372.9978757,64.8154067993164,37.874429447413966,3.0,2019-07-25T10:22:52.997876-07:00,10.0,74.03437995910645,1564075373.14881,2.311072976589203,POINT (-122.26443499678464 37.874429447413966),ios,1.9773637731468927,-0.02361992698273953,-0.3376309612383904
147,distance,0,-122.2644146261461,4.489999771118164,1564075373.9978514,64.8154067993164,37.87443704063706,4.0,2019-07-25T10:22:53.997851-07:00,10.0,77.0234546661377,1564075374.16482,2.3113507476117876,POINT (-122.2644146261461 37.87443704063706),ios,1.953744420569955,-0.36124267747673794,1.4010965523206595
148,distance,0,-122.26437437149883,3.759999990463257,1564075375.9978034,64.8154067993164,37.87445204569038,4.0,2019-07-25T10:22:55.997803-07:00,30.0,77.5608081817627,1564075376.151633,2.311906289855639,POINT (-122.26437437149883 37.87445204569038),ios,1.23127637713662,2.440883283627294,-5.59768774400045
149,distance,0,-122.26438705599978,3.2699999809265137,1564075376.9977784,64.8154067993164,37.87444731750057,4.0,2019-07-25T10:22:56.997778-07:00,30.0,77.52754402160645,1564075377.170136,2.3121840606795416,POINT (-122.26438705599978 37.87444731750057),ios,3.6720985558118695,-3.156664328133547,3.682544836554706
150,distance,0,-122.26434922633439,3.190000057220459,1564075377.997754,64.8154067993164,37.87446141863385,4.0,2019-07-25T10:22:57.997754-07:00,30.0,77.38655281066895,1564075378.178694,2.3124618317021266,POINT (-122.26434922633439 37.87446141863385),ios,0.5155109936355513,0.525790953736203,-0.7905665988432692
151,distance,0,-122.26435984784604,1.5499999523162842,1564075379.9977064,64.8154067993164,37.87445745943015,4.0,2019-07-25T10:22:59.997706-07:00,30.0,78.24873542785645,1564075380.158939,2.3130173740122055,POINT (-122.26435984784604 37.87445745943015),ios,1.5670678294415386,-1.0553045467972992,1.6448417739069445
152,distance,0,-122.2643759916457,1.8300000429153442,1564075380.9976816,64.8154067993164,37.87445144177526,4.0,2019-07-25T10:23:00.997682-07:00,30.0,78.08540534973145,1564075381.162099,2.313295144902335,POINT (-122.2643759916457 37.87445144177526),ios,0.5117894494821382,0.5894964423824328,-0.7870879876676643
153,distance,0,-122.26438653647426,1.590000033378601,1564075382.9976332,64.8154067993164,37.874447511155424,4.0,2019-07-25T10:23:02.997633-07:00,30.0,77.94978523254395,1564075383.148366,2.313850687013732,POINT (-122.26438653647426 37.874447511155424),ios,1.6907538032254557,-0.9846414387037673,1.3549698505368573
154,distance,0,-122.2644039544702,1.5099999904632568,1564075383.9976082,64.8154067993164,37.874441018539656,4.0,2019-07-25T10:23:03.997608-07:00,10.0,77.9978199005127,1564075384.158657,2.3141284578376347,POINT (-122.2644039544702 37.874441018539656),ios,0.7061370139870261,0.3702944915845085,-0.49491715926577406
155,distance,0,-122.26441850360854,1.340000033378601,1564075385.9975605,64.8154067993164,37.874435595300085,4.0,2019-07-25T10:23:05.997561-07:00,30.0,77.9200611114502,1564075386.152617,2.3146840001477136,POINT (-122.26441850360854 37.874435595300085),ios,1.4467083401387366,-0.6195162274578626,0.45473379103115175
156,distance,0,-122.26443340747139,1.2400000095367432,1564075386.9975357,64.8154067993164,37.874430039835765,4.0,2019-07-25T10:23:06.997536-07:00,30.0,77.59834480285645,1564075387.153483,2.3149617710378436,POINT (-122.26443340747139 37.874430039835765),ios,0.8272074739154568,-0.16479371179308086,0.2148891162810586
157,distance,0,-122.26441636383112,1.0499999523162842,1564075388.9974864,64.8154067993164,37.87443639290922,4.0,2019-07-25T10:23:08.997486-07:00,10.0,77.6629810333252,1564075389.156385,2.3155173128843307,POINT (-122.26441636383112 37.87443639290922),ios,0.4976281833349955,0.2649739154225783,-0.3396562310333008
158,distance,0,-122.26444199644953,0.9300000071525574,1564075393.997364,64.8154067993164,37.874426838265656,4.0,2019-07-25T10:23:13.997364-07:00,30.0,77.7638111114502,1564075394.157366,2.3169061677985723,POINT (-122.26444199644953 37.874426838265656),ios,1.8224653518245226,-1.433265696821305,1.4825606798016648
159,distance,0,-122.26442322153551,0.699999988079071,1564075394.9973412,64.8154067993164,37.87443383667715,4.0,2019-07-25T10:23:14.997341-07:00,10.0,77.50813484191895,1564075395.181967,2.317183939218521,POINT (-122.26442322153551 37.87443383667715),ios,0.3892324598516253,0.04926104985933169,0.04135553191831125
160,distance,0,-122.2644472805701,1.059999942779541,1564075400.997193,64.8154067993164,37.874424868592186,4.0,2019-07-25T10:23:20.997193-07:00,30.0,76.6466236114502,1564075401.141674,2.318850564757983,POINT (-122.2644472805701 37.874424868592186),ios,0.6847914655181682,0.2973881183544341,-0.4149771855333442
161,distance,0,-122.26446138990048,1.1100000143051147,1564075402.9971447,64.8154067993164,37.87441960929248,4.0,2019-07-25T10:23:22.997145-07:00,30.0,76.92000007629395,1564075403.1441479,2.31940610686938,POINT (-122.26446138990048 37.87441960929248),ios,1.2795533089479545,-0.5325461682432545,0.25718432562327914
162,distance,0,-122.2644877536004,-1.0,1564075404.997096,64.8154067993164,37.87440978213588,4.0,2019-07-25T10:23:24.997096-07:00,30.0,76.8214282989502,1564075405.135137,2.319961648914549,POINT (-122.2644877536004 37.87440978213588),ios,0.21448687411719622,-0.018190025771078658,0.012137279404644288
163,distance,0,-122.26447007659775,-1.0,1564075412.9969006,64.8154067993164,37.874416371297265,6.0,2019-07-25T10:23:32.996901-07:00,100.0,76.8875904083252,1564075413.1476521,2.322183816830317,POINT (-122.26447007659775 37.874416371297265),ios,0.06897022415744743,0.07890583658868959,-0.08089952226800998
164,distance,0,-122.26447078712317,0.0,1564075413.9968762,64.8154067993164,37.87441610644655,8.0,2019-07-25T10:23:33.996876-07:00,50.0,76.7059497833252,1564075414.1488361,2.322461587852902,POINT (-122.26447078712317 37.87441610644655),ios,0.1478741418591579,-0.0019917183085071846,0.10517022622780774
165,distance,0,-122.26449390884694,-1.0,1564075446.7700992,-1.0,37.87445568483123,12.000016212463379,2019-07-25T10:24:06.770099-07:00,76.50461671740995,76.77894592285156,1564075446.848336,2.331565260887146,POINT (-122.26449390884694 37.87445568483123),ios,0.08259911373407613,3.4447755507470994,-1.5326617201644923
166,distance,0,-122.26449189719023,0.0,1564075448.996018,55.1953125,37.87445614583592,24.0,2019-07-25T10:24:08.996018-07:00,50.0,73.6568775177002,1564075449.117375,2.332183571656545,POINT (-122.26449189719023 37.87445614583592),ios,7.7503896700156565,0.03319506002317247,-0.01916938355340083
167,distance,0,-122.26106245075223,-1.0,1564075488.62568,-1.0,37.87500547336719,15.694601058959961,2019-07-25T10:24:48.625680-07:00,165.0,76.71430206298828,1564075488.717668,2.343191811111238,POINT (-122.26106245075223 37.87500547336719),ios,9.06589868002845,-0.7264811316537302,0.14639740160047476
168,distance,0,-122.26029415198299,-1.0,1564075496.215601,-1.0,37.87512853919541,17.121740341186523,2019-07-25T10:24:56.215601-07:00,165.0,76.65693664550781,1564075496.282165,2.345300122499466,POINT (-122.26029415198299 37.87512853919541),ios,3.551964284515334,0.3846635807506668,-0.758377392573676
169,distance,0,-122.26003521488941,-1.0,1564075502.616113,-1.0,37.875133619237516,18.2313232421875,2019-07-25T10:25:02.616113-07:00,165.0,76.59202575683594,1564075502.6880531,2.3470780424939264,POINT (-122.26003521488941 37.875133619237516),ios,6.014008141401509,-4.469340005821357,3.78198850379851
170,distance,0,-122.26011050630035,-1.0,1564075503.797336,-1.0,37.87511017915593,18.410778045654297,2019-07-25T10:25:03.797336-07:00,165.0,76.52598571777344,1564075503.897814,2.347406160036723,POINT (-122.26011050630035 37.87511017915593),ios,0.7347202431229437,-0.0019676167155900327,0.0008237832216691052
171,distance,0,-122.26030071988622,-1.0,1564075526.530898,-1.0,37.87511465539286,21.861019134521484,2019-07-25T10:25:26.530898-07:00,165.0,76.43309783935547,1564075526.6102839,2.3537210383680134,POINT (-122.26030071988622 37.87511465539286),ios,0.6899893065413126,0.016759910222725605,0.020848489435058955
172,distance,0,-122.26038004138107,-1.0,1564075536.671325,-1.0,37.87510840584936,22.43927764892578,2019-07-25T10:25:36.671325-07:00,165.0,76.33555603027344,1564075536.7781692,2.3565378236108354,POINT (-122.26038004138107 37.87510840584936),ios,0.8599419505723611,0.22817249277565427,0.5960884145062854
173,distance,0,-122.2602304843978,-1.0,1564075552.074513,-1.0,37.875092476781546,10.0,2019-07-25T10:25:52.074513-07:00,65.0,88.83346557617188,1564075552.1808782,2.3608164869414434,POINT (-122.2602304843978 37.875092476781546),ios,4.374525750985714,9.409834400189432,-30.361276426708308
174,distance,0,-122.25987601858263,-1.0,1564075559.677068,-1.0,37.87519816291028,10.0,2019-07-25T10:25:59.677068-07:00,65.0,95.51640319824219,1564075559.782168,2.3629283077849284,POINT (-122.25987601858263 37.87519816291028),ios,75.91330966319839,-221.41344061361073,708.9214740295744
175,distance,0,-122.26013121206523,0.0,1564075559.9932976,-1.0,37.8751204954813,6.0,2019-07-25T10:25:59.993298-07:00,50.0,98.55232429504395,1564075560.124382,2.3630161493354374,POINT (-122.26013121206523 37.8751204954813),ios,5.8958299257757885,2.768500671114545,12.623517711382117
176,distance,0,-122.26006851542951,0.0,1564075560.9932735,-1.0,37.8751395224015,6.0,2019-07-25T10:26:00.993273-07:00,50.0,99.13862800598145,1564075561.097729,2.3632939204242494,POINT (-122.26006851542951 37.8751395224015),ios,8.664263930628712,15.391714404699904,-32.03675238439903
177,distance,0,-122.25998176273168,0.0,1564075561.993249,-1.0,37.87510234866093,6.0,2019-07-25T10:26:01.993249-07:00,50.0,99.46357917785645,1564075562.102591,2.363571691380607,POINT (-122.25998176273168 37.87510234866093),ios,24.05560035924875,-16.64425124952993,20.192484403330166
178,distance,0,-122.25970884796442,0.4099999964237213,1564075562.993224,29.1796875,37.875122129952416,6.0,2019-07-25T10:26:02.993224-07:00,10.0,98.60823249816895,1564075563.107253,2.3638494622045094,POINT (-122.25970884796442 37.875122129952416),ios,7.411765781085796,3.54772765613904,-3.57418533585846
179,distance,0,-122.25964900117577,0.4099999964237213,1564075563.993198,31.640625,37.87516915242921,4.0,2019-07-25T10:26:03.993198-07:00,10.0,101.06306648254395,1564075564.2365088,2.364127232763502,POINT (-122.25964900117577 37.87516915242921),ios,10.959401240208473,-0.02636479513079514,6.090466503374547
180,distance,0,-122.2595283017701,2.2799999713897705,1564075564.993175,103.7109375,37.875194381957755,4.0,2019-07-25T10:26:04.993175-07:00,10.0,100.5149097442627,1564075565.108389,2.3644050041834515,POINT (-122.2595283017701 37.875194381957755),ios,10.93303704851995,6.063962308528251,-14.217731468389978
181,distance,0,-122.25940374668897,6.840000152587891,1564075565.9931507,102.65625,37.87519358567695,4.0,2019-07-25T10:26:05.993151-07:00,10.0,101.43440437316895,1564075566.13428,2.364682775206036,POINT (-122.25940374668897 37.87519358567695),ios,16.996851889397913,-8.153423403185583,7.976429318914674
182,distance,0,-122.25921054382087,7.360000133514404,1564075566.993127,93.1640625,37.875203895417854,4.0,2019-07-25T10:26:06.993127-07:00,10.0,102.2101001739502,1564075567.098216,2.364960546427303,POINT (-122.25921054382087 37.875203895417854),ios,8.843620935046967,-0.17718235543641675,2.081662502840482
183,distance,0,-122.25910979334475,7.650000095367432,1564075567.9931016,93.515625,37.875204607879624,4.0,2019-07-25T10:26:07.993102-07:00,10.0,103.37739753723145,1564075568.175621,2.3652383171187505,POINT (-122.25910979334475 37.875204607879624),ios,8.666443099672051,1.9044270425533427,-4.6894596179970645
184,distance,0,-122.25901754391171,7.579999923706055,1564075568.9930754,80.88105773925781,37.8752323905175,4.0,2019-07-25T10:26:08.993075-07:00,10.0,103.55391120910645,1564075569.190038,2.365516087611516,POINT (-122.25901754391171 37.8752323905175),ios,10.57082019663855,-2.784909589470845,3.1762122804731483
185,distance,0,-122.25889864451091,7.650000095367432,1564075569.993053,80.90758514404297,37.875247511935775,4.0,2019-07-25T10:26:09.993053-07:00,10.0,103.65193367004395,1564075570.1505299,2.36579385916392,POINT (-122.25889864451091 37.875247511935775),ios,7.785973020741307,0.39123150780853283,0.9931713324316174
186,distance,0,-122.25881106350155,8.1899995803833,1564075570.9930274,80.90758514404297,37.875258622588,4.0,2019-07-25T10:26:10.993027-07:00,10.0,105.53376960754395,1564075571.199401,2.3660716298553677,POINT (-122.25881106350155 37.875258622588),ios,8.177194547925799,1.3843775036568768,-1.5683904307840464
187,distance,0,-122.25871911122283,7.230000019073486,1564075571.9930031,80.6911849975586,37.875270435674814,4.0,2019-07-25T10:26:11.993003-07:00,10.0,105.5631275177002,1564075572.169946,2.3663494008779526,POINT (-122.25871911122283 37.875270435674814),ios,9.561538385328305,-0.1839747859185353,-3.6572820202054532
188,distance,0,-122.25861162378789,7.730000019073486,1564075572.992979,80.6911849975586,37.87528440193901,4.0,2019-07-25T10:26:12.992979-07:00,10.0,105.7634449005127,1564075573.1465611,2.3666271719667646,POINT (-122.25861162378789 37.87528440193901),ios,9.377568029573482,-3.8411687377617425,3.807422615297858
189,distance,0,-122.25850620451365,7.230000019073486,1564075573.9929545,80.6911849975586,37.875298099478975,4.0,2019-07-25T10:26:13.992954-07:00,10.0,105.2500171661377,1564075574.1287289,2.366904942923122,POINT (-122.25850620451365 37.875298099478975),ios,5.536493619828971,-0.03383962177375241,0.061828700979793864
190,distance,0,-122.25844396518895,5.789999961853027,1564075574.9929304,80.6911849975586,37.87530618647866,4.0,2019-07-25T10:26:14.992930-07:00,10.0,106.30769538879395,1564075575.127202,2.367182714011934,POINT (-122.25844396518895 37.87530618647866),ios,5.502654812922668,0.027987590353826888,-0.04911640762080311
191,distance,0,-122.25838210953165,5.25,1564075575.9929056,80.67231750488281,37.87531423949915,4.0,2019-07-25T10:26:15.992906-07:00,10.0,106.52510261535645,1564075576.152353,2.367460484902064,POINT (-122.25838210953165 37.87531423949915),ios,5.530641709309296,-0.02112759939950821,1.5719236329970177
192,distance,0,-122.25831993944027,4.659999847412109,1564075576.9928803,80.67231750488281,37.87532233416975,4.0,2019-07-25T10:26:16.992880-07:00,10.0,107.20991706848145,1564075577.162638,2.3677382556597393,POINT (-122.25831993944027 37.87532233416975),ios,5.509514643854284,1.5507563073628117,-4.183004541544862
193,distance,0,-122.25825800677279,5.260000228881836,1564075577.992856,80.67231750488281,37.87533039792569,4.0,2019-07-25T10:26:17.992856-07:00,10.0,108.09395027160645,1564075578.18884,2.368016026682324,POINT (-122.25825800677279 37.87533039792569),ios,7.0602332388473314,-2.632146508970135,3.4117248510369076
194,distance,0,-122.25817863965091,5.289999961853027,1564075578.9928312,81.0643310546875,37.87534071793488,4.0,2019-07-25T10:26:18.992831-07:00,10.0,107.58748054504395,1564075579.134726,2.368293797572454,POINT (-122.25817863965091 37.87534071793488),ios,4.428151995350785,0.7794937465332806,-3.2868678495228485
195,distance,0,-122.25812884778452,5.289999961853027,1564075579.992807,80.5284652709961,37.87534712764834,4.0,2019-07-25T10:26:19.992807-07:00,10.0,107.9535083770752,1564075580.112903,2.3685715685950384,POINT (-122.25812884778452 37.87534712764834),ios,5.207626785613336,-2.5072941706526053,1.8052050441388034
196,distance,0,-122.25807033310161,4.800000190734863,1564075580.9927835,80.5284652709961,37.87535486602386,4.0,2019-07-25T10:26:20.992784-07:00,10.0,108.06270027160645,1564075581.1194,2.3688493398825328,POINT (-122.25807033310161 37.87535486602386),ios,2.700391197941059,-0.7021313051671197,-0.6486366480248457
197,distance,0,-122.25803999066324,4.349999904632568,1564075581.9927573,80.5284652709961,37.87535887871214,4.0,2019-07-25T10:26:21.992757-07:00,10.0,108.0529956817627,1564075582.1298041,2.3691271103752984,POINT (-122.25803999066324 37.87535887871214),ios,1.9982783069002323,-1.3507509420188881,1.6135689346719433
198,distance,0,-122.25801753731918,3.240000009536743,1564075582.992734,80.5284652709961,37.87536184809349,4.0,2019-07-25T10:26:22.992734-07:00,10.0,108.2436695098877,1564075583.118671,2.369404881662793,POINT (-122.25801753731918 37.87536184809349),ios,0.6475589252051351,0.26278029158141203,-0.7179751716263948
199,distance,0,-122.2580029849488,0.699999988079071,1564075584.9926844,80.5284652709961,37.8753637725969,4.0,2019-07-25T10:26:24.992684-07:00,10.0,108.71211433410645,1564075585.1097388,2.3699604234430525,POINT (-122.2580029849488 37.8753637725969),ios,1.1731064768135824,-1.1731344465183657,1.1731624168900148
200,distance,0,-122.25801616637182,0.28999999165534973,1564075585.9926605,80.5284652709961,37.8753620293968,4.0,2019-07-25T10:26:25.992661-07:00,10.0,108.77754402160645,1564075586.110242,2.370238194598092,POINT (-122.25801616637182 37.8753620293968),ios,0.0,0.0,0.0
