,filter,floor,longitude,sensed_speed,ts,bearing,latitude,vaccuracy,fmt_time,accuracy,altitude,write_ts,hr,geometry,source,speed,acceleration,jerk
0,distance,0,-122.26767995406153,0.5799999833106995,1568223049.994447,77.6953125,37.87102706733893,4.0,2019-09-11T10:30:49.994447-07:00,10.0,62.622880935668945,1568223050.06288,2.3449618619680406,POINT (-122.26767995406153 37.87102706733893),ios,0.5585704588168101,0.28387831282243586,-0.0013613402499950105
1,distance,0,-122.26767199125352,0.5799999833106995,1568223051.9943984,16.875,37.871034904418394,4.0,2019-09-11T10:30:51.994398-07:00,10.0,62.796892166137695,1568223052.077505,2.34551740401321,POINT (-122.26767199125352 37.871034904418394),ios,1.1263132773614297,0.2811556985344827,-0.711789247833209
2,distance,0,-122.26767098542514,1.5499999523162842,1568223053.9943495,354.7265625,37.87105514671455,4.0,2019-09-11T10:30:53.994349-07:00,10.0,63.237138748168945,1568223054.079942,2.346072945992152,POINT (-122.26767098542514 37.87105514671455),ios,1.6886109327182541,-1.142388007856812,1.005733750703597
3,distance,0,-122.26767182361546,1.5499999523162842,1568223054.9943247,354.7265625,37.871070317959294,4.0,2019-09-11T10:30:54.994325-07:00,10.0,63.193132400512695,1568223055.065751,2.3463507168822817,POINT (-122.26767182361546 37.871070317959294),ios,0.5462512509801061,-0.136679194856842,0.13784522845037245
4,distance,0,-122.26767735567155,0.4300000071525574,1568223056.994275,354.7265625,37.871079118957624,4.0,2019-09-11T10:30:56.994275-07:00,10.0,63.274797439575195,1568223057.090448,2.3469062586625418,POINT (-122.26767735567155 37.871079118957624),ios,0.2728996393331836,0.13900442615229425,0.13488550103214889
5,distance,0,-122.26767819386187,0.6899999976158142,1568223062.9941287,0.3515625,37.87109382919769,3.0,2019-09-11T10:31:02.994129-07:00,10.0,64.3427906036377,1568223063.087358,2.3485728846655953,POINT (-122.26767819386187 37.87109382919769),ios,1.106905847526957,0.9482976865905561,-0.06283033955681741
6,distance,0,-122.26767676893833,1.1699999570846558,1568223063.9941044,354.0234375,37.87110371984343,3.0,2019-09-11T10:31:03.994104-07:00,10.0,64.46052742004395,1568223064.095484,2.34885065568818,POINT (-122.26767676893833 37.87110371984343),ios,2.055180472755239,0.8854688749856074,-0.2843404529651552
7,distance,0,-122.2676766851193,2.2899999618530273,1568223064.994079,0.703125,37.871122201939926,3.0,2019-09-11T10:31:04.994079-07:00,10.0,64.42109870910645,1568223065.092423,2.349128426445855,POINT (-122.2676766851193 37.871122201939926),ios,2.940626969844359,0.6011356079774106,-0.26798178705508174
8,distance,0,-122.26767207507255,2.2899999618530273,1568223065.9940543,6.6796875,37.87114839538734,3.0,2019-09-11T10:31:05.994054-07:00,10.0,64.32014656066895,1568223066.096875,2.349406197335985,POINT (-122.26767207507255 37.87114839538734),ios,3.5417476723444294,0.33316046567336594,-0.32441404830149617
9,distance,0,-122.26766201678875,2.869999885559082,1568223066.99403,14.4140625,37.87117924079101,3.0,2019-09-11T10:31:06.994030-07:00,10.0,63.899065017700195,1568223067.091423,2.3496839683585695,POINT (-122.26766201678875 37.87117924079101),ios,3.874900035990022,0.00875430669818626,0.1139424549719456
10,distance,0,-122.26764273841145,3.2799999713897705,1568223067.9940057,25.6640625,37.87121058910887,3.0,2019-09-11T10:31:07.994006-07:00,10.0,63.897356033325195,1568223068.246119,2.3499617393811545,POINT (-122.26764273841145 37.87121058910887),ios,3.883654129794893,0.12269399073831407,1.0323008128459703
11,distance,0,-122.26761792797807,3.5,1568223068.9939816,33.046875,37.87123950667481,3.0,2019-09-11T10:31:08.993982-07:00,10.0,63.925065994262695,1568223069.0969238,2.3502395104699665,POINT (-122.26761792797807 37.87123950667481),ios,4.0063451660279865,1.1549699454952909,5.579628537663229
12,distance,0,-122.26758775312665,3.7899999618530273,1568223069.993957,40.078125,37.87126653831254,3.0,2019-09-11T10:31:09.993957-07:00,10.0,63.935380935668945,1568223070.102655,2.350517281426324,POINT (-122.26758775312665 37.87126653831254),ios,5.161286748795066,6.73446146358641,-9.63108594124557
13,distance,0,-122.26754659798208,3.7899999618530273,1568223070.9939322,42.5390625,37.87129968873958,3.0,2019-09-11T10:31:10.993932-07:00,10.0,63.935014724731445,1568223071.095399,2.3507950523164536,POINT (-122.26754659798208 37.87129968873958),ios,11.895581227825227,-2.896385669757327,4.562199382905109
14,distance,0,-122.26744266238275,4.829999923706055,1568223071.993907,46.7578125,37.87136833652656,3.0,2019-09-11T10:31:11.993907-07:00,10.0,63.335893630981445,1568223072.1103668,2.3510728230741287,POINT (-122.26744266238275 37.87136833652656),ios,8.999268756596427,1.6656984155597698,-5.874412936676505
15,distance,0,-122.26734576758209,5.53000020980835,1568223072.9938824,57.65625,37.871394781431064,3.0,2019-09-11T10:31:12.993882-07:00,10.0,63.004838943481445,1568223073.1055598,2.351350594030486,POINT (-122.26734576758209 37.871394781431064),ios,10.664926267410904,-4.208570262490637,13.15485864115751
16,distance,0,-122.26723814394536,7.690000057220459,1568223073.9938579,60.46875,37.871439289336905,3.0,2019-09-11T10:31:13.993858-07:00,10.0,63.342607498168945,1568223074.1418018,2.3516283649868437,POINT (-122.26723814394536 37.871439289336905),ios,6.456459355258496,8.945965333308205,-15.644804896015563
17,distance,0,-122.26718047645154,7.690000057220459,1568223074.9938338,61.875,37.87147533152054,3.0,2019-09-11T10:31:14.993834-07:00,10.0,63.443925857543945,1568223075.134939,2.3519061360756557,POINT (-122.26718047645154 37.87147533152054),ios,15.402209267248011,-6.69846283147984,8.63472951425032
18,distance,0,-122.26700504321816,7.690000057220459,1568223075.9938092,74.1796875,37.87147805563907,3.0,2019-09-11T10:31:15.993809-07:00,10.0,63.571916580200195,1568223076.123323,2.3521839070320127,POINT (-122.26700504321816 37.87147805563907),ios,8.703910930681188,1.9360546387364832,-1.207276910274996
19,distance,0,-122.26691099826458,9.300000190734863,1568223076.9937847,75.234375,37.87150286607246,3.0,2019-09-11T10:31:16.993785-07:00,10.0,63.704973220825195,1568223077.155242,2.3524616779883702,POINT (-122.26691099826458 37.87150286607246),ios,10.63991802550388,0.7288073756977765,6.067422768094676
20,distance,0,-122.26678996358278,9.300000190734863,1568223077.99376,78.046875,37.87150806285243,3.0,2019-09-11T10:31:17.993760-07:00,10.0,63.735734939575195,1568223078.197768,2.3527394489447278,POINT (-122.26678996358278 37.87150806285243),ios,11.368707503796104,6.79608114540199,-16.40943590163415
21,distance,0,-122.26666364830199,9.270000457763672,1568223078.9937348,75.9375,37.871530652081475,3.0,2019-09-11T10:31:18.993735-07:00,10.0,63.918474197387695,1568223079.171677,2.353017219702403,POINT (-122.26666364830199 37.871530652081475),ios,18.16461689612502,-9.612940050906658,7.548630058680711
22,distance,0,-122.26655237488428,7.75,1568223079.9937105,80.73899841308594,37.871392923692085,3.0,2019-09-11T10:31:19.993711-07:00,10.0,63.748430252075195,1568223080.133918,2.3532949907249874,POINT (-122.26655237488428 37.871392923692085),ios,8.551910619376168,-2.064493565058529,3.849740150340728
23,distance,0,-122.26645622914295,8.3100004196167,1568223080.9936857,80.73899841308594,37.871405351194056,3.0,2019-09-11T10:31:20.993686-07:00,10.0,64.1845874786377,1568223081.129674,2.3535727616151174,POINT (-122.26645622914295 37.871405351194056),ios,6.487468244534362,1.7851511289262372,-4.472628849417994
24,distance,0,-122.2663832930984,6.739999771118164,1568223081.993661,80.73899841308594,37.8714147786822,3.0,2019-09-11T10:31:21.993661-07:00,10.0,64.2583179473877,1568223082.1423302,2.3538505325052475,POINT (-122.2663832930984 37.8714147786822),ios,8.272575109688253,-2.6873668192789832,1.5371624231187364
25,distance,0,-122.26629028770016,6.800000190734863,1568223082.993637,80.73899841308594,37.87142680027311,3.0,2019-09-11T10:31:22.993637-07:00,10.0,64.86030769348145,1568223083.125293,2.354128303660287,POINT (-122.26629028770016 37.87142680027311),ios,5.585272362227127,-1.1502410449683236,-1.2878998000534536
26,distance,0,-122.26622749470046,5.449999809265137,1568223083.9936118,80.73899841308594,37.87143491670257,3.0,2019-09-11T10:31:23.993612-07:00,10.0,64.75435066223145,1568223084.135653,2.354406074417962,POINT (-122.26622749470046 37.87143491670257),ios,4.4350603865753735,-2.4381082967423,1.419973234050117
27,distance,0,-122.26617763304877,4.429999828338623,1568223084.993587,80.73899841308594,37.87144136166587,3.0,2019-09-11T10:31:24.993587-07:00,10.0,64.6993579864502,1568223085.147335,2.354683845308092,POINT (-122.26617763304877 37.87144136166587),ios,1.9970125440259172,-1.0181702716842684,1.788485729817872
28,distance,0,-122.26615518139393,2.8499999046325684,1568223085.9935632,80.73899841308594,37.871444263697526,3.0,2019-09-11T10:31:25.993563-07:00,10.0,64.6222095489502,1568223086.141001,2.3549616164631315,POINT (-122.26615518139393 37.871444263697526),ios,0.9788665474125946,0.770272817310959,-0.3192534950693765
29,distance,0,-122.26613317135532,1.3200000524520874,1568223087.9935143,80.73899841308594,37.871447108647224,4.0,2019-09-11T10:31:27.993514-07:00,10.0,64.35798835754395,1568223088.146066,2.3555171584420735,POINT (-122.26613317135532 37.871447108647224),ios,2.5193745343276346,0.13178143094496284,-0.6284480845646752
30,distance,0,-122.26610484700065,1.7300000190734863,1568223088.9934897,80.73899841308594,37.87145076976595,4.0,2019-09-11T10:31:28.993490-07:00,10.0,64.1704273223877,1568223089.154117,2.3557949293984306,POINT (-122.26610484700065 37.87145076976595),ios,2.651152729101021,-0.49665122074867807,-0.33543752254218884
31,distance,0,-122.26607504112026,1.7300000190734863,1568223089.993465,80.73899841308594,37.87145462238211,4.0,2019-09-11T10:31:29.993465-07:00,10.0,64.5006275177002,1568223090.1576362,2.3560727002885606,POINT (-122.26607504112026 37.87145462238211),ios,2.1545138230836924,-0.8320804259389667,6.937218942496774
32,distance,0,-122.26605081873397,2.3499999046325684,1568223090.993441,80.73899841308594,37.87145775329305,4.0,2019-09-11T10:31:30.993441-07:00,10.0,64.75398445129395,1568223091.135398,2.3563504714436,POINT (-122.26605081873397 37.87145775329305),ios,1.3224532354880107,6.104973120369488,-10.05371052416222
33,distance,0,-122.26603595090472,2.8399999141693115,1568223091.9934163,80.73899841308594,37.871459675062795,4.0,2019-09-11T10:31:31.993416-07:00,10.0,64.73604011535645,1568223092.1454449,2.35662824233373,POINT (-122.26603595090472 37.871459675062795),ios,7.42727497979975,-3.9484881166894334,7.539862309318054
34,distance,0,-122.26595244280566,3.25,1568223092.9933915,80.76554107666016,37.87147043873702,4.0,2019-09-11T10:31:32.993392-07:00,10.0,65.2738208770752,1568223093.1427479,2.35690601322386,POINT (-122.26595244280566 37.87147043873702),ios,3.4788847679746606,3.5911872377297454,-5.9485113396869655
35,distance,0,-122.26591332805214,3.25,1568223093.9933672,80.76554107666016,37.8714754798457,4.0,2019-09-11T10:31:33.993367-07:00,10.0,65.41609382629395,1568223094.155517,2.3571837842464447,POINT (-122.26591332805214 37.8714754798457),ios,7.069984672717038,-2.35717944192384,0.9944188535865234
36,distance,0,-122.26591586798264,2.880000114440918,1568223095.9933176,354.8012390136719,37.87160262468424,4.0,2019-09-11T10:31:35.993318-07:00,10.0,65.82698249816895,1568223096.144956,2.3577393260267048,POINT (-122.26591586798264 37.87160262468424),ios,2.3557426839069904,-0.3683910490402549,1.7611305371558104
37,distance,0,-122.26591828964888,2.140000104904175,1568223096.9932933,354.8012390136719,37.87162372344796,4.0,2019-09-11T10:31:36.993293-07:00,10.0,66.1211109161377,1568223097.1227279,2.3580170970492893,POINT (-122.26591828964888 37.87162372344796),ios,1.987360593656323,1.3926966597190469,0.7747709845056419
38,distance,0,-122.2659203326237,2.0999999046325684,1568223097.9932687,354.8012390136719,37.871641522862966,4.0,2019-09-11T10:31:37.993269-07:00,10.0,66.0174732208252,1568223098.139127,2.358294868005647,POINT (-122.2659203326237 37.871641522862966),ios,3.3800230527652206,2.1674486180855714,-3.138463430087351
39,distance,0,-122.265923807234,3.640000104904175,1568223098.9932444,354.8012390136719,37.87167179540019,4.0,2019-09-11T10:31:38.993244-07:00,10.0,66.3117847442627,1568223099.1154819,2.3585726390282313,POINT (-122.265923807234 37.87167179540019),ios,5.5474189613287725,-0.9709384886666401,10.364662813982084
40,distance,0,-122.26592950989442,3.640000104904175,1568223099.9932203,354.8012390136719,37.871721479821026,4.0,2019-09-11T10:31:39.993220-07:00,10.0,66.25300788879395,1568223100.1321058,2.3588504101170433,POINT (-122.26592950989442 37.871721479821026),ios,4.576503853129394,9.393474741369166,-8.530902086476594
41,distance,0,-122.26593421445915,3.7300000190734863,1568223100.993194,354.8012390136719,37.87176246833446,4.0,2019-09-11T10:31:40.993194-07:00,10.0,66.2844409942627,1568223101.159577,2.359128180609809,POINT (-122.26593421445915 37.87176246833446),ios,13.969732240819488,0.8627963867035024,-8.798278674537046
42,distance,0,-122.2659485225649,4.309999942779541,1568223101.9931703,354.82635498046875,37.87188758941385,4.0,2019-09-11T10:31:41.993170-07:00,10.0,65.8087329864502,1568223102.191208,2.3594059517648485,POINT (-122.2659485225649 37.87188758941385),ios,14.832508056854133,-7.935272520523531,9.385133120424573
43,distance,0,-122.26596428859303,6.110000133514404,1568223102.993146,354.5540771484375,37.872020396255984,4.0,2019-09-11T10:31:42.993146-07:00,10.0,65.2993335723877,1568223103.1690779,2.359683722787433,POINT (-122.26596428859303 37.872020396255984),ios,6.897428511803312,1.4496323657105108,0.33849162343233785
44,distance,0,-122.26597171518455,7.050000190734863,1568223103.9931211,354.5540771484375,37.87208214712685,4.0,2019-09-11T10:31:43.993121-07:00,10.0,65.19978523254395,1568223104.184988,2.359961493677563,POINT (-122.26597171518455 37.87208214712685),ios,8.347024933107782,1.7881155960628914,-3.274382950859773
45,distance,0,-122.26598031077702,7.050000190734863,1568223104.9930964,354.8161315917969,37.87215690457242,4.0,2019-09-11T10:31:44.993096-07:00,10.0,65.0549488067627,1568223105.196732,2.360239264567693,POINT (-122.26598031077702 37.87215690457242),ios,10.135096191892787,-1.486186164728901,2.187341333800372
46,distance,0,-122.26599069976504,7.440000057220459,1568223105.9930716,354.8161315917969,37.872247679729846,4.0,2019-09-11T10:31:45.993072-07:00,10.0,65.79158210754395,1568223106.199682,2.360517035457823,POINT (-122.26599069976504 37.872247679729846),ios,8.648946877940828,0.7011009327789385,-8.108975250139137
47,distance,0,-122.26599956537467,7.800000190734863,1568223106.9930468,354.8161315917969,37.872325144166965,4.0,2019-09-11T10:31:46.993047-07:00,10.0,65.95759773254395,1568223107.1625562,2.360794806347953,POINT (-122.26599956537467 37.872325144166965),ios,9.350030426548994,-7.407673251003059,17.794922756210386
48,distance,0,-122.2660091496443,7.849999904632568,1568223107.9930234,354.8161315917969,37.872408887991135,4.0,2019-09-11T10:31:47.993023-07:00,10.0,66.1311206817627,1568223108.174093,2.361072577635447,POINT (-122.2660091496443 37.872408887991135),ios,1.9425302559851678,10.386833726467852,-17.753081819525445
49,distance,0,-122.26601114083695,7.849999904632568,1568223108.9929988,354.8161315917969,37.872426286300204,4.0,2019-09-11T10:31:48.992999-07:00,10.0,65.66938972473145,1568223109.194573,2.3613503485918046,POINT (-122.26601114083695 37.872426286300204),ios,12.32910891179676,-7.3658121286097575,7.064051562832716
50,distance,0,-122.2660225091667,7.349999904632568,1568223109.9929743,355.0093994140625,37.872536798160546,4.0,2019-09-11T10:31:49.992974-07:00,10.0,66.0969409942627,1568223110.171175,2.3616281195481617,POINT (-122.2660225091667 37.872536798160546),ios,4.963477666272551,-0.3019340384940821,0.7636944504456515
51,distance,0,-122.26602740777179,6.71999979019165,1568223110.992949,355.0093994140625,37.87258126685172,4.0,2019-09-11T10:31:50.992949-07:00,10.0,65.5455493927002,1568223111.1487079,2.361905890305837,POINT (-122.26602740777179 37.87258126685172),ios,4.66155125836702,0.46174111158332076,-3.527672384911615
52,distance,0,-122.26603200840543,5.760000228881836,1568223111.9929256,355.0093994140625,37.87262303060962,4.0,2019-09-11T10:31:51.992926-07:00,10.0,65.9361743927002,1568223112.108385,2.362183661593331,POINT (-122.26603200840543 37.87262303060962),ios,5.123281581359686,-3.065848849189815,2.0141118790234147
53,distance,0,-122.26603706472582,5.28000020980835,1568223112.9929004,355.0093994140625,37.87266893101328,4.0,2019-09-11T10:31:52.992900-07:00,10.0,66.0208911895752,1568223113.1156101,2.3624614323510063,POINT (-122.26603706472582 37.87266893101328),ios,2.057510213434466,-1.0517878715457887,0.8977190921420268
54,distance,0,-122.26603909534589,3.5,1568223113.9928758,355.0093994140625,37.872687364631595,4.0,2019-09-11T10:31:53.992876-07:00,10.0,65.66267585754395,1568223114.11442,2.3627392033073638,POINT (-122.26603909534589 37.872687364631595),ios,1.0057481707629716,-0.15409082479353112,0.07408444366184873
55,distance,0,-122.26604207315653,1.2200000286102295,1568223116.9928014,355.0093994140625,37.872714396682376,4.0,2019-09-11T10:31:56.992801-07:00,10.0,65.5699634552002,1568223117.142977,2.3635725159777534,POINT (-122.26604207315653 37.872714396682376),ios,0.5434871586744142,0.06815699530238414,0.15931674795970865
56,distance,0,-122.2660431459254,1.3799999952316284,1568223118.9927533,355.0093994140625,37.872724135093,4.0,2019-09-11T10:31:58.992753-07:00,10.0,65.87751960754395,1568223119.1153998,2.364128058155378,POINT (-122.2660431459254 37.872724135093),ios,0.6797978668005994,0.386782818439121,-0.8248294399805365
57,distance,0,-122.26604448775238,1.0199999809265137,1568223120.9927044,355.0093994140625,37.87273631596665,4.0,2019-09-11T10:32:00.992704-07:00,10.0,65.8618335723877,1568223121.130364,2.36468360013432,POINT (-122.26604448775238 37.87273631596665),ios,1.4533445993557927,-1.26283574731602,1.481411180861789
58,distance,0,-122.2660430534033,1.0,1568223121.9926789,355.0093994140625,37.87272329519327,4.0,2019-09-11T10:32:01.992679-07:00,10.0,65.68342781066895,1568223122.145413,2.3649613708257675,POINT (-122.2660430534033 37.87272329519327),ios,0.19054106797475567,0.21853764157924663,0.06609465010940704
59,distance,0,-122.2660458741661,1.2300000190734863,1568223136.992312,355.0093994140625,37.87274890159114,3.0,2019-09-11T10:32:16.992312-07:00,10.0,66.13740730285645,1568223137.142593,2.3691279355684918,POINT (-122.2660458741661 37.87274890159114),ios,3.4685255044785515,1.2099331413619943,-2.2764545711227844
60,distance,0,-122.26604929735808,1.350000023841858,1568223137.9922867,355.0093994140625,37.87277997673705,4.0,2019-09-11T10:32:17.992287-07:00,10.0,65.7634449005127,1568223138.127506,2.369405706326167,POINT (-122.26604929735808 37.87277997673705),ios,4.678428067963266,-1.0664638983599808,4.531557369670057
61,distance,0,-122.26605391464257,2.5899999141693115,1568223138.9922621,355.0093994140625,37.8728218916485,4.0,2019-09-11T10:32:18.992262-07:00,10.0,65.9016284942627,1568223139.126905,2.369683477282524,POINT (-122.26605391464257 37.8728218916485),ios,3.6119903588784386,3.4649821893407484,10.33772752699806
62,distance,0,-122.2660574794278,3.0999999046325684,1568223139.9922378,355.0093994140625,37.87285425215303,4.0,2019-09-11T10:32:19.992238-07:00,10.0,65.9798755645752,1568223140.1369948,2.369961248305109,POINT (-122.2660574794278 37.87285425215303),ios,7.076888284373907,13.80245831629538,-26.18834445155375
63,distance,0,-122.26606446381813,4.429999828338623,1568223140.992212,355.0093994140625,37.872917655242794,4.0,2019-09-11T10:32:20.992212-07:00,10.0,66.19172859191895,1568223141.172573,2.370239018930329,POINT (-122.26606446381813 37.872917655242794),ios,20.8789911983193,-12.385211806168067,11.599859174699091
64,distance,0,-122.26608549305202,4.429999828338623,1568223141.992188,354.6791687011719,37.87310468477759,4.0,2019-09-11T10:32:21.992188-07:00,10.0,66.3557300567627,1568223142.2170448,2.3705167900191415,POINT (-122.26608549305202 37.87310468477759),ios,8.494077631475905,-0.7856319592851396,1.5783081262045207
65,distance,0,-122.26609442932006,7.96999979019165,1568223142.9921641,354.6791687011719,37.873180745629014,4.0,2019-09-11T10:32:22.992164-07:00,10.0,67.0213794708252,1568223143.170737,2.370794561174181,POINT (-122.26609442932006 37.873180745629014),ios,7.7084644031163085,0.7926385371212977,-4.970423588748173
66,distance,0,-122.26610253907309,8.220000267028809,1568223143.9921398,354.6791687011719,37.87324977161588,4.0,2019-09-11T10:32:23.992140-07:00,10.0,67.1479663848877,1568223144.144284,2.3710723321967655,POINT (-122.26610253907309 37.87324977161588),ios,8.501083664302723,-4.17766417741126,14.710729648799685
67,distance,0,-122.26611148270565,8.289999961853027,1568223144.9921153,354.6791687011719,37.87332589515018,4.0,2019-09-11T10:32:24.992115-07:00,10.0,67.2059497833252,1568223145.141412,2.371350103153123,POINT (-122.26611148270565 37.87332589515018),ios,4.323522078265448,10.532704218328604,-16.47944762853561
68,distance,0,-122.26611603130355,8.619999885559082,1568223145.9920912,354.6791687011719,37.87336461044265,4.0,2019-09-11T10:32:25.992091-07:00,10.0,67.4225025177002,1568223146.180416,2.371627874241935,POINT (-122.26611603130355 37.87336461044265),ios,14.855972666164295,-5.946346580551719,5.2044090536289636
69,distance,0,-122.2661304555577,8.479999542236328,1568223146.992066,355.0910339355469,37.87349772396421,4.0,2019-09-11T10:32:26.992066-07:00,10.0,67.5294361114502,1568223147.1958199,2.37190564499961,POINT (-122.2661304555577 37.87349772396421),ios,8.90977636387985,-0.7420690546707875,2.401591439521025
70,distance,0,-122.26613945606853,8.479999542236328,1568223147.992041,354.7837219238281,37.873577533913185,4.0,2019-09-11T10:32:27.992041-07:00,10.0,67.66291999816895,1568223148.172162,2.37218341588974,POINT (-122.26613945606853 37.873577533913185),ios,8.167725709206222,1.659462836112304,-8.524742675019803
71,distance,0,-122.26614788061993,8.170000076293945,1568223148.992017,354.7837219238281,37.873650684612905,4.0,2019-09-11T10:32:28.992017-07:00,10.0,67.67927742004395,1568223149.171469,2.372461186978552,POINT (-122.26614788061993 37.873650684612905),ios,9.827148584994609,-6.865074560746886,10.329078142585386
72,distance,0,-122.26615776530882,7.849999904632568,1568223149.9919925,355.1355895996094,37.87373871499332,4.0,2019-09-11T10:32:29.991992-07:00,10.0,67.87019538879395,1568223150.214913,2.372738957934909,POINT (-122.26615776530882 37.87373871499332),ios,2.962242610663908,3.4637499294926792,-3.280065337042406
73,distance,0,-122.26616061508035,5.619999885559082,1568223150.9919677,355.1355895996094,37.87376525927302,4.0,2019-09-11T10:32:30.991968-07:00,10.0,67.6727466583252,1568223151.199325,2.3730167288250392,POINT (-122.26616061508035 37.87376525927302),ios,6.425906654633586,0.18376592341604284,-1.868042122499771
74,distance,0,-122.26616693188119,5.059999942779541,1568223151.9919436,354.8680419921875,37.87382283192631,4.0,2019-09-11T10:32:31.991944-07:00,10.0,67.5891284942627,1568223152.205659,2.373294499913851,POINT (-122.26616693188119 37.87382283192631),ios,6.609668152915384,-1.6842312161129247,1.8972296063127667
75,distance,0,-122.26617363942488,4.840000152587891,1568223152.991918,354.8680419921875,37.87388203630068,4.0,2019-09-11T10:32:32.991918-07:00,10.0,67.4370288848877,1568223153.180109,2.3735722706052993,POINT (-122.26617363942488 37.87388203630068),ios,4.925479902867895,0.21294999037763665,-0.7504381100807083
76,distance,0,-122.26617863784698,4.599999904632568,1568223153.9918938,354.8680419921875,37.87392615505197,4.0,2019-09-11T10:32:33.991894-07:00,10.0,67.68538093566895,1568223154.168147,2.373850041627884,POINT (-122.26617863784698 37.87392615505197),ios,5.138424714579651,-0.5374698700275049,-1.3746203326162751
77,distance,0,-122.26618450708845,4.360000133514404,1568223154.9918694,354.159912109375,37.873972132056515,4.0,2019-09-11T10:32:34.991869-07:00,10.0,67.8656177520752,1568223155.183635,2.374127812650469,POINT (-122.26618450708845 37.873972132056515),ios,4.600967915118024,-1.9120567736710763,6.559070740030436
78,distance,0,-122.26618981843511,3.930000066757202,1568223155.9918447,354.159912109375,37.87401329556897,4.0,2019-09-11T10:32:35.991845-07:00,10.0,68.29377937316895,1568223156.1624799,2.3744055835405984,POINT (-122.26618981843511 37.87401329556897),ios,2.688958551912298,4.646851330709449,-6.313282306187781
79,distance,0,-122.26619292256113,3.930000066757202,1568223156.9918194,24.9609375,37.87403735288226,4.0,2019-09-11T10:32:36.991819-07:00,10.0,68.69111824035645,1568223157.179788,2.374683354298274,POINT (-122.26619292256113 37.87403735288226),ios,7.335692445678441,-1.6662714238758598,0.375708769129944
80,distance,0,-122.26612710281462,3.450000047683716,1568223158.9917715,82.85279083251953,37.87415863239642,4.0,2019-09-11T10:32:38.991771-07:00,10.0,69.0786304473877,1568223159.141728,2.3752388965421254,POINT (-122.26612710281462 37.87415863239642),ios,4.003229449209842,-0.914871890382101,1.2237788358927562
81,distance,0,-122.26608185237025,3.559999942779541,1568223159.991747,82.85279083251953,37.87416313030456,4.0,2019-09-11T10:32:39.991747-07:00,10.0,69.3988208770752,1568223160.136198,2.3755166674984824,POINT (-122.26608185237025 37.87416313030456),ios,3.088380025440726,0.30887689303470267,0.723252982854784
82,distance,0,-122.26604694294413,3.4000000953674316,1568223160.9917214,82.85279083251953,37.8741666003123,4.0,2019-09-11T10:32:40.991721-07:00,10.0,69.55525398254395,1568223161.1596541,2.3757944381899305,POINT (-122.26604694294413 37.8741666003123),ios,3.3972490387825034,1.0321114251359969,2.641918366240627
83,distance,0,-122.2659703846457,3.4000000953674316,1568223162.991673,81.39878845214844,37.87417562934537,4.0,2019-09-11T10:32:42.991673-07:00,10.0,69.6079273223877,1568223163.167177,2.376349980301327,POINT (-122.2659703846457 37.87417562934537),ios,5.461421935922988,6.3158202914853865,-14.380775110357817
84,distance,0,-122.26590889001079,3.799999952316284,1568223163.9916484,81.09184265136719,37.87418311033336,4.0,2019-09-11T10:32:43.991648-07:00,10.0,69.51814460754395,1568223164.169475,2.3766277512576846,POINT (-122.26590889001079 37.87418311033336),ios,11.777087129091699,-8.064601668543705,8.064883951696702
85,distance,0,-122.26577633884679,4.650000095367432,1568223164.9916239,81.37189483642578,37.87419953049299,4.0,2019-09-11T10:32:44.991624-07:00,10.0,69.30916023254395,1568223165.19032,2.3769055222140416,POINT (-122.26577633884679 37.87419953049299),ios,3.7126835038876895,8.423288124148377e-05,0.7997982471961116
86,distance,0,-122.26573452381291,5.050000190734863,1568223165.9915996,81.37189483642578,37.8742045601521,4.0,2019-09-11T10:32:45.991600-07:00,10.0,69.83821296691895,1568223166.159025,2.3771832932366266,POINT (-122.26573452381291 37.8742045601521),ios,3.7127677347204973,0.7998630300276633,-0.7492173123524015
87,distance,0,-122.2656927078475,5.050000190734863,1568223166.9915748,81.37189483642578,37.87420958992326,4.0,2019-09-11T10:32:46.991575-07:00,10.0,70.4189624786377,1568223167.165411,2.3774610641267566,POINT (-122.2656927078475 37.87420958992326),ios,4.512610931718623,0.05066429491727498,-2.643298615946213
88,distance,0,-122.26564187862044,4.510000228881836,1568223167.9915504,81.66887664794922,37.874215678337784,4.0,2019-09-11T10:32:47.991550-07:00,10.0,70.6589527130127,1568223168.1586719,2.377738835149341,POINT (-122.26564187862044 37.874215678337784),ios,4.563273994546359,-2.5925700394559223,3.964477280634723
89,distance,0,-122.26559044359698,3.6600000858306885,1568223168.9915247,81.66887664794922,37.87422164908706,4.0,2019-09-11T10:32:48.991525-07:00,10.0,70.8645191192627,1568223169.194442,2.3780166057745618,POINT (-122.26559044359698 37.87422164908706),ios,1.9707707117118596,1.3718051590344666,-2.8759430940414648
90,distance,0,-122.26556822996585,3.559999942779541,1568223169.9915013,81.66887664794922,37.87422422771954,4.0,2019-09-11T10:32:49.991501-07:00,10.0,71.2850513458252,1568223170.155102,2.3782943770620557,POINT (-122.26556822996585 37.87422422771954),ios,3.342543818490318,-1.5040707385369247,0.9822306081552449
91,distance,0,-122.26553055439331,2.619999885559082,1568223170.9914763,81.66887664794922,37.87422860122581,4.0,2019-09-11T10:32:50.991476-07:00,10.0,71.3586597442627,1568223171.13784,2.3785721478859583,POINT (-122.26553055439331 37.87422860122581),ios,1.8385107327862698,-0.5218647194944043,0.6561413812144903
92,distance,0,-122.26550983153956,2.619999885559082,1568223171.9914527,81.66887664794922,37.87423100680387,4.0,2019-09-11T10:32:51.991453-07:00,10.0,71.3465747833252,1568223172.157302,2.378849919107225,POINT (-122.26550983153956 37.87423100680387),ios,1.3166583310941111,0.134261174526802,0.7539477446749724
93,distance,0,-122.26549499078516,1.2200000286102295,1568223172.991428,81.66887664794922,37.87423272956819,4.0,2019-09-11T10:32:52.991428-07:00,10.0,71.54158210754395,1568223173.1487808,2.3791276899973552,POINT (-122.26549499078516 37.87423272956819),ios,1.4509161765436334,0.8881902246661741,-0.034680276977099134
94,distance,0,-122.26547863673898,1.2200000286102295,1568223173.991403,81.66887664794922,37.87423462800049,4.0,2019-09-11T10:32:53.991403-07:00,10.0,71.73640632629395,1568223174.157253,2.3794054608874853,POINT (-122.26547863673898 37.87423462800049),ios,2.3390843780604684,0.8535108076050004,-0.9456005417465265
95,distance,0,-122.26545227166423,1.2400000095367432,1568223174.9913788,81.66887664794922,37.8742376885464,4.0,2019-09-11T10:32:54.991379-07:00,10.0,71.88508796691895,1568223175.144753,2.37968323191007,POINT (-122.26545227166423 37.8742376885464),ios,3.192574429396401,-0.09206673837029491,5.308389956555422
96,distance,0,-122.26541628646072,2.9000000953674316,1568223175.991354,81.66887664794922,37.874241865828985,4.0,2019-09-11T10:32:55.991354-07:00,10.0,72.21772956848145,1568223176.1559129,2.3799610028002,POINT (-122.26541628646072 37.874241865828985),ios,3.1005099738698845,5.216191593830888,-10.221956673015848
97,distance,0,-122.26538133892939,3.9100000858306885,1568223176.9913301,81.66887664794922,37.87424592265512,4.0,2019-09-11T10:32:56.991330-07:00,10.0,71.87080574035645,1568223177.17489,2.3802387739552393,POINT (-122.26538133892939 37.87424592265512),ios,8.31657720400196,-5.005521368746398,10.533785061507379
98,distance,0,-122.26528749181034,3.9100000858306885,1568223177.9913049,82.15897369384766,37.874256216021465,4.0,2019-09-11T10:32:57.991305-07:00,10.0,72.3611011505127,1568223178.185313,2.3805165447129144,POINT (-122.26528749181034 37.874256216021465),ios,3.3111823366405573,5.527997479053887,-6.979128681439351
99,distance,0,-122.26525012394265,5.110000133514404,1568223178.99128,82.15897369384766,37.87426029531423,4.0,2019-09-11T10:32:58.991280-07:00,10.0,72.4257984161377,1568223179.155024,2.3807943156030444,POINT (-122.26525012394265 37.87426029531423),ios,8.839042746054805,-1.4509581511753298,1.750905662833921
100,distance,0,-122.265150784263,5.980000019073486,1568223179.9912562,80.57687377929688,37.87427332260239,4.0,2019-09-11T10:32:59.991256-07:00,10.0,72.4179859161377,1568223180.157703,2.381072086758084,POINT (-122.265150784263 37.87427332260239),ios,7.388119188417549,0.29990576681456393,0.7450378718264348
101,distance,0,-122.26506775838288,7.300000190734863,1568223180.9912314,80.57687377929688,37.87428424554287,4.0,2019-09-11T10:33:00.991231-07:00,10.0,72.6854419708252,1568223181.131133,2.3813498576482135,POINT (-122.26506775838288 37.87428424554287),ios,7.688017518909007,1.0449251650304379,-0.6328730034529216
102,distance,0,-122.2649814210892,7.710000038146973,1568223181.991207,80.33365631103516,37.874295886952176,4.0,2019-09-11T10:33:01.991207-07:00,10.0,72.92500495910645,1568223182.174032,2.381627628604571,POINT (-122.2649814210892 37.874295886952176),ios,8.732917023593414,0.4120677031117864,-2.5309704381097298
103,distance,0,-122.26488380962792,7.710000038146973,1568223182.9911826,78.51280212402344,37.874311084878705,4.0,2019-09-11T10:33:02.991183-07:00,10.0,73.47053718566895,1568223183.1337662,2.3819053996271555,POINT (-122.26488380962792 37.874311084878705),ios,9.14497470575638,-2.118841185099632,2.773868099874714
104,distance,0,-122.26478172711433,8.149999618530273,1568223183.991158,78.51280212402344,37.8743275297327,4.0,2019-09-11T10:33:03.991158-07:00,10.0,73.9177417755127,1568223184.132844,2.382183170583513,POINT (-122.26478172711433 37.8743275297327),ios,7.026185553280532,0.6549587965809107,-0.15282234092325545
105,distance,0,-122.2647032960275,8.270000457763672,1568223184.9911327,78.51280212402344,37.87434016448989,4.0,2019-09-11T10:33:04.991133-07:00,10.0,74.51716804504395,1568223185.155686,2.382460941341188,POINT (-122.2647032960275 37.87434016448989),ios,7.681127797500804,0.5021403178403053,-0.5789549312537424
106,distance,0,-122.26461881345844,8.180000305175781,1568223185.991108,74.72856140136719,37.87435817484569,4.0,2019-09-11T10:33:05.991108-07:00,10.0,74.77742195129395,1568223186.182148,2.382738712231318,POINT (-122.26461881345844 37.87435817484569),ios,8.183255664504676,-0.07680025791778143,-0.9118040075689647
107,distance,0,-122.2643672672944,6.159999847412109,1568223188.9910343,64.81578063964844,37.874454693806136,4.0,2019-09-11T10:33:08.991034-07:00,10.0,75.40547370910645,1568223189.359764,2.3835720251003902,POINT (-122.2643672672944 37.874454693806136),ios,7.952860548729317,-2.8121451068007612,2.2079612670028403
108,distance,0,-122.26428434960721,6.420000076293945,1568223189.9910107,66.95179748535156,37.87448352431279,4.0,2019-09-11T10:33:09.991011-07:00,10.0,76.64277839660645,1568223190.157483,2.383849796321657,POINT (-122.26428434960721 37.87448352431279),ios,5.1407818182249745,-0.604235955277732,-0.4215098554924474
109,distance,0,-122.2642304919363,5.800000190734863,1568223190.9909859,66.95179748535156,37.8745016889873,4.0,2019-09-11T10:33:10.990986-07:00,10.0,77.4610767364502,1568223191.1473699,2.3841275672117868,POINT (-122.2642304919363 37.8745016889873),ios,4.536560845299344,-1.0257353592089737,0.4607031410493992
110,distance,0,-122.26418277262218,4.239999771118164,1568223191.9909608,69.0436782836914,37.87451735960947,4.0,2019-09-11T10:33:11.990961-07:00,10.0,78.07502937316895,1568223192.143087,2.3844053380356893,POINT (-122.26418277262218 37.87451735960947),ios,3.5108511642988924,-0.5650437513793436,0.5774719263878676
111,distance,0,-122.26414544022003,3.680000066757202,1568223192.9909368,69.0436782836914,37.87452869368409,4.0,2019-09-11T10:33:12.990937-07:00,10.0,78.3336353302002,1568223193.13933,2.3846831091245018,POINT (-122.26414544022003 37.87452869368409),ios,2.9458210193293106,0.012414269324871798,-0.6997547780147013
112,distance,0,-122.26411411604687,3.2699999809265137,1568223193.990912,69.0436782836914,37.874538203667264,4.0,2019-09-11T10:33:13.990912-07:00,10.0,78.89021492004395,1568223194.162849,2.3849608800146314,POINT (-122.26411411604687 37.874538203667264),ios,2.9582349808357673,-0.6873231578976806,4.395252951365597
113,distance,0,-122.2640826598672,3.2699999809265137,1568223194.9908872,69.0436782836914,37.87454775372745,4.0,2019-09-11T10:33:14.990887-07:00,10.0,79.0401782989502,1568223195.146034,2.3852386509047614,POINT (-122.2640826598672 37.87454775372745),ios,2.2709288654815984,3.707820810831717,-5.996577307152386
114,distance,0,-122.26405851209392,2.9100000858306885,1568223195.9908628,69.0436782836914,37.8745550849638,4.0,2019-09-11T10:33:15.990863-07:00,10.0,79.2691822052002,1568223196.158245,2.385516421927346,POINT (-122.26405851209392 37.8745550849638),ios,5.978659506949649,-2.288610667385682,2.9880425880966905
115,distance,0,-122.2639917931262,2.9100000858306885,1568223196.9908385,73.13977813720703,37.87454425999145,4.0,2019-09-11T10:33:16.990839-07:00,10.0,79.55598640441895,1568223197.173058,2.385794192949931,POINT (-122.2639917931262 37.87454425999145),ios,3.6901044955889173,0.6993592554144574,-1.9965477005706667
116,distance,0,-122.26390948526256,4.139999866485596,1568223198.990789,78.55075073242188,37.87455781958027,4.0,2019-09-11T10:33:18.990789-07:00,10.0,80.41169929504395,1568223199.159481,2.3863497347301905,POINT (-122.26390948526256 37.87455781958027),ios,5.088788324447921,-3.2936371348011733,11.399839525744254
117,distance,0,-122.26385267282325,4.699999809265137,1568223199.9907644,78.55075073242188,37.87456694065499,4.0,2019-09-11T10:33:19.990764-07:00,10.0,80.8206958770752,1568223200.150797,2.386627505686548,POINT (-122.26385267282325 37.87456694065499),ios,1.7952320718681807,8.105922443788284,-11.599161940888889
118,distance,0,-122.26383263040606,4.699999809265137,1568223200.9907408,78.55075073242188,37.87457015840778,4.0,2019-09-11T10:33:20.990741-07:00,10.0,81.0029468536377,1568223201.1728091,2.386905276907815,POINT (-122.26383263040606 37.87457015840778),ios,9.900963188007841,-3.492965716985441,4.94127747596343
119,distance,0,-122.26372153422227,5.309999942779541,1568223201.990715,80.6196060180664,37.87458557446884,4.0,2019-09-11T10:33:21.990715-07:00,10.0,81.7041187286377,1568223202.163114,2.387183047533035,POINT (-122.26372153422227 37.87458557446884),ios,6.408087412118094,1.4481845250036742,-3.16676847487525
120,distance,0,-122.26364951238418,6.110000133514404,1568223202.990691,80.6196060180664,37.874595005958355,4.0,2019-09-11T10:33:22.990691-07:00,10.0,82.2028980255127,1568223203.136605,2.3874608186218476,POINT (-122.26364951238418 37.874595005958355),ios,7.856237064437999,-1.7185076932111234,5.043509834678241
121,distance,0,-122.26356121451835,7.28000020980835,1568223203.9906664,80.6196060180664,37.874606568845635,4.0,2019-09-11T10:33:23.990666-07:00,10.0,82.2442798614502,1568223204.131681,2.3877385895782046,POINT (-122.26356121451835 37.874606568845635),ios,6.137771572815602,3.3248782874229255,-5.231727096210349
122,distance,0,-122.26349223078125,7.28000020980835,1568223204.9906425,80.6196060180664,37.87461560248613,4.0,2019-09-11T10:33:24.990643-07:00,10.0,83.50776863098145,1568223205.129487,2.388016360733244,POINT (-122.26349223078125 37.87461560248613),ios,9.46257058896283,-1.906724074693371,3.1681662254283816
123,distance,0,-122.26338590476877,7.28000020980835,1568223205.990617,80.45356750488281,37.87462965129719,4.0,2019-09-11T10:33:25.990617-07:00,10.0,83.7508716583252,1568223206.172596,2.388294131424692,POINT (-122.26338590476877 37.87462965129719),ios,7.555895156303034,1.2613613283181997,-3.3704331103816543
124,distance,0,-122.26330102373845,7.800000190734863,1568223206.9905934,80.45356750488281,37.87464096714555,4.0,2019-09-11T10:33:26.990593-07:00,10.0,84.83528327941895,1568223207.15059,2.3885719026459586,POINT (-122.26330102373845 37.87464096714555),ios,8.817226712155646,-2.108992228250014,3.4954437534978755
125,distance,0,-122.26320197332797,8.029999732971191,1568223207.9905686,80.45356750488281,37.874654171973766,4.0,2019-09-11T10:33:27.990569-07:00,10.0,85.08003425598145,1568223208.134966,2.3888496735360887,POINT (-122.26320197332797 37.874654171973766),ios,6.708286777490393,1.386364853859625,-1.538367221253907
126,distance,0,-122.26312660851355,7.579999923706055,1568223208.9905438,80.63658905029297,37.87466419188268,4.0,2019-09-11T10:33:28.990544-07:00,10.0,86.1403980255127,1568223209.157753,2.3891274444262187,POINT (-122.26312660851355 37.87466419188268),ios,8.094617255695606,-0.15196422276027108,-0.4361502673922697
127,distance,0,-122.263035626896,7.940000057220459,1568223209.990519,80.63658905029297,37.87467608426401,4.0,2019-09-11T10:33:29.990519-07:00,10.0,86.8515796661377,1568223210.185478,2.3894052153163488,POINT (-122.263035626896 37.87467608426401),ios,7.942656800969118,-0.58810367557453,-1.802590217652722
128,distance,0,-122.26294635326477,8.170000076293945,1568223210.9904943,80.63658905029297,37.87468775339118,4.0,2019-09-11T10:33:30.990494-07:00,10.0,87.3925952911377,1568223211.14468,2.3896829862064783,POINT (-122.26294635326477 37.87468775339118),ios,7.354567707738228,-2.3906491970434187,9.27142297742768
129,distance,0,-122.26286368956767,7.940000057220459,1568223211.99047,80.63658905029297,37.87469855852122,4.0,2019-09-11T10:33:31.990470-07:00,10.0,87.40303230285645,1568223212.154808,2.3899607572290633,POINT (-122.26286368956767 37.87469855852122),ios,4.963976648163648,6.880548311476024,-5.423040597122282
130,distance,0,-122.26280789558635,7.25,1568223212.9904454,80.63658905029297,37.87470585145928,4.0,2019-09-11T10:33:32.990445-07:00,10.0,87.71748542785645,1568223213.150959,2.3902385281854204,POINT (-122.26280789558635 37.87470585145928),ios,11.84435599323283,1.4576408885780001,-5.326853354607157
131,distance,0,-122.26267476773009,8.270000457763672,1568223213.9904203,80.63658905029297,37.87472325285613,4.0,2019-09-11T10:33:33.990420-07:00,10.0,87.98823738098145,1568223214.165678,2.390516299009323,POINT (-122.26267476773009 37.87472325285613),ios,13.301960391300533,-3.869079113844329,5.698431806867043
132,distance,0,-122.26252525644728,9.84000015258789,1568223214.990397,80.63658905029297,37.87474279576201,4.0,2019-09-11T10:33:34.990397-07:00,10.0,88.7273120880127,1568223215.132211,2.3907940702968173,POINT (-122.26252525644728 37.87474279576201),ios,9.43297167856999,1.8292195490452932,-2.3558121588331145
133,distance,0,-122.26241923192543,9.829999923706055,1568223215.9903722,80.63658905029297,37.87475665443016,4.0,2019-09-11T10:33:35.990372-07:00,10.0,90.0612964630127,1568223216.1446362,2.3910718411869474,POINT (-122.26241923192543 37.87475665443016),ios,11.262145871143005,-0.5265341961715172,3.1997998383310717
134,distance,0,-122.26229264786355,10.15999984741211,1568223216.9903474,80.63658905029297,37.87477320047512,4.0,2019-09-11T10:33:36.990347-07:00,10.0,90.55342292785645,1568223217.163574,2.3913496120770774,POINT (-122.26229264786355 37.87477320047512),ios,10.735624730667118,2.6731863014195447,-13.188083338206543
135,distance,0,-122.26217198181615,10.0,1568223217.990322,80.63658905029297,37.87478897296508,4.0,2019-09-11T10:33:37.990322-07:00,10.0,91.70088386535645,1568223218.147622,2.3916273828347525,POINT (-122.26217198181615 37.87478897296508),ios,13.408743474335019,-10.514563742673397,17.82457928783461
136,distance,0,-122.26202127025442,10.880000114440918,1568223218.9902983,80.63658905029297,37.874808672761716,4.0,2019-09-11T10:33:38.990298-07:00,10.0,92.8414478302002,1568223219.143642,2.391905153989792,POINT (-122.26202127025442 37.874808672761716),ios,2.8944304183963614,7.309590574074524,-4.107382008027552
137,distance,0,-122.2619887374762,10.390000343322754,1568223219.9902732,80.63658905029297,37.87481292518341,4.0,2019-09-11T10:33:39.990273-07:00,10.0,93.57246589660645,1568223220.142583,2.3921829248136945,POINT (-122.2619887374762 37.87481292518341),ios,10.203838004540044,3.2023113900461007,-5.68912740100241
138,distance,0,-122.26187404839766,10.350000381469727,1568223220.9902492,80.63658905029297,37.874827916412336,4.0,2019-09-11T10:33:40.990249-07:00,10.0,95.07783699035645,1568223221.1596742,2.3924606959025065,POINT (-122.26187404839766 37.874827916412336),ios,13.406072282042468,-2.4866790151955103,5.057085986653906
139,distance,0,-122.26172336688984,10.670000076293945,1568223221.9902246,80.63594818115234,37.87484761228057,4.0,2019-09-11T10:33:41.990225-07:00,10.0,95.8274097442627,1568223222.1770349,2.392738466858864,POINT (-122.26172336688984 37.87484761228057),ios,10.919454332506138,2.5702827840230973,-5.986545237895422
140,distance,0,-122.26160064436439,10.609999656677246,1568223222.9902,80.59239959716797,37.87486370216064,4.0,2019-09-11T10:33:42.990200-07:00,10.0,96.3817310333252,1568223223.20998,2.393016237815221,POINT (-122.26160064436439 37.87486370216064),ios,13.489673997802802,-3.416115441600562,4.820841837513822
141,distance,0,-122.26144904228613,10.390000343322754,1568223223.9901757,80.59239959716797,37.87488361219311,4.0,2019-09-11T10:33:43.990176-07:00,10.0,95.68904304504395,1568223224.203858,2.393294008837806,POINT (-122.26144904228613 37.87488361219311),ios,10.073641631671983,1.40460915933064,-3.5746081421277354
142,distance,0,-122.26133583098559,9.600000381469727,1568223224.9901502,80.59239959716797,37.87489848033144,4.0,2019-09-11T10:33:44.990150-07:00,10.0,95.6847095489502,1568223225.157299,2.3935717795292537,POINT (-122.26133583098559 37.87489848033144),ios,11.478214958316187,-2.1699077917267275,0.2174146576459203
143,distance,0,-122.26120683436025,9.430000305175781,1568223225.9901261,80.59239959716797,37.87491542157016,4.0,2019-09-11T10:33:45.990126-07:00,10.0,95.7082691192627,1568223226.167923,2.3938495506180657,POINT (-122.26120683436025 37.87491542157016),ios,9.30835941856904,-1.9524983694858762,5.312534522894212
144,distance,0,-122.2611022235154,8.760000228881836,1568223226.9901009,80.59239959716797,37.87492916020318,4.0,2019-09-11T10:33:46.990101-07:00,10.0,95.73115730285645,1568223227.178173,2.394127321375741,POINT (-122.2611022235154 37.87492916020318),ios,7.355910393343181,3.359901893073504,-5.952491359548182
145,distance,0,-122.26101955481664,8.09000015258789,1568223227.990078,80.59239959716797,37.87494001715511,4.0,2019-09-11T10:33:47.990078-07:00,10.0,95.24971199035645,1568223228.191534,2.3944050927956897,POINT (-122.26101955481664 37.87494001715511),ios,10.7157353843653,-2.5924532247595997,1.374484382520925
146,distance,0,-122.26089911526367,8.020000457763672,1568223228.9900525,81.27273559570312,37.874955775602736,4.0,2019-09-11T10:33:48.990052-07:00,10.0,94.8899097442627,1568223229.199837,2.3946828634871378,POINT (-122.26089911526367 37.874955775602736),ios,8.123348295130222,-1.2180039064183168,2.3856243005218682
147,distance,0,-122.26080764728096,8.15999984741211,1568223229.9900284,81.27273559570312,37.87496690533707,4.0,2019-09-11T10:33:49.990028-07:00,10.0,94.67048835754395,1568223230.1936479,2.3949606345759498,POINT (-122.26080764728096 37.87496690533707),ios,6.905373718582737,1.1675629476107952,-3.2932593245346626
148,distance,0,-122.26072960699577,8.029999732971191,1568223230.9936895,81.27273559570312,37.874976401202346,4.0,2019-09-11T10:33:50.993690-07:00,10.0,94.59846687316895,1568223231.184933,2.395239429341422,POINT (-122.26072960699577 37.874976401202346),ios,8.077211295935085,-2.1377535120737168,10.971940881558377
149,distance,0,-122.26063862851785,8.029999732971191,1568223231.993995,81.27273559570312,37.87498747137421,4.0,2019-09-11T10:33:51.993995-07:00,10.0,94.37727546691895,1568223232.174841,2.3955172919564776,POINT (-122.26063862851785 37.87498747137421),ios,5.938804883583046,8.837538356029572,-14.267703215377294
150,distance,0,-122.26057173121171,7.619999885559082,1568223232.9943748,81.27273559570312,37.87499561137273,4.0,2019-09-11T10:33:52.994375-07:00,30.0,94.17354011535645,1568223233.1661859,2.395795175234477,POINT (-122.26057173121171 37.87499561137273),ios,14.779699743719416,-5.435583744393273,3.401715801914564
151,distance,0,-122.26024745672788,9.289999961853027,1568223234.9950714,80.15074157714844,37.8750677090989,6.0,2019-09-11T10:33:54.995071-07:00,30.0,94.34517097473145,1568223235.1822438,2.3963509243064456,POINT (-122.26024745672788 37.8750677090989),ios,3.904745506118021,1.37021769566451,3.139397376880496
152,distance,0,-122.26020361708157,8.579999923706055,1568223235.9953742,80.15074157714844,37.875073742174116,6.0,2019-09-11T10:33:55.995374-07:00,30.0,95.42878913879395,1568223236.131271,2.396628786193,POINT (-122.26020361708157 37.875073742174116),ios,5.275378092184727,4.510565655685531,-8.372301295625052
153,distance,0,-122.26014438862381,9.020000457763672,1568223236.9956827,80.15074157714844,37.8750818930095,6.0,2019-09-11T10:33:56.995683-07:00,30.0,96.1407642364502,1568223237.150805,2.3969066496690115,POINT (-122.26014438862381 37.8750818930095),ios,9.787335318905276,-3.8643186090987753,9.119000771524782
154,distance,0,-122.26025427115422,4.510000228881836,1568223237.9959621,80.15074157714844,37.875066771318835,6.0,2019-09-11T10:33:57.995962-07:00,30.0,97.16694831848145,1568223238.16241,2.3971845050652822,POINT (-122.26025427115422 37.875066771318835),ios,5.9219369164939835,5.257230253576345,-12.121674366984747
155,distance,0,-122.26018778673648,4.960000038146973,1568223238.996223,80.15074157714844,37.875075920696766,4.0,2019-09-11T10:33:58.996223-07:00,30.0,97.17805671691895,1568223239.133563,2.397462355295817,POINT (-122.26018778673648 37.875075920696766),ios,11.1805384130459,-6.867605808830929,7.24290247213162
156,distance,0,-122.2603133053776,2.3499999046325684,1568223239.9964595,80.15074157714844,37.87505864721337,6.0,2019-09-11T10:33:59.996459-07:00,30.0,97.41426277160645,1568223240.137337,2.397740198771159,POINT (-122.2603133053776 37.87505864721337),ios,4.311308338314751,0.3770096910765403,-2.182491207160338
157,distance,0,-122.2603617053145,1.2000000476837158,1568223240.9966736,80.15074157714844,37.87505198656521,4.0,2019-09-11T10:34:00.996674-07:00,30.0,97.3115406036377,1568223241.1330981,2.3980180360211265,POINT (-122.2603617053145 37.87505198656521),ios,4.68839874712243,-1.805948787198154,2.9629958252919084
158,distance,0,-122.2604143379026,0.8399999737739563,1568223241.996875,80.15074157714844,37.87504474343281,6.0,2019-09-11T10:34:01.996875-07:00,30.0,96.9615650177002,1568223242.142102,2.3982958697610433,POINT (-122.2604143379026 37.87504474343281),ios,2.882086126800787,1.1576439741938491,-3.1126043366281793
159,distance,0,-122.26044669196543,0.7799999713897705,1568223242.9970574,80.15074157714844,37.875040290967725,6.0,2019-09-11T10:34:02.997057-07:00,30.0,96.82673835754395,1568223243.134501,2.398573698202769,POINT (-122.26044669196543 37.875040290967725),ios,4.039941243925682,-1.9555280710023117,1.0421750866837087
160,distance,0,-122.26049204352529,1.6399999856948853,1568223243.997229,80.15074157714844,37.87503404982768,6.0,2019-09-11T10:34:03.997229-07:00,30.0,96.4768238067627,1568223244.140631,2.3988515236642627,POINT (-122.26049204352529 37.87503404982768),ios,2.0840774842820315,-0.9131740831081967,4.44393913236336
161,distance,0,-122.26051543861976,1.3300000429153442,1568223244.9973865,80.15074157714844,37.875030830267846,6.0,2019-09-11T10:34:04.997386-07:00,30.0,96.1985034942627,1568223245.127612,2.399129345152113,POINT (-122.26051543861976 37.875030830267846),ios,1.1707597075133727,3.5314643309065072,-3.602626279369418
162,distance,0,-122.26052858100337,0.6700000166893005,1568223245.9975333,80.15074157714844,37.87502902165406,6.0,2019-09-11T10:34:05.997533-07:00,30.0,95.8226490020752,1568223246.114739,2.399407163725959,POINT (-122.26052858100337 37.87502902165406),ios,4.70274268991196,-0.07169105121466429,-0.0916361099411139
163,distance,0,-122.26047579083473,1.6200000047683716,1568223246.9976697,80.15074157714844,37.8750362864722,6.0,2019-09-11T10:34:06.997670-07:00,10.0,95.71223640441895,1568223247.1153688,2.3996849793857997,POINT (-122.26047579083473 37.8750362864722),ios,4.631041861799557,-0.16333965806942258,-1.3652197874872585
164,distance,0,-122.26042380601496,1.7599999904632568,1568223247.9977968,80.15074157714844,37.87504344046075,4.0,2019-09-11T10:34:07.997797-07:00,10.0,95.72908210754395,1568223248.107589,2.3999627924627727,POINT (-122.26042380601496 37.87504344046075),ios,4.467681446999637,-1.5287329337317705,1.2343146959135602
165,distance,0,-122.26037365546182,1.659999966621399,1568223248.9979138,80.15074157714844,37.87505034202326,4.0,2019-09-11T10:34:08.997914-07:00,10.0,95.98201179504395,1568223249.114243,2.4002406027581955,POINT (-122.26037365546182 37.87505034202326),ios,2.9387695544059285,-0.294273744592232,-0.959510511081451
166,distance,0,-122.26034066748537,1.5099999904632568,1568223249.998023,80.15074157714844,37.87505488172555,4.0,2019-09-11T10:34:09.998023-07:00,10.0,96.3022632598877,1568223250.113854,2.400518410868115,POINT (-122.26034066748537 37.87505488172555),ios,2.6444636763834484,-1.2538890301044527,1.5171288496480608
167,distance,0,-122.26031098338848,1.4800000190734863,1568223250.9981232,80.15074157714844,37.87505896675827,4.0,2019-09-11T10:34:10.998123-07:00,10.0,96.5429859161377,1568223251.115786,2.4007962164613934,POINT (-122.26031098338848 37.87505896675827),ios,1.390449087093814,0.2633917384595598,-1.6667909023489562
168,distance,0,-122.26029537573493,1.0099999904632568,1568223251.9982147,80.15074157714844,37.8750611146348,4.0,2019-09-11T10:34:11.998215-07:00,10.0,96.73823738098145,1568223252.10688,2.4010740196704865,POINT (-122.26029537573493 37.8750611146348),ios,1.6538649397872416,-1.4035517631541377,1.495800058792613
169,distance,0,-122.26027681136569,1.190000057220459,1568223252.9983008,80.15074157714844,37.87506366940532,4.0,2019-09-11T10:34:12.998301-07:00,10.0,96.83125495910645,1568223253.1111112,2.4013518213563496,POINT (-122.26027681136569 37.87506366940532),ios,0.2501923741861428,0.09237703781386948,-0.042793166688142856
170,distance,0,-122.26025715327495,0.4699999988079071,1568223259.9987268,80.15074157714844,37.87506637469038,4.0,2019-09-11T10:34:19.998727-07:00,10.0,94.99971199035645,1568223260.109383,2.4032963841491277,POINT (-122.26025715327495 37.87506637469038),ios,0.8968709964897769,-0.20719336120300721,0.10094591400015454
171,distance,0,-122.26028735348547,1.0399999618530273,1568223262.998837,80.15074157714844,37.875062218631726,4.0,2019-09-11T10:34:22.998837-07:00,10.0,96.56587409973145,1568223263.111193,2.404129748079512,POINT (-122.26028735348547 37.875062218631726),ios,0.2752680906597441,0.09565549992765487,-0.08200987416024451
172,distance,0,-122.26026881563695,1.2699999809265137,1568223268.9989672,80.15074157714844,37.87506476975254,4.0,2019-09-11T10:34:28.998967-07:00,30.0,96.71577644348145,1568223269.1283789,2.4057964509063297,POINT (-122.26026881563695 37.87506476975254),ios,0.8492135423280867,-0.3964144207958198,0.2615024384953411
173,distance,0,-122.26028787876865,0.0,1568223270.9989882,80.15074157714844,37.87506214634389,4.0,2019-09-11T10:34:30.998988-07:00,30.0,97.52327156066895,1568223271.1222749,2.406352012289895,POINT (-122.26028787876865 37.87506214634389),ios,0.05637638363090828,0.12659594273436633,0.08941332588225724
174,distance,0,-122.26028344942904,0.0,1568223277.9990034,80.15074157714844,37.875062755895776,4.0,2019-09-11T10:34:37.999003-07:00,10.0,97.05562019348145,1568223278.1297688,2.408296460972892,POINT (-122.26028344942904 37.875062755895776),ios,0.9425499144722589,0.7524905882492461,-0.09929371917517431
175,distance,0,-122.26026229141166,0.7599999904632568,1568223279.9989934,80.15074157714844,37.87506566759605,4.0,2019-09-11T10:34:39.998993-07:00,10.0,96.99678230285645,1568223280.133587,2.4088520137468974,POINT (-122.26026229141166 37.87506566759605),ios,2.447523555845804,0.5539041441845299,-2.3002544419200217
176,distance,0,-122.26023482089738,1.2400000095367432,1568223280.9989867,80.15074157714844,37.875069448002435,4.0,2019-09-11T10:34:40.998987-07:00,10.0,96.87324714660645,1568223281.130708,2.4091297896703083,POINT (-122.26023482089738 37.875069448002435),ios,3.0014240023212415,-1.7463349418804146,3.7077839142156757
177,distance,0,-122.2602011335537,1.6200000047683716,1568223281.9989789,80.15074157714844,37.875074083949464,4.0,2019-09-11T10:34:41.998979-07:00,10.0,96.94172859191895,1568223282.13291,2.4094075652625824,POINT (-122.2602011335537 37.875074083949464),ios,1.2551028002777778,1.9614198001843706,-3.982871031775397
178,distance,0,-122.26018704655331,1.6299999952316284,1568223282.9989705,80.15074157714844,37.87507602255847,4.0,2019-09-11T10:34:42.998971-07:00,10.0,97.0019702911377,1568223283.134438,2.409685340722402,POINT (-122.26018704655331 37.87507602255847),ios,3.216506233099886,-2.0214179959252014,11.684709067655541
179,distance,0,-122.26015094522953,2.6500000953674316,1568223283.998961,80.15074157714844,37.875080990709904,4.0,2019-09-11T10:34:43.998961-07:00,10.0,97.2070484161377,1568223284.142407,2.4099631158510846,POINT (-122.26015094522953 37.875080990709904),ios,1.1951075149189385,9.663179637661015,-14.39261252046924
180,distance,0,-122.26013753165631,2.440000057220459,1568223284.9989486,80.15074157714844,37.87508283664396,4.0,2019-09-11T10:34:44.998949-07:00,10.0,97.8025074005127,1568223285.161981,2.410240890185038,POINT (-122.26013753165631 37.87508283664396),ios,10.858167350738894,-4.729254446564439,6.013848691740714
181,distance,0,-122.25989372918025,6.5,1568223286.9989254,80.23754119873047,37.87511608917315,6.0,2019-09-11T10:34:46.998925-07:00,10.0,98.35103034973145,1568223287.1539721,2.4107964393165378,POINT (-122.25989372918025 37.87511608917315),ios,1.3997678291961755,7.298303857030769,-9.47848353592023
182,distance,0,-122.25987801440954,7.659999847412109,1568223287.9989123,80.23754119873047,37.87511823235581,4.0,2019-09-11T10:34:47.998912-07:00,10.0,98.9124927520752,1568223288.137724,2.4110742134518093,POINT (-122.25987801440954 37.87511823235581),ios,8.697975983408995,-2.1800553873277444,6.720793343969679
183,distance,0,-122.25978036496628,8.039999961853027,1568223288.998898,80.23754119873047,37.87513154980075,4.0,2019-09-11T10:34:48.998898-07:00,10.0,99.09614753723145,1568223289.168705,2.4113519872559444,POINT (-122.25978036496628 37.87513154980075),ios,6.517951782023719,4.5406418149219645,-6.56935763920672
184,distance,0,-122.25970718994103,8.130000114440918,1568223289.998884,80.23754119873047,37.87514152942108,4.0,2019-09-11T10:34:49.998884-07:00,10.0,99.33735847473145,1568223290.150343,2.4116297611263064,POINT (-122.25970718994103 37.87514152942108),ios,11.05852972511687,-2.028623415126832,1.3215869449788484
185,distance,0,-122.25958303946877,7.989999771118164,1568223290.998868,80.23754119873047,37.87515846108012,4.0,2019-09-11T10:34:50.998868-07:00,10.0,99.96357917785645,1568223291.151309,2.4119075344668492,POINT (-122.25958303946877 37.87515846108012),ios,9.029938715311353,-0.7070575812370496,0.5183680240947263
186,distance,0,-122.25948166322681,8.199999809265137,1568223291.9988527,80.23754119873047,37.875172286786395,4.0,2019-09-11T10:34:51.998853-07:00,10.0,100.5940113067627,1568223292.135715,2.412185308006075,POINT (-122.25948166322681 37.875172286786395),ios,8.32289192291679,-0.1886974668106598,3.6760922137585985
187,distance,0,-122.25938822491327,8.520000457763672,1568223292.9988358,80.23754119873047,37.875185029916864,4.0,2019-09-11T10:34:52.998836-07:00,10.0,101.1988697052002,1568223293.171613,2.4124630810817083,POINT (-122.25938822491327 37.875185029916864),ios,8.134197650323847,3.487332519091499,-3.8156869822812967
188,distance,0,-122.25929677224653,8.1899995803833,1568223293.9988198,80.8805923461914,37.875196862107,4.0,2019-09-11T10:34:53.998820-07:00,10.0,101.81196784973145,1568223294.1656651,2.4127408544222515,POINT (-122.25929677224653 37.875196862107),ios,11.621474462609454,-0.3282935112350004,-7.422935851228986
189,distance,0,-122.25916605619108,8.850000381469727,1568223294.9988022,80.8805923461914,37.8752134941357,4.0,2019-09-11T10:34:54.998802-07:00,10.0,102.53083992004395,1568223295.1470509,2.413018627299203,POINT (-122.25916605619108 37.8752134941357),ios,11.293186743448617,-7.751098399793424,12.584376613225992
190,distance,0,-122.25903903262366,9.479999542236328,1568223295.9987845,80.8805923461914,37.87522965634018,4.0,2019-09-11T10:34:55.998785-07:00,10.0,103.63826179504395,1568223296.150743,2.4132964001761543,POINT (-122.25903903262366 37.87522965634018),ios,3.5422250960893473,4.833056187592434,-3.5934983054651575
191,distance,0,-122.2589593481303,7.800000190734863,1568223297.9987483,80.8805923461914,37.87523979522309,4.0,2019-09-11T10:34:57.998748-07:00,30.0,105.81331062316895,1568223298.1536322,2.4138519456651477,POINT (-122.2589593481303 37.87523979522309),ios,13.208162323135092,-2.353810196310362,5.152963803020378
192,distance,0,-122.25881077767596,8.520000457763672,1568223298.9987278,80.90711975097656,37.875258658848246,4.0,2019-09-11T10:34:58.998728-07:00,30.0,106.55256843566895,1568223299.189333,2.4141297177473704,POINT (-122.25881077767596 37.875258658848246),ios,10.854400389343823,2.7990479503515213,-14.54622115898628
193,distance,0,-122.25868872870433,8.890000343322754,1568223299.9987087,80.69070434570312,37.87527438339466,4.0,2019-09-11T10:34:59.998709-07:00,30.0,107.1642017364502,1568223300.197366,2.4144074902269574,POINT (-122.25868872870433 37.87527438339466),ios,13.653394952092532,-11.746895761484355,18.161097763289156
194,distance,0,-122.25853524139137,9.600000381469727,1568223300.998689,80.69070434570312,37.875294326603516,4.0,2019-09-11T10:35:00.998689-07:00,10.0,107.47456550598145,1568223301.211704,2.4146852625078625,POINT (-122.25853524139137 37.875294326603516),ios,1.9067316468984694,6.413842616525538,-9.075134079789168
195,distance,0,-122.25851380653185,6.820000171661377,1568223301.9986672,80.69070434570312,37.87529711171892,4.0,2019-09-11T10:35:01.998667-07:00,10.0,107.56086921691895,1568223302.250571,2.4149630342589483,POINT (-122.25851380653185 37.87529711171892),ios,8.320435108112875,-2.661094568331537,0.9413705904997415
196,distance,0,-122.2584202717199,6.880000114440918,1568223302.998649,80.67183685302734,37.87530927070569,4.0,2019-09-11T10:35:02.998649-07:00,10.0,108.0665454864502,1568223303.1628098,2.4152408069372178,POINT (-122.2584202717199 37.87530927070569),ios,5.6593893927690475,-1.7197412597301671,7.468079725976501
197,distance,0,-122.25835665405793,6.239999771118164,1568223303.9986286,80.67183685302734,37.87531755385289,4.0,2019-09-11T10:35:03.998629-07:00,10.0,108.9349536895752,1568223304.1502419,2.415518579085668,POINT (-122.25835665405793 37.87531755385289),ios,3.9396829845916237,5.748187121284999,-8.529755517742585
198,distance,0,-122.25831236778481,6.639999866485596,1568223304.9986076,80.67183685302734,37.87532332001448,4.0,2019-09-11T10:35:04.998608-07:00,10.0,109.25398445129395,1568223305.1604981,2.415796351035436,POINT (-122.25831236778481 37.87532332001448),ios,9.687749504111306,-2.7813894350648107,-0.558479827640091
199,distance,0,-122.25820346699612,6.059999942779541,1568223305.9985871,80.67183685302734,37.875337499112376,4.0,2019-09-11T10:35:05.998587-07:00,10.0,109.74434089660645,1568223306.1921182,2.416074123117659,POINT (-122.25820346699612 37.875337499112376),ios,6.90641709864936,-3.339857811635743,4.98227555279176
200,distance,0,-122.25812581514947,6.130000114440918,1568223306.9985647,80.5279769897461,37.87534752870441,4.0,2019-09-11T10:35:06.998565-07:00,10.0,110.39619636535645,1568223307.1753712,2.4163518946700626,POINT (-122.25812581514947 37.87534752870441),ios,3.5666341377240793,1.6423060816525656,-3.9727212611232186
201,distance,0,-122.25808582161119,5.050000190734863,1568223307.9985437,117.0703125,37.875353203576374,4.0,2019-09-11T10:35:07.998544-07:00,10.0,110.7243824005127,1568223308.1681628,2.416629666619831,POINT (-122.25808582161119 37.875353203576374),ios,5.20890576242379,-2.3303318284615275,0.6108843305915084
202,distance,0,-122.25802721473826,4.389999866485596,1568223308.9985218,80.5279769897461,37.87536056828645,4.0,2019-09-11T10:35:08.998522-07:00,10.0,110.77046394348145,1568223309.152833,2.416907438304689,POINT (-122.25802721473826 37.87536056828645),ios,2.8786250486473737,-1.7194608973180359,1.7860920542749148
203,distance,0,-122.25799486945198,3.3499999046325684,1568223309.9985003,80.5279769897461,37.87536484584483,4.0,2019-09-11T10:35:09.998500-07:00,10.0,110.7573413848877,1568223310.1572871,2.4171852101220024,POINT (-122.25799486945198 37.87536484584483),ios,1.159201046957494,0.06659283157920369,-0.5924741340676017
204,distance,0,-122.25798184424977,2.4200000762939453,1568223310.9984784,80.5279769897461,37.87536656838523,4.0,2019-09-11T10:35:10.998478-07:00,10.0,110.78486824035645,1568223311.154428,2.417462981806861,POINT (-122.25798184424977 37.87536656838523),ios,1.2257924178556157,-0.5258683068590078,0.1758964157934649
205,distance,0,-122.25796807081565,1.5,1568223311.9984555,80.5279769897461,37.87536838987687,4.0,2019-09-11T10:35:11.998456-07:00,10.0,110.8752613067627,1568223312.168881,2.41774075322681,POINT (-122.25796807081565 37.87536838987687),ios,0.6999361471669614,-0.349975917015001,0.17499188031115356
206,distance,0,-122.25798380027987,0.1599999964237213,1568223313.9984107,80.5279769897461,37.87536630970664,4.0,2019-09-11T10:35:13.998411-07:00,10.0,110.93794441223145,1568223314.150649,2.4182962963316177,POINT (-122.25798380027987 37.87536630970664),ios,0.0,0.0,0.0
