,filter,floor,longitude,sensed_speed,ts,bearing,latitude,vaccuracy,fmt_time,accuracy,altitude,write_ts,hr,geometry,source,speed,acceleration,jerk
0,distance,0,-122.26814699370625,0.6600000262260437,1581013469.991039,145.8984375,37.87083939652692,3.0,2020-02-06T10:24:29.991039-08:00,10.0,65.5361499786377,1581013470.075166,2.2050605077875987,POINT (-122.26814699370625 37.87083939652692),ios,0.7918519191071951,1.2240766778271157,0.1147864819790012
1,distance,0,-122.26815897982779,0.6600000262260437,1581013471.9909933,314.6484375,37.870850041543946,3.0,2020-02-06T10:24:31.990993-08:00,10.0,65.23433113098145,1581013472.0878348,2.2056160506274964,POINT (-122.26815897982779 37.870850041543946),ios,3.2399492409779564,1.4536443872769709,-0.9137723997188217
2,distance,0,-122.26816803228321,1.4800000190734863,1581013472.9909704,344.53125,37.870878288557634,3.0,2020-02-06T10:24:32.990970-08:00,10.0,64.9836597442627,1581013473.079764,2.2058938220474453,POINT (-122.26816803228321 37.870878288557634),ios,4.693560356975311,0.5398929021485968,-0.4279318763918984
3,distance,0,-122.26817482162478,3.5899999141693115,1581013473.9909477,350.859375,37.870920156163976,3.0,2020-02-06T10:24:33.990948-08:00,10.0,65.09175300598145,1581013474.093093,2.2061715935336217,POINT (-122.26817482162478 37.870920156163976),ios,5.233441030676541,0.11197071831314094,-0.24256535909413499
4,distance,0,-122.26817733619573,4.699999809265137,1581013474.9909241,357.1875,37.87096717864077,3.0,2020-02-06T10:24:34.990924-08:00,10.0,64.85981941223145,1581013475.094363,2.2064493647548886,POINT (-122.26817733619573 37.87096717864077),ios,5.345409106095626,-0.13058891540425688,0.01408111911737538
5,distance,0,-122.26817775529089,4.699999809265137,1581013475.990902,357.1875,37.87101524885546,4.0,2020-02-06T10:24:35.990902-08:00,10.0,63.463335037231445,1581013476.08729,2.20672713637352,POINT (-122.26817775529089 37.87101524885546),ios,5.214823086229969,-0.11650810850651983,-0.8499924931815606
6,distance,0,-122.26817792292896,4.690000057220459,1581013476.9908786,358.2421875,37.8710621456037,4.0,2020-02-06T10:24:36.990879-08:00,10.0,61.966875076293945,1581013477.100484,2.2070049076610143,POINT (-122.26817792292896 37.8710621456037),ios,5.098317699937822,-0.9664807415958382,0.7174124053282575
7,distance,0,-122.26817809056702,4.679999828338623,1581013477.9908552,358.2421875,37.87110799461405,4.0,2020-02-06T10:24:37.990855-08:00,10.0,61.025529861450195,1581013478.107667,2.2072826789485083,POINT (-122.26817809056702 37.87110799461405),ios,4.131859540184568,-0.249085098623319,0.4116142742988052
8,distance,0,-122.26817633036735,4.670000076293945,1581013478.9908314,358.9453125,37.8711451264451,4.0,2020-02-06T10:24:38.990831-08:00,30.0,60.543169021606445,1581013479.1020222,2.2075604501035477,POINT (-122.26817633036735 37.8711451264451),ios,3.8827803802127776,0.16251936202644457,-0.14086841754753684
9,distance,0,-122.26817398343447,4.019999980926514,1581013479.990809,0.0,37.871179995162294,4.0,2020-02-06T10:24:39.990809-08:00,30.0,60.408098220825195,1581013480.092694,2.2078382216559516,POINT (-122.26817398343447 37.871179995162294),ios,4.045296099961497,0.021654101529815204,0.11311182547969532
10,distance,0,-122.26817172032061,4.110000133514404,1581013480.9907875,0.703125,37.87121633071254,4.0,2020-02-06T10:24:40.990788-08:00,30.0,60.404985427856445,1581013481.0902638,2.208115993473265,POINT (-122.26817172032061 37.87121633071254),ios,4.066949736844702,0.1347634998930466,0.12233734200189277
11,distance,0,-122.26816987630191,4.079999923706055,1581013481.9907634,0.0,37.87125287581037,4.0,2020-02-06T10:24:41.990763-08:00,30.0,60.466020584106445,1581013482.093645,2.208393764562077,POINT (-122.26816987630191 37.87125287581037),ios,4.20170999159541,0.257097895977919,4.59586798314134
12,distance,0,-122.26817163650158,4.110000133514404,1581013482.9907408,358.9453125,37.87129063628416,4.0,2020-02-06T10:24:42.990741-08:00,50.0,60.540544509887695,1581013483.095254,2.208671536048253,POINT (-122.26817163650158 37.87129063628416),ios,4.4588020643664,4.852861783789403,-4.265803128864195
13,distance,0,-122.26817767147186,4.170000076293945,1581013483.9907176,356.8359375,37.87133045032422,4.0,2020-02-06T10:24:43.990718-08:00,50.0,60.897050857543945,1581013484.1050448,2.208949307401975,POINT (-122.26817767147186 37.87133045032422),ios,9.31155161795193,0.5871573084571172,-1.136269652028746
14,distance,0,-122.26819267507854,6.889999866485596,1581013484.990694,354.375,37.87141334734659,4.0,2020-02-06T10:24:44.990694-08:00,30.0,61.045244216918945,1581013485.168369,2.209227078623242,POINT (-122.26819267507854 37.87141334734659),ios,9.898695067477139,-0.5490855236998335,0.09567900802273092
15,distance,0,-122.26820960652294,6.929999828338623,1581013485.9906712,352.96875,37.87150135732989,4.0,2020-02-06T10:24:45.990671-08:00,30.0,61.245561599731445,1581013486.107473,2.209504850043191,POINT (-122.26820960652294 37.87150135732989),ios,9.34962211134758,-0.4534087055958043,0.06563830160907663
16,distance,0,-122.26822645414832,6.929999828338623,1581013486.9906478,352.6171875,37.871584380080805,4.0,2020-02-06T10:24:46.990648-08:00,30.0,61.238237380981445,1581013487.143111,2.2097826213306853,POINT (-122.26822645414832 37.871584380080805),ios,8.896223999655591,-0.3877719376270069,0.04031402461310069
17,distance,0,-122.26824212830725,6.949999809265137,1581013487.9906259,352.265625,37.87166342142771,4.0,2020-02-06T10:24:47.990626-08:00,30.0,61.221086502075195,1581013488.131133,2.2100603930155436,POINT (-122.26824212830725 37.87166342142771),ios,8.508460567615748,-0.3474587972822531,0.05756219923528306
18,distance,0,-122.2682570480949,6.960000038146973,1581013488.990602,352.265625,37.87173902619432,4.0,2020-02-06T10:24:48.990602-08:00,50.0,61.191484451293945,1581013489.107791,2.210338164170583,POINT (-122.2682570480949 37.87173902619432),ios,8.161010054396769,-0.2898979704367452,-0.3046652819723642
19,distance,0,-122.26827112969222,6.940000057220459,1581013489.9905791,352.265625,37.87181157156627,4.0,2020-02-06T10:24:49.990579-08:00,50.0,61.151079177856445,1581013490.118726,2.210615935590532,POINT (-122.26827112969222 37.87181157156627),ios,7.8711187191979946,-0.594556279174201,1.7126699624604123
20,distance,0,-122.2682845407373,6.940000057220459,1581013490.9905558,352.265625,37.87188156045775,4.0,2020-02-06T10:24:50.990556-08:00,50.0,61.106889724731445,1581013491.0957499,2.2108937068780263,POINT (-122.2682845407373 37.87188156045775),ios,7.276576331843595,1.1180736667169973,-1.4997245571181097
21,distance,0,-122.2682985385156,6.909999847412109,1581013491.9905338,352.265625,37.871946059202656,4.0,2020-02-06T10:24:51.990534-08:00,50.0,61.044084548950195,1581013492.109054,2.2111714785628847,POINT (-122.2682985385156 37.871946059202656),ios,8.394625474163377,-0.3816179946789009,0.055676082154857275
22,distance,0,-122.26831513468387,6.650000095367432,1581013492.9905102,351.9140625,37.87202040668379,4.0,2020-02-06T10:24:52.990510-08:00,50.0,61.037797927856445,1581013493.120863,2.2114492497841516,POINT (-122.26831513468387 37.87202040668379),ios,8.01301648698166,-0.32594322667107095,0.022594863400338897
23,distance,0,-122.26833047356668,6.639999866485596,1581013493.9904878,351.9140625,37.87209144331317,4.0,2020-02-06T10:24:53.990488-08:00,50.0,61.009721755981445,1581013494.124093,2.2117270213365554,POINT (-122.26833047356668 37.87209144331317),ios,7.687080565137161,-0.3033488696520434,23.121615170438655
24,distance,0,-122.26834489044013,6.590000152587891,1581013494.9904644,351.9140625,37.87215963009547,4.0,2020-02-06T10:24:54.990464-08:00,100.0,60.987260818481445,1581013495.1433911,2.21200479262405,POINT (-122.26834489044013 37.87215963009547),ios,7.383738783237752,22.817726063768337,-51.2325316551023
25,distance,0,-122.26835846912327,6.559999942779541,1581013495.994406,351.9140625,37.872225428035364,4.0,2020-02-06T10:24:55.994406-08:00,100.0,60.969682693481445,1581013496.1300302,2.2122836652729245,POINT (-122.26835846912327 37.872225428035364),ios,30.291401734577,-28.616740456647054,30.295255466278192
26,distance,0,-122.2680218518919,6.380000114440918,1581013496.9947288,27.7734375,37.87228586155723,4.0,2020-02-06T10:24:56.994729-08:00,100.0,60.948869705200195,1581013497.117368,2.212561532722579,POINT (-122.2680218518919 37.87228586155723),ios,1.665423257371995,1.6882948863166025,5.544397942276933
27,distance,0,-122.26802285772028,5.130000114440918,1581013497.9950786,36.2109375,37.87230082325439,4.0,2020-02-06T10:24:57.995079-08:00,30.0,61.642290115356445,1581013498.088148,2.212839407655928,POINT (-122.26802285772028 37.87230082325439),ios,3.354308641801807,7.234632037525773,2.0026099549839937
28,distance,0,-122.26798782136503,5.150000095367432,1581013498.9954114,36.5625,37.87231289319496,4.0,2020-02-06T10:24:58.995411-08:00,30.0,61.761796951293945,1581013499.100385,2.2131172778871324,POINT (-122.26798782136503 37.87231289319496),ios,10.59134859881181,9.237908525860034,-12.010278079560035
29,distance,0,-122.26787433039608,8.550000190734863,1581013499.9957166,55.8984375,37.87234533116023,4.0,2020-02-06T10:24:59.995717-08:00,30.0,62.393449783325195,1581013500.1327791,2.2133951404359604,POINT (-122.26787433039608 37.87234533116023),ios,19.83207631062334,-2.7760347996959607,-5.419948689535909
30,distance,0,-122.26780406983421,8.550000190734863,1581013500.9959893,81.03173065185547,37.8721757685433,4.0,2020-02-06T10:25:00.995989-08:00,21.915310760619462,63.553667068481445,1581013501.136642,2.2136729939778648,POINT (-122.26780406983421 37.8721757685433),ios,17.05528434506366,-8.197461784868244,8.854967378270144
31,distance,0,-122.26761223139518,10.0,1581013501.9962492,80.79395294189453,37.87220038590221,4.0,2020-02-06T10:25:01.996249-08:00,10.0,64.43196296691895,1581013502.145955,2.21395084394349,POINT (-122.26761223139518 37.87220038590221),ios,8.85569223455724,0.6598067891288476,-0.34065546119702156
32,distance,0,-122.26751262730347,9.9399995803833,1581013502.996489,80.79395294189453,37.872213182763126,4.0,2020-02-06T10:25:02.996489-08:00,10.0,64.5774097442627,1581013503.1433349,2.214228688346015,POINT (-122.26751262730347 37.872213182763126),ios,9.515657277744417,0.31906962202925815,0.442304644245679
33,distance,0,-122.26740560178969,9.399999618530273,1581013503.9967146,80.79395294189453,37.87222693310803,4.0,2020-02-06T10:25:03.996715-08:00,10.0,64.56343269348145,1581013504.164607,2.2145065287748973,POINT (-122.26740560178969 37.87222693310803),ios,9.834798864004794,0.7614740254229284,-1.7668690725043092
34,distance,0,-122.2672949889343,9.529999732971191,1581013504.9969206,80.79395294189453,37.87224114434476,4.0,2020-02-06T10:25:04.996921-08:00,10.0,64.67207527160645,1581013505.163711,2.214784363773134,POINT (-122.2672949889343 37.87224114434476),ios,10.596429748243384,-1.005759010894839,3.8727969969797176
35,distance,0,-122.26717581299364,9.789999961853027,1581013505.9971008,80.79395294189453,37.87225645574323,4.0,2020-02-06T10:25:05.997101-08:00,10.0,64.6388111114502,1581013506.112656,2.2150621916188133,POINT (-122.26717581299364 37.87225645574323),ios,9.590489454873017,2.867736036233298,-3.386044490676485
36,distance,0,-122.26706795136279,9.470000267028809,1581013506.9972744,80.79395294189453,37.87227031351017,4.0,2020-02-06T10:25:06.997274-08:00,10.0,64.66328620910645,1581013507.126992,2.215340017610126,POINT (-122.26706795136279 37.87227031351017),ios,12.458723240395441,-0.5188961658702106,-2.1271492785201467
37,distance,0,-122.2669278329923,10.34000015258789,1581013507.997437,80.79395294189453,37.872288315534675,4.0,2020-02-06T10:25:07.997437-08:00,10.0,64.60225105285645,1581013508.1591601,2.215617840554979,POINT (-122.2669278329923 37.872288315534675),ios,11.939742701245391,-2.646391321991969,-0.24007771108414075
38,distance,0,-122.26679350886663,10.069999694824219,1581013508.9975874,80.76119995117188,37.87230535206268,4.0,2020-02-06T10:25:08.997587-08:00,10.0,64.5218677520752,1581013509.208127,2.2158956601222357,POINT (-122.26679350886663 37.87230535206268),ios,9.29295325052356,-2.8865051508767494,2.546720352197711
39,distance,0,-122.26668900684338,8.359999656677246,1581013509.9977267,80.76119995117188,37.87231882679279,4.0,2020-02-06T10:25:09.997727-08:00,10.0,64.48530769348145,1581013510.169008,2.216173476576805,POINT (-122.26668900684338 37.87231882679279),ios,6.406046192916132,-0.33943020237755805,-0.2132000921278252
40,distance,0,-122.26661696964187,7.139999866485596,1581013510.9978561,80.76119995117188,37.87232811543447,4.0,2020-02-06T10:25:10.997856-08:00,10.0,64.5235767364502,1581013511.141798,2.216451290316052,POINT (-122.26661696964187 37.87232811543447),ios,6.066572047467234,-0.5526578956640082,0.24871377308865453
41,distance,0,-122.26654875077766,5.889999866485596,1581013511.9979725,80.76119995117188,37.87233691173099,4.0,2020-02-06T10:25:11.997972-08:00,10.0,64.47676277160645,1581013512.139164,2.2167291004127927,POINT (-122.26654875077766 37.87233691173099),ios,5.513849851015042,-0.3039151851589749,-0.3936047302191717
42,distance,0,-122.2664867917796,5.920000076293945,1581013512.9980845,80.07733154296875,37.87234511741776,4.0,2020-02-06T10:25:12.998085-08:00,10.0,64.45967292785645,1581013513.156602,2.2170069093174405,POINT (-122.2664867917796 37.87234511741776),ios,5.209900610113559,-0.6975640214379847,2.5549575864557137
43,distance,0,-122.26642832606656,5.25,1581013513.9981842,80.07733154296875,37.87235322507034,4.0,2020-02-06T10:25:13.998184-08:00,10.0,64.54963874816895,1581013514.141821,2.2172847147782644,POINT (-122.26642832606656 37.87235322507034),ios,4.512267070166434,1.857648189449134,-7.173019326359045
44,distance,0,-122.26637768958211,4.550000190734863,1581013514.9982767,80.07733154296875,37.872360247015386,4.0,2020-02-06T10:25:14.998277-08:00,10.0,64.53523445129395,1581013515.129716,2.217562518252267,POINT (-122.26637768958211 37.872360247015386),ios,6.370087103978186,-5.316034687167266,5.633786121280198
45,distance,0,-122.26630624850269,3.4700000286102295,1581013515.9983625,76.86280822753906,37.87237035273799,4.0,2020-02-06T10:25:15.998363-08:00,10.0,64.5478687286377,1581013516.123555,2.2178403198719026,POINT (-122.26630624850269 37.87237035273799),ios,1.0535961378937548,0.31823498585445087,-0.6727694904572378
46,distance,0,-122.26628287341812,3.009999990463257,1581013517.9985125,76.86280822753906,37.87237467741979,4.0,2020-02-06T10:25:17.998513-08:00,10.0,64.73665046691895,1581013518.13643,2.218395917084482,POINT (-122.26628287341812 37.87237467741979),ios,1.6901138338034065,-1.0274048871292447,0.9987071787516282
47,distance,0,-122.26626412515598,2.759999990463257,1581013518.9985783,76.86280822753906,37.87237814608183,4.0,2020-02-06T10:25:18.998578-08:00,10.0,64.78193855285645,1581013519.1557279,2.2186737131410177,POINT (-122.26626412515598 37.87237814608183),ios,0.6626413398080768,-0.028631989921983438,0.29717296635031965
48,distance,0,-122.26624942405284,1.9500000476837158,1581013520.998693,76.86280822753906,37.87238086596903,4.0,2020-02-06T10:25:20.998693-08:00,30.0,64.62874031066895,1581013521.1384392,2.219229300551944,POINT (-122.26624942405284 37.87238086596903),ios,0.6053740764665017,0.5657480223772768,-0.2184599555856375
49,distance,0,-122.26623599359458,0.0,1581013522.9987874,76.86280822753906,37.8723833507711,4.0,2020-02-06T10:25:22.998787-08:00,30.0,64.5842456817627,1581013523.137301,2.2197848823335438,POINT (-122.26623599359458 37.8723833507711),ios,1.7369235356175468,0.12880748558077013,-1.103123029059439
50,distance,0,-122.2662552606172,0.4099999964237213,1581013523.9988275,76.86280822753906,37.87237978613192,4.0,2020-02-06T10:25:23.998827-08:00,30.0,64.5852222442627,1581013524.127121,2.2200626712375215,POINT (-122.2662552606172 37.87237978613192),ios,1.8657361804947288,-0.9743597283228962,2.4312038611516433
51,distance,0,-122.26627595644366,0.5400000214576721,1581013524.9988644,76.86280822753906,37.87237595714623,4.0,2020-02-06T10:25:24.998864-08:00,30.0,64.5486011505127,1581013525.1544871,2.220340459280544,POINT (-122.26627595644366 37.87237595714623),ios,0.8913404448252287,1.4569339776751098,-0.7507430398323234
52,distance,0,-122.26629573082563,1.0,1581013526.9989235,76.86280822753906,37.872372298639256,4.0,2020-02-06T10:25:26.998924-08:00,50.0,64.4582691192627,1581013527.124253,2.2208960312604904,POINT (-122.26629573082563 37.872372298639256),ios,3.805294545487391,-0.04459649177956597,-3.5530076782008946
53,distance,0,-122.26625352078828,0.0,1581013527.9989488,76.86280822753906,37.87238010802194,4.0,2020-02-06T10:25:27.998949-08:00,100.0,64.82185554504395,1581013528.122334,2.221173816058371,POINT (-122.26625352078828 37.87238010802194),ios,3.7606969266488117,-3.5976939629029308,3.623659811575327
54,distance,0,-122.266211805553,0.0,1581013528.9989715,46.7578125,37.87238782586009,4.0,2020-02-06T10:25:28.998971-08:00,100.0,64.88423347473145,1581013529.123302,2.22145160012775,POINT (-122.266211805553 37.87238782586009),ios,0.1629214768230269,0.026047923715621323,0.04358646411448733
55,distance,0,-122.26620457683471,0.0,1581013532.9990306,76.86280822753906,37.872389163263016,6.0,2020-02-06T10:25:32.999031-08:00,50.0,64.98848152160645,1581013533.148583,2.2225627276632522,POINT (-122.26620457683471 37.872389163263016),ios,0.2671147118421345,0.2003963573456355,-0.21458090487297007
56,distance,0,-122.26618087373525,0.0,1581013540.999045,76.86280822753906,37.87239354863167,4.0,2020-02-06T10:25:40.999045-08:00,50.0,64.9163990020752,1581013541.137964,2.224784953859117,POINT (-122.26618087373525 37.87239354863167),ios,1.870288437300105,-1.5162539512425917,1.6621581021442429
57,distance,0,-122.26620161916641,0.0,1581013541.9990387,76.86280822753906,37.8723897104685,4.0,2020-02-06T10:25:41.999039-08:00,30.0,64.9557056427002,1581013542.139334,2.225062729914983,POINT (-122.26620161916641 37.8723897104685),ios,0.35404388513844126,0.14589384737795427,-0.12465460795303718
58,distance,0,-122.26621340041767,0.0,1581013544.9990146,76.86280822753906,37.87238753079026,4.0,2020-02-06T10:25:44.999015-08:00,30.0,65.01680183410645,1581013545.127087,2.2258960565593506,POINT (-122.26621340041767 37.87238753079026),ios,0.7917219141081211,-0.22806697476373206,0.2351245367511364
59,distance,0,-122.26623974585927,0.3400000035762787,1581013547.9989803,18.6328125,37.872382656555395,4.0,2020-02-06T10:25:47.998980-08:00,30.0,64.90144538879395,1581013548.138661,2.226729380355941,POINT (-122.26623974585927 37.872382656555395),ios,0.10752881987510998,0.4772985631293303,-0.3929176873526279
60,distance,0,-122.26624332399506,0.6200000047683716,1581013550.99894,76.86280822753906,37.87238199455571,4.0,2020-02-06T10:25:50.998940-08:00,10.0,64.75398445129395,1581013551.1411939,2.2275627024968467,POINT (-122.26624332399506 37.87238199455571),ios,1.539405277596257,-0.7014386671983872,0.3799443094023372
61,distance,0,-122.2662774741299,0.0,1581013552.9989076,19.3359375,37.872375676355375,4.0,2020-02-06T10:25:52.998908-08:00,10.0,64.66853523254395,1581013553.1369781,2.228118249045478,POINT (-122.2662774741299 37.872375676355375),ios,0.13655068729689154,0.05843763193988266,0.2087571548970357
62,distance,0,-122.2662638425992,0.6299999952316284,1581013561.9987364,76.86280822753906,37.87237819835835,4.0,2020-02-06T10:26:01.998736-08:00,30.0,64.22920417785645,1581013562.138659,2.230618201494217,POINT (-122.2662638425992 37.87237819835835),ios,0.6624793711367052,1.9372162900157142,-0.8544891084416545
63,distance,0,-122.26625649442691,2.259999990463257,1581013562.9987144,76.86280822753906,37.872379557861755,4.0,2020-02-06T10:26:02.998714-08:00,10.0,64.49189949035645,1581013563.168827,2.2308959731790754,POINT (-122.26625649442691 37.872379557861755),ios,2.5996531692637337,1.0827459243733362,-0.5925889727759056
64,distance,0,-122.26622765923021,2.930000066757202,1581013563.9986937,76.86280822753906,37.87238489273233,4.0,2020-02-06T10:26:03.998694-08:00,10.0,64.5953540802002,1581013564.1446729,2.231173745195071,POINT (-122.26622765923021 37.87238489273233),ios,3.6823766348702707,0.4901692433246472,0.8673541321339968
65,distance,0,-122.26618681456547,3.7100000381469727,1581013564.998672,76.86280822753906,37.87239244950408,4.0,2020-02-06T10:26:04.998672-08:00,10.0,64.70942878723145,1581013565.1426048,2.231451516946157,POINT (-122.26618681456547 37.87239244950408),ios,4.172535243438557,1.3575045572647257,-2.2239167480974866
66,distance,0,-122.26614053310188,3.5899999141693115,1581013565.99865,76.86280822753906,37.87240101215134,4.0,2020-02-06T10:26:05.998650-08:00,10.0,64.8899097442627,1581013566.158396,2.231729288631015,POINT (-122.26614053310188 37.87240101215134),ios,5.530010024506978,-0.8663634103102179,0.1664845663600625
67,distance,0,-122.2660603189117,3.5399999618530273,1581013568.9985826,19.3359375,37.87253610327642,4.0,2020-02-06T10:26:08.998583-08:00,10.0,65.8208179473877,1581013569.1772141,2.232562603221999,POINT (-122.2660603189117 37.87253610327642),ios,2.93097824924504,-0.3669209443529228,0.062165400685784786
68,distance,0,-122.26604565058115,3.1700000762939453,1581013569.9985585,11.953125,37.87255978215288,4.0,2020-02-06T10:26:09.998559-08:00,10.0,66.05696296691895,1581013570.1210032,2.232840374310811,POINT (-122.26604565058115 37.87255978215288),ios,2.5640661404499068,-0.30475704062717457,0.11522617006016131
69,distance,0,-122.26603743631604,2.8299999237060547,1581013570.9985359,0.3515625,37.87258191037725,4.0,2020-02-06T10:26:10.998536-08:00,10.0,66.23457527160645,1581013571.1567411,2.2331181457969875,POINT (-122.26603743631604 37.87258191037725),ios,2.259316002498089,-0.18953348041268867,0.3130233803873331
70,distance,0,-122.266034670288,2.5799999237060547,1581013571.9985127,354.0234375,37.87260211076389,4.0,2020-02-06T10:26:11.998513-08:00,10.0,66.32063484191895,1581013572.110766,2.2333959171507094,POINT (-122.266034670288 37.87260211076389),ios,2.0697869053508002,0.12348266080745544,-0.5888177684494853
71,distance,0,-122.26603525702122,2.4000000953674316,1581013572.9984884,348.75,37.872620718588934,4.0,2020-02-06T10:26:12.998488-08:00,10.0,66.3311939239502,1581013573.098377,2.233673688173294,POINT (-122.26603525702122 37.872620718588934),ios,2.1932665632210813,-0.4653207883622681,0.9288268258558297
72,distance,0,-122.26603392339383,2.359999895095825,1581013573.9984655,355.0093688964844,37.872640414543625,4.0,2020-02-06T10:26:13.998466-08:00,10.0,66.28157234191895,1581013574.100879,2.2339514595932433,POINT (-122.26603392339383 37.872640414543625),ios,1.7279564252064472,0.46348477833464446,-0.5927656499605
73,distance,0,-122.26603562876791,2.299999952316284,1581013574.9984415,355.0093688964844,37.87265589563533,4.0,2020-02-06T10:26:14.998441-08:00,30.0,66.21321296691895,1581013575.1037788,2.2342292306820553,POINT (-122.26603562876791 37.87265589563533),ios,2.191430042699481,-0.1292665976651111,0.7133199291838226
74,distance,0,-122.26603779155603,2.2300000190734863,1581013575.9984162,355.0093688964844,37.872675529052344,4.0,2020-02-06T10:26:15.998416-08:00,30.0,66.13276863098145,1581013576.137567,2.2345070014397304,POINT (-122.26603779155603 37.872675529052344),ios,2.062166711907575,0.5840353042339717,-1.1821621840516883
75,distance,0,-122.2660398267732,2.240000009536743,1581013576.9983923,355.0093688964844,37.87269400440233,4.0,2020-02-06T10:26:16.998392-08:00,30.0,66.0769214630127,1581013577.173279,2.23478477259477,POINT (-122.2660398267732 37.87269400440233),ios,2.6461880916548086,-0.5980986948748975,0.8676654007292043
76,distance,0,-122.26604243837879,2.319999933242798,1581013577.9983683,355.0093688964844,37.87271771210708,4.0,2020-02-06T10:26:17.998368-08:00,30.0,66.0256519317627,1581013578.1180248,2.235062543683582,POINT (-122.26604243837879 37.87271771210708),ios,2.0481037991618516,0.26954581223155705,-1.1013648341079738
77,distance,0,-122.2660444597149,2.3499999046325684,1581013578.9983435,355.0093688964844,37.87273606144729,4.0,2020-02-06T10:26:18.998343-08:00,50.0,65.9741382598877,1581013579.1142812,2.235340314573712,POINT (-122.2660444597149 37.87273606144729),ios,2.317642927861535,-0.8317917129491794,-0.0788314577726944
78,distance,0,-122.26604674706796,2.319999933242798,1581013579.998319,355.0093688964844,37.87275682564333,6.0,2020-02-06T10:26:19.998319-08:00,50.0,65.91951179504395,1581013580.117268,2.2356180855300694,POINT (-122.26604674706796 37.87275682564333),ios,1.4858716413159814,-0.9106212348488063,2.245220992266554
79,distance,0,-122.26604528061485,1.159999966621399,1581013580.9982948,355.0093688964844,37.87274351343531,6.0,2020-02-06T10:26:20.998295-08:00,50.0,65.89155769348145,1581013581.117171,2.2358958566188813,POINT (-122.26604528061485 37.87274351343531),ios,0.5752723344782872,1.3345456918754743,-1.3398025748037297
80,distance,0,-122.26604414510858,1.309999942779541,1581013582.9982429,355.0093688964844,37.8727332055054,6.0,2020-02-06T10:26:22.998243-08:00,50.0,65.8431568145752,1581013583.116827,2.236451397736867,POINT (-122.26604414510858 37.8727332055054),ios,3.2442943548829386,-1.344989821157882,0.6948678423603795
81,distance,0,-122.26603774132094,0.18000000715255737,1581013584.9981937,355.0093688964844,37.87267507302702,6.0,2020-02-06T10:26:24.998194-08:00,50.0,65.9126148223877,1581013585.1340032,2.2370069396495817,POINT (-122.26603774132094 37.87267507302702),ios,0.5543807707029605,0.0447117356657273,-0.03158414948004378
82,distance,0,-122.26603938272486,0.75,1581013587.9981158,355.0093688964844,37.872689973408335,6.0,2020-02-06T10:26:27.998116-08:00,50.0,66.0313892364502,1581013588.154646,2.237840251326561,POINT (-122.26603938272486 37.872689973408335),ios,0.6885124918446673,-0.05003825038329458,0.04858640459045816
83,distance,0,-122.26604074175249,0.23000000417232513,1581013589.9980657,355.0093688964844,37.87270231042651,6.0,2020-02-06T10:26:29.998066-08:00,100.0,66.02217292785645,1581013590.1220431,2.238395792974366,POINT (-122.26604074175249 37.87270231042651),ios,0.5884384963882752,0.04713212617829705,0.004332090771252665
84,distance,0,-122.2660419032476,0.23000000417232513,1581013591.998015,355.0093688964844,37.87271285427855,6.0,2020-02-06T10:26:31.998015-08:00,100.0,65.9994068145752,1581013592.131888,2.238951334423489,POINT (-122.2660419032476 37.87271285427855),ios,0.6827003552266894,0.05579608772355509,0.22541699883353436
85,distance,0,-122.26604325080162,0.21726955415365726,1581013593.997963,355.0093688964844,37.8727250871411,12.25754165649414,2020-02-06T10:26:33.997963-08:00,200.0,65.99195861816406,1581013594.1231651,2.239506875541475,POINT (-122.26604325080162 37.8727250871411),ios,0.7942896306581775,0.5066183692857001,1.2350878510732088
86,distance,0,-122.26604481861686,0.30572178669989086,1581013595.9979107,355.0093688964844,37.87273931949745,10.0,2020-02-06T10:26:35.997911-08:00,200.0,65.99246215820312,1581013596.123384,2.2400624165932337,POINT (-122.26604481861686 37.87273931949745),ios,1.8074999168258241,2.9767295829640945,-0.4408623079093921
87,distance,0,-122.26604660249241,0.4096902116595855,1581013596.9978852,355.0093688964844,37.87275551321149,10.0,2020-02-06T10:26:36.997885-08:00,200.0,65.99188995361328,1581013597.124546,2.2403401872846813,POINT (-122.26604660249241 37.87275551321149),ios,4.784153561072702,2.5358785217995607,-2.2861127262202148
88,distance,0,-122.2660513241127,2.776090123689789,1581013597.997859,355.0093688964844,37.87279837526575,10.0,2020-02-06T10:26:37.997859-08:00,200.0,66.00171661376953,1581013598.1198711,2.240617957777447,POINT (-122.2660513241127 37.87279837526575),ios,7.319965576811329,0.24982575127160986,6.307474083145587
89,distance,0,-122.26605854840666,3.534524005387776,1581013598.9978337,355.0093688964844,37.87286395615873,10.0,2020-02-06T10:26:38.997834-08:00,200.0,66.07772064208984,1581013599.126748,2.2408957285351225,POINT (-122.26605854840666 37.87286395615873),ios,7.569785014394271,6.557140429602283,-9.139765546139763
90,distance,0,-122.26606601925313,3.6255864107650053,1581013599.9978082,355.0093688964844,37.872931775213445,10.0,2020-02-06T10:26:39.997808-08:00,200.0,66.24174499511719,1581013600.1278,2.24117349922657,POINT (-122.26606601925313 37.872931775213445),ios,14.126758166177405,-2.5823919539165927,3.041495729918789
91,distance,0,-122.26608025148255,5.162334278423456,1581013600.9977822,354.89031982421875,37.87305831917886,10.0,2020-02-06T10:26:40.997782-08:00,200.0,66.47830963134766,1581013601.141098,2.2414512697855633,POINT (-122.26608025148255 37.87305831917886),ios,11.544433322494829,0.4590247347513567,-2.108508521219095
92,distance,0,-122.26609219275309,6.094382913508314,1581013601.997755,354.67913818359375,37.87316170913817,10.0,2020-02-06T10:26:41.997755-08:00,200.0,66.7420425415039,1581013602.154355,2.241729040013419,POINT (-122.26609219275309 37.87316170913817),ios,12.003445581083332,-1.6494264778006942,-1.5309610320309666
93,distance,0,-122.26610482106418,6.547427962735272,1581013602.9977298,354.67913818359375,37.87326919473368,10.0,2020-02-06T10:26:42.997730-08:00,200.0,66.98348236083984,1581013603.1310802,2.2420068107710946,POINT (-122.26610482106418 37.87326919473368),ios,10.354060788197858,-3.1803488188189455,1.5227691838862467
94,distance,0,-122.26611571411267,6.591793960272421,1581013603.997703,354.67913818359375,37.87336191067954,10.0,2020-02-06T10:26:43.997703-08:00,200.0,67.18669891357422,1581013604.126215,2.2422845811314054,POINT (-122.26611571411267 37.87336191067954),ios,7.1737968938545125,-1.6576202972567924,1.4590606097610888
95,distance,0,-122.26612966930111,6.252101582163009,1581013605.9976501,355.09100341796875,37.87349046717643,10.0,2020-02-06T10:26:45.997650-08:00,200.0,67.47501373291016,1581013606.144295,2.242840121984482,POINT (-122.26612966930111 37.87349046717643),ios,3.8586440354005913,1.260423695756442,1.989875648648618
96,distance,0,-122.26613341537241,5.683204440473961,1581013606.9976249,355.09100341796875,37.873525041697555,10.0,2020-02-06T10:26:46.997625-08:00,200.0,67.56784057617188,1581013607.167201,2.243117892742157,POINT (-122.26613341537241 37.873525041697555),ios,5.119035877263813,3.2502490555326378,-2.131294722088098
97,distance,0,-122.26594496775996,-1.0,1581013624.778286,-1.0,37.87432997314106,10.0,2020-02-06T10:27:04.778286-08:00,297.1415371252109,67.56784057617188,1581013625.046852,2.248056965271632,POINT (-122.26594496775996 37.87432997314106),ios,62.910612844142506,-34.645580115155916,21.480249430823566
98,distance,0,-122.265076838844,7.848964868727651,1581013625.9971247,65.63416765858382,37.874252951548996,10.0,2020-02-06T10:27:05.997125-08:00,200.0,67.57077026367188,1581013626.115752,2.248395531574885,POINT (-122.265076838844 37.874252951548996),ios,20.683239303002477,-8.464621001255821,5.072197868785469
99,distance,0,-122.26484125055211,7.4869492406369815,1581013626.9970977,64.8799331025995,37.874256801518506,10.0,2020-02-06T10:27:06.997098-08:00,200.0,70.73885345458984,1581013627.197063,2.2486733018689686,POINT (-122.26484125055211 37.874256801518506),ios,12.218846349635683,-3.3925597840719464,1.8506732188812745
100,distance,0,-122.26470233072669,7.0899372732069805,1581013627.9970708,66.12844893740304,37.874263845654156,10.0,2020-02-06T10:27:07.997071-08:00,200.0,72.72953796386719,1581013628.155528,2.248951072163052,POINT (-122.26470233072669 37.874263845654156),ios,8.826377965532743,-1.5419364247320246,0.6775797396315332
101,distance,0,-122.26460420062467,6.796604011268902,1581013628.9970455,68.31835569088489,37.874281178491294,10.0,2020-02-06T10:27:08.997046-08:00,200.0,72.78546142578125,1581013629.1556401,2.249228842920727,POINT (-122.26460420062467 37.874281178491294),ios,7.2844805091876115,-0.8643738091459591,0.471655284167847
102,distance,0,-122.26452448516515,6.627384436959798,1581013629.9970193,69.59988011718352,37.874299399442265,10.0,2020-02-06T10:27:09.997019-08:00,200.0,74.38109588623047,1581013630.149211,2.2495066134134927,POINT (-122.26452448516515 37.874299399442265),ios,6.420129369146945,-0.39273089463020655,0.9020101542533416
103,distance,0,-122.26445451398655,6.445839650874755,1581013630.9969926,74.164997369156,37.874316217121546,10.0,2020-02-06T10:27:10.996993-08:00,200.07269704141294,75.25831604003906,1581013631.150885,2.249784383773804,POINT (-122.26445451398655 37.874316217121546),ios,6.027408961563028,0.5092551733534522,-0.17947940095238715
104,distance,0,-122.26438746904576,6.2444205647171716,1581013631.996966,78.4394778764245,37.874327935260695,10.0,2020-02-06T10:27:11.996966-08:00,200.14827149859133,75.62410736083984,1581013632.143017,2.2500621541341146,POINT (-122.26438746904576 37.874327935260695),ios,6.536650536336259,0.32978056501812536,-0.24170403004484445
105,distance,0,-122.26431416097753,6.41894287149664,1581013632.9969392,80.55387624876657,37.87433828087685,10.0,2020-02-06T10:27:12.996939-08:00,200.22503704131353,75.96804809570312,1581013633.145659,2.2503399244944253,POINT (-122.26431416097753 37.87433828087685),ios,6.866422295263247,0.08808298916719842,-0.1839399374351336
106,distance,0,-122.26423705137837,6.578663740045022,1581013633.9969132,80.25582444909111,37.874348682966904,10.0,2020-02-06T10:27:13.996913-08:00,200.30344696220615,76.33895111083984,1581013634.148341,2.2506176950534185,POINT (-122.26423705137837 37.874348682966904),ios,6.954502995362743,-0.09585216810579614,0.2207134805867943
107,distance,0,-122.26415899123204,6.65428958550596,1581013634.9968867,80.18244909654848,37.87435939510803,10.0,2020-02-06T10:27:14.996887-08:00,200.3842574780386,76.75354766845703,1581013635.1524029,2.2508954654799567,POINT (-122.26415899123204 37.87435939510803),ios,6.858653363933034,0.12485547141741643,-0.27030101063260564
108,distance,0,-122.26408203428284,6.643322957510604,1581013635.9968596,79.91081770722188,37.87437008280997,10.0,2020-02-06T10:27:15.996860-08:00,200.46717955262443,77.21039581298828,1581013636.149301,2.251173235707813,POINT (-122.26408203428284 37.87437008280997),ios,6.983505441813945,-0.1454381925099403,0.0804232321007857
109,distance,0,-122.26400373491404,6.652852999811686,1581013636.996833,79.83554989533474,37.87438122452756,10.0,2020-02-06T10:27:16.996833-08:00,200.55293581132386,77.70016479492188,1581013637.159964,2.251451006134351,POINT (-122.26400373491404 37.87438122452756),ios,6.838071098247564,-0.065017088766747,-0.18584135869851812
110,distance,0,-122.26392707721526,6.625953030805051,1581013637.9968073,79.81410889308152,37.87439218280322,10.0,2020-02-06T10:27:17.996807-08:00,200.64124378476532,78.22504425048828,1581013638.150902,2.2517287767595713,POINT (-122.26392707721526 37.87439218280322),ios,6.773055683619265,-0.25085366219773575,4.106621139749136
111,distance,0,-122.2638511852782,6.595998716062599,1581013638.9967804,79.56690575037793,37.874403196209165,10.0,2020-02-06T10:27:18.996780-08:00,200.7324643259598,78.77174377441406,1581013639.153256,2.252006547053655,POINT (-122.2638511852782 37.874403196209165),ios,6.522208779745157,3.8556568398415942,-4.172136161906875
112,distance,0,-122.2637781194058,6.531438860467336,1581013639.9967532,79.4904328319332,37.874413867305876,10.0,2020-02-06T10:27:19.996753-08:00,200.82610620075604,79.0823974609375,1581013640.155387,2.2522843172815112,POINT (-122.2637781194058 37.874413867305876),ios,10.377760823921072,-0.3163659245808694,0.008582151953470448
113,distance,0,-122.26021682973789,-1.0,1581013671.050233,-1.0,37.87511898425898,10.0,2020-02-06T10:27:51.050233-08:00,65.0,93.72265625,1581013671.1993232,2.260910283856922,POINT (-122.26021682973789 37.87511898425898),ios,0.5534980162006178,-0.049860243356237295,0.009649498502553417
114,distance,0,-122.26023305006586,-1.0,1581013678.0520349,-1.0,37.875151400390095,10.0,2020-02-06T10:27:58.052035-08:00,65.0,93.9296875,1581013678.120668,2.2628552288479273,POINT (-122.26023305006586 37.875151400390095),ios,0.2043864661628611,0.017703634245495658,0.012020912457369899
115,distance,0,-122.26024438046521,-1.0,1581013685.436383,-1.0,37.87514119057644,10.0,2020-02-06T10:28:05.436383-08:00,65.0,93.99641418457031,1581013685.510809,2.264906436668502,POINT (-122.26024438046521 37.87514119057644),ios,0.33511626502388187,0.10647023696028801,-0.07752494443503744
116,distance,0,-122.26023856543311,-1.0,1581013691.450907,-1.0,37.875158726189724,10.0,2020-02-06T10:28:11.450907-08:00,65.0,93.99966430664062,1581013691.5116758,2.2665771377748913,POINT (-122.26023856543311 37.875158726189724),ios,0.9754840586974092,-0.3598054006251195,0.4664501989780854
117,distance,0,-122.26023918987129,-1.0,1581013692.982866,-1.0,37.875145295754656,10.0,2020-02-06T10:28:12.982866-08:00,65.0,93.99982452392578,1581013693.0529451,2.2670026819573508,POINT (-122.26023918987129 37.875145295754656),ios,0.4242769165046862,0.3547772062708245,-0.30417765340938263
118,distance,0,-122.2602428187609,-1.0,1581013699.385849,-1.0,37.875121032947675,10.0,2020-02-06T10:28:19.385849-08:00,65.0,93.9998779296875,1581013699.466703,2.268781288332409,POINT (-122.2602428187609 37.875121032947675),ios,2.6959093193801142,-1.5928671223445128,0.9285913950680269
119,distance,0,-122.26025962282182,0.0,1581013699.995164,-1.0,37.87512753627996,6.0,2020-02-06T10:28:19.995164-08:00,50.0,98.8442554473877,1581013700.10469,2.2689505424764422,POINT (-122.26025962282182 37.87512753627996),ios,1.7253516185186606,-1.0270625321220603,1.6927620813305397
120,distance,0,-122.26024009298743,0.20000000298023224,1581013700.9951377,188.4375,37.87512929647963,6.0,2020-02-06T10:28:20.995138-08:00,50.0,98.85884284973145,1581013701.107805,2.269228312969208,POINT (-122.26024009298743 37.87512929647963),ios,0.6983160221834515,0.6656551547561587,-0.27935093515828624
121,distance,0,-122.2602478463088,0.3575095288721125,1581013702.9950843,-1.0,37.87514026438992,12.25754165649414,2020-02-06T10:28:22.995084-08:00,200.0,98.81257629394531,1581013703.09675,2.2697838536898294,POINT (-122.2602478463088 37.87514026438992),ios,2.029590781875187,0.10696820338906521,-1.0528011693228314
122,distance,0,-122.26024887255518,0.436051342711651,1581013703.9950576,-1.0,37.875158498465744,10.0,2020-02-06T10:28:23.995058-08:00,200.0,98.81773376464844,1581013704.086843,2.2700616240501406,POINT (-122.26024887255518 37.875158498465744),ios,2.1365561289050614,-0.9458048531095731,0.7633335882744293
123,distance,0,-122.26024736347543,0.71855315109589,1581013704.9950314,-1.0,37.87517767551255,10.0,2020-02-06T10:28:24.995031-08:00,200.0,98.9194107055664,1581013705.090482,2.2703393945429062,POINT (-122.26024736347543 37.87517767551255),ios,1.1907760805148988,-0.18249128405518844,6.01230986289916
124,distance,0,-122.26024593586794,0.5017552329463284,1581013705.9950047,-1.0,37.87518832467647,10.0,2020-02-06T10:28:25.995005-08:00,200.0,99.01274871826172,1581013706.107456,2.270617164903217,POINT (-122.26024593586794 37.87518832467647),ios,1.0082896695027264,5.829658032850014,-3.2966429310893997
125,distance,0,-122.26024206319627,0.6225147501500163,1581013706.994978,-1.0,37.875196861385895,10.0,2020-02-06T10:28:26.994978-08:00,200.0,99.0952377319336,1581013707.09767,2.2708949352635277,POINT (-122.26024206319627 37.875196861385895),ios,6.837792033688838,2.533103131624039,-4.180413104469243
126,distance,0,-122.26008680620646,4.212704296133736,1581013708.9949245,90.9609147536669,37.87518656114165,10.0,2020-02-06T10:28:28.994925-08:00,200.0,99.21866607666016,1581013709.122803,2.2714504759841496,POINT (-122.26008680620646 37.87518656114165),ios,11.90386301463466,-5.827499819168303,7.7393255713626194
127,distance,0,-122.25995179641771,4.841643848998408,1581013709.9948988,90.19045742164779,37.875176421686554,10.0,2020-02-06T10:28:29.994899-08:00,200.0,99.39733123779297,1581013710.101203,2.27172824660937,POINT (-122.25995179641771 37.875176421686554),ios,6.076513248962828,1.9116264707016761,3.5414876274660587
128,distance,0,-122.25988493164063,3.736660497076389,1581013710.9951491,97.173082173075,37.87516220431175,10.0,2020-02-06T10:28:30.995149-08:00,200.0,99.69425201416016,1581013711.1638389,2.2720060939259,POINT (-122.25988493164063 37.87516220431175),ios,7.988618275294768,5.454000672438183,-14.966515662576239
129,distance,0,-122.25980373110832,3.450000047683716,1581013711.9948454,99.84375,37.87512979939382,8.0,2020-02-06T10:28:31.994845-08:00,100.0,100.7635669708252,1581013712.157517,2.2722837873299917,POINT (-122.25980373110832 37.87512979939382),ios,13.440962320827346,-9.507968981800527,9.504265679175424
130,distance,0,-122.25966081965925,3.990000009536743,1581013712.9948196,95.625,37.87517321765225,8.0,2020-02-06T10:28:32.994820-08:00,50.0,100.9964771270752,1581013713.1261911,2.272561557955212,POINT (-122.25966081965925 37.87517321765225),ios,3.933238161683935,-0.00394802992511558,-1.270405283491323
131,distance,0,-122.25961647939147,3.9800000190734863,1581013713.9947922,96.328125,37.87516810469131,6.0,2020-02-06T10:28:33.994792-08:00,50.0,101.63618659973145,1581013714.126133,2.2728393281168406,POINT (-122.25961647939147 37.87516810469131),ios,3.929290240006443,-1.2743184812708428,1.6366576489309492
132,distance,0,-122.25957213912369,3.9700000286102295,1581013714.9947658,96.6796875,37.87516324318747,6.0,2020-02-06T10:28:34.994766-08:00,100.0,102.14863777160645,1581013715.130508,2.273117098543379,POINT (-122.25957213912369 37.87516324318747),ios,2.655005482888981,0.3622958543954906,-0.7356038336422751
133,distance,0,-122.2595462726347,2.7538161833782344,1581013715.994739,-1.0,37.87517562055581,12.25754165649414,2020-02-06T10:28:35.994739-08:00,200.0,102.14864349365234,1581013716.113724,2.27339486890369,POINT (-122.2595462726347 37.87517562055581),ios,3.0172916629414357,-0.37328833650525506,3.8271086139774475
134,distance,0,-122.25951205077278,3.236334897924185,1581013716.9947128,82.44130174755978,37.875178184572,10.0,2020-02-06T10:28:36.994713-08:00,200.0,102.6631088256836,1581013717.115953,2.2736726393964557,POINT (-122.25951205077278 37.875178184572),ios,2.644013116312407,3.4537199075544334,-0.24004072790423395
135,distance,0,-122.25947000913946,2.859128231683406,1581013718.99466,-1.0,37.87521224637516,10.0,2020-02-06T10:28:38.994660-08:00,200.0,102.92281341552734,1581013719.192687,2.274228180249532,POINT (-122.25947000913946 37.87521224637516),ios,9.551270129740834,2.973651156843544,-4.410505916667962
136,distance,0,-122.25936345453101,4.240980993615669,1581013719.9946342,75.75390418246874,37.87519482366409,10.0,2020-02-06T10:28:39.994634-08:00,200.0,103.17847442626953,1581013720.108127,2.2745059508747523,POINT (-122.25936345453101 37.87519482366409),ios,12.524844717426554,-1.43674119279661,0.9788867081861856
137,distance,0,-122.2592246309018,5.668827807165673,1581013720.994607,86.42527217909786,37.875168767984086,10.0,2020-02-06T10:28:40.994607-08:00,200.0,103.65692901611328,1581013721.117879,2.2747837211026085,POINT (-122.2592246309018 37.875168767984086),ios,11.088142574850428,-0.4578810904751241,4.998791823964702
138,distance,0,-122.25910085878267,6.060857519063261,1581013721.9945803,88.45638301930181,37.87514881915112,10.0,2020-02-06T10:28:41.994580-08:00,200.0,104.2949447631836,1581013722.128734,2.2750614914629192,POINT (-122.25910085878267 37.87514881915112),ios,10.63027371111951,4.540777251347062,-4.444539594240105
139,distance,0,-122.25876815598195,7.090000152587891,1581013724.994501,80.90716552734375,37.875264065897355,12.0,2020-02-06T10:28:44.994501-08:00,100.0,106.6439380645752,1581013725.177419,2.2758948028087618,POINT (-122.25876815598195 37.875264065897355),ios,24.25224604008148,-8.792489723982733,8.054479346746538
140,distance,0,-122.25849552106482,8.970000267028809,1581013725.994474,80.69075775146484,37.875299487621405,6.0,2020-02-06T10:28:45.994474-08:00,30.0,107.7658863067627,1581013726.1953058,2.2761725730366176,POINT (-122.25849552106482 37.875299487621405),ios,15.459995293490119,-0.7382292957136182,-12.218532046252804
141,distance,0,-122.25832173211336,9.800000190734863,1581013726.9944475,80.67189025878906,37.875322100760116,4.0,2020-02-06T10:28:46.994447-08:00,30.0,108.50032234191895,1581013727.189238,2.276450343463156,POINT (-122.25832173211336 37.875322100760116),ios,14.721785534617851,-12.956437985085964,11.555707096453725
142,distance,0,-122.25815621628357,9.670000076293945,1581013727.9944205,81.06392669677734,37.87534351274357,4.0,2020-02-06T10:28:47.994421-08:00,30.0,109.4917163848877,1581013728.203586,2.2767281137572395,POINT (-122.25815621628357 37.87534351274357),ios,1.7656966128072986,-1.401042214397348,5.574595044349369
143,distance,0,-122.25813637544229,9.420000076293945,1581013728.9943943,80.52803039550781,37.87534613214021,4.0,2020-02-06T10:28:48.994394-08:00,30.0,109.4128589630127,1581013729.1817698,2.277005884250005,POINT (-122.25813637544229 37.87534613214021),ios,0.3646911422042928,4.173406630378771,-5.117603053793115
144,distance,0,-122.25814047322618,5.579999923706055,1581013729.9943683,80.52803039550781,37.875345590221684,4.0,2020-02-06T10:28:49.994368-08:00,10.0,109.69282722473145,1581013730.145598,2.2772836548089983,POINT (-122.25814047322618 37.875345590221684),ios,4.5379893156560716,-0.9440634290646573,2.712166045894859
145,distance,0,-122.25808948300357,3.9200000762939453,1581013730.9943414,80.52803039550781,37.87535233351193,4.0,2020-02-06T10:28:50.994341-08:00,10.0,109.7669849395752,1581013731.153541,2.2775614251030816,POINT (-122.25808948300357 37.87535233351193),ios,3.5939513208869456,1.7680295475526322,-6.094733259266334
146,distance,0,-122.258049100265,3.559999942779541,1581013731.9943147,80.52803039550781,37.87535767399709,4.0,2020-02-06T10:28:51.994315-08:00,10.0,109.40364265441895,1581013732.157697,2.2778391954633923,POINT (-122.258049100265 37.87535767399709),ios,5.361933656957214,-4.32654096477761,5.422993173356269
147,distance,0,-122.25798885182917,3.0999999046325684,1581013732.9942896,80.52803039550781,37.87536564165577,4.0,2020-02-06T10:28:52.994290-08:00,10.0,109.28035163879395,1581013733.126507,2.278116966287295,POINT (-122.25798885182917 37.87536564165577),ios,1.0355010025932738,1.0963164496343378,-3.2282472486780636
148,distance,0,-122.25800048703178,0.46000000834465027,1581013733.9942625,80.52803039550781,37.87536410293826,4.0,2020-02-06T10:28:53.994262-08:00,10.0,109.79292488098145,1581013734.144624,2.278394736515151,POINT (-122.25800048703178 37.87536410293826),ios,2.1317876546556525,-2.1318430561938158,2.131898459171771
149,distance,0,-122.25802444047076,0.8100000023841858,1581013734.9942365,80.52803039550781,37.875360935174264,4.0,2020-02-06T10:28:54.994236-08:00,10.0,110.07087898254395,1581013735.1107311,2.2786725070741443,POINT (-122.25802444047076 37.875360935174264),ios,0.0,0.0,0.0
