,filter,floor,longitude,sensed_speed,ts,bearing,latitude,vaccuracy,fmt_time,accuracy,altitude,write_ts,hr,geometry,source,speed,acceleration,jerk
0,distance,0,-122.26821733903952,-1.0,1568135635.455175,-1.0,37.87019522749344,10.0,2019-09-10T10:13:55.455175-07:00,165.0,53.915618896484375,1568135635.562262,2.0903227014011807,POINT (-122.26821733903952 37.87019522749344),ios,3.930565654246151,-1.6138174043456426,1.598097938447611
1,distance,0,-122.26821020445084,-1.0,1568135636.590661,-1.0,37.87015548695341,10.0,2019-09-10T10:13:56.590661-07:00,165.0,53.96002197265625,1568135636.649445,2.0906381142139434,POINT (-122.26821020445084 37.87015548695341),ios,2.0980983818014156,0.20080063266459644,-0.04370780669809396
2,distance,0,-122.26821346878305,-1.0,1568135646.264102,-1.0,37.87033799355363,10.0,2019-09-10T10:14:06.264102-07:00,286.6480794193607,53.96002197265625,1568135646.326586,2.09332518113984,POINT (-122.26821346878305 37.87033799355363),ios,4.04053144123711,-0.22200425375034247,-0.42954384938073303
3,distance,0,-122.26820537087912,-1.0,1568135651.034082,-1.0,37.870164782937245,10.0,2019-09-10T10:14:11.034082-07:00,165.0,53.98728561401367,1568135651.1074572,2.0946501755714415,POINT (-122.26820537087912 37.870164782937245),ios,2.9815756011972248,-2.270919804559865,1.959515746681814
4,distance,0,-122.26820400689995,-1.0,1568135652.2055202,-1.0,37.87013339050726,10.0,2019-09-10T10:14:12.205520-07:00,165.0,53.99257278442383,1568135652.272219,2.094975575076209,POINT (-122.26820400689995 37.87013339050726),ios,0.32133335402327284,0.024531828236072167,0.0006905694738442383
5,distance,0,-122.26820286817163,-1.0,1568135659.737726,-1.0,37.87011164235569,10.0,2019-09-10T10:14:19.737726-07:00,165.0,53.99663162231445,1568135659.796092,2.097067854470677,POINT (-122.26820286817163 37.87011164235569),ios,0.5061121334403073,0.02973333964613382,0.016623399216626353
6,distance,0,-122.26815285844604,-1.0,1568135674.194812,-1.0,37.8700589976369,10.0,2019-09-10T10:14:34.194812-07:00,65.0,54.40108108520508,1568135674.328452,2.1010837117168637,POINT (-122.26815285844604 37.8700589976369),ios,0.9359695843368636,0.2700592531673874,-0.26699926607857066
7,distance,0,-122.26822457951437,-1.0,1568135681.763422,-1.0,37.870088207380654,10.0,2019-09-10T10:14:41.763422-07:00,65.0,54.5947151184082,1568135681.829529,2.1031861033704544,POINT (-122.26822457951437 37.870088207380654),ios,2.979942735739486,-1.7507540494989895,1.6799450578594748
8,distance,0,-122.268218533284,-1.0,1568135682.9474158,-1.0,37.870056838242924,10.0,2019-09-10T10:14:42.947416-07:00,65.0,54.59711456298828,1568135683.0214229,2.10351499054167,POINT (-122.268218533284 37.870056838242924),ios,0.9070607671379095,0.23829051085760058,-0.08068196496067667
9,distance,0,-122.26815073093192,-1.0,1568135692.144098,-1.0,37.87000427043044,10.0,2019-09-10T10:14:52.144098-07:00,65.0,54.771697998046875,1568135692.2212892,2.106069624490208,POINT (-122.26815073093192 37.87000427043044),ios,3.0985428702825843,-0.5037158813462834,0.9841998725530889
10,distance,0,-122.2682118696368,1.0700000524520874,1568135693.9987955,151.171875,37.86998578350792,12.0,2019-09-10T10:14:53.998796-07:00,30.0,58.631669998168945,1568135694.099668,2.106584818230735,POINT (-122.2682118696368 37.86998578350792),ios,2.1643023016177567,1.3216771282136937,0.7551575525916576
11,distance,0,-122.2681880650318,1.0700000524520874,1568135694.9987783,135.703125,37.8699807124565,4.0,2019-09-10T10:14:54.998778-07:00,30.0,58.581132888793945,1568135695.1001449,2.1068625912401413,POINT (-122.2681880650318 37.8699807124565),ios,3.4859567417398787,2.0768217176668218,-4.734375905518229
12,distance,0,-122.26816493097904,0.9800000190734863,1568135695.9987614,116.015625,37.870006193442144,4.0,2019-09-10T10:14:55.998761-07:00,30.0,58.790422439575195,1568135696.0990372,2.1071403643157747,POINT (-122.26816493097904 37.870006193442144),ios,5.5627433035520095,-2.657474045665889,1.8099008588373062
13,distance,0,-122.26810500037136,0.9800000190734863,1568135696.9987442,104.0625,37.8700224543343,4.0,2019-09-10T10:14:56.998744-07:00,30.0,58.586076736450195,1568135697.111664,2.107418137325181,POINT (-122.26810500037136 37.8700224543343),ios,2.90531487645151,-0.8476042558359403,-0.06529123832173808
14,distance,0,-122.26808144722345,0.8299999833106995,1568135697.9987268,97.734375,37.87004081070225,4.0,2019-09-10T10:14:57.998727-07:00,30.0,58.729936599731445,1568135698.148178,2.10769591026836,POINT (-122.26808144722345 37.87004081070225),ios,2.057725372791539,-0.9128943577926468,1.4624861954444563
15,distance,0,-122.26807742390993,0.36000001430511475,1568135698.9987082,105.8203125,37.87005904134165,4.0,2019-09-10T10:14:58.998708-07:00,10.0,58.728227615356445,1568135699.123153,2.1079736828804014,POINT (-122.26807742390993 37.87005904134165),ios,1.1448479917749932,0.5495646403091169,-0.9140878502524707
16,distance,0,-122.26808253687086,-1.0,1568135699.9986908,-1.0,37.87006851289223,4.0,2019-09-10T10:14:59.998691-07:00,30.0,58.650835037231445,1568135700.117218,2.1082514558235803,POINT (-122.26808253687086 37.87006851289223),ios,1.6944030671554013,-0.3645073006499244,0.05733270278742201
17,distance,0,-122.26809569645884,-1.0,1568135700.998672,-1.0,37.87007966082345,4.0,2019-09-10T10:15:00.998672-07:00,30.0,58.605363845825195,1568135701.1170502,2.108529228369395,POINT (-122.26809569645884 37.87007966082345),ios,1.3299026320251797,-0.30717567772784365,0.5126170816228698
18,distance,0,-122.26810466509524,-1.0,1568135701.9986534,-1.0,37.8700893000121,4.0,2019-09-10T10:15:01.998653-07:00,30.0,58.601518630981445,1568135702.1434789,2.108807000981437,POINT (-122.26810466509524 37.8700893000121),ios,1.0227326667356482,0.20543187093500062,-0.3362722154460577
19,distance,0,-122.26810541946652,-1.0,1568135702.9986346,-1.0,37.87009847819607,4.0,2019-09-10T10:15:02.998635-07:00,30.0,58.604326248168945,1568135703.112575,2.1090847735272513,POINT (-122.26810541946652 37.87009847819607),ios,1.228160668347442,-0.130834010801097,-0.3039948266409057
20,distance,0,-122.26809888158205,-1.0,1568135703.9986155,-1.0,37.870108243113265,4.0,2019-09-10T10:15:03.998616-07:00,30.0,58.593767166137695,1568135704.11902,2.1093625460068384,POINT (-122.26809888158205 37.870108243113265),ios,1.0973291530070612,-0.434823039200833,0.37525388448358865
21,distance,0,-122.26808915857437,-1.0,1568135704.9985962,-1.0,37.87011444572161,4.0,2019-09-10T10:15:04.998596-07:00,30.0,58.594987869262695,1568135705.116646,2.1096403184201984,POINT (-122.26808915857437 37.87011444572161),ios,0.6625145110674128,-0.059576401584577554,0.02990626761270271
22,distance,0,-122.26808035757604,-1.0,1568135706.9985576,-1.0,37.870124126819775,4.0,2019-09-10T10:15:06.998558-07:00,30.0,58.594072341918945,1568135707.101094,2.1101958632469175,POINT (-122.26808035757604 37.870124126819775),ios,0.5433640089658619,0.0002349785468353299,0.07149148468855217
23,distance,0,-122.26808086049023,-1.0,1568135708.9985175,-1.0,37.87013389173697,4.0,2019-09-10T10:15:08.998518-07:00,30.0,58.580583572387695,1568135709.100675,2.110751407676273,POINT (-122.26808086049023 37.87013389173697),ios,0.5438339566476263,0.14321508438104252,0.29639251892998436
24,distance,0,-122.2680858058131,-1.0,1568135710.998478,-1.0,37.87014286037336,4.0,2019-09-10T10:15:10.998478-07:00,50.0,58.580522537231445,1568135711.0877771,2.111306952238083,POINT (-122.2680858058131 37.87014286037336),ios,0.830258457316982,0.7359883917707969,0.48123865587168707
25,distance,0,-122.26810047414365,-1.0,1568135712.998437,-1.0,37.87015229001443,4.0,2019-09-10T10:15:12.998437-07:00,50.0,58.565752029418945,1568135713.098809,2.1118624964025288,POINT (-122.26810047414365 37.87015229001443),ios,2.3022050594498404,1.698445968881486,-3.897871499435227
26,distance,0,-122.26812595512929,-1.0,1568135713.9984174,-1.0,37.87015719342779,4.0,2019-09-10T10:15:13.998417-07:00,50.0,58.548723220825195,1568135714.102261,2.112140268749661,POINT (-122.26812595512929 37.87015719342779),ios,4.000617823163211,-2.199349325905019,2.8329223706901976
27,distance,0,-122.26816937338772,-1.0,1568135714.9983964,-1.0,37.870168131811425,4.0,2019-09-10T10:15:14.998396-07:00,50.0,58.489519119262695,1568135715.086911,2.112418040699429,POINT (-122.26816937338772 37.870168131811425),ios,1.8013146414434198,0.6335136077084619,-1.606098633520685
28,distance,0,-122.26818446081343,-1.0,1568135715.998376,-1.0,37.87015715151827,4.0,2019-09-10T10:15:15.998376-07:00,30.0,58.505815505981445,1568135716.121778,2.1126958127816517,POINT (-122.26818446081343 37.87015715151827),ios,2.4348152595902612,-0.9725520943693704,1.3107859890590436
29,distance,0,-122.26818563427987,-1.0,1568135716.9983554,-1.0,37.87013527475099,4.0,2019-09-10T10:15:16.998355-07:00,30.0,58.521318435668945,1568135717.0920892,2.1129735848638744,POINT (-122.26818563427987 37.87013527475099),ios,1.4622831064268969,0.33820701833663375,0.0020593284896454804
30,distance,0,-122.26818680774632,-1.0,1568135717.998334,-1.0,37.87012215707253,4.0,2019-09-10T10:15:17.998334-07:00,30.0,58.545671463012695,1568135718.092377,2.113251356681188,POINT (-122.26818680774632 37.87012215707253),ios,1.8004828676282227,0.3402663026378837,-0.5286099917132547
31,distance,0,-122.26817649800542,-1.0,1568135718.9983125,-1.0,37.87010815929423,4.0,2019-09-10T10:15:18.998312-07:00,30.0,58.605241775512695,1568135719.153439,2.1135291284985014,POINT (-122.26817649800542 37.87010815929423),ios,2.1407418689433513,-0.18833234633548987,0.7122766201825997
32,distance,0,-122.268156884352,-1.0,1568135719.9982915,-1.0,37.870096717996404,4.0,2019-09-10T10:15:19.998291-07:00,30.0,58.451189041137695,1568135720.143621,2.113806900448269,POINT (-122.268156884352 37.870096717996404),ios,1.9524134739777377,0.5239293296888953,-3.000377819197494
33,distance,0,-122.26814271893564,-1.0,1568135720.99827,-1.0,37.87008318122278,4.0,2019-09-10T10:15:20.998270-07:00,30.0,58.448991775512695,1568135721.107075,2.114084672265583,POINT (-122.26814271893564 37.87008318122278),ios,2.476331561362863,-2.4763841083851212,3.417495305500871
34,distance,0,-122.26816141057971,1.2799999713897705,1568135721.9982488,105.46875,37.87006650123547,4.0,2019-09-10T10:15:21.998249-07:00,30.0,58.512224197387695,1568135722.115962,2.114362444149123,POINT (-122.26816141057971 37.87006650123547),ios,0.0,0.9410386804163907,-0.5363248137503123
35,distance,0,-122.26816141057971,0.0,1568135723.9982061,110.7421875,37.87006650123547,4.0,2019-09-10T10:15:23.998206-07:00,10.0,58.413103103637695,1568135724.29101,2.114917987849977,POINT (-122.26816141057971 37.87006650123547),ios,1.8820372001949748,-0.1315880583900282,0.26146805610184976
36,distance,0,-122.26821773696902,0.15000000596046448,1568135726.9981415,139.21875,37.87009101830225,4.0,2019-09-10T10:15:26.998142-07:00,10.0,58.300981521606445,1568135727.108931,2.11575130323569,POINT (-122.26821773696902 37.87009101830225),ios,1.4872815271181632,0.6527992160892262,-2.4155654095586585
37,distance,0,-122.26822469394865,0.3799999952316284,1568135727.9981205,318.515625,37.87010321397136,4.0,2019-09-10T10:15:27.998121-07:00,10.0,58.386491775512695,1568135728.112368,2.116029075185458,POINT (-122.26822469394865 37.87010321397136),ios,2.140067046934774,-1.7627155128902374,1.832730154390214
38,distance,0,-122.26824212830725,0.2800000011920929,1568135728.9980986,318.515625,37.87011666692595,4.0,2019-09-10T10:15:28.998099-07:00,10.0,58.399675369262695,1568135729.123702,2.1163068468703163,POINT (-122.26824212830725 37.87011666692595),ios,0.37739019834430726,0.06997444146340229,-0.07393429219168238
39,distance,0,-122.26828915078404,0.36000001430511475,1568135739.9978602,195.8203125,37.870112685521946,4.0,2019-09-10T10:15:39.997860-07:00,10.0,58.356584548950195,1568135740.126562,2.119362336198489,POINT (-122.26828915078404 37.870112685521946),ios,1.1470923712348253,-0.7432851453362126,0.8007573887170079
40,distance,0,-122.2683014721817,0.36000001430511475,1568135740.997838,195.8203125,37.870116122102246,4.0,2019-09-10T10:15:40.997838-07:00,10.0,58.225297927856445,1568135741.122582,2.11964010781712,POINT (-122.2683014721817 37.870116122102246),ios,0.403823706706517,0.05745448824498466,-0.02993432211325467
41,distance,0,-122.26832862954798,0.33000001311302185,1568135746.9977064,263.671875,37.87012001968722,4.0,2019-09-10T10:15:46.997706-07:00,10.0,58.065752029418945,1568135747.115243,2.1213067379262713,POINT (-122.26832862954798 37.87012001968722),ios,0.7485430747603924,-0.12214750486654671,0.09732974145540219
42,distance,0,-122.26834530953529,0.23999999463558197,1568135748.9976625,198.28125,37.87012282762478,4.0,2019-09-10T10:15:48.997663-07:00,10.0,57.937944412231445,1568135749.125401,2.1218622812959884,POINT (-122.26834530953529 37.87012282762478),ios,0.5042534235184564,0.07250770828402382,0.02980064387373661
43,distance,0,-122.2683532723433,0.23999999463558197,1568135750.997618,32.6953125,37.87012936550926,4.0,2019-09-10T10:15:50.997618-07:00,10.0,58.189836502075195,1568135751.103098,2.122417824467023,POINT (-122.2683532723433 37.87012936550926),ios,0.6492656073829496,0.1321076673914165,0.06633426506828728
44,distance,0,-122.26836299535098,0.17000000178813934,1568135752.9975743,349.453125,37.87013816650759,4.0,2019-09-10T10:15:52.997574-07:00,10.0,58.201005935668945,1568135753.102927,2.1229733679029676,POINT (-122.26836299535098 37.87013816650759),ios,0.9134751782289929,0.2647733033242072,-0.09383752471246619
45,distance,0,-122.26836718630257,0.30000001192092896,1568135754.9975295,6.328125,37.87015425976168,4.0,2019-09-10T10:15:54.997530-07:00,10.0,57.994951248168945,1568135755.134348,2.1235289110077753,POINT (-122.26836718630257 37.87015425976168),ios,1.443009917024952,0.07710245994982476,-0.2394925065219888
46,distance,0,-122.26836467173162,1.0099999904632568,1568135755.9975085,12.3046875,37.87016708407353,4.0,2019-09-10T10:15:55.997509-07:00,10.0,57.875139236450195,1568135756.112619,2.123806682957543,POINT (-122.26836467173162 37.87016708407353),ios,1.5201107593007894,-0.16238502181941034,0.19152926102924392
47,distance,0,-122.26836081605616,1.25,1568135756.9974854,15.1171875,37.87018041129957,4.0,2019-09-10T10:15:56.997485-07:00,10.0,57.892107009887695,1568135757.120173,2.124084454311265,POINT (-122.26836081605616 37.87018041129957),ios,1.3577294928951775,0.029139809788809305,0.1268550206247146
48,distance,0,-122.26835394289556,1.25,1568135757.9974642,22.1484375,37.87019134968321,4.0,2019-09-10T10:15:57.997464-07:00,10.0,57.848527908325195,1568135758.1034489,2.1243622261948056,POINT (-122.26835394289556 37.87019134968321),ios,1.3868686843589748,0.15599213864467845,0.06581643750539755
49,distance,0,-122.26834438752594,1.25,1568135758.997439,31.2890625,37.87020128223847,4.0,2019-09-10T10:15:58.997439-07:00,10.0,57.734636306762695,1568135759.229271,2.1246399969524807,POINT (-122.26834438752594 37.87020128223847),ios,1.5428568807127043,0.22180691281275577,-0.3477849401357315
50,distance,0,-122.26833097648087,1.2899999618530273,1568135759.99742,41.484375,37.87021025087486,4.0,2019-09-10T10:15:59.997420-07:00,10.0,57.501237869262695,1568135760.111333,2.1249177694982953,POINT (-122.26833097648087 37.87021025087486),ios,1.76465961577723,-0.1259714767700662,-0.07100626837113157
51,distance,0,-122.26831421267453,1.4800000190734863,1568135760.997398,49.921875,37.87021900996368,4.0,2019-09-10T10:16:00.997398-07:00,10.0,57.330156326293945,1568135761.1261802,2.1251955411169265,POINT (-122.26831421267453 37.87021900996368),ios,1.6386909321636303,-0.19697617072433182,-0.003031236810265702
52,distance,0,-122.26829778414431,1.340000033378601,1568135761.9973757,55.1953125,37.870226008852825,4.0,2019-09-10T10:16:01.997376-07:00,10.0,57.328508377075195,1568135762.120455,2.1254733127355574,POINT (-122.26829778414431 37.870226008852825),ios,1.4417191289777214,-0.20000734032320241,0.22597744201686346
53,distance,0,-122.26828303199473,1.340000033378601,1568135762.9973536,58.0078125,37.87023170854698,4.0,2019-09-10T10:16:02.997354-07:00,10.0,57.205034255981445,1568135763.107623,2.1257510843541887,POINT (-122.26828303199473 37.87023170854698),ios,1.2417162234028467,0.02596509111214202,-0.09009581320669582
54,distance,0,-122.26827037532094,1.159999966621399,1568135763.9973316,56.953125,37.87023669577937,4.0,2019-09-10T10:16:03.997332-07:00,10.0,57.196550369262695,1568135764.1074538,2.1260288560390475,POINT (-122.26827037532094 37.87023669577937),ios,1.2676807449834568,-0.06412874588710317,0.20002792340039557
55,distance,0,-122.26825771864715,1.100000023841858,1568135764.997309,57.3046875,37.870242185925946,4.0,2019-09-10T10:16:04.997309-07:00,10.0,57.045061111450195,1568135765.104675,2.126306627525224,POINT (-122.26825771864715 37.870242185925946),ios,1.2035534515973787,0.13589464692783104,0.0634436475528971
56,distance,0,-122.26824531343046,1.0099999904632568,1568135765.9972868,58.359375,37.87024679597269,4.0,2019-09-10T10:16:05.997287-07:00,10.0,57.065568923950195,1568135766.12233,2.1265843991438547,POINT (-122.26824531343046 37.87024679597269),ios,1.3394450853430073,0.199336887749308,-0.5020632183223394
57,distance,0,-122.26823165092829,1.25,1568135766.9972653,56.953125,37.87025216039072,3.0,2019-09-10T10:16:06.997265-07:00,10.0,57.136186599731445,1568135767.120321,2.126862170961168,POINT (-122.26823165092829 37.87025216039072),ios,1.5387776957867367,-0.3027155574651095,-0.1710038924873911
58,distance,0,-122.26821572531226,1.25,1568135767.9972434,56.6015625,37.87025794390391,3.0,2019-09-10T10:16:07.997243-07:00,10.0,57.274492263793945,1568135768.112753,2.1271399426460267,POINT (-122.26821572531226 37.87025794390391),ios,1.2360687782388309,-0.47371569906603433,0.2445770505318967
59,distance,0,-122.26820281718138,1.2300000190734863,1568135768.9972217,54.84375,37.87026238631259,3.0,2019-09-10T10:16:08.997222-07:00,10.0,57.046342849731445,1568135769.1217818,2.1274177143971125,POINT (-122.26820281718138 37.87026238631259),ios,0.7623633569515686,-0.22914395490000866,0.09665458876445869
60,distance,0,-122.26818714302244,0.6399999856948853,1568135770.9971764,49.921875,37.870268295554325,3.0,2019-09-10T10:16:10.997176-07:00,10.0,56.775285720825195,1568135771.1282558,2.127973257369465,POINT (-122.26818714302244 37.870268295554325),ios,0.30408582726501737,-0.03583915577853749,0.0072787520847449145
61,distance,0,-122.26820667285683,0.47999998927116394,1568135776.9970436,288.28125,37.87027391142945,3.0,2019-09-10T10:16:16.997044-07:00,10.0,54.607561111450195,1568135777.123629,2.1296398871474795,POINT (-122.26820667285683 37.87027391142945),ios,0.08905565200316493,0.007832390117852568,0.0023744200056533145
62,distance,0,-122.2681930941737,0.17000000178813934,1568135796.9965997,110.0390625,37.87026200912695,3.0,2019-09-10T10:16:36.996600-07:00,10.0,55.946794509887695,1568135797.125884,2.135195319387648,POINT (-122.2681930941737 37.87026200912695),ios,0.2456999772850211,0.055319736141837446,0.0054999530415485295
63,distance,0,-122.26815721962812,0.1899999976158142,1568135810.9962897,45.3515625,37.87024956200074,3.0,2019-09-10T10:16:50.996290-07:00,10.0,56.149003982543945,1568135811.151801,2.1390841221809387,POINT (-122.26815721962812 37.87024956200074),ios,1.020159137241992,0.13231737404523078,-0.07041431129180305
64,distance,0,-122.26813509140375,0.9800000190734863,1568135812.9962463,68.203125,37.87025517787586,3.0,2019-09-10T10:16:52.996246-07:00,10.0,56.170000076293945,1568135813.127008,2.1396396656831107,POINT (-122.26813509140375 37.87025517787586),ios,1.2847881437929571,-0.008508193107806834,0.12848014174017386
65,distance,0,-122.26812084216836,0.9800000190734863,1568135813.996223,72.421875,37.87025781817536,3.0,2019-09-10T10:16:53.996223-07:00,10.0,56.280290603637695,1568135814.124897,2.1399174369706047,POINT (-122.26812084216836 37.87025781817536),ios,1.2762801494792588,0.11996894669118906,-0.18081991660398997
66,distance,0,-122.26810650911393,0.9800000190734863,1568135814.9962015,73.4765625,37.87025974601309,3.0,2019-09-10T10:16:54.996202-07:00,10.0,56.103288650512695,1568135815.120363,2.140195208787918,POINT (-122.26810650911393 37.87025974601309),ios,1.3962465219161253,-0.06084708993831782,0.09766470487330772
67,distance,0,-122.268090834955,0.9800000190734863,1568135815.99618,76.9921875,37.8702618833984,3.0,2019-09-10T10:16:55.996180-07:00,10.0,56.077775955200195,1568135816.109143,2.1404729806052316,POINT (-122.268090834955 37.8702618833984),ios,1.3354007376147128,0.03681551927777512,-0.021677755961798283
68,distance,0,-122.26807591516736,0.9200000166893005,1568135816.996158,76.9921875,37.87026423033129,3.0,2019-09-10T10:16:56.996158-07:00,10.0,55.801652908325195,1568135817.1086721,2.1407507522238625,POINT (-122.26807591516736 37.87026423033129),ios,1.372215440584635,0.015138243975295866,-0.218446763754749
69,distance,0,-122.26806074392262,1.1299999952316284,1568135817.9961343,76.9921875,37.87026720590691,3.0,2019-09-10T10:16:57.996134-07:00,10.0,55.320756912231445,1568135818.121459,2.1410285234451294,POINT (-122.26806074392262 37.87026720590691),ios,1.3873533272453076,-0.2033033636845178,0.23892513433617144
70,distance,0,-122.26804632704916,1.0099999904632568,1568135818.996113,75.234375,37.87027231886785,3.0,2019-09-10T10:16:58.996113-07:00,10.0,55.453874588012695,1568135819.133434,2.14130629532867,POINT (-122.26804632704916 37.87027231886785),ios,1.1840542775064093,0.03561670083865107,-0.09814077860892957
71,distance,0,-122.26803383801344,1.0099999904632568,1568135819.9960907,78.046875,37.87027634218137,3.0,2019-09-10T10:16:59.996091-07:00,10.0,55.274126052856445,1568135820.119143,2.141584066881074,POINT (-122.26803383801344 37.87027634218137),ios,1.219670180126839,-0.06252187830328963,-0.07518334754849831
72,distance,0,-122.26802067842546,1.0099999904632568,1568135820.996068,79.1015625,37.8702798625807,3.0,2019-09-10T10:17:00.996068-07:00,10.0,55.436418533325195,1568135821.126183,2.1418618383672503,POINT (-122.26802067842546 37.8702798625807),ios,1.1571497179294012,-0.13770352296663296,0.11132857006172664
73,distance,0,-122.26800827320876,0.8799999952316284,1568135821.9960458,79.8046875,37.870283382980034,3.0,2019-09-10T10:17:01.996046-07:00,10.0,55.265031814575195,1568135822.1214461,2.1421396099858816,POINT (-122.26800827320876 37.870283382980034),ios,1.0194492482530486,-0.02637742138525867,0.013621901010933489
74,distance,0,-122.26799771201077,0.9700000286102295,1568135822.9960246,75.9375,37.87028719674598,3.0,2019-09-10T10:17:02.996025-07:00,10.0,55.228288650512695,1568135823.12143,2.142417381869422,POINT (-122.26799771201077 37.87028719674598),ios,0.993072386576982,-0.01275580942089643,0.05859109661549628
75,distance,0,-122.26797751162412,0.9599999785423279,1568135824.9959798,73.828125,37.87029524337302,3.0,2019-09-10T10:17:04.995980-07:00,10.0,55.885332107543945,1568135825.121551,2.1429729249742295,POINT (-122.26797751162412 37.87029524337302),ios,0.9675613394849172,0.10442375759936755,-0.0028147164978780917
76,distance,0,-122.26795705978039,0.9599999785423279,1568135826.9959354,80.5078125,37.87030173934798,3.0,2019-09-10T10:17:06.995935-07:00,10.0,56.151018142700195,1568135827.125186,2.143528468211492,POINT (-122.26795705978039 37.87030173934798),ios,1.1764042239227648,0.09879444942462305,0.023041684795210498
77,distance,0,-122.2679444031066,1.059999942779541,1568135827.995913,78.046875,37.870305217837796,3.0,2019-09-10T10:17:07.995913-07:00,10.0,56.076372146606445,1568135828.119734,2.1438062397638955,POINT (-122.2679444031066 37.870305217837796),ios,1.2751964592307559,0.12183561782465314,-0.11947979228730492
78,distance,0,-122.26793074060443,1.059999942779541,1568135828.995891,77.34375,37.87030911542277,3.0,2019-09-10T10:17:08.995891-07:00,10.0,55.721940994262695,1568135829.1172771,2.1440840114487543,POINT (-122.26793074060443 37.87030911542277),ios,1.3970294046509195,0.0023584462679606165,-0.08260267751273491
79,distance,0,-122.26791573699775,1.2200000286102295,1568135829.9958684,78.3984375,37.870313306374356,3.0,2019-09-10T10:17:09.995868-07:00,10.0,55.910051345825195,1568135830.118658,2.1443617829349306,POINT (-122.26791573699775 37.870313306374356),ios,1.3993877975006264,-0.08024236031353905,0.22577055923974995
80,distance,0,-122.26790064957204,1.2300000190734863,1568135830.9958467,80.5078125,37.870317371597395,3.0,2019-09-10T10:17:10.995847-07:00,10.0,55.942216873168945,1568135831.117958,2.1446395546860164,POINT (-122.26790064957204 37.870317371597395),ios,1.3191471781326145,0.14552330058768062,-0.1508344658470439
81,distance,0,-122.26788665179375,1.190000057220459,1568135831.9958248,80.5078125,37.87032168827753,3.0,2019-09-10T10:17:11.995825-07:00,10.0,56.125200271606445,1568135832.1158,2.144917326370875,POINT (-122.26788665179375 37.87032168827753),ios,1.4646672867381083,-0.005307856779372826,-0.2612366326360468
82,distance,0,-122.26787106145385,1.399999976158142,1568135832.9958029,78.3984375,37.870326382143304,3.0,2019-09-10T10:17:12.995803-07:00,10.0,56.405717849731445,1568135833.123712,2.1451950980557335,POINT (-122.26787106145385 37.870326382143304),ios,1.4593595463839693,-0.2665387593180775,0.19147096517929582
83,distance,0,-122.26785521965685,1.2899999618530273,1568135833.99578,77.6953125,37.87033036354731,3.0,2019-09-10T10:17:13.995780-07:00,10.0,56.590837478637695,1568135834.130619,2.1454728694756824,POINT (-122.26785521965685 37.87033036354731),ios,1.1928268876539498,-0.07507217656138561,0.2604026328660911
84,distance,0,-122.26784231152597,1.2899999618530273,1568135834.9957585,75.5859375,37.87033371630858,3.0,2019-09-10T10:17:14.995759-07:00,10.0,56.876176834106445,1568135835.123821,2.145750641292996,POINT (-122.26784231152597 37.87033371630858),ios,1.1177563219667142,0.1853248686703905,0.07039152344358485
85,distance,0,-122.26783099595669,1.190000057220459,1568135835.9957361,70.3125,37.87033832635532,3.0,2019-09-10T10:17:15.995736-07:00,10.0,57.009172439575195,1568135836.1200619,2.1460284128453995,POINT (-122.26783099595669 37.87033832635532),ios,1.3030770372572698,0.2557148145451573,-0.26425272567244096
86,distance,0,-122.26781741727355,1.0499999523162842,1568135836.9957137,65.390625,37.870343062130615,3.0,2019-09-10T10:17:16.995714-07:00,10.0,57.086381912231445,1568135837.109709,2.1463061843978033,POINT (-122.26781741727355 37.870343062130615),ios,1.5587861208891296,-0.008531988867902084,-0.19261562681303382
87,distance,0,-122.26780082110527,1.399999976158142,1568135837.9956923,62.9296875,37.870348049363,3.0,2019-09-10T10:17:17.995692-07:00,10.0,57.164201736450195,1568135838.115406,2.1465839562151166,POINT (-122.26780082110527 37.870348049363),ios,1.5502543150978472,-0.2011434825979707,0.2328103204051332
88,distance,0,-122.26778430875602,1.190000057220459,1568135838.9956698,62.2265625,37.870352994685874,3.0,2019-09-10T10:17:18.995670-07:00,10.0,57.072832107543945,1568135839.1201591,2.1468617277675204,POINT (-122.26778430875602 37.870352994685874),ios,1.3491153403961482,0.03166162021441808,-0.18038968557990614
89,distance,0,-122.26777022715869,1.190000057220459,1568135839.9956481,61.5234375,37.87035785618971,3.0,2019-09-10T10:17:19.995648-07:00,10.0,56.956132888793945,1568135840.11008,2.1471394995186066,POINT (-122.26777022715869 37.87035785618971),ios,1.3807762736771825,-0.14872415161450872,0.24563117044155328
90,distance,0,-122.26775522355202,1.1200000047683716,1568135840.995624,61.5234375,37.870361586136625,3.0,2019-09-10T10:17:20.995624-07:00,10.0,57.191728591918945,1568135841.131259,2.1474172706074186,POINT (-122.26775522355202 37.870361586136625),ios,1.2320557033813653,0.09690110396054594,0.0034596605361721425
91,distance,0,-122.26774181250694,0.9800000190734863,1568135841.9956024,61.5234375,37.87036485507886,3.0,2019-09-10T10:17:21.995602-07:00,10.0,57.385332107543945,1568135842.120792,2.1476950423585044,POINT (-122.26774181250694 37.87036485507886),ios,1.328954704966771,0.1003606894356093,-0.23470866165138224
92,distance,0,-122.26772865291896,1.3899999856948853,1568135842.9955802,58.0078125,37.8703707643206,3.0,2019-09-10T10:17:22.995580-07:00,10.0,57.470476150512695,1568135843.155478,2.1479728139771357,POINT (-122.26772865291896 37.8703707643206),ios,1.4293131691120537,-0.13434276803755085,-0.024934423677422435
93,distance,0,-122.26771457132163,1.190000057220459,1568135843.9955583,54.140625,37.87037721838604,3.0,2019-09-10T10:17:23.995558-07:00,10.0,57.654497146606445,1568135844.1271539,2.148250585661994,POINT (-122.26771457132163 37.87037721838604),ios,1.2949733478171948,-0.1592766447906258,-0.14458287768075279
94,distance,0,-122.26770342339042,1.190000057220459,1568135844.9955359,49.5703125,37.870384845917926,3.0,2019-09-10T10:17:24.995536-07:00,10.0,57.427934646606445,1568135845.120512,2.148528357214398,POINT (-122.26770342339042 37.870384845917926),ios,1.1357002726306344,-0.30385628217441824,0.44968106253500645
95,distance,0,-122.26769713696304,1.100000023841858,1568135845.995514,38.3203125,37.8703937726448,3.0,2019-09-10T10:17:25.995514-07:00,10.0,57.607439041137695,1568135846.1287131,2.1488061288992566,POINT (-122.26769713696304 37.8703937726448),ios,0.8318506553946565,0.1458149168271502,-0.35561762693006005
96,distance,0,-122.26769713696304,0.8899999856948853,1568135847.99547,13.7109375,37.870408734341964,3.0,2019-09-10T10:17:27.995470-07:00,10.0,57.447465896606445,1568135848.107243,2.1493616722689737,POINT (-122.26769713696304 37.870408734341964),ios,1.123474092291665,-0.5654047364366958,0.689688266487747
97,distance,0,-122.26769881334367,0.8899999856948853,1568135848.9954472,9.4921875,37.870418750716254,3.0,2019-09-10T10:17:28.995447-07:00,10.0,57.181352615356445,1568135849.113831,2.1496394436889226,POINT (-122.26769881334367 37.870418750716254),ios,0.5580822969423817,0.1242677443393854,0.03123702924110721
98,distance,0,-122.26770023826721,0.699999988079071,1568135850.9954033,1.7578125,37.87042872518103,3.0,2019-09-10T10:17:30.995403-07:00,10.0,56.897905349731445,1568135851.125763,2.1501949870586397,POINT (-122.26770023826721 37.87042872518103),ios,0.8066123341171703,0.18674043248378444,-0.04349317717657629
99,distance,0,-122.26770174700978,1.3700000047683716,1568135852.9953585,356.484375,37.870443183964,3.0,2019-09-10T10:17:32.995358-07:00,10.0,57.241289138793945,1568135853.133493,2.150750530163447,POINT (-122.26770174700978 37.870443183964),ios,1.1800848288756873,0.09975602761195444,-0.2613290768033706
100,distance,0,-122.26770618941846,1.2799999713897705,1568135853.9953365,348.75,37.87045320033829,3.0,2019-09-10T10:17:33.995337-07:00,10.0,56.805437088012695,1568135854.1231852,2.1510283018483056,POINT (-122.26770618941846 37.87045320033829),ios,1.2798386683881287,-0.16156731706635652,0.4843610112244441
101,distance,0,-122.26771222438875,1.2799999713897705,1568135854.9953148,344.1796875,37.870463677717254,3.0,2019-09-10T10:17:34.995315-07:00,10.0,56.915727615356445,1568135855.119924,2.1513060735993914,POINT (-122.26771222438875 37.870463677717254),ios,1.118274856700937,0.3227831854176573,-0.15838813670739402
102,distance,0,-122.26771884609225,1.2699999809265137,1568135855.9952922,337.5,37.870472269168005,3.0,2019-09-10T10:17:35.995292-07:00,10.0,57.487871170043945,1568135856.132381,2.1515838450855678,POINT (-122.26771884609225 37.870472269168005),ios,1.441050731155294,0.16439863616434083,-0.1160848100416991
103,distance,0,-122.26772781472864,1.2300000190734863,1568135856.9952698,333.984375,37.87048312373261,3.0,2019-09-10T10:17:36.995270-07:00,10.0,57.315874099731445,1568135857.1218948,2.1518616166379716,POINT (-122.26772781472864 37.87048312373261),ios,1.6054456829248462,0.04831642773953549,-0.2695575187610472
104,distance,0,-122.2677385435647,1.2400000095367432,1568135857.9952483,329.0625,37.870494816487536,3.0,2019-09-10T10:17:37.995248-07:00,10.0,57.428667068481445,1568135858.125465,2.152139388455285,POINT (-122.2677385435647 37.870494816487536),ios,1.6537610739063173,-0.2212353069446569,0.5453119677031745
105,distance,0,-122.26774835039141,1.2300000190734863,1568135858.9952254,332.9296875,37.87050751507084,3.0,2019-09-10T10:17:38.995225-07:00,10.0,57.274126052856445,1568135859.12873,2.152417159875234,POINT (-122.26774835039141 37.87050751507084),ios,1.4325308306359832,0.324064179558085,-0.23708292159771832
106,distance,0,-122.26775564264717,1.0,1568135859.9952028,341.3671875,37.8705190401877,3.0,2019-09-10T10:17:39.995203-07:00,10.0,57.378801345825195,1568135860.116462,2.1526949313614105,POINT (-122.26775564264717 37.8705190401877),ios,1.7565876702165515,0.08698662783282982,-0.04942517205018984
107,distance,0,-122.26776083942714,1.0,1568135860.995181,354.0234375,37.870534295251474,3.0,2019-09-10T10:17:40.995181-07:00,10.0,57.479387283325195,1568135861.129826,2.1529727031124963,POINT (-122.26776083942714 37.870534295251474),ios,1.8435724107796143,0.03756252811565555,-0.14632881847177873
108,distance,0,-122.26776435982647,1.3300000429153442,1568135861.995159,358.59375,37.87055063996266,3.0,2019-09-10T10:17:41.995159-07:00,10.0,57.516130447387695,1568135862.1382089,2.1532504747311276,POINT (-122.26776435982647 37.87055063996266),ios,1.8811341060240439,-0.10876304581778787,-0.029734390064909175
109,distance,0,-122.2677694727874,1.3600000143051147,1568135862.9951367,357.890625,37.870567068492875,3.0,2019-09-10T10:17:42.995137-07:00,10.0,57.508684158325195,1568135863.1340241,2.1535282463497585,POINT (-122.2677694727874 37.870567068492875),ios,1.7723734718014243,-0.13849677658421128,0.1609756051708947
110,distance,0,-122.26777391519609,1.3600000143051147,1568135863.9951153,356.8359375,37.87058261692326,3.0,2019-09-10T10:17:43.995115-07:00,10.0,57.520219802856445,1568135864.12881,2.1538060181670717,POINT (-122.26777391519609 37.87058261692326),ios,1.6338796670356346,0.022475374424928498,-0.30306141690714333
111,distance,0,-122.26777886051896,1.3600000143051147,1568135864.9950926,355.078125,37.87059678233962,3.0,2019-09-10T10:17:44.995093-07:00,10.0,57.359758377075195,1568135865.12569,2.154083789653248,POINT (-122.26777886051896 37.87059678233962),ios,1.6563545323986137,-0.2805791782123369,-0.2921825036134786
112,distance,0,-122.26778380584183,1.3600000143051147,1568135865.9950702,357.1875,37.87061115730356,3.0,2019-09-10T10:17:45.995070-07:00,10.0,57.368486404418945,1568135866.123435,2.154361561205652,POINT (-122.26778380584183 37.87061115730356),ios,1.3757816423434424,-0.5727551336225046,0.49266067855086154
113,distance,0,-122.26778673950794,1.0800000429153442,1568135866.995048,358.59375,37.870623311063156,3.0,2019-09-10T10:17:46.995048-07:00,10.0,57.444597244262695,1568135867.124742,2.154639332824283,POINT (-122.26778673950794 37.870623311063156),ios,0.803039208379195,-0.08010537880132632,0.11252632501153728
114,distance,0,-122.26779235538307,0.75,1568135868.9950032,3.8671875,37.87063705738436,3.0,2019-09-10T10:17:48.995003-07:00,10.0,57.794755935668945,1568135869.1232982,2.155194875929091,POINT (-122.26779235538307 37.87063705738436),ios,0.6428320413153337,0.14494222748884233,-0.014371947006641638
115,distance,0,-122.2678030004001,0.9200000166893005,1568135871.994938,353.671875,37.8706522286291,3.0,2019-09-10T10:17:51.994938-07:00,10.0,57.811174392700195,1568135872.1146111,2.156028191116121,POINT (-122.2678030004001 37.8706522286291),ios,1.0776492551858,0.1018273253406539,-0.40786874489522934
116,distance,0,-122.26780836481812,1.059999942779541,1568135872.9949155,344.1796875,37.870660945808396,3.0,2019-09-10T10:17:52.994915-07:00,10.0,57.680192947387695,1568135873.1077518,2.156305962668525,POINT (-122.26780836481812 37.870660945808396),ios,1.179474298438989,-0.30603227866683336,0.39496954618271496
117,distance,0,-122.26781104702714,1.0299999713897705,1568135873.9948936,352.265625,37.87067133936833,3.0,2019-09-10T10:17:53.994894-07:00,10.0,57.451250076293945,1568135874.115707,2.1565837343533834,POINT (-122.26781104702714 37.87067133936833),ios,0.8734487324400112,0.08892860405270658,-0.09559365800304988
118,distance,0,-122.26780970592263,1.0299999713897705,1568135875.9948483,18.28125,37.87068701352726,3.0,2019-09-10T10:17:55.994848-07:00,10.0,57.471330642700195,1568135876.125328,2.157139277325736,POINT (-122.26780970592263 37.87068701352726),ios,1.0513019121214546,-0.10225438160561184,0.023940123379931764
119,distance,0,-122.2678045929617,1.0099999904632568,1568135876.9948263,22.1484375,37.870695563068494,3.0,2019-09-10T10:17:56.994826-07:00,10.0,57.287858963012695,1568135877.126087,2.157417049010595,POINT (-122.2678045929617 37.870695563068494),ios,0.9490497734155248,-0.07831478334053846,0.09326552837196198
120,distance,0,-122.26779738452497,0.9200000166893005,1568135878.994782,13.359375,37.870711656322584,3.0,2019-09-10T10:17:58.994782-07:00,10.0,57.558000564575195,1568135879.1084309,2.157972592247857,POINT (-122.26779738452497 37.870711656322584),ios,0.7924236796705301,0.10821213746372133,-0.009036468423524647
121,distance,0,-122.2677908466405,0.8399999737739563,1568135880.9947379,9.84375,37.87072494163911,3.0,2019-09-10T10:18:00.994738-07:00,10.0,57.901201248168945,1568135881.1173558,2.1585281355513466,POINT (-122.2677908466405 37.87072494163911),ios,1.0088431816379224,0.09013959919213493,-0.15730112913590366
122,distance,0,-122.26778447639408,1.1399999856948853,1568135882.9946938,3.515625,37.87074237599771,3.0,2019-09-10T10:18:02.994694-07:00,10.0,58.185564041137695,1568135883.129438,2.159083678854836,POINT (-122.26778447639408 37.87074237599771),ios,1.1891184041954876,-0.22445572093000793,0.18282781526959052
123,distance,0,-122.26778271619442,1.059999942779541,1568135883.9946718,359.296875,37.87075297910522,3.0,2019-09-10T10:18:03.994672-07:00,10.0,58.032854080200195,1568135884.13447,2.159361450539695,POINT (-122.26778271619442 37.87075297910522),ios,0.9646676065915728,-0.04163191589882759,0.01800344473857064
124,distance,0,-122.26778271619442,0.8600000143051147,1568135885.994627,350.15625,37.870770329644785,3.0,2019-09-10T10:18:05.994627-07:00,10.0,57.945146560668945,1568135886.1291099,2.1599169936445026,POINT (-122.26778271619442 37.870770329644785),ios,0.8814056408484976,-0.00562583338456045,0.061787527502602003
125,distance,0,-122.2677834705657,0.8299999833106995,1568135887.994582,356.484375,37.87078617144178,3.0,2019-09-10T10:18:07.994582-07:00,10.0,57.372941970825195,1568135888.134581,2.1604725366830824,POINT (-122.2677834705657 37.87078617144178),ios,0.8701542275856818,0.11794643740598053,-0.03381628653335611
126,distance,0,-122.26777927961412,0.8899999856948853,1568135889.9945393,7.734375,37.87080146841507,3.0,2019-09-10T10:18:09.994539-07:00,10.0,57.656511306762695,1568135890.11308,2.1610280803839363,POINT (-122.26777927961412 37.87080146841507),ios,1.106042068806302,0.050315307514414764,-0.25340982822468944
127,distance,0,-122.26777995016637,0.9900000095367432,1568135890.9945166,359.6484375,37.870811400970325,3.0,2019-09-10T10:18:10.994517-07:00,10.0,57.614458084106445,1568135891.123372,2.161305851870113,POINT (-122.26777995016637 37.870811400970325),ios,1.1563562366908249,-0.20308878103721303,0.30695902889846516
128,distance,0,-122.26778120745185,1.0399999618530273,1568135891.9944935,357.1875,37.87082175262074,3.0,2019-09-10T10:18:11.994493-07:00,10.0,57.656084060668945,1568135892.126904,2.1615836232238346,POINT (-122.26778120745185 37.87082175262074),ios,0.9532721524070566,0.10386314894190744,-0.09242962176378633
129,distance,0,-122.26778070453766,0.9800000190734863,1568135893.9944496,4.921875,37.87083889361273,3.0,2019-09-10T10:18:13.994450-07:00,10.0,57.636003494262695,1568135894.1152039,2.1621391665935517,POINT (-122.26778070453766 37.87083889361273),ios,1.1609938939164635,-0.08099203978887304,-0.12785102848608404
130,distance,0,-122.26777944725218,0.9800000190734863,1568135894.9944277,5.9765625,37.87084928717266,3.0,2019-09-10T10:18:14.994428-07:00,10.0,57.412919998168945,1568135895.12216,2.16241693827841,POINT (-122.26777944725218 37.87084928717266),ios,1.0800036306482386,-0.20884026392538663,0.25411162116385355
131,distance,0,-122.26777793850961,1.0700000524520874,1568135895.9944053,4.5703125,37.87085892636131,3.0,2019-09-10T10:18:15.994405-07:00,10.0,57.495073318481445,1568135896.118231,2.162694709830814,POINT (-122.26777793850961 37.87085892636131),ios,0.8711680471143565,0.0452656622548917,0.015361589959246575
132,distance,0,-122.26777508866253,0.9800000190734863,1568135897.9943612,3.1640625,37.870874432882175,3.0,2019-09-10T10:18:17.994361-07:00,10.0,57.775712966918945,1568135898.123438,2.1632502531343034,POINT (-122.26777508866253 37.870874432882175),ios,0.9616973750717877,0.07598816461302145,0.023826240566929533
133,distance,0,-122.26777114916804,1.0199999809265137,1568135899.994316,5.625,37.87089144814561,3.0,2019-09-10T10:18:19.994316-07:00,10.0,57.801774978637695,1568135900.122683,2.1638057961728836,POINT (-122.26777114916804 37.87089144814561),ios,1.113670280186676,0.12363957210999889,-0.23653916265570668
134,distance,0,-122.26776687439742,1.0700000524520874,1568135900.9942937,8.0859375,37.87090087778668,3.0,2019-09-10T10:18:20.994294-07:00,10.0,57.620622634887695,1568135901.126423,2.1640835677252874,POINT (-122.26776687439742 37.87090087778668),ios,1.2373070813673912,-0.11289428938458795,0.12110901835334034
135,distance,0,-122.2677625996268,1.2699999809265137,1568135901.9942722,9.84375,37.87091148089419,3.0,2019-09-10T10:18:21.994272-07:00,10.0,57.595048904418945,1568135902.1295772,2.1643613395426007,POINT (-122.2677625996268 37.87091148089419),ios,1.124415214431449,0.008212130251145892,0.043646248332508436
136,distance,0,-122.26775840867522,1.2699999809265137,1568135902.9942493,9.4921875,37.87092103626381,3.0,2019-09-10T10:18:22.994249-07:00,10.0,57.641557693481445,1568135903.1305342,2.16463911096255,POINT (-122.26775840867522 37.87092103626381),ios,1.13262715672185,0.05185737960030932,-0.16339261609048877
137,distance,0,-122.26775379862848,1.2400000095367432,1568135903.994228,11.953125,37.87093054972391,3.0,2019-09-10T10:18:23.994228-07:00,10.0,57.710954666137695,1568135904.108103,2.1649168827798633,POINT (-122.26775379862848 37.87093054972391),ios,1.1844834235835109,-0.11153173046499669,-0.18564194207562612
138,distance,0,-122.2677493562198,1.2200000286102295,1568135904.994206,12.3046875,37.870940608007714,3.0,2019-09-10T10:18:24.994206-07:00,10.0,57.657732009887695,1568135905.119403,2.1651946544647216,POINT (-122.2677493562198 37.870940608007714),ios,1.0729541395122908,-0.2971696005757221,0.20278870713641511
139,distance,0,-122.26774575200143,1.2200000286102295,1568135905.9941838,10.1953125,37.8709498281012,3.0,2019-09-10T10:18:25.994184-07:00,10.0,57.729509353637695,1568135906.116658,2.165472426083353,POINT (-122.26774575200143 37.8709498281012),ios,0.7757911280566834,-0.09438538985868043,0.2111785115075044
140,distance,0,-122.26773594517472,1.0099999904632568,1568135907.9941401,16.171875,37.870961437037096,3.0,2019-09-10T10:18:27.994140-07:00,10.0,57.805986404418945,1568135908.122675,2.1660279695192974,POINT (-122.26773594517472 37.870961437037096),ios,0.587024466430511,0.3279624193111694,-0.08746593062719143
141,distance,0,-122.26772286940577,0.6399999856948853,1568135909.9940953,43.9453125,37.870963658241436,3.0,2019-09-10T10:18:29.994095-07:00,10.0,57.867387771606445,1568135910.120193,2.1665835126241046,POINT (-122.26772286940577 37.870963658241436),ios,1.2429346048940557,0.1530344785153317,-0.2502351654726322
142,distance,0,-122.26771088328424,0.6399999856948853,1568135910.994073,55.8984375,37.87096960939269,3.0,2019-09-10T10:18:30.994073-07:00,10.0,57.973222732543945,1568135911.12072,2.1668612841765085,POINT (-122.26771088328424 37.87096960939269),ios,1.3959656537006728,-0.09719507885031672,-0.9269366274086144
143,distance,0,-122.26769638259175,1.1299999952316284,1568135911.9940505,56.953125,37.87097476426314,3.0,2019-09-10T10:18:31.994051-07:00,10.0,57.928850173950195,1568135912.114222,2.1671390557289123,POINT (-122.26769638259175 37.87097476426314),ios,1.29877275312294,-1.0241109323610504,1.1836327257684165
144,distance,0,-122.2676835582799,1.1299999952316284,1568135912.9940286,54.84375,37.87098058968584,3.0,2019-09-10T10:18:32.994029-07:00,10.0,58.082719802856445,1568135913.119231,2.167416827413771,POINT (-122.2676835582799 37.87098058968584),ios,0.2746842841326364,0.15949583100436168,-0.0417186531646882
145,distance,0,-122.267697053144,0.49000000953674316,1568135919.993873,351.9140625,37.870994210278496,3.0,2019-09-10T10:18:39.993873-07:00,10.0,59.103166580200195,1568135920.118165,2.1693612286117343,POINT (-122.267697053144 37.870994210278496),ios,1.3911302696827497,-0.1325282460826435,0.67751800372073
146,distance,0,-122.26769864570561,0.5699999928474426,1568135920.9938502,359.296875,37.871006657404706,3.0,2019-09-10T10:18:40.993850-07:00,10.0,59.114152908325195,1568135921.125915,2.1696390000979107,POINT (-122.26769864570561 37.871006657404706),ios,1.2586050253337377,0.544974412014509,-0.8142839723432377
147,distance,0,-122.26769898098173,0.6000000238418579,1568135921.9938288,2.109375,37.87101797297399,3.0,2019-09-10T10:18:41.993829-07:00,10.0,59.238359451293945,1568135922.1218019,2.169916771915224,POINT (-122.26769898098173 37.87101797297399),ios,1.8035677434660005,-0.2692920876902382,0.15460127484134834
148,distance,0,-122.2676991486198,0.800000011920929,1568135922.993807,18.28125,37.871034191956625,3.0,2019-09-10T10:18:42.993807-07:00,10.0,59.330522537231445,1568135923.12275,2.1701945436663097,POINT (-122.2676991486198 37.871034191956625),ios,1.534281498361321,-0.11469416709217091,0.32142225189414536
149,distance,0,-122.26769763987723,0.6200000047683716,1568135923.993785,23.90625,37.871047938277826,3.0,2019-09-10T10:18:43.993785-07:00,10.0,59.615617752075195,1568135924.1239681,2.170472315284941,POINT (-122.26769763987723 37.871047938277826),ios,1.4195898743746427,0.2067209579295717,-0.11499912455981114
150,distance,0,-122.26769428711596,0.7699999809265137,1568135924.9937625,23.90625,37.87106042731355,3.0,2019-09-10T10:18:44.993762-07:00,10.0,59.571611404418945,1568135925.119821,2.170750086837345,POINT (-122.26769428711596 37.87106042731355),ios,1.6263061994092107,0.09172441065498087,-1.8098312107457484
151,distance,0,-122.26768967706921,0.7699999809265137,1568135925.9937406,17.9296875,37.87107459272991,3.0,2019-09-10T10:18:45.993741-07:00,10.0,59.459184646606445,1568135926.123621,2.171027858522203,POINT (-122.26768967706921 37.87107459272991),ios,1.7180285981342551,-1.718067102331285,1.718105607391265
152,distance,0,-122.26768657576504,0.9300000071525574,1568135926.9937181,10.8984375,37.871089847793684,3.0,2019-09-10T10:18:46.993718-07:00,10.0,59.879411697387695,1568135927.1251612,2.171305630074607,POINT (-122.26768657576504 37.871089847793684),ios,0.0,0.0,0.0
