,filter,floor,longitude,sensed_speed,ts,bearing,latitude,vaccuracy,fmt_time,accuracy,altitude,write_ts,hr,geometry,source,speed,acceleration,jerk
0,distance,0,-122.26817738695318,-1.0,1574187257.36662,-1.0,37.870097155732154,10.0,2019-11-19T10:14:17.366620-08:00,165.0,54.98126220703125,1574187257.450852,2.122513579726219,POINT (-122.26817738695318 37.870097155732154),ios,0.252029312886928,-0.01959412434433655,0.004077293685934279
1,distance,0,-122.26817868618234,-1.0,1574187264.900214,-1.0,37.87008011126368,10.0,2019-11-19T10:14:24.900214-08:00,165.0,54.994049072265625,1574187264.979197,2.124606244696511,POINT (-122.26817868618234 37.87008011126368),ios,0.10441513738674932,0.011122550468193935,0.014588810657436462
2,distance,0,-122.26821367361669,-1.0,1574187299.6167989,-1.0,37.87009742966527,10.0,2019-11-19T10:14:59.616799-08:00,65.0,54.9998779296875,1574187299.739764,2.1342497405078675,POINT (-122.26821367361669 37.87009742966527),ios,0.49055210525261306,0.5175962345517724,0.42172781675232196
3,distance,0,-122.2681665758749,-1.0,1574187308.21928,-1.0,37.87008981442669,10.0,2019-11-19T10:15:08.219280-08:00,65.0,55.10489273071289,1574187308.313815,2.1366393185986414,POINT (-122.2681665758749 37.87008981442669),ios,4.943163944279361,4.145501818803982,-58.473996055425296
4,distance,0,-122.2681123348842,-1.0,1574187309.2409,-1.0,37.870104954766816,10.0,2019-11-19T10:15:09.240900-08:00,65.0,55.23468780517578,1574187309.34205,2.1369231019417443,POINT (-122.2681123348842 37.870104954766816),ios,9.178291658209439,-55.59270408795828,388.93502998307986
5,distance,0,-122.26809841369919,-1.0,1574187309.384163,-1.0,37.87010932154321,10.0,2019-11-19T10:15:09.384163-08:00,65.0,55.287899017333984,1574187309.447212,2.136962897181511,POINT (-122.26809841369919 37.87010932154321),ios,1.2139216998075029,0.1272418903191313,-0.24008549311584595
6,distance,0,-122.26818711282434,-1.0,1574187315.797947,-1.0,37.87010916181722,10.0,2019-11-19T10:15:15.797947-08:00,65.0,55.2963752746582,1574187315.8856401,2.138744503855705,POINT (-122.26818711282434 37.87010916181722),ios,2.0300237035143076,-1.4126146105656148,1.5733683739142883
7,distance,0,-122.26819345217777,-1.0,1574187316.8596911,-1.0,37.87009043527044,10.0,2019-11-19T10:15:16.859691-08:00,65.0,55.36305236816406,1574187316.972563,2.1390394328037896,POINT (-122.26819345217777 37.87009043527044),ios,0.5301883153997551,0.2579001555191216,-0.15139561026567677
8,distance,0,-122.26819166925016,0.5199999809265137,1574187319.9931455,267.5390625,37.870105309447155,12.0,2019-11-19T10:15:19.993145-08:00,30.0,59.411272048950195,1574187320.09986,2.1399098367823495,POINT (-122.26819166925016 37.870105309447155),ios,1.3383066725657924,-0.21649107392306943,0.05007375564748355
9,distance,0,-122.26823693152728,1.0700000524520874,1574187322.9930744,230.9765625,37.87011050622712,4.0,2019-11-19T10:15:22.993074-08:00,10.0,58.713396072387695,1574187323.1113,2.140743150379923,POINT (-122.26823693152728 37.87011050622712),ios,0.6888488322138655,-0.06627336465769297,0.16795220643400252
10,distance,0,-122.26823257293763,1.5700000524520874,1574187324.993027,116.3671875,37.870122408529625,4.0,2019-11-19T10:15:24.993027-08:00,10.0,58.897233963012695,1574187325.107376,2.141298692756229,POINT (-122.26823257293763 37.870122408529625),ios,0.5563052472579649,0.2696230796679555,-0.21456578445337832
11,distance,0,-122.26822025153997,0.4099999964237213,1574187326.9929788,89.296875,37.87012475546251,4.0,2019-11-19T10:15:26.992979-08:00,10.0,58.790361404418945,1574187327.137142,2.141854234933853,POINT (-122.26822025153997 37.87012475546251),ios,1.0955384213972634,-0.1594981556319716,0.029062961299398626
12,distance,0,-122.26821010943713,0.46000000834465027,1574187327.9929557,123.046875,37.87011901385884,4.0,2019-11-19T10:15:27.992956-08:00,10.0,58.918657302856445,1574187328.174345,2.1421320062875746,POINT (-122.26821010943713 37.87011901385884),ios,0.9360439544156844,-0.1304358664601169,0.05336723255458244
13,distance,0,-122.26821522239807,0.6399999856948853,1574187329.992908,281.25,37.870102669147656,4.0,2019-11-19T10:15:29.992908-08:00,10.0,58.770708084106445,1574187330.125778,2.1426875485976535,POINT (-122.26821522239807 37.870102669147656),ios,0.6751784411622397,-0.023703946098903264,-0.041107025167561984
14,distance,0,-122.26822645414832,0.7300000190734863,1574187331.9928617,297.0703125,37.870094371063516,4.0,2019-11-19T10:15:31.992862-08:00,10.0,58.244768142700195,1574187332.121093,2.143243091305097,POINT (-122.26822645414832 37.870094371063516),ios,0.6277716453478959,-0.10591609510239211,0.040587620206506525
15,distance,0,-122.2682327405757,0.4399999976158142,1574187333.992814,305.15625,37.87008422896068,4.0,2019-11-19T10:15:33.992814-08:00,10.0,58.184831619262695,1574187334.098752,2.1437986336151758,POINT (-122.2682327405757 37.87008422896068),ios,0.4159445056160913,-0.02474279005792682,0.04405120338885406
16,distance,0,-122.26824296649757,0.6200000047683716,1574187336.9927435,312.890625,37.87007643379073,4.0,2019-11-19T10:15:36.992743-08:00,10.0,57.488908767700195,1574187337.117085,2.144631947345204,POINT (-122.26824296649757 37.87007643379073),ios,0.34171788158800204,0.10740771133154073,-0.009822538375422145
17,distance,0,-122.26824816327753,0.5099999904632568,1574187339.992672,351.2109375,37.870068177616105,4.0,2019-11-19T10:15:39.992672-08:00,10.0,58.233049392700195,1574187340.132704,2.1454652608103224,POINT (-122.26824816327753 37.870068177616105),ios,0.6639333331844481,0.07794079876796708,-0.11834692209308811
18,distance,0,-122.26824640307787,0.9700000286102295,1574187341.9926248,13.7109375,37.87008003800909,4.0,2019-11-19T10:15:41.992625-08:00,10.0,58.232194900512695,1574187342.122652,2.146020803252856,POINT (-122.26824640307787 37.87008003800909),ios,0.819811251378552,-0.15874745862941786,0.13080590007419723
19,distance,0,-122.26825428206685,0.7200000286102295,1574187343.9925761,0.3515625,37.87009340714465,4.0,2019-11-19T10:15:43.992576-08:00,10.0,58.128862380981445,1574187344.167142,2.1465763452980253,POINT (-122.26825428206685 37.87009340714465),ios,0.5023240551817949,0.10285797946138255,0.0562229622011405
20,distance,0,-122.26825344387653,0.6100000143051147,1574187345.9925296,62.2265625,37.87010241769056,4.0,2019-11-19T10:15:45.992530-08:00,10.0,58.137956619262695,1574187346.1200151,2.147131887939241,POINT (-122.26825344387653 37.87010241769056),ios,0.7080352320701641,0.21530128996690517,0.1075428415402173
21,distance,0,-122.26824916910591,0.9399999976158142,1574187347.9924822,25.3125,37.87011469717871,4.0,2019-11-19T10:15:47.992482-08:00,10.0,58.255022048950195,1574187348.123934,2.1476874303155475,POINT (-122.26824916910591 37.87011469717871),ios,1.1386275969702755,0.43038187064525674,-0.2658401264672
22,distance,0,-122.268246738354,0.9399999976158142,1574187348.9924583,1.7578125,37.87012475546251,4.0,2019-11-19T10:15:48.992458-08:00,10.0,58.251787185668945,1574187349.126818,2.147965201470587,POINT (-122.268246738354 37.87012475546251),ios,1.5689992065121252,0.1645480823005788,-0.30543606837198495
23,distance,0,-122.26825000729623,1.0299999713897705,1574187349.9924355,350.5078125,37.87013862751226,4.0,2019-11-19T10:15:49.992435-08:00,10.0,58.302751541137695,1574187350.125626,2.148242972890536,POINT (-122.26825000729623 37.87013862751226),ios,1.7335435226059863,-0.14088099519459713,0.14286625356636445
24,distance,0,-122.26825537171426,1.340000033378601,1574187350.992412,344.53125,37.87015363111894,4.0,2019-11-19T10:15:50.992412-08:00,10.0,58.294755935668945,1574187351.127527,2.1485207441780303,POINT (-122.26825537171426 37.87015363111894),ios,1.5926658190987655,0.001981920298788001,-0.1361578972167222
25,distance,0,-122.26826174196067,1.2400000095367432,1574187351.9923882,336.09375,37.87016704216401,4.0,2019-11-19T10:15:51.992388-08:00,10.0,58.386857986450195,1574187352.127575,2.1487985153330698,POINT (-122.26826174196067 37.87016704216401),ios,1.5946476921448913,-0.1341727306606954,0.06974074762726853
26,distance,0,-122.2682692018545,1.2400000095367432,1574187352.9923637,337.8515625,37.87018011793296,4.0,2019-11-19T10:15:52.992364-08:00,10.0,58.362565994262695,1574187353.131218,2.149076286289427,POINT (-122.2682692018545 37.87018011793296),ios,1.4604782563791912,-0.06443369566489221,0.0952562490101375
27,distance,0,-122.26827481772962,1.1299999952316284,1574187353.992341,339.609375,37.87019248124014,4.0,2019-11-19T10:15:53.992341-08:00,10.0,58.457963943481445,1574187354.132135,2.1493540577756036,POINT (-122.26827481772962 37.87019248124014),ios,1.3960460201223648,0.030820395813589026,-0.14249819710851105
28,distance,0,-122.26827758375767,1.0199999809265137,1574187354.9923172,350.859375,37.87020484454732,4.0,2019-11-19T10:15:54.992317-08:00,10.0,58.426103591918945,1574187355.121344,2.149631828930643,POINT (-122.26827758375767 37.87020484454732),ios,1.426865681120456,-0.11167440387315411,-0.16115093262310526
29,distance,0,-122.2682790086812,0.949999988079071,1574187355.992293,352.6171875,37.87021762694965,4.0,2019-11-19T10:15:55.992293-08:00,10.0,58.573076248168945,1574187356.124638,2.1499095999532276,POINT (-122.2682790086812 37.87021762694965),ios,1.3151939930230767,-0.2728214175158689,-0.3167863770440787
30,distance,0,-122.26827959541443,0.4300000071525574,1574187356.9922702,354.375,37.870229445433125,4.0,2019-11-19T10:15:56.992270-08:00,10.0,58.611284255981445,1574187357.118211,2.150187371439404,POINT (-122.26827959541443 37.870229445433125),ios,1.0423787548482055,-0.5896006194229477,0.66344548661649
31,distance,0,-122.26828051742378,0.4300000071525574,1574187357.992247,340.6640625,37.87023879125516,4.0,2019-11-19T10:15:57.992247-08:00,10.0,58.746843338012695,1574187358.1230102,2.1504651427931254,POINT (-122.26828051742378 37.87023879125516),ios,0.45279177088422407,0.07382952395371004,-0.01425431879336198
32,distance,0,-122.2682737280822,0.18000000715255737,1574187361.9921513,96.328125,37.87025417204748,4.0,2019-11-19T10:16:01.992151-08:00,10.0,59.147600173950195,1574187362.122297,2.1515762272808288,POINT (-122.2682737280822 37.87025417204748),ios,0.7481027905623251,0.016813614975024087,0.06263837344701292
33,distance,0,-122.2682760750151,0.4000000059604645,1574187363.9921043,357.1875,37.870267499273524,4.0,2019-11-19T10:16:03.992104-08:00,10.0,59.184770584106445,1574187364.124932,2.1521317697895896,POINT (-122.2682760750151 37.870267499273524),ios,0.7817292308027695,0.14208741984110704,-0.03345575665054677
34,distance,0,-122.26827439863446,0.5199999809265137,1574187365.9920578,346.640625,37.87028149705182,4.0,2019-11-19T10:16:05.992058-08:00,10.0,59.491350173950195,1574187366.1092691,2.1526873124308055,POINT (-122.26827439863446 37.87028149705182),ios,1.065897464610238,0.07517746195243635,-0.0764506467361422
35,distance,0,-122.26827632647219,0.8500000238418579,1574187367.9920104,348.3984375,37.87030060779105,3.0,2019-11-19T10:16:07.992010-08:00,10.0,59.596879959106445,1574187368.104279,2.153242854807112,POINT (-122.26827632647219 37.87030060779105),ios,1.2162488216980825,-0.07772020429618938,0.2759965076799757
36,distance,0,-122.26827272225383,0.7699999809265137,1574187368.9919868,1.0546875,37.87031116898905,3.0,2019-11-19T10:16:08.991987-08:00,10.0,59.756303787231445,1574187369.107451,2.153520626028379,POINT (-122.26827272225383 37.87031116898905),ios,1.13853045186602,0.1982697889169617,-0.5301811775168873
37,distance,0,-122.26826618436935,0.4699999988079071,1574187369.991963,26.015625,37.870320011896894,3.0,2019-11-19T10:16:09.991963-08:00,10.0,59.819841384887695,1574187370.116144,2.1537983971834183,POINT (-122.26826618436935 37.870320011896894),ios,1.3367955136628464,-0.33189874809562464,0.6165216367995493
38,distance,0,-122.26825537171426,0.4699999988079071,1574187370.991939,55.546875,37.8703284776191,3.0,2019-11-19T10:16:10.991939-08:00,10.0,60.149492263793945,1574187371.122163,2.1540761683384577,POINT (-122.26825537171426 37.8703284776191),ios,1.0049046786500144,0.28460818968266144,-0.44181147057070164
39,distance,0,-122.26824631925884,0.28999999165534973,1574187371.9919152,62.2265625,37.87033400967519,3.0,2019-11-19T10:16:11.991915-08:00,10.0,60.258317947387695,1574187372.1181068,2.154353939493497,POINT (-122.26824631925884 37.87033400967519),ios,1.2895060827446574,-0.15719274728173577,0.07355787954084685
40,distance,0,-122.26818504754665,0.0,1574187376.9917974,243.28125,37.87036598663579,3.0,2019-11-19T10:16:16.991797-08:00,10.0,60.562944412231445,1574187377.1173801,2.155742795666059,POINT (-122.26818504754665 37.87036598663579),ios,0.5035608603056758,0.21058798686532829,-0.2876885372771052
41,distance,0,-122.268180688957,1.1799999475479126,1574187381.9916794,281.6015625,37.87038836631726,3.0,2019-11-19T10:16:21.991679-08:00,10.0,60.927995681762695,1574187382.096508,2.157131651772393,POINT (-122.268180688957 37.87038836631726),ios,1.5564759416284581,-1.2278207473255185,1.5057298464783728
42,distance,0,-122.2681983747727,1.340000033378601,1574187382.9916558,270.703125,37.87038736048888,3.0,2019-11-19T10:16:22.991656-08:00,10.0,60.912675857543945,1574187383.1137872,2.15740942299366,POINT (-122.2681983747727 37.87038736048888),ios,0.32868417509545855,0.2778735587497741,0.06025760598413013
43,distance,0,-122.2681759112722,0.46000000834465027,1574187388.9915137,76.9921875,37.870387067122266,3.0,2019-11-19T10:16:28.991514-08:00,10.0,61.566484451293945,1574187389.118863,2.159076050188806,POINT (-122.2681759112722 37.870387067122266),ios,1.9958860424635512,0.6394106322010068,0.36253282911774504
44,distance,0,-122.26815361540976,0.6499999761581421,1574187389.99149,95.9765625,37.870383546722934,3.0,2019-11-19T10:16:29.991490-08:00,10.0,61.554948806762695,1574187390.112392,2.1593538213438457,POINT (-122.26815361540976 37.870383546722934),ios,2.635281429927119,1.0019348178625522,-1.0345925778910277
45,distance,0,-122.26812494930091,1.350000023841858,1574187390.9914668,108.984375,37.87037650592427,3.0,2019-11-19T10:16:30.991467-08:00,10.0,61.585710525512695,1574187391.134173,2.1596315926975675,POINT (-122.26812494930091 37.87037650592427),ios,3.637193076441735,-0.03263383341751557,-0.23776137295837377
46,distance,0,-122.26808538671794,2.990000009536743,1574187391.9914432,109.6875,37.87036678291659,3.0,2019-11-19T10:16:31.991443-08:00,10.0,61.608049392700195,1574187392.102653,2.1599093639188345,POINT (-122.26808538671794 37.87036678291659),ios,3.6045600132949267,-0.27038959438974747,-1.390515179222743
47,distance,0,-122.26804548885885,2.990000009536743,1574187392.9914184,107.578125,37.87035911347519,3.0,2019-11-19T10:16:32.991418-08:00,10.0,61.921953201293945,1574187393.120249,2.160187134808964,POINT (-122.26804548885885 37.87035911347519),ios,3.3341771233590807,-1.6608702950485525,1.376992792032402
48,distance,0,-122.26800936285618,2.7300000190734863,1574187393.9913952,104.4140625,37.870349851472184,3.0,2019-11-19T10:16:33.991395-08:00,10.0,62.063615798950195,1574187394.1162171,2.160464906162686,POINT (-122.26800936285618 37.870349851472184),ios,1.6733452385971024,-0.28390934818064684,0.2692429044243187
49,distance,0,-122.26799075503114,2.6700000762939453,1574187394.9913714,101.25,37.87034658252995,3.0,2019-11-19T10:16:34.991371-08:00,10.0,62.563798904418945,1574187395.1197271,2.1607426773177254,POINT (-122.26799075503114 37.87034658252995),ios,1.3894426593427942,-0.014672863007398717,-0.1353832257367056
50,distance,0,-122.26803517911794,0.3400000035762787,1574187397.9913006,153.984375,37.87035982593696,3.0,2019-11-19T10:16:37.991301-08:00,10.0,61.970903396606445,1574187398.117765,2.1615759909815258,POINT (-122.26803517911794 37.87035982593696),ios,1.3454251093106935,-0.42081295368825017,0.2948271114597567
51,distance,0,-122.26805043418172,0.25999999046325684,1574187398.991277,219.7265625,37.8703609994034,3.0,2019-11-19T10:16:38.991277-08:00,10.0,61.771318435668945,1574187399.1202478,2.1618537622027927,POINT (-122.26805043418172 37.8703609994034),ios,0.9246220882554654,-0.12599280116233194,0.15145447033198492
52,distance,0,-122.26807130512061,0.18000000715255737,1574187400.99123,100.1953125,37.87036326251726,3.0,2019-11-19T10:16:40.991230-08:00,10.0,61.404924392700195,1574187401.1173549,2.1624093047115536,POINT (-122.26807130512061 37.87036326251726),ios,0.6726424036186537,0.1769090259183937,-0.2723380685026518
53,distance,0,-122.26808622490826,0.7200000286102295,1574187402.9911828,81.2109375,37.870366028545305,3.0,2019-11-19T10:16:42.991183-08:00,10.0,61.284135818481445,1574187403.117928,2.1629648471540874,POINT (-122.26808622490826 37.870366028545305),ios,1.0264521041325203,-0.367754254856755,0.3245075213449545
54,distance,0,-122.2680633423126,1.309999942779541,1574187404.9911351,80.5078125,37.87036984231125,4.0,2019-11-19T10:16:44.991135-08:00,10.0,61.260332107543945,1574187405.12744,2.1635203894641664,POINT (-122.2680633423126 37.87036984231125),ios,0.2909611303083905,0.2812453141087246,0.07677803433301049
55,distance,0,-122.26805009890559,0.5600000023841858,1574187408.9910402,103.0078125,37.87036933939706,4.0,2019-11-19T10:16:48.991040-08:00,10.0,61.002885818481445,1574187409.1220388,2.164631474216779,POINT (-122.26805009890559 37.87036933939706),ios,1.4159156992082378,0.5883501659274455,-0.7349411586695913
56,distance,0,-122.26803652022245,0.7900000214576721,1574187409.9910173,111.796875,37.87036246623646,4.0,2019-11-19T10:16:49.991017-08:00,10.0,60.988115310668945,1574187410.117289,2.164909245636728,POINT (-122.26803652022245 37.87036246623646),ios,2.004252398869068,-0.14657417127397554,0.12256834798556164
57,distance,0,-122.26801782857838,1.3600000143051147,1574187410.990993,118.828125,37.87035211458604,4.0,2019-11-19T10:16:50.990993-08:00,30.0,60.948686599731445,1574187411.115697,2.1651870166593126,POINT (-122.26801782857838 37.87035211458604),ios,1.8576817920876687,-0.02400880399069359,0.017492403839683725
58,distance,0,-122.26800760265651,1.3600000143051147,1574187411.9909697,129.375,37.870337488165006,4.0,2019-11-19T10:16:51.990970-08:00,10.0,61.164323806762695,1574187412.114414,2.165464787946807,POINT (-122.26800760265651 37.870337488165006),ios,1.8336735490631786,-0.006516808861388578,0.2784808679508077
59,distance,0,-122.2679927666879,1.3600000143051147,1574187412.9909458,127.6171875,37.870325879229114,4.0,2019-11-19T10:16:52.990946-08:00,10.0,61.305315017700195,1574187413.1165872,2.1657425591018464,POINT (-122.2679927666879 37.870325879229114),ios,1.827156895574621,0.27195741958813474,0.3675241015411564
60,distance,0,-122.26797248248222,1.3600000143051147,1574187413.9909222,116.015625,37.87032219119172,4.0,2019-11-19T10:16:53.990922-08:00,10.0,61.467851638793945,1574187414.120533,2.1660203303231134,POINT (-122.26797248248222 37.87032219119172),ios,2.0991078960323017,0.6394728462964577,-0.5463388094694188
61,distance,0,-122.26795110862913,1.2899999618530273,1574187414.9908986,98.7890625,37.87033065691392,4.0,2019-11-19T10:16:54.990899-08:00,10.0,61.380205154418945,1574187415.128,2.1662981015443803,POINT (-122.26795110862913 37.87033065691392),ios,2.738565648570228,0.09314693230198245,-0.3453723308920542
62,distance,0,-122.26792160432997,1.3899999856948853,1574187415.9908748,92.4609375,37.87033866163145,3.0,2019-11-19T10:16:55.990875-08:00,10.0,61.579423904418945,1574187416.14013,2.1665758726994198,POINT (-122.26792160432997 37.87033866163145),ios,2.831710360076286,-0.25221716427203256,-0.31584229858390916
63,distance,0,-122.26789084274533,1.5700000524520874,1574187416.9908519,92.8125,37.87034633107285,3.0,2019-11-19T10:16:56.990852-08:00,10.0,61.815019607543945,1574187417.1190882,2.1668536441193686,POINT (-122.26789084274533 37.87034633107285),ios,2.5794989685970147,-0.568052233799425,0.04966219851444391
64,distance,0,-122.26786251191261,1.5700000524520874,1574187417.990828,93.1640625,37.87035249177168,3.0,2019-11-19T10:16:57.990828-08:00,10.0,62.041154861450195,1574187418.1219702,2.167131415274408,POINT (-122.26786251191261 37.87035249177168),ios,2.0114602782182334,-0.5183912193240616,0.6287049934986558
65,distance,0,-122.26784180861178,1.5,1574187418.9908037,90.703125,37.87036024503212,3.0,2019-11-19T10:16:58.990804-08:00,10.0,62.080156326293945,1574187419.1241832,2.1674091862969926,POINT (-122.26784180861178 37.87036024503212),ios,1.4930816654921606,0.11029848488956945,0.14244772066879136
66,distance,0,-122.26782554771962,0.8500000238418579,1574187419.9907804,88.2421875,37.87036418452661,3.0,2019-11-19T10:16:59.990780-08:00,10.0,62.310564041137695,1574187420.121731,2.167686957584487,POINT (-122.26782554771962 37.87036418452661),ios,1.6033775732553417,0.2527428772644113,-0.055137485469571375
67,distance,0,-122.26780844863715,0.8500000238418579,1574187420.9907568,80.5078125,37.87036925557803,3.0,2019-11-19T10:17:00.990757-08:00,10.0,62.406145095825195,1574187421.11159,2.167964728805754,POINT (-122.26780844863715 37.87036925557803),ios,1.856114484918583,0.19760669322913307,0.18853380567898526
68,distance,0,-122.26778774533632,1.0800000429153442,1574187421.9907336,85.78125,37.87037265024881,3.0,2019-11-19T10:17:01.990734-08:00,10.0,62.628801345825195,1574187422.105606,2.1682425001594754,POINT (-122.26778774533632 37.87037265024881),ios,2.053716608176335,0.38613613876179825,-1.0789494403933657
69,distance,0,-122.26776578475001,1.5,1574187422.9907105,85.4296875,37.87037902049522,3.0,2019-11-19T10:17:02.990710-08:00,10.0,62.483659744262695,1574187423.108008,2.1685202715131973,POINT (-122.26776578475001 37.87037902049522),ios,2.4398438169212677,-0.6927883491970948,0.3486292883277679
70,distance,0,-122.2677385435647,1.5,1574187423.9906857,86.8359375,37.87038337908487,3.0,2019-11-19T10:17:03.990686-08:00,10.0,62.649858474731445,1574187424.108235,2.1687980424033273,POINT (-122.2677385435647 37.87038337908487),ios,1.7470726457800116,-0.3441677053180807,0.11534075786244134
71,distance,0,-122.2677195166445,1.5,1574187424.9906626,83.671875,37.870387989131615,3.0,2019-11-19T10:17:04.990663-08:00,10.0,62.704851150512695,1574187425.1189198,2.1690758137570487,POINT (-122.2677195166445 37.870387989131615),ios,1.4029128998915326,-0.22882961489546078,-0.4938301332714114
72,distance,0,-122.26770811725619,1.2200000286102295,1574187425.9906387,69.9609375,37.87039683203946,3.0,2019-11-19T10:17:05.990639-08:00,10.0,62.618913650512695,1574187426.119048,2.169353584912088,POINT (-122.26770811725619 37.87039683203946),ios,1.1740887407192357,-0.722647974339003,0.8001404509561263
73,distance,0,-122.26769881334367,0.5899999737739563,1574187426.990615,56.25,37.87040441766183,3.0,2019-11-19T10:17:06.990615-08:00,10.0,62.495256423950195,1574187427.1343179,2.1696313560671276,POINT (-122.26769881334367 37.87040441766183),ios,0.45145799565055605,0.07747339978218348,0.00083436140565633
74,distance,0,-122.2676906828976,0.30000001192092896,1574187429.9905443,105.46875,37.87041476931225,3.0,2019-11-19T10:17:09.990544-08:00,10.0,62.292436599731445,1574187430.117447,2.1704646697971555,POINT (-122.2676906828976 37.87041476931225),ios,0.6838727275521298,0.07997642511668328,5.718514454062803e-05
75,distance,0,-122.26770518359008,0.5,1574187434.990426,355.4296875,37.87044330969255,4.0,2019-11-19T10:17:14.990426-08:00,10.0,61.993730545043945,1574187435.122,2.1718535258372627,POINT (-122.26770518359008 37.87044330969255),ios,1.0837453954741898,0.08026234407692197,0.4897096722075456
76,distance,0,-122.267707614342,0.5,1574187435.9904027,355.78125,37.87045286506216,4.0,2019-11-19T10:17:15.990403-08:00,10.0,61.997575759887695,1574187436.1172361,2.1721312971247566,POINT (-122.267707614342 37.87045286506216),ios,1.1640058642197768,0.569960574207814,-1.0563325062730633
77,distance,0,-122.26771163765552,0.5899999737739563,1574187436.9903784,352.6171875,37.87046283952694,4.0,2019-11-19T10:17:16.990378-08:00,10.0,61.903764724731445,1574187437.11904,2.1724090681473416,POINT (-122.26771163765552 37.87046283952694),ios,1.7339525777301856,-0.48634624343713834,0.37444595635745953
78,distance,0,-122.26772236649158,1.149999976158142,1574187437.9939451,326.6015625,37.870475999114916,4.0,2019-11-19T10:17:17.993945-08:00,10.0,61.897722244262695,1574187438.122077,2.17268783668677,POINT (-122.26772236649158 37.870475999114916),ios,1.2458716627475848,-0.11056473498161734,0.3406936925217823
79,distance,0,-122.26773066457572,0.23000000417232513,1574187438.9942567,328.7109375,37.87048509347986,4.0,2019-11-19T10:17:18.994257-08:00,10.0,61.959672927856445,1574187439.125688,2.1729657010237378,POINT (-122.26773066457572 37.87048509347986),ios,1.1352724743480413,0.2302351221520114,-0.698940805514518
80,distance,0,-122.26773644808891,0.5600000023841858,1574187439.994623,336.796875,37.870494229754314,4.0,2019-11-19T10:17:19.994623-08:00,10.0,62.141008377075195,1574187440.12557,2.173243580526776,POINT (-122.26773644808891 37.870494229754314),ios,1.3655919111199815,-0.46896164313015104,0.44310795984123447
81,distance,0,-122.26774030376437,0.7099999785423279,1574187440.9949684,13.7109375,37.87050613205682,4.0,2019-11-19T10:17:20.994968-08:00,10.0,62.147600173950195,1574187441.1203241,2.1735214542680317,POINT (-122.26774030376437 37.87050613205682),ios,0.8964682565045171,-0.025700603437334543,-0.016630247531719825
82,distance,0,-122.26775036204818,0.15000000596046448,1574187442.9956017,0.3515625,37.87052017174463,4.0,2019-11-19T10:17:22.995602-08:00,10.0,62.357072830200195,1574187443.119804,2.1740771857235166,POINT (-122.26775036204818 37.87052017174463),ios,0.8450507749862529,-0.05897162943449866,0.2198911814919421
83,distance,0,-122.26776595238807,0.1599999964237213,1574187444.9961462,265.78125,37.87052909847151,4.0,2019-11-19T10:17:24.996146-08:00,10.0,62.552080154418945,1574187445.1276898,2.174632892542415,POINT (-122.26776595238807 37.87052909847151),ios,0.7270754032323459,0.3809304748601078,-0.6088107726270082
84,distance,0,-122.26777282554868,0.6299999952316284,1574187446.9966252,166.2890625,37.870517196169004,4.0,2019-11-19T10:17:26.996625-08:00,10.0,62.536088943481445,1574187447.123787,2.175188581148783,POINT (-122.26777282554868 37.870517196169004),ios,1.4891188121457897,-0.8369826803588057,0.9687209747434917
85,distance,0,-122.26776192907455,0.75,1574187447.9968271,144.4921875,37.87050692833762,4.0,2019-11-19T10:17:27.996827-08:00,10.0,62.457963943481445,1574187448.116149,2.1754664150211545,POINT (-122.26776192907455 37.87050692833762),ios,0.6519671110554719,0.13193391841804353,-0.19443958624904942
86,distance,0,-122.26775866013232,0.75,1574187449.997191,156.09375,37.87049548703979,4.0,2019-11-19T10:17:29.997191-08:00,10.0,62.617265701293945,1574187450.127036,2.176022071639697,POINT (-122.26775866013232 37.87049548703979),ios,0.9158829489805372,-0.25701599640312395,0.1604909638136233
87,distance,0,-122.26777835760477,0.5,1574187451.9975061,247.8515625,37.87049003880273,4.0,2019-11-19T10:17:31.997506-08:00,10.0,62.534074783325195,1574187452.1242352,2.176577714747853,POINT (-122.26777835760477 37.87049003880273),ios,0.40176994746646916,0.06401651626854517,0.00925744151560349
88,distance,0,-122.26783426489892,0.5099999904632568,1574187464.9986844,302.6953125,37.87047394554864,4.0,2019-11-19T10:17:44.998684-08:00,10.0,62.880266189575195,1574187465.12288,2.180189153154691,POINT (-122.26783426489892 37.87047394554864),ios,1.234060087353638,0.18437416368718085,0.11279681852499461
89,distance,0,-122.26784490991595,0.7900000214576721,1574187465.9987316,327.65625,37.87048119589488,4.0,2019-11-19T10:17:45.998732-08:00,10.0,63.025041580200195,1574187466.125953,2.1804669440454907,POINT (-122.26784490991595 37.87048119589488),ios,1.4184429547695925,0.29717630699790104,-0.538682618683878
90,distance,0,-122.2678508610672,0.7900000214576721,1574187466.998774,345.234375,37.87049305628787,4.0,2019-11-19T10:17:46.998774-08:00,10.0,63.098527908325195,1574187467.128454,2.1807447336117427,POINT (-122.2678508610672 37.87049305628787),ios,1.715631873486302,-0.2415291725721039,0.1072641118759287
91,distance,0,-122.26785144780042,1.340000033378601,1574187467.9988134,358.59375,37.870508478989706,4.0,2019-11-19T10:17:47.998813-08:00,10.0,63.293657302856445,1574187468.160577,2.1810225223170385,POINT (-122.26785144780042 37.870508478989706),ios,1.4740931993822457,-0.13426084102624677,0.006345805800365354
92,distance,0,-122.2678490170485,1.0399999618530273,1574187468.9988465,358.2421875,37.87052159666817,3.0,2019-11-19T10:17:48.998847-08:00,10.0,63.585100173950195,1574187469.124783,2.181300309300423,POINT (-122.2678490170485 37.87052159666817),ios,1.3398279089272254,-0.12791482492471912,0.05344839401423601
93,distance,0,-122.26784532901111,1.0399999618530273,1574187469.9988785,1.40625,37.87053328942309,3.0,2019-11-19T10:17:49.998878-08:00,10.0,63.708452224731445,1574187470.120263,2.18157809595267,POINT (-122.26784532901111 37.87053328942309),ios,1.2119089973682184,-0.07446472333640218,0.023571526486304107
94,distance,0,-122.2678405513263,1.0199999809265137,1574187470.9989054,7.734375,37.87054351534496,3.0,2019-11-19T10:17:50.998905-08:00,10.0,64.0340747833252,1574187471.1284099,2.1818558812141418,POINT (-122.2678405513263 37.87054351534496),ios,1.1374422678554073,-0.05089256180254478,0.2952257593494426
95,distance,0,-122.26783451635602,0.8299999833106995,1574187471.9989285,24.9609375,37.87055256780039,3.0,2019-11-19T10:17:51.998929-08:00,10.0,64.03816413879395,1574187472.128578,2.182133665415976,POINT (-122.26783451635602 37.87055256780039),ios,1.086548529080832,0.24434002511558547,-0.11231253064441662
96,distance,0,-122.26782789465251,0.800000011920929,1574187472.9989507,27.0703125,37.87056082397501,3.0,2019-11-19T10:17:52.998951-08:00,10.0,64.25190925598145,1574187473.131816,2.1824114493529003,POINT (-122.26782789465251 37.87056082397501),ios,1.330893971930167,0.1320250041735295,-0.14137894903097387
97,distance,0,-122.26782185968223,0.9900000095367432,1574187473.9989688,18.984375,37.87057180426817,3.0,2019-11-19T10:17:53.998969-08:00,10.0,64.57698249816895,1574187474.129143,2.182689232163959,POINT (-122.26782185968223 37.87057180426817),ios,1.4629213683719529,-0.009356506617423198,0.11557267629785768
98,distance,0,-122.26781615998807,0.9900000095367432,1574187474.9989843,14.765625,37.870584167575345,3.0,2019-11-19T10:17:54.998984-08:00,10.0,64.77705574035645,1574187475.122486,2.182967014246517,POINT (-122.26781615998807 37.870584167575345),ios,1.4535647167548038,0.10621796073419677,0.14718941717513598
99,distance,0,-122.26781062793198,1.059999942779541,1574187475.9989977,18.984375,37.87059648897301,3.0,2019-11-19T10:17:55.998998-08:00,10.0,65.0257740020752,1574187476.131521,2.183244795733028,POINT (-122.26781062793198 37.87059648897301),ios,1.559784095651776,0.253409343100068,-0.11313744114862889
100,distance,0,-122.26780735898974,1.350000023841858,1574187476.9990084,16.5234375,37.870610277203724,3.0,2019-11-19T10:17:56.999008-08:00,10.0,65.03718757629395,1574187477.127733,2.183522576491038,POINT (-122.26780735898974 37.870610277203724),ios,1.813196157539142,0.14027068811838084,-0.8763485830502558
101,distance,0,-122.26780476059976,1.7100000381469727,1574187477.9990163,0.3515625,37.870626454276845,3.0,2019-11-19T10:17:57.999016-08:00,10.0,65.0448169708252,1574187478.12856,2.1838003564543196,POINT (-122.26780476059976 37.870626454276845),ios,1.9534679492810818,-0.7360847898787459,0.5744550747947554
102,distance,0,-122.26780308421912,1.4600000381469727,1574187478.9990237,0.3515625,37.870643972454474,3.0,2019-11-19T10:17:58.999024-08:00,10.0,64.97468757629395,1574187479.126244,2.1840781362851462,POINT (-122.26780308421912 37.870643972454474),ios,1.2173777190173551,-0.16162546930034702,0.4207622507842694
103,distance,0,-122.26780367095235,1.4600000381469727,1574187479.9990277,0.0,37.87065491083811,3.0,2019-11-19T10:17:59.999028-08:00,10.0,64.9934253692627,1574187480.1222749,2.1843559151887892,POINT (-122.26780367095235 37.87065491083811),ios,1.0557515946302576,0.25913848688206786,-0.04906604704323331
104,distance,0,-122.26780283276203,0.8600000143051147,1574187480.999031,0.3515625,37.870664382388696,3.0,2019-11-19T10:18:00.999031-08:00,10.0,65.1568775177002,1574187481.138301,2.1846336938937507,POINT (-122.26780283276203 37.870664382388696),ios,1.314890946480343,0.2100722760632335,-0.3275889741784518
105,distance,0,-122.26779948000076,1.0099999904632568,1574187481.9990318,0.703125,37.87067590750556,3.0,2019-11-19T10:18:01.999032-08:00,10.0,65.2241382598877,1574187482.124916,2.1849114718702105,POINT (-122.26779948000076 37.87067590750556),ios,1.5249633727989773,-0.11751693242511155,-0.2873252130454047
106,distance,0,-122.26779797125819,1.0099999904632568,1574187482.999031,0.3515625,37.87068957000773,3.0,2019-11-19T10:18:02.999031-08:00,10.0,65.2323169708252,1574187483.12328,2.185189249449306,POINT (-122.26779797125819 37.87068957000773),ios,1.407446524428526,-0.4048419399595092,0.1719095370331185
107,distance,0,-122.26779478613498,1.090000033378601,1574187483.99903,0.703125,37.87070197522442,3.0,2019-11-19T10:18:03.999030-08:00,10.0,65.08418464660645,1574187484.121346,2.1854670269621743,POINT (-122.26779478613498 37.87070197522442),ios,1.002604970556377,-0.23293256687210087,0.6452164167683369
108,distance,0,-122.26779520523014,1.090000033378601,1574187484.9990273,0.703125,37.87071098577033,3.0,2019-11-19T10:18:04.999027-08:00,10.0,65.0407886505127,1574187485.101636,2.1857448039452234,POINT (-122.26779520523014 37.87071098577033),ios,0.7696730701096957,0.4122820039172604,-0.15851664520295045
109,distance,0,-122.26778573367956,0.7699999809265137,1574187486.9990158,0.703125,37.87072263661574,3.0,2019-11-19T10:18:06.999016-08:00,10.0,65.3509693145752,1574187487.109432,2.1863003563218646,POINT (-122.26778573367956 37.87072263661574),ios,1.5942323597511174,0.09525052759039852,0.23772183989488888
110,distance,0,-122.26777852524283,0.7699999809265137,1574187487.9990087,36.9140625,37.87073579620372,3.0,2019-11-19T10:18:07.999009-08:00,10.0,65.43586921691895,1574187488.102532,2.186578132112821,POINT (-122.26777852524283 37.87073579620372),ios,1.6894822060566526,0.3329706671661887,0.005807886020002564
111,distance,0,-122.26778120745185,1.440000057220459,1574187488.9990015,345.234375,37.87075084171991,3.0,2019-11-19T10:18:08.999002-08:00,10.0,65.51387214660645,1574187489.1063972,2.186855907903777,POINT (-122.26778120745185 37.87075084171991),ios,2.022450491631041,0.3387785116449533,0.2899420741979251
112,distance,0,-122.26779629487756,1.4500000476837158,1574187489.9989915,310.78125,37.87076458804111,3.0,2019-11-19T10:18:09.998991-08:00,10.0,65.53279304504395,1574187490.123776,2.1871336829000048,POINT (-122.26779629487756 37.87076458804111),ios,2.3612256108901564,0.6287176824846297,-0.7171427882534597
113,distance,0,-122.26781414833131,1.6399999856948853,1574187490.998983,296.71875,37.87078047174762,3.0,2019-11-19T10:18:10.998983-08:00,10.0,65.6357593536377,1574187491.131267,2.187411458293597,POINT (-122.26781414833131 37.87078047174762),ios,2.9899378970476316,-0.0884189504829048,-0.011981525001898625
114,distance,0,-122.26782915193799,2.109999895095825,1574187491.998971,317.8125,37.870804611628756,3.0,2019-11-19T10:18:11.998971-08:00,10.0,65.51704597473145,1574187492.119526,2.1876892327600057,POINT (-122.26782915193799 37.870804611628756),ios,2.9015200006007538,-0.1004003326538951,-0.28261750655514184
115,distance,0,-122.2678357736415,1.75,1574187492.9989605,342.7734375,37.87083017643343,3.0,2019-11-19T10:18:12.998960-08:00,10.0,65.31904792785645,1574187493.103975,2.1879670076237785,POINT (-122.2678357736415 37.87083017643343),ios,2.8011207211882634,-0.38301487443340587,0.18873267317656822
116,distance,0,-122.2678352707273,1.75,1574187493.9989471,0.703125,37.87085536405246,3.0,2019-11-19T10:18:13.998947-08:00,10.0,65.33333015441895,1574187494.116972,2.188244781692823,POINT (-122.2678352707273 37.87085536405246),ios,2.418110960555137,-0.1942847211098807,0.442514662125612
117,distance,0,-122.26783149887088,1.7200000286102295,1574187494.9989333,5.9765625,37.87087690554361,3.0,2019-11-19T10:18:14.998933-08:00,10.0,65.23469734191895,1574187495.118631,2.188522555629412,POINT (-122.26783149887088 37.87087690554361),ios,2.223828926068311,0.24822382180014674,-0.9200977747338813
118,distance,0,-122.26782814610961,1.5700000524520874,1574187495.9989197,351.2109375,37.87089672874461,3.0,2019-11-19T10:18:15.998920-08:00,10.0,65.02888679504395,1574187496.1144562,2.188800329632229,POINT (-122.26782814610961 37.87089672874461),ios,2.472049374541717,-0.6718614489347017,-0.09719276195881206
119,distance,0,-122.26782697264316,1.7999999523162842,1574187496.9989052,351.5625,37.870918940788016,3.0,2019-11-19T10:18:16.998905-08:00,10.0,64.8751392364502,1574187497.110281,2.1890781033701368,POINT (-122.26782697264316 37.870918940788016),ios,1.8001976968463878,-0.7690527973673412,0.7482858855238023
120,distance,0,-122.26782529626253,1.5700000524520874,1574187497.998891,351.9140625,37.87093507595162,3.0,2019-11-19T10:18:17.998891-08:00,10.0,64.90400886535645,1574187498.141568,2.189355877240499,POINT (-122.26782529626253 37.87093507595162),ios,1.0311557175110835,-0.020777437753736618,0.5294146343295909
121,distance,0,-122.26782328460577,0.7099999785423279,1574187498.9988747,352.265625,37.87094421222608,3.0,2019-11-19T10:18:18.998875-08:00,10.0,65.04280281066895,1574187499.114938,2.189633650448587,POINT (-122.26782328460577 37.87094421222608),ios,1.0103786215645227,0.5086284872381981,-0.14899757177105993
122,distance,0,-122.2678096221036,1.2699999809265137,1574187500.9988418,352.96875,37.87095883864711,3.0,2019-11-19T10:18:20.998842-08:00,10.0,64.48542976379395,1574187501.1233969,2.1901891968647638,POINT (-122.2678096221036 37.87095883864711),ios,2.027618861266511,0.21063824597900874,-0.28838581058605917
123,distance,0,-122.26778824825051,1.4900000095367432,1574187501.9988241,353.3203125,37.87096575371723,3.0,2019-11-19T10:18:21.998824-08:00,10.0,64.5543384552002,1574187502.129403,2.190466969741715,POINT (-122.26778824825051 37.87096575371723),ios,2.2382533909602427,-0.07774247662344615,-0.10400302394253914
124,distance,0,-122.26776511419776,1.4900000095367432,1574187502.998806,84.375,37.87097421943943,3.0,2019-11-19T10:18:22.998806-08:00,10.0,64.4726734161377,1574187503.122913,2.190744742486212,POINT (-122.26776511419776 37.87097421943943),ios,2.1605123230158583,-0.1817436160507428,0.33454302456538426
125,distance,0,-122.26774399180177,1.4900000095367432,1574187503.9987879,78.3984375,37.87098419390421,3.0,2019-11-19T10:18:23.998788-08:00,10.0,64.63777351379395,1574187504.119996,2.1910225152307086,POINT (-122.26774399180177 37.87098419390421),ios,1.9787720001252727,0.15279334665792652,-0.46165107012949913
126,distance,0,-122.26772328850093,1.7200000286102295,1574187504.9987698,84.7265625,37.87099123470287,3.0,2019-11-19T10:18:24.998770-08:00,10.0,64.6916675567627,1574187505.167007,2.1913002879752055,POINT (-122.26772328850093 37.87099123470287),ios,2.131562578196481,-0.30884935844096684,-0.13856590771884972
127,distance,0,-122.26770199846688,1.690000057220459,1574187505.9987512,80.15625,37.87100045479636,3.0,2019-11-19T10:18:25.998751-08:00,10.0,64.64375495910645,1574187506.10843,2.191578060587247,POINT (-122.26770199846688 37.87100045479636),ios,1.8227189633186796,-0.4474126892982438,0.8033104357762572
128,distance,0,-122.26768448028925,1.690000057220459,1574187506.9987345,73.4765625,37.87100925579469,3.0,2019-11-19T10:18:26.998734-08:00,10.0,65.0433521270752,1574187507.1041121,2.1918558337291083,POINT (-122.26768448028925 37.87100925579469),ios,1.3753137410252716,0.355884339788726,-0.19386928415302615
129,distance,0,-122.2676766851193,1.2999999523162842,1574187507.998713,53.4375,37.87101998463075,3.0,2019-11-19T10:18:27.998713-08:00,10.0,65.10017585754395,1574187508.140372,2.1921336055464216,POINT (-122.2676766851193 37.87101998463075),ios,1.731190444364522,0.16201921561923321,-0.3373737954484154
130,distance,0,-122.26767492491963,1.2999999523162842,1574187508.9986925,22.1484375,37.871035491151616,3.0,2019-11-19T10:18:28.998693-08:00,10.0,65.1468677520752,1574187509.118438,2.1924113776286442,POINT (-122.26767492491963 37.871035491151616),ios,1.8932063379421142,-0.1753476623176216,-0.24912656864785063
131,distance,0,-122.26767567929092,1.340000033378601,1574187509.998673,1.0546875,37.871052506415054,3.0,2019-11-19T10:18:29.998673-08:00,10.0,65.34175300598145,1574187510.1212502,2.192689149975777,POINT (-122.26767567929092 37.871052506415054),ios,1.7178621037280135,-0.4244693604604661,0.3304032162913863
132,distance,0,-122.2676801216996,1.25,1574187510.998653,354.7265625,37.87106755193125,3.0,2019-11-19T10:18:30.998653-08:00,10.0,65.24067878723145,1574187511.113128,2.1929669221904544,POINT (-122.2676801216996 37.87106755193125),ios,1.293401244183618,-0.09407276120736996,0.12553736755561692
133,distance,0,-122.26768498320344,1.25,1574187511.9986334,355.078125,37.8710785322244,3.0,2019-11-19T10:18:31.998633-08:00,10.0,65.1161060333252,1574187512.114729,2.1932446945375865,POINT (-122.26768498320344 37.8710785322244),ios,1.199330322129161,0.031462152052101636,-1.262306567414791
134,distance,0,-122.26768800068858,1.25,1574187512.998612,357.1875,37.87108905151288,3.0,2019-11-19T10:18:32.998612-08:00,10.0,64.9752368927002,1574187513.108691,2.1935224663549,POINT (-122.26768800068858 37.87108905151288),ios,1.2307917990767197,-1.230817329202252,1.2308428598573518
135,distance,0,-122.2676920240021,1.1399999856948853,1574187513.9985912,357.5390625,37.871099654620394,3.0,2019-11-19T10:18:33.998591-08:00,10.0,64.76765632629395,1574187514.1192288,2.1938002383708954,POINT (-122.2676920240021 37.871099654620394),ios,0.0,0.0,0.0
