,filter,floor,longitude,sensed_speed,ts,bearing,latitude,vaccuracy,fmt_time,accuracy,altitude,write_ts,hr,geometry,source,speed,acceleration,jerk
0,distance,0,-122.26816041776941,-1.0,1568740492.458706,-1.0,37.86988243562661,15.34886646270752,2019-09-17T10:14:52.458706-07:00,165.0,33.415714263916016,1568740492.659087,2.148109869427151,POINT (-122.26816041776941 37.86988243562661),ios,57.600823558042784,-102.01305755192288,197.87717620436496
1,distance,0,-122.2683369936523,-1.0,1568740492.923353,-1.0,37.8700786611596,10.0,2019-09-17T10:14:52.923353-07:00,65.0,53.25960922241211,1568740493.087823,2.148238938053449,POINT (-122.2683369936523 37.8700786611596),ios,10.200756828431985,-10.070010441704609,13.001297698909472
2,distance,0,-122.26825044958032,-1.0,1568740493.685988,-1.0,37.8700937388057,10.0,2019-09-17T10:14:53.685988-07:00,65.0,53.512725830078125,1568740493.759471,2.148450781106949,POINT (-122.26825044958032 37.8700937388057),ios,2.5210144897458306,-0.1547658673130522,-0.14336495526259702
3,distance,0,-122.26811921040753,-1.0,1568740500.098712,-1.0,37.86999173413759,10.0,2019-09-17T10:15:00.098712-07:00,65.0,53.507930755615234,1568740500.18957,2.150232093334198,POINT (-122.26811921040753 37.86999173413759),ios,1.5285436952458191,-1.074125759278899,0.9961721025624888
4,distance,0,-122.26812881933013,-1.0,1568740501.258762,-1.0,37.86997770707821,10.0,2019-09-17T10:15:01.258762-07:00,65.0,53.70278549194336,1568740501.338704,2.150554329421785,POINT (-122.26812881933013 37.86997770707821),ios,0.28250419915804637,0.08148360393660713,0.06521727998995196
5,distance,0,-122.26810446332712,-1.0,1568740509.017451,-1.0,37.86998205333289,10.0,2019-09-17T10:15:09.017451-07:00,65.0,53.69719696044922,1568740509.117704,2.1527095208565394,POINT (-122.26810446332712 37.86998205333289),ios,0.9147101541555511,0.587484207572942,-0.7921974633980815
6,distance,0,-122.26817412127309,-1.0,1568740517.675983,-1.0,37.87002732497001,10.0,2019-09-17T10:15:17.675983-07:00,65.0,53.9564208984375,1568740517.8033562,2.1551146686077116,POINT (-122.26817412127309 37.87002732497001),ios,6.001460908651615,-6.271782803701963,6.752732614590757
7,distance,0,-122.26818389326309,-1.0,1568740518.300287,-1.0,37.87006012528187,10.0,2019-09-17T10:15:18.300287-07:00,65.0,54.7606315612793,1568740518.383654,2.1552880864010917,POINT (-122.26818389326309 37.87006012528187),ios,2.085961464898261,-2.0560244421976934,4.413909726610413
8,distance,0,-122.268187193293,-1.0,1568740518.865818,-1.0,37.87007040955374,10.0,2019-09-17T10:15:18.865818-07:00,65.0,54.86904525756836,1568740518.943547,2.155445178349813,POINT (-122.268187193293 37.87007040955374),ios,0.9232158744229619,0.4401784073590957,-0.2594823037561333
9,distance,0,-122.26814904790614,-1.0,1568740525.299213,-1.0,37.87011452711033,10.0,2019-09-17T10:15:25.299213-07:00,65.0,55.071014404296875,1568740525.4151611,2.1572322324911752,POINT (-122.26814904790614 37.87011452711033),ios,3.7550573993368923,-1.2291737245765606,1.158491353151568
10,distance,0,-122.26818814885083,-1.0,1568740526.9970675,-1.0,37.87006620786886,4.0,2019-09-17T10:15:26.997067-07:00,50.0,58.660356521606445,1568740527.11454,2.1577038587464226,POINT (-122.26818814885083 37.87006620786886),ios,1.6680992365632585,0.737776054467261,-1.4024193892079833
11,distance,0,-122.26817549217704,-1.0,1568740527.9970455,-1.0,37.870055018028125,4.0,2019-09-17T10:15:27.997046-07:00,50.0,58.673479080200195,1568740528.191166,2.1579816304312813,POINT (-122.26817549217704 37.870055018028125),ios,2.405859108274808,-0.664612573359619,-0.42838086621094135
12,distance,0,-122.26815193902912,0.8600000143051147,1568740528.997023,104.765625,37.87004395391594,4.0,2019-09-17T10:15:28.997023-07:00,30.0,59.304826736450195,1568740529.145125,2.158259401983685,POINT (-122.26815193902912 37.87004395391594),ios,1.7412614297778162,-1.0929838389785613,0.7688428104923112
13,distance,0,-122.26813567813697,0.8600000143051147,1568740529.9970012,84.7265625,37.87003498527954,4.0,2019-09-17T10:15:29.997001-07:00,30.0,59.548112869262695,1568740530.106832,2.1585371736685435,POINT (-122.26813567813697 37.87003498527954),ios,0.648301564863411,-0.3241578926760097,0.6239799495901753
14,distance,0,-122.2681328282899,0.18000000715255737,1568740531.9969573,98.0859375,37.87002354398171,4.0,2019-09-17T10:15:31.996957-07:00,30.0,59.634050369262695,1568740532.1246018,2.1590927170382606,POINT (-122.2681328282899 37.87002354398171),ios,0.0,0.9237746331163545,-0.9975837790229563
15,distance,0,-122.2681328282899,0.0,1568740532.9969358,48.515625,37.87002354398171,4.0,2019-09-17T10:15:32.996936-07:00,10.0,60.213518142700195,1568740533.285907,2.159370488855574,POINT (-122.2681328282899 37.87002354398171),ios,0.9237548110631651,-0.07378774008096002,0.11275283774792072
16,distance,0,-122.26815168757203,0.7900000214576721,1568740534.9968913,137.4609375,37.87001616790692,4.0,2019-09-17T10:15:34.996891-07:00,10.0,61.712968826293945,1568740535.1441321,2.159926032026609,POINT (-122.26815168757203 37.87001616790692),ios,0.7761826206740883,0.15171290841143606,-0.031237659785082833
17,distance,0,-122.26816895429256,0.3100000023841858,1568740536.9968476,135.703125,37.87001315042178,4.0,2019-09-17T10:15:36.996848-07:00,10.0,61.425065994262695,1568740537.126268,2.160481575462553,POINT (-122.26816895429256 37.87001315042178),ios,1.0796018181717424,0.08923895175910865,-0.2622332722383913
18,distance,0,-122.2681930941737,1.0099999904632568,1568740538.9968042,281.953125,37.870009420474865,4.0,2019-09-17T10:15:38.996804-07:00,10.0,61.237138748168945,1568740539.119441,2.161037118964725,POINT (-122.2681930941737 37.870009420474865),ios,1.2580758494171773,-0.4352162138439568,0.3899998920336102
19,distance,0,-122.26820734340909,0.20000000298023224,1568740539.9967818,281.6015625,37.870008205098905,4.0,2019-09-17T10:15:39.996782-07:00,10.0,61.112565994262695,1568740540.1148171,2.161314890517129,POINT (-122.26820734340909 37.870008205098905),ios,0.8228693893545633,-0.045225062233036795,-0.00916734514089999
20,distance,0,-122.26822368812027,0.5,1568740541.996738,281.6015625,37.87001545544515,4.0,2019-09-17T10:15:41.996738-07:00,10.0,61.106340408325195,1568740542.109246,2.161870433886846,POINT (-122.26822368812027 37.87001545544515),ios,0.732421248867584,-0.06355935035240269,-0.05184804266254352
21,distance,0,-122.26823366258505,0.3799999952316284,1568740543.9966931,321.6796875,37.870026016643145,4.0,2019-09-17T10:15:43.996693-07:00,10.0,62.032670974731445,1568740544.11513,2.1624259769916536,POINT (-122.26823366258505 37.870026016643145),ios,0.6053053970640185,-0.1672531117085975,0.16512137054318435
22,distance,0,-122.26824740890625,0.36000001430511475,1568740545.9966502,321.328125,37.87002689674298,4.0,2019-09-17T10:15:45.996650-07:00,10.0,62.700700759887695,1568740546.112143,2.16298152062628,POINT (-122.26824740890625 37.87002689674298),ios,0.27080635137168746,0.16298254313731322,-0.022776288921107887
23,distance,0,-122.2682375182605,0.44999998807907104,1568740549.9965625,321.6796875,37.87003272216568,4.0,2019-09-17T10:15:49.996562-07:00,10.0,62.796342849731445,1568740550.100515,2.1640926073657143,POINT (-122.2682375182605 37.87003272216568),ios,0.9227222241525225,0.07187938579976424,0.08528652260019522
24,distance,0,-122.26821865897837,0.5600000023841858,1568740551.9965186,321.6796875,37.87004005633096,4.0,2019-09-17T10:15:51.996519-07:00,10.0,63.163713455200195,1568740552.109476,2.1646481507354314,POINT (-122.26821865897837 37.87004005633096),ios,1.0664778424739416,0.24244868956411225,0.09573473163443082
25,distance,0,-122.26820851687553,0.6800000071525574,1568740552.9964962,321.6796875,37.87004533692996,4.0,2019-09-17T10:15:52.996496-07:00,10.0,62.698686599731445,1568740553.102354,2.164925922287835,POINT (-122.26820851687553 37.87004533692996),ios,1.3089210984364792,0.3381812756543065,-0.41143829787675257
26,distance,0,-122.26819460291627,1.0199999809265137,1568740553.9964738,59.4140625,37.870049569791064,4.0,2019-09-17T10:15:53.996474-07:00,10.0,62.609148025512695,1568740554.118875,2.1652036938402386,POINT (-122.26819460291627 37.870049569791064),ios,1.647094794993059,-0.07324780133621547,0.002386009389825941
27,distance,0,-122.2681759112722,1.0199999809265137,1568740554.9964526,322.03125,37.870050868986056,4.0,2019-09-17T10:15:54.996453-07:00,10.0,62.620561599731445,1568740555.11322,2.1654814657237793,POINT (-122.2681759112722 37.870050868986056),ios,1.5738485479205113,-0.07086184257572772,-0.14378191958655367
28,distance,0,-122.26815814163747,1.0099999904632568,1568740555.9964306,322.03125,37.87004898305784,4.0,2019-09-17T10:15:55.996431-07:00,10.0,62.656511306762695,1568740556.111809,2.165759237408638,POINT (-122.26815814163747 37.87004898305784),ios,1.502988259664527,-0.2146406083764323,-0.23908494974053116
29,distance,0,-122.26814112637403,1.0099999904632568,1568740556.996409,100.546875,37.87004747431527,4.0,2019-09-17T10:15:56.996409-07:00,10.0,62.730058670043945,1568740557.118915,2.166037009159724,POINT (-122.26814112637403 37.87004747431527),ios,1.2883523081502015,-0.4537203709082093,0.13188669330931785
30,distance,0,-122.26812654186251,0.8899999856948853,1568740557.9963856,322.03125,37.87004617512028,4.0,2019-09-17T10:15:57.996386-07:00,10.0,62.765581130981445,1568740558.1128569,2.1663147804472183,POINT (-122.26812654186251 37.87004617512028),ios,0.8346425384278741,-0.32183675913421755,0.17799865754941677
31,distance,0,-122.26810768258038,0.4300000071525574,1568740559.9963422,322.03125,37.87004424728255,4.0,2019-09-17T10:15:59.996342-07:00,10.0,62.881425857543945,1568740560.114408,2.16687032394939,POINT (-122.26810768258038 37.87004424728255),ios,0.1909829853584713,0.034152832214579265,-0.015317700116811673
32,distance,0,-122.26810592238071,0.18000000715255737,1568740588.9957042,322.03125,37.87009403578739,4.0,2019-09-17T10:16:28.995704-07:00,10.0,63.219560623168945,1568740589.1664782,2.1749257022804684,POINT (-122.26810592238071 37.87009403578739),ios,1.1813933297970753,-0.4100506983559406,0.30973154656940105
33,distance,0,-122.26811338227454,0.1899999976158142,1568740589.9956834,322.03125,37.870102878695235,4.0,2019-09-17T10:16:29.995683-07:00,10.0,62.935808181762695,1568740590.141988,2.1752034742964637,POINT (-122.26811338227454 37.870102878695235),ios,0.7713511368834577,-0.10032557636724512,0.0229337839947132
34,distance,0,-122.2681376059747,0.0,1568740596.9955294,322.03125,37.87014751232962,4.0,2019-09-17T10:16:36.995529-07:00,10.0,61.862749099731445,1568740597.134952,2.1771478759580187,POINT (-122.2681376059747 37.87014751232962),ios,0.06908755429770363,0.06020737937098231,-0.0021212188379906606
35,distance,0,-122.26812209945383,0.8199999928474426,1568740616.9950905,99.84375,37.87014964971493,3.0,2019-09-17T10:16:56.995090-07:00,10.0,64.9102954864502,1568740617.128608,2.182703309588962,POINT (-122.26812209945383 37.87014964971493),ios,1.2732087149763645,0.017783933674792706,-0.08521827023442455
36,distance,0,-122.26810768258038,1.2100000381469727,1568740617.9950674,88.59375,37.87015090700041,3.0,2019-09-17T10:16:57.995067-07:00,10.0,65.3206958770752,1568740618.163173,2.182981080942684,POINT (-122.26810768258038 37.87015090700041),ios,1.290992237369198,-0.06743236575059827,0.1200900590331912
37,distance,0,-122.26809368480208,1.0800000429153442,1568740618.9950461,95.2734375,37.870154469309256,3.0,2019-09-17T10:16:58.995046-07:00,10.0,65.5005054473877,1568740619.138667,2.1832588528262242,POINT (-122.26809368480208 37.870154469309256),ios,1.2235613024830654,0.05265514506118265,0.04714448134096542
38,distance,0,-122.2680810281283,1.0800000429153442,1568740619.995024,95.2734375,37.870159079356,4.0,2019-09-17T10:16:59.995024-07:00,10.0,64.7931079864502,1568740620.124854,2.1835366244448555,POINT (-122.2680810281283 37.870159079356),ios,1.2762152800255153,0.09979858107096447,0.0607343155387715
39,distance,0,-122.26806778472128,1.0099999904632568,1568740620.9950013,90.3515625,37.87016381513129,4.0,2019-09-17T10:17:00.995001-07:00,10.0,64.1229419708252,1568740621.130049,2.183814395931032,POINT (-122.26806778472128 37.87016381513129),ios,1.3760116006820697,0.16053152099176068,-0.031245158672186166
40,distance,0,-122.26805395458105,0.9900000095367432,1568740621.9949813,90.3515625,37.870169640553996,4.0,2019-09-17T10:17:01.994981-07:00,10.0,64.1538257598877,1568740622.108776,2.1840921681457095,POINT (-122.26805395458105 37.870169640553996),ios,1.536539906683271,0.1292869880713866,-0.21157696915064161
41,distance,0,-122.26803727459374,1.0099999904632568,1568740622.9949584,98.7890625,37.87017383150558,4.0,2019-09-17T10:17:02.994958-07:00,10.0,64.0167407989502,1568740623.115494,2.1843699395656584,POINT (-122.26803727459374 37.87017383150558),ios,1.6658239356103384,-0.08228513846674088,0.17811236909336514
42,distance,0,-122.26801849913063,1.3300000429153442,1568740623.9949362,107.578125,37.87017601080041,4.0,2019-09-17T10:17:03.994936-07:00,10.0,63.816972732543945,1568740624.1211429,2.1846477111842897,POINT (-122.26801849913063 37.87017601080041),ios,1.5835406216460364,0.095823281353914,-0.38437094654207327
43,distance,0,-122.26800081331494,1.3300000429153442,1568740624.994915,105.46875,37.87017881873797,4.0,2019-09-17T10:17:04.994915-07:00,10.0,64.21064949035645,1568740625.1136742,2.1849254830678304,POINT (-122.26800081331494 37.87017881873797),ios,1.6793618697014483,-0.28853950912359116,0.1399933453762577
44,distance,0,-122.26798237312796,1.2300000190734863,1568740625.9948921,95.2734375,37.87018284205149,4.0,2019-09-17T10:17:05.994892-07:00,10.0,64.57661628723145,1568740626.117422,2.1852032544877793,POINT (-122.26798237312796 37.87018284205149),ios,1.390828964723116,-0.14854936794072432,0.07721970659506697
45,distance,0,-122.26797047082546,1.159999966621399,1568740626.9948707,84.375,37.870191098226115,4.0,2019-09-17T10:17:06.994871-07:00,10.0,63.768571853637695,1568740627.117296,2.1854810263050926,POINT (-122.26797047082546 37.870191098226115),ios,1.2422827843060225,-0.07133131830080261,0.15100218181147962
46,distance,0,-122.26796175364616,1.0299999713897705,1568740627.9948492,84.7265625,37.870199899224446,4.0,2019-09-17T10:17:07.994849-07:00,10.0,63.501176834106445,1568740628.1112618,2.185758798122406,POINT (-122.26796175364616 37.870199899224446),ios,1.1709529966092598,0.07966762335537042,0.09559324921757721
47,distance,0,-122.26795278500977,0.9800000190734863,1568740628.9948268,83.3203125,37.870207694394395,4.0,2019-09-17T10:17:08.994827-07:00,10.0,63.493425369262695,1568740629.130546,2.1860365696748096,POINT (-122.26795278500977 37.870207694394395),ios,1.2506188345059235,0.1752587301995225,-0.28653611443333904
48,distance,0,-122.26794180471661,1.0499999523162842,1568740629.9948044,86.8359375,37.87021486092161,4.0,2019-09-17T10:17:09.994804-07:00,10.0,64.0179615020752,1568740630.12634,2.1863143412272135,POINT (-122.26794180471661 37.87021486092161),ios,1.4258736369213276,-0.11127096257368964,-0.019536614113516374
49,distance,0,-122.26793166261378,1.0499999523162842,1568740630.994783,76.2890625,37.8702248772959,4.0,2019-09-17T10:17:10.994783-07:00,10.0,63.928972244262695,1568740631.11117,2.1865921130445267,POINT (-122.26793166261378 37.8702248772959),ios,1.3146050619634693,-0.13080715747694605,0.10615822814818826
50,distance,0,-122.26792160432997,1.0499999523162842,1568740631.9947605,76.2890625,37.87023363638471,4.0,2019-09-17T10:17:11.994761-07:00,10.0,64.20637702941895,1568740632.116476,2.1868698845969305,POINT (-122.26792160432997 37.87023363638471),ios,1.1838008360510457,-0.024651308477585804,-0.023662144610208744
51,distance,0,-122.2679132224268,0.8799999952316284,1568740632.994739,75.9375,37.87024197637837,4.0,2019-09-17T10:17:12.994739-07:00,10.0,64.31770515441895,1568740633.109182,2.187147656414244,POINT (-122.2679132224268 37.87024197637837),ios,1.1591500565331545,-0.04831294535325387,0.1974723192605103
52,distance,0,-122.26790676836136,0.8899999856948853,1568740633.9947166,80.859375,37.87025107074331,3.0,2019-09-17T10:17:13.994717-07:00,10.0,64.1895923614502,1568740634.108006,2.1874254279666476,POINT (-122.26790676836136 37.87025107074331),ios,1.1108381939380563,0.14915494828669804,-0.1323465736288109
53,distance,0,-122.26789964374366,0.9200000166893005,1568740634.9946952,78.3984375,37.87025932691793,3.0,2019-09-17T10:17:14.994695-07:00,10.0,64.26521492004395,1568740635.109508,2.187703199783961,POINT (-122.26789964374366 37.87025932691793),ios,1.259989941706779,0.016811214507270158,-0.06948588423213864
54,distance,0,-122.2678910103834,0.9200000166893005,1568740635.9946723,74.8828125,37.87026837937336,3.0,2019-09-17T10:17:15.994672-07:00,10.0,64.70417976379395,1568740636.112474,2.1879809712039098,POINT (-122.2678910103834 37.87026837937336),ios,1.276800771435885,-0.05267307931919301,-0.005805861139077454
55,distance,0,-122.26788028154733,1.0099999904632568,1568740636.9946513,79.1015625,37.87027613263379,3.0,2019-09-17T10:17:16.994651-07:00,10.0,64.77400398254395,1568740637.111881,2.188258743153678,POINT (-122.26788028154733 37.87027613263379),ios,1.2241287972418762,-0.0584788186464561,0.3457759692463197
56,distance,0,-122.26786787633064,1.100000023841858,1568740637.994629,85.078125,37.870281161775694,3.0,2019-09-17T10:17:17.994629-07:00,10.0,65.24983406066895,1568740638.11221,2.188536514706082,POINT (-122.26786787633064 37.870281161775694),ios,1.165651289184484,0.2872894012948277,5.683348623684874e-05
57,distance,0,-122.26785538729492,1.100000023841858,1568740638.994607,89.296875,37.87028472408454,3.0,2019-09-17T10:17:18.994607-07:00,10.0,65.6688404083252,1568740639.1085892,2.1888142863909406,POINT (-122.26785538729492 37.87028472408454),ios,1.4529343889272737,0.28734623353444994,0.07059133684995306
58,distance,0,-122.26784172479275,1.100000023841858,1568740639.994585,85.4296875,37.87029210015933,3.0,2019-09-17T10:17:19.994585-07:00,10.0,65.4198169708252,1568740640.1138859,2.189092058075799,POINT (-122.26784172479275 37.87029210015933),ios,1.7402743196630983,0.35793602199806995,-0.6449694433259499
59,distance,0,-122.26782739173832,1.0299999713897705,1568740640.994563,78.046875,37.870302912814424,3.0,2019-09-17T10:17:20.994563-07:00,10.0,65.28340339660645,1568740641.109264,2.1893698297606576,POINT (-122.26782739173832 37.870302912814424),ios,2.098202490510173,-0.28701927423964163,-0.1272377669946553
60,distance,0,-122.26781113084617,1.0299999713897705,1568740641.994541,71.015625,37.87031674295466,3.0,2019-09-17T10:17:21.994541-07:00,10.0,65.28096199035645,1568740642.11692,2.1896476013792885,POINT (-122.26781113084617 37.87031674295466),ios,1.8111895803281925,-0.41425422000046874,0.06895534976640497
61,distance,0,-122.26779763598206,1.0299999713897705,1568740642.9945183,72.421875,37.87032906435232,3.0,2019-09-17T10:17:22.994518-07:00,10.0,65.07856941223145,1568740643.118993,2.189925372865465,POINT (-122.26779763598206 37.87032906435232),ios,1.3969447430884632,-0.3453004320565325,-0.10828002142767156
62,distance,0,-122.26778749387923,0.800000011920929,1568740643.9944968,73.125,37.87033874545048,4.0,2019-09-17T10:17:23.994497-07:00,10.0,64.9955005645752,1568740644.111615,2.190203144682778,POINT (-122.26778749387923 37.87033874545048),ios,1.0516517203753843,-0.4535781300470072,0.5812122263215063
63,distance,0,-122.26777961489024,0.800000011920929,1568740644.9944746,80.859375,37.87034587006818,4.0,2019-09-17T10:17:24.994475-07:00,10.0,65.0319995880127,1568740645.114233,2.1904809163014094,POINT (-122.26777961489024 37.87034587006818),ios,0.5980836474835319,0.1276212090977355,0.02551340467703176
64,distance,0,-122.26777676504317,0.15000000596046448,1568740646.9944315,104.765625,37.87035638935666,4.0,2019-09-17T10:17:26.994431-07:00,10.0,64.8553638458252,1568740647.107667,2.1910364598698084,POINT (-122.26777676504317 37.87035638935666),ios,0.8533205583436151,0.17864691745238492,-0.2694520365524277
65,distance,0,-122.26779461849692,0.6299999952316284,1568740648.9943871,289.6875,37.87036246623646,3.0,2019-09-17T10:17:28.994387-07:00,10.0,65.09858894348145,1568740649.0991259,2.191592003107071,POINT (-122.26779461849692 37.87036246623646),ios,1.21060647099796,-0.3602452065713361,0.4396408450783479
66,distance,0,-122.26780836481812,1.2100000381469727,1568740649.9943647,279.84375,37.870361586136625,3.0,2019-09-17T10:17:29.994365-07:00,10.0,65.13557624816895,1568740650.111867,2.191869774659475,POINT (-122.26780836481812 37.870361586136625),ios,0.8503693380067502,0.07938578556372554,-0.21227527092357432
67,distance,0,-122.2678268050051,0.8299999833106995,1568740651.9943218,265.78125,37.87035689227085,3.0,2019-09-17T10:17:31.994322-07:00,10.0,64.9647388458252,1568740652.102606,2.1924253182941014,POINT (-122.2678268050051 37.87035689227085),ios,1.0091375022658862,-0.3451556464170981,0.49601429731007374
68,distance,0,-122.26783661183181,0.7400000095367432,1568740652.994298,268.9453125,37.87035215649556,3.0,2019-09-17T10:17:32.994298-07:00,10.0,64.82771492004395,1568740653.143954,2.192703089449141,POINT (-122.26783661183181 37.87035215649556),ios,0.6639900850006668,0.1508468249905777,-0.062411734379484225
69,distance,0,-122.26785035815301,0.7400000095367432,1568740654.9942558,285.8203125,37.87034716926317,3.0,2019-09-17T10:17:34.994256-07:00,10.0,65.2589282989502,1568740655.109751,2.1932586332824493,POINT (-122.26785035815301 37.87034716926317),ios,0.9656773692324575,0.02602599001232355,-0.35024920596170767
70,distance,0,-122.2678630148268,0.8700000047683716,1568740656.9942124,349.1015625,37.870361376589045,3.0,2019-09-17T10:17:36.994212-07:00,10.0,64.78706550598145,1568740657.107657,2.1938141767846213,POINT (-122.2678630148268 37.870361376589045),ios,1.017728219932625,-0.6744572238340127,0.6437539641494122
71,distance,0,-122.26786728959742,0.9599999785423279,1568740657.9941893,356.1328125,37.870369884220764,3.0,2019-09-17T10:17:37.994189-07:00,10.0,64.5930347442627,1568740658.105287,2.194091948138343,POINT (-122.26786728959742 37.870369884220764),ios,0.34328659400251055,-0.030718147526426643,0.024637472390636957
72,distance,0,-122.26787575531962,0.25,1568740660.9941237,116.71875,37.87037629637669,4.0,2019-09-17T10:17:40.994124-07:00,10.0,64.0196704864502,1568740661.115365,2.194925263259146,POINT (-122.26787575531962 37.87037629637669),ios,0.25113416546192924,0.043192654286915225,0.006869918011198206
73,distance,0,-122.26786502648356,0.9900000095367432,1568740664.994036,132.1875,37.87037943959038,4.0,2019-09-17T10:17:44.994036-07:00,10.0,64.01533699035645,1568740665.116878,2.19603634999858,POINT (-122.26786502648356 37.87037943959038),ios,0.42390099297088546,0.07067172357858664,-0.0004405283254264256
74,distance,0,-122.26785714749458,0.20999999344348907,1568740667.993969,132.1875,37.87038903686951,3.0,2019-09-17T10:17:47.993969-07:00,10.0,65.1297779083252,1568740668.112428,2.1968696647220187,POINT (-122.26785714749458 37.87038903686951),ios,0.6359114290106563,0.06935016811577598,-0.012245966968707007
75,distance,0,-122.26784918468657,0.5899999737739563,1568740669.993925,132.1875,37.87039859223913,3.0,2019-09-17T10:17:49.993925-07:00,10.0,66.31184577941895,1568740670.112657,2.197425208091736,POINT (-122.26784918468657 37.87039859223913),ios,0.7746087229183964,0.04485877139691413,0.02064280008084574
76,distance,0,-122.26783812057438,0.5899999737739563,1568740671.9938822,132.1875,37.870409446803734,3.0,2019-09-17T10:17:51.993882-07:00,10.0,66.5062427520752,1568740672.114353,2.1979807517263623,POINT (-122.26783812057438 37.870409446803734),ios,0.8643243405826081,0.0861434856657341,0.0002194415647788357
77,distance,0,-122.26783258851829,0.44999998807907104,1568740673.9938378,132.1875,37.87042436659138,3.0,2019-09-17T10:17:53.993838-07:00,10.0,67.09370613098145,1568740674.1133862,2.198536294963625,POINT (-122.26783258851829 37.87042436659138),ios,1.0366074918074903,0.0865823590639678,-0.0816798109900326
78,distance,0,-122.2678302415854,0.49000000953674316,1568740674.9938154,132.1875,37.870433502865836,3.0,2019-09-17T10:17:54.993815-07:00,10.0,67.16975593566895,1568740675.112675,2.1988140665160287,POINT (-122.2678302415854 37.870433502865836),ios,1.123187910444214,0.0049043786284760985,-0.38570261537749223
79,distance,0,-122.26782906811896,0.49000000953674316,1568740675.9937935,132.1875,37.87044356114964,3.0,2019-09-17T10:17:55.993793-07:00,10.0,67.3436450958252,1568740676.115519,2.199091838200887,POINT (-122.26782906811896 37.87044356114964),ios,1.1280921814975515,-0.3807897765514208,0.42248146963109473
80,distance,0,-122.26782739173832,0.5299999713897705,1568740676.9937725,132.1875,37.87045361943345,3.0,2019-09-17T10:17:56.993773-07:00,10.0,67.3237476348877,1568740677.109205,2.1993696101506552,POINT (-122.26782739173832 37.87045361943345),ios,0.7473103942335874,0.04168282906568553,-0.008451546611117083
81,distance,0,-122.26782563153866,0.23000000417232513,1568740678.9937282,132.1875,37.87046698856901,3.0,2019-09-17T10:17:58.993728-07:00,10.0,65.8879566192627,1568740679.112496,2.1999251533879174,POINT (-122.26782563153866 37.87046698856901),ios,0.830674203904235,0.024780110634517932,0.08231454834096642
82,distance,0,-122.2678215244061,0.2199999988079071,1568740680.9936843,132.1875,37.870481573080525,3.0,2019-09-17T10:18:00.993684-07:00,10.0,65.3565845489502,1568740681.1062179,2.2004806967576345,POINT (-122.2678215244061 37.870481573080525),ios,0.8802333380941376,0.1894055962580023,-0.029495277302548497
83,distance,0,-122.26781615998807,0.2800000011920929,1568740682.9936407,9.84375,37.8704968281443,3.0,2019-09-17T10:18:02.993641-07:00,10.0,65.24202156066895,1568740683.107277,2.201036240193579,POINT (-122.26781615998807 37.8704968281443),ios,1.2590362667303387,0.13041632854955046,-0.8067987393744873
84,distance,0,-122.26781565707388,0.8700000047683716,1568740683.9936182,0.703125,37.87050814371358,3.0,2019-09-17T10:18:03.993618-07:00,10.0,65.38362312316895,1568740684.107007,2.201314011745983,POINT (-122.26781565707388 37.87050814371358),ios,1.3894496724743692,-0.676364329378885,0.9212907018527571
85,distance,0,-122.26781515415969,1.0,1568740684.993596,358.9453125,37.870520632749304,3.0,2019-09-17T10:18:04.993596-07:00,10.0,65.5162525177002,1568740685.112679,2.2015917833646137,POINT (-122.26781515415969 37.870520632749304),ios,0.7131003400729642,0.24490594476160513,-0.0830284540691591
86,distance,0,-122.26781540561679,0.6100000143051147,1568740686.993552,355.078125,37.87053345706116,3.0,2019-09-17T10:18:06.993552-07:00,10.0,65.7596607208252,1568740687.105809,2.2021473266681038,POINT (-122.26781540561679 37.87053345706116),ios,1.2029014274226122,0.07885269879560511,0.33420700392644986
87,distance,0,-122.26781582471195,0.6100000143051147,1568740687.99353,353.3203125,37.87054426971625,3.0,2019-09-17T10:18:07.993530-07:00,10.0,66.0965747833252,1568740688.107781,2.202425098352962,POINT (-122.26781582471195 37.87054426971625),ios,1.281752396622964,0.4130523720554268,-0.7128225054713339
88,distance,0,-122.26781557325485,0.8700000047683716,1568740688.9935083,359.6484375,37.87055579483311,3.0,2019-09-17T10:18:08.993508-07:00,10.0,66.39290046691895,1568740689.106525,2.202702870104048,POINT (-122.26781557325485 37.87055579483311),ios,1.6947958070566636,-0.29975466795417666,0.1740193576089227
89,distance,0,-122.2678143997884,0.8700000047683716,1568740689.9934864,1.7578125,37.870571007987365,3.0,2019-09-17T10:18:09.993486-07:00,10.0,66.9973316192627,1568740690.113554,2.2029806417889066,POINT (-122.2678143997884 37.870571007987365),ios,1.395047714074032,-0.12573912737446785,-0.08603280289910607
90,distance,0,-122.26781289104584,0.6200000047683716,1568740690.993465,2.8125,37.87058349702309,3.0,2019-09-17T10:18:10.993465-07:00,10.0,67.3929615020752,1568740691.1106582,2.20325841360622,POINT (-122.26781289104584 37.87058349702309),ios,1.269311284768532,-0.21177008420989782,0.9273462402634994
91,distance,0,-122.26781213667455,0.49000000953674316,1568740691.9934423,4.5703125,37.870594896411404,3.0,2019-09-17T10:18:11.993442-07:00,10.0,67.4360523223877,1568740692.112931,2.2035361850923962,POINT (-122.26781213667455 37.870594896411404),ios,1.0575459971012786,0.7155551518791724,-0.24701747126679038
92,distance,0,-122.26781104702714,0.4399999976158142,1568740692.9934201,10.546875,37.87060436796199,3.0,2019-09-17T10:18:12.993420-07:00,10.0,67.66060066223145,1568740693.107956,2.2038139567110275,POINT (-122.26781104702714 37.87060436796199),ios,1.773085283027691,0.4685431577129517,-0.9832585460449347
93,distance,0,-122.26781205285552,0.7699999809265137,1568740693.9933987,7.734375,37.870620293578014,3.0,2019-09-17T10:18:13.993399-07:00,10.0,66.7548999786377,1568740694.108985,2.204091728528341,POINT (-122.26781205285552 37.870620293578014),ios,2.241618386895191,-0.5146942898924937,0.499131155863195
94,distance,0,-122.26781222049358,0.8600000143051147,1568740694.9933765,5.2734375,37.87064045205514,3.0,2019-09-17T10:18:14.993376-07:00,10.0,66.3213062286377,1568740695.108597,2.2043695001469716,POINT (-122.26781222049358 37.87064045205514),ios,1.726935509282055,-0.015574201228408534,-0.19784831095890174
95,distance,0,-122.267813310141,0.7699999809265137,1568740695.9933543,2.109375,37.87065595857601,3.0,2019-09-17T10:18:15.993354-07:00,10.0,66.51423835754395,1568740696.113749,2.204647271765603,POINT (-122.267813310141 37.87065595857601),ios,1.7113616533792868,-0.21341812531098484,0.129253359568198
96,distance,0,-122.26781171757939,0.5600000023841858,1568740696.9933329,9.140625,37.87067129745881,3.0,2019-09-17T10:18:16.993333-07:00,10.0,66.57844734191895,1568740697.118688,2.204925043582916,POINT (-122.26781171757939 37.87067129745881),ios,1.4979481075244592,-0.08416753921899676,0.024436744175746095
97,distance,0,-122.2678096221036,0.3799999952316284,1568740697.9933114,19.6875,37.87068466659437,3.0,2019-09-17T10:18:17.993311-07:00,10.0,66.5559253692627,1568740698.116136,2.2052028154002294,POINT (-122.2678096221036 37.87068466659437),ios,1.413782374344922,-0.05973131939889485,-0.12423412157716245
98,distance,0,-122.26780660461846,0.4099999964237213,1568740698.9932888,28.828125,37.8706971556301,3.0,2019-09-17T10:18:18.993289-07:00,10.0,66.70405769348145,1568740699.1080608,2.205480586886406,POINT (-122.26780660461846 37.8706971556301),ios,1.3540524078463756,-0.18396262710239678,0.14839894572721363
99,distance,0,-122.26780132401946,0.4099999964237213,1568740699.9932663,46.7578125,37.870708596927926,3.0,2019-09-17T10:18:19.993266-07:00,10.0,66.91816902160645,1568740700.1087751,2.2057583584388096,POINT (-122.26780132401946 37.870708596927926),ios,1.170093903594146,-0.03556700719536652,0.44582550915584446
100,distance,0,-122.26779461849692,0.4099999964237213,1568740700.9932446,69.9609375,37.87071769129287,3.0,2019-09-17T10:18:20.993245-07:00,10.0,66.9741382598877,1568740701.110649,2.2060361301898954,POINT (-122.26779461849692 37.87071769129287),ios,1.1345276680637935,0.41024882928979567,-0.5337708799227497
101,distance,0,-122.26778732624116,0.4099999964237213,1568740701.9932232,82.265625,37.870726115105555,3.0,2019-09-17T10:18:21.993223-07:00,10.0,66.95771980285645,1568740702.1126199,2.206313902007209,POINT (-122.26778732624116 37.870726115105555),ios,1.544767694368723,-0.1235105971524259,0.08503866680474022
102,distance,0,-122.26778095599475,0.4300000071525574,1568740702.9932008,67.5,37.870739065145955,3.0,2019-09-17T10:18:22.993201-07:00,10.0,66.8813648223877,1568740703.10693,2.2065916735596125,POINT (-122.26778095599475 37.870739065145955),ios,1.4212598652550783,-0.038473836178707865,0.013186595628384994
103,distance,0,-122.26777492102447,0.4099999964237213,1568740703.9931786,46.7578125,37.87075092553894,3.0,2019-09-17T10:18:23.993179-07:00,10.0,66.77302742004395,1568740704.102507,2.206869445178244,POINT (-122.26777492102447 37.87075092553894),ios,1.3827868821539644,-0.02528753293575641,-0.1733116936430914
104,distance,0,-122.26776913751128,0.47999998927116394,1568740704.9931564,39.375,37.87076249256532,3.0,2019-09-17T10:18:24.993156-07:00,10.0,66.56318855285645,1568740705.109426,2.207147216796875,POINT (-122.26776913751128 37.87076249256532),ios,1.3574999099168514,-0.198595383751168,-0.16467703783254933
105,distance,0,-122.26776419218841,0.4099999964237213,1568740705.993135,43.59375,37.870774059591696,3.0,2019-09-17T10:18:25.993135-07:00,10.0,66.5537281036377,1568740706.112959,2.2074249886141883,POINT (-122.26776419218841 37.870774059591696),ios,1.1589087875603123,-0.36326888799783397,0.5416828978740783
106,distance,0,-122.26776192907455,0.36000001430511475,1568740706.993113,61.875,37.87078432742308,3.0,2019-09-17T10:18:26.993113-07:00,10.0,66.46711921691895,1568740707.107732,2.2077027602990467,POINT (-122.26776192907455 37.87078432742308),ios,0.7956478676872724,0.17840212832769553,-0.052119021470813195
107,distance,0,-122.26776025269392,0.25999999046325684,1568740708.9930692,47.8125,37.87079857665847,3.0,2019-09-17T10:18:28.993069-07:00,10.0,66.02864265441895,1568740709.107311,2.2082583036687637,POINT (-122.26776025269392 37.87079857665847),ios,1.1524442980163856,0.07416637179638909,-0.25793005299264055
108,distance,0,-122.26775891158941,0.699999988079071,1568740709.9930472,25.3125,37.870808886399374,3.0,2019-09-17T10:18:29.993047-07:00,10.0,66.0894947052002,1568740710.10963,2.2085360753536225,POINT (-122.26775891158941 37.870808886399374),ios,1.2266090430098044,-0.1837580236271112,-0.15609161095766608
109,distance,0,-122.26775614556136,0.6100000143051147,1568740710.9930253,30.234375,37.870819699054465,3.0,2019-09-17T10:18:30.993025-07:00,10.0,66.1642017364502,1568740711.108737,2.208813847038481,POINT (-122.26775614556136 37.870819699054465),ios,1.0428550500247673,-0.3398462107918886,0.2528144777707231
110,distance,0,-122.26775346335235,0.6100000143051147,1568740711.993003,34.1015625,37.87082883532892,3.0,2019-09-17T10:18:31.993003-07:00,10.0,66.30549812316895,1568740712.097888,2.2090916185908847,POINT (-122.26775346335235 37.87082883532892),ios,0.7030164556440436,-0.08703739893401077,0.08525377461790261
111,distance,0,-122.26775036204818,0.3700000047683716,1568740713.992959,42.890625,37.870841240545616,3.0,2019-09-17T10:18:33.992959-07:00,10.0,66.0069751739502,1568740714.106508,2.2096471619606017,POINT (-122.26775036204818 37.870841240545616),ios,0.5289454760212908,0.08346641030237387,0.03756844079910639
112,distance,0,-122.26773929793599,0.3700000047683716,1568740715.9929147,138.515625,37.87084501240204,3.0,2019-09-17T10:18:35.992915-07:00,10.0,65.97615242004395,1568740716.110748,2.2102027051978643,POINT (-122.26773929793599 37.87084501240204),ios,0.6958745952366504,0.1586016258959316,-0.10197653249701578
113,distance,0,-122.26772362377706,0.5299999713897705,1568740717.9928713,100.546875,37.87084689833026,3.0,2019-09-17T10:18:37.992871-07:00,10.0,66.6756763458252,1568740718.112842,2.210758248700036,POINT (-122.26772362377706 37.87084689833026),ios,1.013070964957993,-0.045347014113903676,0.3548646984521091
114,distance,0,-122.26771239202681,0.5899999737739563,1568740718.992849,87.5390625,37.87084899380605,3.0,2019-09-17T10:18:38.992849-07:00,10.0,66.4851245880127,1568740719.101654,2.211036020318667,POINT (-122.26771239202681 37.87084899380605),ios,0.9677249563201618,0.30950981594884786,-0.048751631789563855
115,distance,0,-122.26769596349659,0.5899999737739563,1568740720.9928048,61.171875,37.87086060274194,3.0,2019-09-17T10:18:40.992805-07:00,10.0,65.44575691223145,1568740721.113029,2.2115915635559293,POINT (-122.26769596349659 37.87086060274194),ios,1.5867308627402177,0.21200871430254925,-0.14775391311047037
116,distance,0,-122.26769378420177,0.6600000262260437,1568740721.9927826,15.1171875,37.8708747681583,4.0,2019-09-17T10:18:41.992783-07:00,10.0,65.2184009552002,1568740722.115973,2.2118693351745606,POINT (-122.26769378420177 37.8708747681583),ios,1.7987348761888398,0.06425807732893478,-0.3054376895057943
117,distance,0,-122.26769671786788,0.7099999785423279,1568740722.9927611,356.8359375,37.87089077759336,4.0,2019-09-17T10:18:42.992761-07:00,10.0,65.05757331848145,1568740723.107156,2.212147106991874,POINT (-122.26769671786788 37.87089077759336),ios,1.8629915746890202,-0.24117305819506532,-0.22281412322873134
118,distance,0,-122.2677039263046,0.1599999964237213,1568740723.9927387,350.859375,37.87090653557132,4.0,2019-09-17T10:18:43.992739-07:00,10.0,65.0700855255127,1568740724.1101851,2.2124248785442777,POINT (-122.2677039263046 37.87090653557132),ios,1.621823921506913,-0.46398218785929024,-0.04979808459290475
119,distance,0,-122.26770979363683,0.1899999976158142,1568740724.9927168,353.3203125,37.870920365711555,4.0,2019-09-17T10:18:44.992717-07:00,10.0,65.36006355285645,1568740725.1142,2.212702650229136,POINT (-122.26770979363683 37.870920365711555),ios,1.157851910869227,-0.5137791801556465,0.6256179888244606
120,distance,0,-122.26771121856036,0.1899999976158142,1568740725.9926949,28.4765625,37.87093071736197,3.0,2019-09-17T10:18:45.992695-07:00,10.0,65.88179206848145,1568740726.109177,2.212980421913995,POINT (-122.26771121856036 37.87093071736197),ios,0.644084000207774,0.11182508604523418,-0.06662421971453107
121,distance,0,-122.26772010337773,0.28999999165534973,1568740727.992652,209.53125,37.87093993745546,3.0,2019-09-17T10:18:47.992652-07:00,10.0,66.2437915802002,1568740728.115931,2.2135359655486213,POINT (-122.26772010337773 37.87093993745546),ios,0.8677293732861803,-0.02142049418250432,0.031308198950706544
122,distance,0,-122.26774273451629,0.3100000023841858,1568740730.9925852,245.0390625,37.870955066790685,3.0,2019-09-17T10:18:50.992585-07:00,10.0,66.2664966583252,1568740731.113013,2.2143692803382873,POINT (-122.26774273451629 37.870955066790685),ios,0.8034693207109276,0.07250201262184906,0.06381325607952473
123,distance,0,-122.26774767983916,0.23000000417232513,1568740732.9925413,291.796875,37.87096898074995,3.0,2019-09-17T10:18:52.992541-07:00,10.0,66.20173835754395,1568740733.1046739,2.2149248237080044,POINT (-122.26774767983916 37.87096898074995),ios,0.9484701653624887,0.20012572535598355,0.09560192476022657
124,distance,0,-122.26774734456303,0.7900000214576721,1568740734.9924982,5.2734375,37.870986037922904,3.0,2019-09-17T10:18:54.992498-07:00,10.0,66.5232105255127,1568740735.1076121,2.215480367276404,POINT (-122.26774734456303 37.870986037922904),ios,1.3487129798963702,0.3913254492936507,-1.0750493427244092
125,distance,0,-122.26774181250694,0.7900000214576721,1568740735.992476,35.859375,37.870997353492186,3.0,2019-09-17T10:18:55.992476-07:00,10.0,66.70576667785645,1568740736.1043348,2.2157581388950347,POINT (-122.26774181250694 37.870997353492186),ios,1.7400297523590653,-0.6837000564392401,0.9817311673006792
126,distance,0,-122.26773234095636,1.1200000047683716,1568740736.9924543,38.3203125,37.87101109981339,3.0,2019-09-17T10:18:56.992454-07:00,10.0,66.86702156066895,1568740737.105422,2.2160359106461205,POINT (-122.26773234095636 37.87101109981339),ios,1.05634452953826,0.298009811132992,-0.1301158787778802
127,distance,0,-122.26772991020444,1.1200000047683716,1568740737.9924316,40.4296875,37.87102040372591,3.0,2019-09-17T10:18:57.992432-07:00,10.0,67.1209888458252,1568740738.116082,2.2163136821322973,POINT (-122.26772991020444 37.87102040372591),ios,1.3543475908190579,0.16789687944919082,-0.17841090314202868
128,distance,0,-122.26773091603282,0.9300000071525574,1568740738.9924092,19.3359375,37.871032557485506,3.0,2019-09-17T10:18:58.992409-07:00,10.0,66.93330574035645,1568740739.106323,2.2165914536847007,POINT (-122.26773091603282 37.871032557485506),ios,1.522240707473118,-0.010510025264279662,-0.10508048697920004
129,distance,0,-122.26773200568023,1.2899999618530273,1568740739.9923882,10.546875,37.871046219987676,3.0,2019-09-17T10:18:59.992388-07:00,10.0,66.7608814239502,1568740740.1141639,2.216869225634469,POINT (-122.26773200568023 37.871046219987676),ios,1.5117309027179437,-0.11558830756712478,-0.4664026147297879
130,distance,0,-122.26773359824183,1.1299999952316284,1568740740.9923663,6.6796875,37.8710597567613,3.0,2019-09-17T10:19:00.992366-07:00,10.0,66.9383716583252,1568740741.109817,2.2171469973193276,POINT (-122.26773359824183 37.8710597567613),ios,1.3961451305236237,-0.5819806919844329,0.5244625628125822
131,distance,0,-122.26773778919342,1.1299999952316284,1568740741.9923437,12.3046875,37.87107186861138,3.0,2019-09-17T10:19:01.992344-07:00,10.0,66.76167488098145,1568740742.088004,2.217424768805504,POINT (-122.26773778919342 37.87107186861138),ios,0.8141776202651072,-0.05753000812565743,0.06644042631124052
132,distance,0,-122.2677435727066,0.5600000023841858,1568740743.9923,24.9609375,37.871085782570646,3.0,2019-09-17T10:19:03.992300-07:00,10.0,66.26558113098145,1568740744.0853062,2.217980312241448,POINT (-122.2677435727066 37.871085782570646),ios,0.6991201140825635,0.07534794566116101,-0.25013739593112977
133,distance,0,-122.26774994295302,0.47999998927116394,1568740745.9922557,24.609375,37.871097307687506,3.0,2019-09-17T10:19:05.992256-07:00,10.0,66.49995613098145,1568740746.098343,2.2185358554787107,POINT (-122.26774994295302 37.871097307687506),ios,0.849812664035759,-0.4249157536442301,0.21246258773974522
134,distance,0,-122.26775304425719,0.49000000953674316,1568740747.9922113,24.609375,37.871112395113215,3.0,2019-09-17T10:19:07.992211-07:00,10.0,66.35969734191895,1568740748.148347,2.219091398715973,POINT (-122.26775304425719 37.871112395113215),ios,0.0,0.0,0.0
