,filter,floor,longitude,sensed_speed,ts,bearing,latitude,vaccuracy,fmt_time,accuracy,altitude,write_ts,hr,geometry,source,speed,acceleration,jerk
0,distance,0,-122.26818962322032,-1.0,1581012863.426204,-1.0,37.8700816565767,10.0,2020-02-06T10:14:23.426204-08:00,165.0,52.76829528808594,1581012863.508693,2.036570275823275,POINT (-122.26818962322032 37.8700816565767),ios,0.11712458521916816,0.0006440273747535725,0.0006367547703041063
1,distance,0,-122.2681994768016,-1.0,1581012905.134587,-1.0,37.87003841811319,10.0,2020-02-06T10:15:05.134587-08:00,65.0,54.1661491394043,1581012905.238594,2.0481559377908707,POINT (-122.2681994768016 37.87003841811319),ios,0.1439859256815502,0.02720203926474364,-0.005846571408057663
2,distance,0,-122.26819689986404,-1.0,1581012913.977007,-1.0,37.8700496859776,10.0,2020-02-06T10:15:13.977007-08:00,65.0,54.2051887512207,1581012914.067147,2.0506121655305227,POINT (-122.26819689986404 37.8700496859776),ios,0.3845177779833484,-0.02449579988283526,0.09960432408959728
3,distance,0,-122.26822457735548,-1.0,1581012921.5262399,-1.0,37.87006397360658,10.0,2020-02-06T10:15:21.526240-08:00,65.0,54.36012649536133,1581012921.600764,2.052709174686008,POINT (-122.26822457735548 37.87006397360658),ios,0.19959327813247407,0.727440446467706,-0.7063106697728456
4,distance,0,-122.26823789828308,-1.0,1581012929.1199799,-1.0,37.8700726463654,10.0,2020-02-06T10:15:29.119980-08:00,65.0,54.36853790283203,1581012929.2233748,2.0548185469044578,POINT (-122.26823789828308 37.8700726463654),ios,5.723586884213277,-4.636099129421217,5.916110349610695
5,distance,0,-122.26816574860227,-1.0,1581012930.228279,-1.0,37.87006939582092,10.0,2020-02-06T10:15:30.228279-08:00,65.0,54.681827545166016,1581012930.35433,2.0551264078087277,POINT (-122.26816574860227 37.87006939582092),ios,0.585401671249167,1.920721565745538,-3.6250626823058196
6,distance,0,-122.2681933720793,-1.0,1581012936.42886,-1.0,37.870045103550616,10.0,2020-02-06T10:15:36.428860-08:00,65.0,54.55282974243164,1581012936.490327,2.0568487913741005,POINT (-122.2681933720793 37.870045103550616),ios,12.494991001839812,-20.556772629074867,37.30870712124798
7,distance,0,-122.26811908196869,-1.0,1581012936.997673,-1.0,37.87007052454899,12.0,2020-02-06T10:15:36.997673-08:00,50.0,58.253740310668945,1581012937.0909882,2.057006795008977,POINT (-122.26811908196869 37.87007052454899),ios,0.8020297336219883,0.6649081866684339,-0.33629807054488015
8,distance,0,-122.26812813442412,1.5099999904632568,1581012938.9976306,32.34375,37.870083055494234,4.0,2020-02-06T10:15:38.997631-08:00,30.0,50.459645607146605,1581012939.101253,2.0575623387760587,POINT (-122.26812813442412 37.870083055494234),ios,2.1318178892480684,-0.007673682433278615,-0.11486985654076183
9,distance,0,-122.26813458848956,1.5099999904632568,1581012939.9976087,9.4921875,37.87010153759073,4.0,2020-02-06T10:15:39.997609-08:00,30.0,50.30815481182917,1581012940.0987182,2.057840110460917,POINT (-122.26813458848956 37.87010153759073),ios,2.1241443751332483,-0.12254101936010646,-1.2518807257698872
10,distance,0,-122.26814305421176,1.4299999475479126,1581012940.9975874,3.8671875,37.870119432954,4.0,2020-02-06T10:15:40.997587-08:00,30.0,50.15192355412371,1581012941.1326041,2.0581178823444577,POINT (-122.26814305421176 37.870119432954),ios,2.0016059560021007,-1.3743951811554715,1.425168288633672
11,distance,0,-122.26814967591527,1.4299999475479126,1581012941.9975662,1.7578125,37.870136657765016,4.0,2020-02-06T10:15:41.997566-08:00,30.0,50.28911677476067,1581012942.097604,2.0583956542279984,POINT (-122.26814967591527 37.870136657765016),ios,0.6272399384864422,0.05074286647094688,-0.03107418086624144
12,distance,0,-122.26816157821777,0.49000000953674316,1581012943.9975228,0.3515625,37.87014290228288,4.0,2020-02-06T10:15:43.997523-08:00,30.0,50.38932366802513,1581012944.1080399,2.0589511977301704,POINT (-122.26816157821777 37.87014290228288),ios,0.7287234695846695,-0.0114041468850431,0.015338834970423139
13,distance,0,-122.26817792292896,0.5099999904632568,1581012945.9974806,341.015625,37.87014520730625,4.0,2020-02-06T10:15:45.997481-08:00,30.0,50.35549352175724,1581012946.10302,2.059506741563479,POINT (-122.26817792292896 37.87014520730625),ios,0.7059156570705911,0.019272875755609924,1.6674772624691017
14,distance,0,-122.26819275889757,0.5099999904632568,1581012947.9974375,335.390625,37.87015011071961,4.0,2020-02-06T10:15:47.997437-08:00,30.0,50.32374429973221,1581012948.104748,2.0600622851318784,POINT (-122.26819275889757 37.87015011071961),ios,0.7444605768847018,3.354155442775525,-1.3252613658782277
15,distance,0,-122.26820784632328,0.6499999761581421,1581012949.9973943,325.546875,37.87015622950892,4.0,2020-02-06T10:15:49.997394-08:00,50.0,50.11114529464218,1581012950.1013331,2.0606178287002774,POINT (-122.26820784632328 37.87015622950892),ios,7.452626718007322,0.703689901033724,-2.1646780832333956
16,distance,0,-122.26796460349324,0.4000000059604645,1581012952.9973297,113.5546875,37.870096592267856,4.0,2020-02-06T10:15:52.997330-08:00,10.0,50.12139903754914,1581012953.121867,2.06145114408599,POINT (-122.26796460349324 37.870096592267856),ios,9.563650954694237,-5.79020448570933,4.056229462538311
17,distance,0,-122.26805244583848,0.7300000190734863,1581012953.9973087,133.2421875,37.870045714115605,4.0,2020-02-06T10:15:53.997309-08:00,30.0,50.26046765504162,1581012954.113303,2.061728916035758,POINT (-122.26805244583848 37.870045714115605),ios,3.773567952309612,-1.7340601262519368,1.240018100438609
18,distance,0,-122.26808404561343,0.7300000190734863,1581012954.9972873,127.96875,37.87002270579139,4.0,2020-02-06T10:15:54.997287-08:00,10.0,50.552210948744715,1581012955.114624,2.0620066878530716,POINT (-122.26808404561343 37.87002270579139),ios,2.039545034951299,-0.49406863371514875,0.4454431800879316
19,distance,0,-122.26809619937303,0.7200000286102295,1581012955.9972653,129.0234375,37.87000707354198,4.0,2020-02-06T10:15:55.997265-08:00,10.0,50.75600044518155,1581012956.116373,2.06228445953793,POINT (-122.26809619937303 37.87000707354198),ios,1.5454872383891802,-0.04863522420478332,0.04889672350878704
20,distance,0,-122.26812318910125,0.3400000035762787,1581012957.9972227,118.125,37.86998922008822,4.0,2020-02-06T10:15:57.997223-08:00,10.0,51.37924116901384,1581012958.1027431,2.062840003238784,POINT (-122.26812318910125 37.86998922008822),ios,1.4482188655814614,0.0491561360509566,-0.14092355306562143
21,distance,0,-122.26813660014632,0.4300000071525574,1581012958.9972012,113.203125,37.86998163446585,4.0,2020-02-06T10:15:58.997201-08:00,10.0,51.6922481845054,1581012959.10282,2.063117775056097,POINT (-122.26813660014632 37.86998163446585),ios,1.497373946856168,-0.09176439312326927,-0.050284292432593254
22,distance,0,-122.26816945720675,0.1899999976158142,1581012960.9971588,76.640625,37.869988884812095,4.0,2020-02-06T10:16:00.997159-08:00,10.0,52.53968127820244,1581012961.119722,2.0636733188231786,POINT (-122.26816945720675 37.869988884812095),ios,1.3138490549534767,-0.19233084399815537,0.01891948856053384
23,distance,0,-122.2681928427166,0.23999999463558197,1581012962.9971156,25.3125,37.87000363696168,4.0,2020-02-06T10:16:02.997116-08:00,10.0,52.9910986624261,1581012963.112818,2.0642288623915777,POINT (-122.2681928427166 37.87000363696168),ios,0.9291956667567903,-0.15449268332420965,0.017801986588889866
24,distance,0,-122.26820533175233,0.550000011920929,1581012964.9970727,343.828125,37.87001713182578,4.0,2020-02-06T10:16:04.997073-08:00,10.0,53.46853172592082,1581012965.1151,2.0647844060262046,POINT (-122.26820533175233 37.87001713182578),ios,0.6202169302150582,-0.1188894741248125,0.07085896458910275
25,distance,0,-122.2682184913403,0.25,1581012967.9970088,53.4375,37.87003024950425,4.0,2020-02-06T10:16:07.997009-08:00,10.0,55.07859337932266,1581012968.377602,2.0656177216105993,POINT (-122.2682184913403 37.87003024950425),ios,0.26355610442376426,0.0936828920253965,0.025771727663120636
26,distance,0,-122.26822846580508,0.8299999833106995,1581012971.996922,129.0234375,37.87002496890525,4.0,2020-02-06T10:16:11.996922-08:00,10.0,57.625034394960224,1581012972.092101,2.066728808614943,POINT (-122.26822846580508 37.87002496890525),ios,0.6382795423152612,0.19676756609491572,0.07198667951199023
27,distance,0,-122.26823676388922,0.6299999952316284,1581012974.9968581,29.8828125,37.87004089452128,4.0,2020-02-06T10:16:14.996858-08:00,10.0,57.86122820567321,1581012975.0933251,2.0675621241993376,POINT (-122.26823676388922 37.87004089452128),ios,1.2285696679043445,0.41272300495711234,-0.2691729946638993
28,distance,0,-122.26824925292495,0.20000000298023224,1581012975.9968367,12.3046875,37.87004588175367,4.0,2020-02-06T10:16:15.996837-08:00,10.0,57.86062877523054,1581012976.103325,2.067839896016651,POINT (-122.26824925292495 37.87004588175367),ios,1.6412838167865405,0.14355578611907585,-0.1346471685793067
29,distance,0,-122.26826794456902,0.3700000047683716,1581012976.996815,273.515625,37.87004625893931,4.0,2020-02-06T10:16:16.996815-08:00,10.0,57.82434213490901,1581012977.117548,2.0681176677677366,POINT (-122.26826794456902 37.87004625893931),ios,1.7848364883062604,0.00891153885695092,0.11729413040257239
30,distance,0,-122.26828621711793,0.7200000286102295,1581012977.9967942,288.6328125,37.870053299737975,4.0,2020-02-06T10:16:17.996794-08:00,10.0,57.98246099247246,1581012978.100378,2.0683954397837323,POINT (-122.26828621711793 37.870053299737975),ios,1.7937478423163618,0.12620323629583136,-0.7883593813052664
31,distance,0,-122.2682980356014,1.100000023841858,1581012978.9967718,332.578125,37.870066459325955,4.0,2020-02-06T10:16:18.996772-08:00,10.0,57.92726050365728,1581012979.111405,2.0686732113361357,POINT (-122.2682980356014 37.870066459325955),ios,1.9199482502277432,-0.6621384768142249,0.4911117961961606
32,distance,0,-122.26830348383847,1.1100000143051147,1581012979.9967499,1.7578125,37.87008318122278,4.0,2020-02-06T10:16:19.996750-08:00,10.0,57.87573825956407,1581012980.110537,2.0689509830209944,POINT (-122.26830348383847 37.87008318122278),ios,1.257824297096081,-0.1710374529143142,0.14769028470244142
33,distance,0,-122.26830465730491,1.100000023841858,1581012980.9967294,13.359375,37.87009445488255,4.0,2020-02-06T10:16:20.996729-08:00,10.0,57.87573825956407,1581012981.112249,2.069228755103217,POINT (-122.26830465730491 37.87009445488255),ios,1.0867903511333254,-0.023350196453145778,0.4393795814478613
34,distance,0,-122.26830591459039,0.800000011920929,1581012981.9967082,10.546875,37.87010417789023,4.0,2020-02-06T10:16:21.996708-08:00,10.0,57.81454988243262,1581012982.1016688,2.069506526986758,POINT (-122.26830591459039 37.87010417789023),ios,1.0634406501539184,0.41602006168797645,-0.4270500202064773
35,distance,0,-122.26830423820975,0.7200000286102295,1581012982.9966872,21.796875,37.87011364944081,4.0,2020-02-06T10:16:22.996687-08:00,10.0,57.872149461967744,1581012983.1027899,2.069784298936526,POINT (-122.26830423820975 37.87011364944081),ios,1.4794519833936401,-0.011020998652506846,-0.08904593297719746
36,distance,0,-122.26830633368554,0.699999988079071,1581012983.9966645,9.84375,37.870126850938306,4.0,2020-02-06T10:16:23.996665-08:00,10.0,57.82444016405133,1581012984.110156,2.0700620704227024,POINT (-122.26830633368554 37.870126850938306),ios,1.468431234364163,-0.10006491476024686,-0.10683919762622054
37,distance,0,-122.26830591459039,0.9399999976158142,1581012984.9966435,26.3671875,37.8701400524358,4.0,2020-02-06T10:16:24.996644-08:00,10.0,57.67258119906178,1581012985.108697,2.0703398423724706,POINT (-122.26830591459039 37.8701400524358),ios,1.3683684190493781,-0.20690187081089464,0.21506870843448414
38,distance,0,-122.26830122072461,0.9399999976158142,1581012985.9966223,36.9140625,37.87015178710024,3.0,2020-02-06T10:16:25.996622-08:00,10.0,57.548479296456804,1581012986.092276,2.0706176142560113,POINT (-122.26830122072461 37.87015178710024),ios,1.161470938541738,0.00816227402613669,-0.02901654158269088
39,distance,0,-122.26829426374498,0.9399999976158142,1581012986.9965997,51.6796875,37.8701606719176,3.0,2020-02-06T10:16:26.996600-08:00,10.0,57.64529612031963,1581012987.099948,2.0708953857421877,POINT (-122.26829426374498 37.8701606719176),ios,1.1696330276942861,-0.020853610338705805,0.08058028255793638
40,distance,0,-122.26828395400408,1.0499999523162842,1581012987.9965787,54.4921875,37.870167335530624,3.0,2020-02-06T10:16:27.996579-08:00,10.0,57.65992020496246,1581012988.107173,2.0711731576919554,POINT (-122.26828395400408 37.870167335530624),ios,1.1487798548817372,0.059724981577621114,-0.014861437078896521
41,distance,0,-122.2682742309964,0.8700000047683716,1581012988.9965572,44.6484375,37.87017425060074,3.0,2020-02-06T10:16:28.996557-08:00,10.0,57.73992300591953,1581012989.114151,2.0714509295092687,POINT (-122.2682742309964 37.87017425060074),ios,1.2085035549002863,0.04486386339056865,-0.15471725534118963
42,distance,0,-122.26826559763613,0.8899999856948853,1581012989.9965353,45.3515625,37.870182716322944,3.0,2020-02-06T10:16:29.996535-08:00,10.0,57.69310188542678,1581012990.103543,2.0717287011941274,POINT (-122.26826559763613 37.870182716322944),ios,1.2533664342240272,-0.10984999830354834,0.17470491655068693
43,distance,0,-122.26825503643813,0.8899999856948853,1581012990.9965143,62.2265625,37.870190301945314,3.0,2020-02-06T10:16:30.996514-08:00,10.0,57.69146859097242,1581012991.112397,2.0720064731438956,POINT (-122.26825503643813 37.870190301945314),ios,1.1435187406651637,0.06485125279211759,-0.13677993729759957
44,distance,0,-122.2682448943353,0.8899999856948853,1581012991.9964933,61.875,37.870196756010756,3.0,2020-02-06T10:16:31.996493-08:00,10.0,57.678584026143696,1581012992.114888,2.0722842450936634,POINT (-122.2682448943353 37.870196756010756),ios,1.2083686328238494,-0.07192581474819158,-0.22758622499520542
45,distance,0,-122.26823341112795,0.9900000095367432,1581012992.9964705,62.2265625,37.870202749071524,3.0,2020-02-06T10:16:32.996470-08:00,10.0,57.608256409235025,1581012993.113181,2.0725620165136127,POINT (-122.26823341112795 37.870202749071524),ios,1.136444464326911,-0.2995068307080959,0.1887068143985056
46,distance,0,-122.26822226319673,0.7799999713897705,1581012993.9964511,62.2265625,37.87020794585149,3.0,2020-02-06T10:16:33.996451-08:00,10.0,57.70278907611607,1581012994.115516,2.0728397889269723,POINT (-122.26822226319673 37.87020794585149),ios,0.8369434176662487,-0.11080366059764535,0.009788060752906435
47,distance,0,-122.26820516411426,0.7300000190734863,1581012995.9964073,62.2265625,37.87021460946451,3.0,2020-02-06T10:16:35.996407-08:00,10.0,57.38821827112572,1581012996.108698,2.0733953322966894,POINT (-122.26820516411426 37.87021460946451),ios,0.6153409573188007,-0.09122796848445126,0.03708200563276022
48,distance,0,-122.2681928427166,0.3799999952316284,1581012997.9963632,62.2265625,37.87021989006351,3.0,2020-02-06T10:16:37.996363-08:00,10.0,57.48281500570849,1581012998.1431289,2.073950875600179,POINT (-122.2681928427166 37.87021989006351),ios,0.4328890441817829,-0.01706559281116306,0.03252667009804574
49,distance,0,-122.26818404171827,0.2800000011920929,1581013000.9962993,62.2265625,37.87022927779506,3.0,2020-02-06T10:16:40.996299-08:00,10.0,57.61354948904564,1581013001.104456,2.0747841911845737,POINT (-122.26818404171827 37.87022927779506),ios,0.38169335617447014,0.08051233915303281,-0.00893036520481164
50,distance,0,-122.26816182967487,0.2199999988079071,1581013007.996149,62.2265625,37.87024570632528,3.0,2020-02-06T10:16:47.996149-08:00,10.0,57.63204825585851,1581013008.109868,2.076728593905767,POINT (-122.26816182967487 37.87024570632528),ios,0.9452676369940742,0.018001124093290605,0.02167374347422157
51,distance,0,-122.2681426351166,0.8999999761581421,1581013009.9961061,62.2265625,37.870253417676196,3.0,2020-02-06T10:16:49.996106-08:00,10.0,57.5651925599131,1581013010.1148539,2.0772841375403934,POINT (-122.2681426351166 37.870253417676196),ios,0.9812691126562183,0.06134768090557162,-0.01504834100825099
52,distance,0,-122.2681217641777,0.8100000023841858,1581013011.9960632,71.71875,37.87025974601309,3.0,2020-02-06T10:16:51.996063-08:00,10.0,57.646038227012994,1581013012.106638,2.07783968117502,POINT (-122.2681217641777 37.87025974601309),ios,1.1039618417105173,0.031251644693804224,-0.08957568672868543
53,distance,0,-122.26810994569423,0.8999999761581421,1581013012.9960413,71.71875,37.870263140683875,3.0,2020-02-06T10:16:52.996041-08:00,10.0,57.66833400130228,1581013013.109036,2.0781174528598787,POINT (-122.26810994569423 37.870263140683875),ios,1.135212800914831,-0.05832207723614964,0.02039432081116463
54,distance,0,-122.26809762429657,1.0499999523162842,1581013013.9960208,76.640625,37.87026624198805,3.0,2020-02-06T10:16:53.996021-08:00,10.0,57.728569296359346,1581013014.1073298,2.0783952249421014,POINT (-122.26809762429657 37.87026624198805),ios,1.0768919195144249,-0.037928174590094114,0.106658969494233
55,distance,0,-122.2680860572702,1.0499999523162842,1581013014.9959986,76.640625,37.87026946902077,3.0,2020-02-06T10:16:54.995999-08:00,10.0,57.56747735585148,1581013015.1240659,2.0786729965607327,POINT (-122.2680860572702 37.87026946902077),ios,1.0389645859030097,0.06872842996250303,0.0489888047266597
56,distance,0,-122.26807465788188,0.949999988079071,1581013015.9959776,76.2890625,37.87027198359172,3.0,2020-02-06T10:16:55.995978-08:00,10.0,57.74349905340072,1581013016.108947,2.0789507685105004,POINT (-122.26807465788188 37.87027198359172),ios,1.1076915738856665,0.11771620686313583,-0.0780457720132676
57,distance,0,-122.26806242030325,0.9300000071525574,1581013016.9959564,76.2890625,37.87027441434364,3.0,2020-02-06T10:16:56.995956-08:00,10.0,57.82454202353652,1581013017.1080132,2.079228540394041,POINT (-122.26806242030325 37.87027441434364),ios,1.2254052828987632,0.03967209092289231,-0.20032060159802417
58,distance,0,-122.26804875780108,0.949999988079071,1581013017.995935,82.265625,37.8702766774575,3.0,2020-02-06T10:16:57.995935-08:00,10.0,57.844088603589995,1581013018.1067681,2.0795063122113544,POINT (-122.26804875780108 37.8702766774575),ios,1.2650765225509362,-0.16064421226134407,0.08609212354203956
59,distance,0,-122.26803459238472,1.0499999523162842,1581013018.9959135,82.265625,37.87027877293329,3.0,2020-02-06T10:16:58.995914-08:00,10.0,57.8526648950175,1581013019.105115,2.0797840840286677,POINT (-122.26803459238472 37.87027877293329),ios,1.1044357573404266,-0.07455393605586351,0.20810211512421317
60,distance,0,-122.26802201952997,1.0499999523162842,1581013019.9958913,83.3203125,37.87027915011893,3.0,2020-02-06T10:16:59.995891-08:00,10.0,57.92177456960023,1581013020.1102018,2.080061855647299,POINT (-122.26802201952997 37.87027915011893),ios,1.0298834743636087,0.13354356483516425,-0.12045743043325467
61,distance,0,-122.26801045250359,0.9100000262260437,1581013020.9958706,82.6171875,37.87028070077102,3.0,2020-02-06T10:17:00.995871-08:00,10.0,57.798848457083146,1581013021.113193,2.0803396276632946,POINT (-122.26801045250359 37.87028070077102),ios,1.163424269182546,0.013088632980087904,0.11449562920068486
62,distance,0,-122.26799863402012,0.9100000262260437,1581013021.9958482,43.9453125,37.87028543654631,3.0,2020-02-06T10:17:01.995848-08:00,10.0,57.9297708338275,1581013022.1114879,2.0806173992156984,POINT (-122.26799863402012 37.87028543654631),ios,1.1765126088287459,0.1275816961795614,-0.3783728792614439
63,distance,0,-122.26799025211695,1.0299999713897705,1581013022.9958272,43.59375,37.870293692720935,3.0,2020-02-06T10:17:02.995827-08:00,10.0,57.835233510927246,1581013023.110715,2.080895171165466,POINT (-122.26799025211695 37.870293692720935),ios,1.3040916282377957,-0.25078324450294903,-0.1527887615990669
64,distance,0,-122.26798597734633,1.149999976158142,1581013023.9958057,4.21875,37.870304924471185,3.0,2020-02-06T10:17:03.995806-08:00,10.0,57.97156337338715,1581013024.106672,2.0811729429827794,POINT (-122.26798597734633 37.870304924471185),ios,1.0533137649594801,-0.40356872761086604,0.6218364062292393
65,distance,0,-122.26798614498439,1.149999976158142,1581013024.9957843,3.515625,37.87031439602177,3.0,2020-02-06T10:17:04.995784-08:00,10.0,57.94423731994915,1581013025.105994,2.0814507148000927,POINT (-122.26798614498439 37.87031439602177),ios,0.6497536969940487,0.21825433545665665,-0.17617647314358723
66,distance,0,-122.26799058739307,0.7200000286102295,1581013026.9957418,3.1640625,37.87032554395299,3.0,2020-02-06T10:17:06.995742-08:00,10.0,57.797820662297696,1581013027.1152282,2.082006258567174,POINT (-122.26799058739307 37.87032554395299),ios,1.0862531055192015,-0.13409113416401494,0.11043886414248827
67,distance,0,-122.26799234759274,1.0299999713897705,1581013028.995699,3.1640625,37.87034503187786,4.0,2020-02-06T10:17:08.995699-08:00,10.0,58.04982995769202,1581013029.148888,2.082561802201801,POINT (-122.26799234759274 37.87034503187786),ios,0.8180765917583536,0.08678185459908963,-0.013717643238516842
68,distance,0,-122.2679927666879,0.6499999761581421,1581013030.9956555,3.515625,37.87035974211793,4.0,2020-02-06T10:17:10.995656-08:00,10.0,57.98889264424537,1581013031.114303,2.0831173457039727,POINT (-122.2679927666879 37.87035974211793),ios,0.9916365353025561,0.059347163360519685,-0.170433774601755
69,distance,0,-122.26799394015434,0.7900000214576721,1581013032.9956121,3.1640625,37.870377553662166,4.0,2020-02-06T10:17:12.995612-08:00,10.0,58.0180189349615,1581013033.105418,2.0836728892061447,POINT (-122.26799394015434 37.870377553662166),ios,1.1103282868207176,-0.28151299034972666,0.2763305623511973
70,distance,0,-122.26799452688756,1.1200000047683716,1581013033.9955912,3.1640625,37.87038752812694,4.0,2020-02-06T10:17:13.995591-08:00,10.0,58.00813517951538,1581013034.105256,2.0839506611559124,POINT (-122.26799452688756 37.87038752812694),ios,0.8288212028485809,-0.005188225644452718,-0.0032833216299682365
71,distance,0,-122.26799637090626,0.8899999856948853,1581013035.9955475,3.1640625,37.870402364095554,4.0,2020-02-06T10:17:15.995548-08:00,10.0,58.09907222320081,1581013036.093282,2.084506204591857,POINT (-122.26799637090626 37.870402364095554),ios,0.8184449779250731,-0.011754725651096563,0.0005194956491368034
72,distance,0,-122.26799067298606,-1.0,1581013047.113492,-1.0,37.87048407349014,10.0,2020-02-06T10:17:27.113492-08:00,65.0,58.09907150268555,1581013047.551507,2.087594522502687,POINT (-122.26799067298606 37.87048407349014),ios,0.6877565907704378,-0.005979001866917416,-0.0006254060735473682
73,distance,0,-122.26798587052342,-1.0,1581013058.264827,-1.0,37.87055294183232,10.0,2020-02-06T10:17:38.264827-08:00,66.4370978306729,58.09907150268555,1581013060.518087,2.090692115558518,POINT (-122.26798587052342 37.87055294183232),ios,0.6210827379808862,-0.012953114504699048,19.619272085612945
74,distance,0,-122.26798519264982,-1.0,1581013060.007802,-1.0,37.87056266255614,10.0,2020-02-06T10:17:40.007802-08:00,66.67130796499774,58.09907150268555,1581013060.588136,2.091176275279787,POINT (-122.26798519264982 37.87056266255614),ios,0.5985057832715294,34.1829475815591,-96.64050786067942
75,distance,0,-122.26798406667508,-1.0,1581013063.0122561,-1.0,37.87057880956037,10.0,2020-02-06T10:17:43.012256-08:00,69.29430156632552,58.09907150268555,1581013063.195123,2.092010845873091,POINT (-122.26798406667508 37.87057880956037),ios,103.29960402176108,-256.1690259554307,653.6250267930438
76,distance,0,-122.26844882603946,2.190000057220459,1581013063.4071918,303.046875,37.87058186255197,16.0,2020-02-06T10:17:43.407192-08:00,10.0,106.0415210723877,1581013064.0885801,2.0921205502086218,POINT (-122.26844882603946 37.87058186255197),ios,2.1293340283004816,1.9707713463722352,-4.348625779359707
77,distance,0,-122.268460812161,2.190000057220459,1581013063.9991992,303.046875,37.870588107069835,16.0,2020-02-06T10:17:43.999199-08:00,10.0,105.08638191223145,1581013064.139999,2.092284996708234,POINT (-122.268460812161 37.870588107069835),ios,3.296045246312265,-0.6036472887746533,0.21265493599539387
78,distance,0,-122.26840440195265,0.0,1581013065.9993541,304.1015625,37.87062725055765,8.0,2020-02-06T10:17:45.999354-08:00,10.0,95.1596851348877,1581013066.0888429,2.0928405953115887,POINT (-122.26840440195265 37.87062725055765),ios,2.088657120289194,-0.1783044612068743,-0.015482223549181783
79,distance,0,-122.26837464619639,0.0,1581013069.9995043,344.53125,37.87069862246315,8.0,2020-02-06T10:17:49.999504-08:00,10.0,97.95833015441895,1581013070.106749,2.093951748145951,POINT (-122.26837464619639 37.87069862246315),ios,1.3754124934710352,-0.24023568089093758,0.12362486661248233
80,distance,0,-122.26837514911058,1.7400000095367432,1581013070.9995284,341.015625,37.87071098577033,6.0,2020-02-06T10:17:50.999528-08:00,10.0,99.86787605285645,1581013071.124356,2.0942295326126947,POINT (-122.26837514911058 37.87071098577033),ios,1.1351710276384792,-0.11660783735748628,0.08067088028922295
81,distance,0,-122.26835218269589,0.6499999761581421,1581013073.9995844,331.5234375,37.87073567047517,8.0,2020-02-06T10:17:53.999584-08:00,10.0,97.3603687286377,1581013074.0984821,2.095062881509463,POINT (-122.26835218269589 37.87073567047517),ios,0.7853409822194201,0.12540932336779614,-0.0602206320222754
82,distance,0,-122.2683347483373,0.6000000238418579,1581013078.9996223,358.2421875,37.870768192259476,6.0,2020-02-06T10:17:58.999622-08:00,10.0,97.9959888458252,1581013079.098455,2.096451780928506,POINT (-122.2683347483373 37.870768192259476),ios,1.4123923531445175,-0.17569611962066645,-0.041389640442356664
83,distance,0,-122.26833055738571,0.8399999737739563,1581013080.999627,355.078125,37.870793379878506,6.0,2020-02-06T10:18:00.999627-08:00,10.0,99.73567390441895,1581013081.100867,2.097007337808609,POINT (-122.26833055738571 37.870793379878506),ios,1.0609992761188007,-0.25847559786656504,0.3402019908140812
84,distance,0,-122.26833323959472,0.7900000214576721,1581013081.999627,338.203125,37.87080268379103,6.0,2020-02-06T10:18:01.999627-08:00,10.0,100.69124031066895,1581013082.096434,2.097285115586387,POINT (-122.26833323959472 37.87080268379103),ios,0.8025236782522357,0.08172639294751616,-0.003364863839882724
85,distance,0,-122.26833944220307,0.7900000214576721,1581013083.999621,337.8515625,37.870816262474165,6.0,2020-02-06T10:18:03.999621-08:00,10.0,102.31440925598145,1581013084.101139,2.0978406694200302,POINT (-122.26833944220307 37.870816262474165),ios,0.9659759575349155,0.07499668612614815,0.19846860989454487
86,distance,0,-122.26834522571626,0.8899999856948853,1581013085.999611,337.1484375,37.87083302628051,6.0,2020-02-06T10:18:05.999611-08:00,10.0,103.2358570098877,1581013086.0974069,2.0983962221940358,POINT (-122.26834522571626 37.87083302628051),ios,1.1159685788018714,0.47193191853387123,1.7177437386577292
87,distance,0,-122.26834681827786,0.6499999761581421,1581013087.9995973,324.140625,37.87081299353193,6.0,2020-02-06T10:18:07.999597-08:00,10.0,95.68550300598145,1581013088.1027532,2.0989517739746306,POINT (-122.26834681827786 37.87081299353193),ios,2.0598260023813793,3.907396051954108,-6.890401331662507
88,distance,0,-122.2683429626024,0.49000000953674316,1581013088.999589,311.1328125,37.870794720983014,6.0,2020-02-06T10:18:08.999589-08:00,10.0,90.88057136535645,1581013089.110652,2.0992295494344497,POINT (-122.2683429626024 37.870794720983014),ios,5.967189448481973,-2.9829477817190764,1.672724054645747
89,distance,0,-122.26831924181643,0.0,1581013089.9995904,271.40625,37.870744429563985,6.0,2020-02-06T10:18:09.999590-08:00,10.0,85.50593757629395,1581013090.10705,2.099507327609592,POINT (-122.26831924181643 37.870744429563985),ios,2.9842373996218665,-1.3102213342223754,0.6758805936330876
90,distance,0,-122.26828713912728,0.0,1581013091.9995577,271.40625,37.87069711372058,8.0,2020-02-06T10:18:11.999558-08:00,10.0,83.5257740020752,1581013092.102622,2.100062874091996,POINT (-122.26828713912728 37.87069711372058),ios,0.3638375273890233,0.04151777652256342,-0.05267960336985079
91,distance,0,-122.26826844748321,0.5600000023841858,1581013098.9994612,329.4140625,37.87067959554295,8.0,2020-02-06T10:18:18.999461-08:00,10.0,81.09761238098145,1581013099.111796,2.1020072917143504,POINT (-122.26826844748321 37.87067959554295),ios,0.6544579541102065,-0.32723436034893794,0.163619871865667
92,distance,0,-122.26826962094965,0.550000011920929,1581013100.9994283,352.96875,37.87069133020739,8.0,2020-02-06T10:18:20.999428-08:00,10.0,84.4625415802002,1581013101.113097,2.102562838130527,POINT (-122.26826962094965 37.87069133020739),ios,0.0,0.0,0.0
