,filter,floor,longitude,sensed_speed,ts,bearing,latitude,vaccuracy,fmt_time,accuracy,altitude,write_ts,hr,geometry,source,speed,acceleration,jerk
0,distance,0,-122.26818903175578,-1.0,1564161249.398771,-1.0,37.87004494499782,10.0,2019-07-26T10:14:09.398771-07:00,65.0,54.403438568115234,1564161249.571526,2.090170443389151,POINT (-122.26818903175578 37.87004494499782),ios,2.3535387128408174,0.189814907125084,3.0734040811674714
1,distance,0,-122.26819267507854,-1.0,1564161254.9973264,-1.0,37.86992648154298,24.0,2019-07-26T10:14:14.997326-07:00,50.0,61.069780349731445,1564161255.0890908,2.0917255976465015,POINT (-122.26819267507854 37.86992648154298),ios,3.416227972167807,17.39643769611464,-37.103999945221744
2,distance,0,-122.26817800674799,-1.0,1564161255.9973054,-1.0,37.869898024981715,4.0,2019-07-26T10:14:15.997305-07:00,50.0,58.681047439575195,1564161256.090905,2.092003369596269,POINT (-122.26817800674799 37.869898024981715),ios,20.812300676494235,-19.706783776207864,19.748281918522174
3,distance,0,-122.2681016476101,1.100000023841858,1564161256.997285,53.0859375,37.87007521841477,4.0,2019-07-26T10:14:16.997285-07:00,30.0,58.740800857543945,1564161257.107382,2.0922811416784923,POINT (-122.2681016476101 37.87007521841477),ios,1.1059209681376174,0.04109322358524509,0.06710787719609834
4,distance,0,-122.26809175696435,1.100000023841858,1564161257.997265,52.734375,37.8700813791136,4.0,2019-07-26T10:14:17.997265-07:00,30.0,58.733354568481445,1564161258.0974789,2.0925589139593974,POINT (-122.26809175696435 37.8700813791136),ios,1.1470133785396603,0.10819977280087104,0.13106795389049122
5,distance,0,-122.26808278832796,1.100000023841858,1564161258.9972444,48.515625,37.87008888091694,4.0,2019-07-26T10:14:18.997244-07:00,30.0,58.729631423950195,1564161259.09533,2.0928366859753926,POINT (-122.26808278832796 37.87008888091694),ios,1.2552109070157915,0.23926500802528836,0.9660114319723141
6,distance,0,-122.26807281386318,0.9300000071525574,1564161259.9972246,53.0859375,37.8700969694535,4.0,2019-07-26T10:14:19.997225-07:00,30.0,58.720293045043945,1564161260.101451,2.0931144582562977,POINT (-122.26807281386318 37.8700969694535),ios,1.4944711802875508,1.205257323846543,-0.5309917829402918
7,distance,0,-122.26806845527354,1.2599999904632568,1564161260.9972045,39.0234375,37.870109961403415,4.0,2019-07-26T10:14:20.997205-07:00,30.0,58.703325271606445,1564161261.09522,2.0933922304709753,POINT (-122.26806845527354 37.870109961403415),ios,2.699704366252051,0.674276175163989,-1.7270870223272632
8,distance,0,-122.26806392904582,1.809999942779541,1564161261.9971833,22.5,37.870133975556,4.0,2019-07-26T10:14:21.997183-07:00,30.0,58.725297927856445,1564161262.183346,2.093670002354516,POINT (-122.26806392904582 37.870133975556),ios,3.373966233778923,-1.0527741996658617,0.5862516458108749
9,distance,0,-122.26806107919874,1.7200000286102295,1564161262.9971628,9.84375,37.87016423422645,4.0,2019-07-26T10:14:22.997163-07:00,30.0,58.643754959106445,1564161263.105139,2.0939477744367387,POINT (-122.26806107919874 37.87016423422645),ios,2.321213620192938,-0.4665345743574444,1.0774179547020981
10,distance,0,-122.26805093709591,0.9399999976158142,1564161263.9971426,9.4921875,37.870183512603745,4.0,2019-07-26T10:14:23.997143-07:00,30.0,58.580400466918945,1564161264.100069,2.094225546585189,POINT (-122.26805093709591 37.870183512603745),ios,1.854688500428871,0.6108615458457357,0.684375908870101
11,distance,0,-122.26803132344249,0.9399999976158142,1564161264.9971225,22.1484375,37.87018971521209,4.0,2019-07-26T10:14:24.997123-07:00,30.0,58.540056228637695,1564161265.1057181,2.0945033187998665,POINT (-122.26803132344249 37.87018971521209),ios,2.4655378124522964,1.2952237486095686,-1.1739490803042878
12,distance,0,-122.26800324406686,0.7200000286102295,1564161265.9971018,89.296875,37.8701902600358,4.0,2019-07-26T10:14:25.997102-07:00,30.0,58.644853591918945,1564161266.1069899,2.094781090815862,POINT (-122.26800324406686 37.8701902600358),ios,3.7607346949915637,0.12129901884591555,-2.97708067479115
13,distance,0,-122.2679629271126,0.7200000286102295,1564161266.9970813,123.046875,37.87017881873797,4.0,2019-07-26T10:14:26.997081-07:00,30.0,58.867631912231445,1564161267.115818,2.095058862898085,POINT (-122.2679629271126 37.87017881873797),ios,3.8820312267226633,-2.85572061388962,2.90653013030053
14,distance,0,-122.26792101759675,0.8799999952316284,1564161267.9970617,106.5234375,37.87016767080675,4.0,2019-07-26T10:14:27.997062-07:00,10.0,59.161699295043945,1564161268.122541,2.0953366352452174,POINT (-122.26792101759675 37.87016767080675),ios,1.0263664430948314,0.0507526928066403,0.1541006350830116
15,distance,0,-122.26791808393064,0.25,1564161269.9970212,107.578125,37.87014935634832,4.0,2019-07-26T10:14:29.997021-07:00,10.0,59.331499099731445,1564161270.1169581,2.0958921795421177,POINT (-122.26791808393064 37.87014935634832),ios,1.1278697716426782,0.3589477170954061,-0.3657178383931256
16,distance,0,-122.26791791629257,0.23999999463558197,1564161270.9970005,184.21875,37.870139214245484,4.0,2019-07-26T10:14:30.997000-07:00,10.0,59.324785232543945,1564161271.114285,2.096169951558113,POINT (-122.26791791629257 37.870139214245484),ios,1.486810043295077,-0.00676253542603727,-0.15179123463114
17,distance,0,-122.26792780693832,0.25,1564161271.9969807,221.8359375,37.870128359680876,4.0,2019-07-26T10:14:31.996981-07:00,10.0,59.449113845825195,1564161272.121194,2.096447723839018,POINT (-122.26792780693832 37.870128359680876),ios,1.480047641691109,-0.15855076629958736,2.2923166586253587
18,distance,0,-122.26793853577438,0.5299999713897705,1564161272.9969594,236.953125,37.87011809184949,4.0,2019-07-26T10:14:32.996959-07:00,10.0,59.392412185668945,1564161273.124226,2.0967254957225587,POINT (-122.26793853577438 37.87011809184949),ios,1.3215002397204307,2.133717251077398,-2.074921808833023
19,distance,0,-122.26794951606753,0.6200000047683716,1564161273.9969392,245.390625,37.870109961403415,4.0,2019-07-26T10:14:33.996939-07:00,30.0,59.334733963012695,1564161274.1169949,2.097003267871009,POINT (-122.26794951606753 37.870109961403415),ios,3.455174249781836,0.05883749173667464,-0.02867542834841045
20,distance,0,-122.26798438478473,1.7599999904632568,1564161274.9969192,248.203125,37.87009554452996,4.0,2019-07-26T10:14:34.996919-07:00,10.0,59.193254470825195,1564161275.116905,2.0972810400856865,POINT (-122.26798438478473 37.87009554452996),ios,3.514010563170612,0.030162637675674273,-1.114712327179662
21,distance,0,-122.26801958877805,1.7000000476837158,1564161275.9968991,244.3359375,37.87008049901377,4.0,2019-07-26T10:14:35.996899-07:00,30.0,58.924333572387695,1564161276.103066,2.097558812300364,POINT (-122.26801958877805 37.87008049901377),ios,3.544172596774296,-1.0845273649811389,0.12031224202341799
22,distance,0,-122.26805537950459,1.7000000476837158,1564161276.9968786,241.875,37.870065746864185,4.0,2019-07-26T10:14:36.996879-07:00,30.0,58.760942459106445,1564161277.111352,2.097836584382587,POINT (-122.26805537950459 37.870065746864185),ios,2.4596674689398657,-0.964217589839667,1.1500660068434276
23,distance,0,-122.26807951938572,1.7000000476837158,1564161277.9968584,238.359375,37.870054515113935,4.0,2019-07-26T10:14:37.996858-07:00,30.0,58.606340408325195,1564161278.1101809,2.0981143565310374,POINT (-122.26807951938572 37.870054515113935),ios,1.4954694195281544,0.18582511024998657,-1.8671881877137595
24,distance,0,-122.26809469063046,0.15000000596046448,1564161278.9968379,239.765625,37.87004839632462,4.0,2019-07-26T10:14:38.996838-07:00,30.0,58.619462966918945,1564161279.109988,2.09839212861326,POINT (-122.26809469063046 37.87004839632462),ios,1.6812907196204887,-1.6813247926412747,4.5631590925791805
25,distance,0,-122.26811304699841,0.5199999809265137,1564161279.9968176,312.890625,37.87005271300475,4.0,2019-07-26T10:14:39.996818-07:00,30.0,58.636003494262695,1564161280.1236548,2.0986699007617102,POINT (-122.26811304699841 37.87005271300475),ios,0.0,2.8817418248758053,-1.5826555136057732
26,distance,0,-122.26811304699841,0.0,1564161280.996797,344.8828125,37.87005271300475,4.0,2019-07-26T10:14:40.996797-07:00,10.0,58.920915603637695,1564161281.118999,2.098947672843933,POINT (-122.26811304699841 37.87005271300475),ios,2.88168273764776,1.2991187620352056,-3.218651117407615
27,distance,0,-122.26812805060509,0.5199999809265137,1564161281.9967775,335.7421875,37.870029662771024,4.0,2019-07-26T10:14:41.996778-07:00,10.0,59.622514724731445,1564161282.120501,2.0992254451910655,POINT (-122.26812805060509 37.870029662771024),ios,4.18077610149092,-1.9194694297018744,1.0617821433237602
28,distance,0,-122.26814028818372,0.5400000214576721,1564161282.996756,190.8984375,37.869993327220776,4.0,2019-07-26T10:14:42.996756-07:00,10.0,59.907304763793945,1564161283.123961,2.0995032170083787,POINT (-122.26814028818372 37.869993327220776),ios,2.261347859134711,-0.8577100697512077,-0.5459846127799319
29,distance,0,-122.26815068174365,0.3400000035762787,1564161283.9967365,196.171875,37.869974719395735,4.0,2019-07-26T10:14:43.996737-07:00,10.0,60.184648513793945,1564161284.140833,2.0997809893555113,POINT (-122.26815068174365 37.869974719395735),ios,1.4036545578928246,-1.4036840083553412,3.28667777572297
30,distance,0,-122.26816652354064,0.38999998569488525,1564161284.9967155,215.15625,37.869973001105585,4.0,2019-07-26T10:14:44.996716-07:00,30.0,59.026384353637695,1564161285.1295109,2.100058761305279,POINT (-122.26816652354064 37.869973001105585),ios,0.0,1.8829248101236467,-2.7029453495629108
31,distance,0,-122.26816652354064,0.0,1564161285.996696,262.6171875,37.869973001105585,4.0,2019-07-26T10:14:45.996696-07:00,10.0,59.223344802856445,1564161286.134616,2.1003365336524116,POINT (-122.26816652354064 37.869973001105585),ios,1.8828879983345084,-0.8199676959833145,0.80953256163935
32,distance,0,-122.26817859348121,0.3799999952316284,1564161286.9966755,299.53125,37.86998699888388,4.0,2019-07-26T10:14:46.996675-07:00,10.0,59.615434646606445,1564161287.133141,2.1006143057346343,POINT (-122.26817859348121 37.86998699888388),ios,1.0629371149670306,-0.010451732997829645,0.1722505004010069
33,distance,0,-122.26818186242345,0.20999999344348907,1564161288.996635,324.84375,37.87000594198505,4.0,2019-07-26T10:14:48.996635-07:00,10.0,60.608659744262695,1564161289.108568,2.101169850031535,POINT (-122.26818186242345 37.87000594198505),ios,1.0420340725922175,0.3340422862918598,-1.0201262318565116
34,distance,0,-122.26817415107253,0.36000001430511475,1564161289.996614,151.5234375,37.870013066602745,4.0,2019-07-26T10:14:49.996614-07:00,10.0,61.401933670043945,1564161290.137838,2.1014476219813027,POINT (-122.26817415107253 37.870013066602745),ios,1.3760693503979986,-0.6860625424645418,0.7768294731812825
35,distance,0,-122.2681584769136,0.36000001430511475,1564161290.996594,152.2265625,37.870013276150324,4.0,2019-07-26T10:14:50.996594-07:00,10.0,61.744340896606445,1564161291.124848,2.1017253941959804,POINT (-122.2681584769136 37.870013276150324),ios,0.690020547818207,0.09075137302808794,-0.12371904027797537
36,distance,0,-122.26814280275467,0.5199999809265137,1564161292.9965534,149.4140625,37.87001424006919,4.0,2019-07-26T10:14:52.996553-07:00,10.0,62.944414138793945,1564161293.1326442,2.102280938492881,POINT (-122.26814280275467 37.87001424006919),ios,0.8715196156161034,-0.15668169305183835,0.1506953302194243
37,distance,0,-122.26813500758472,0.7599999904632568,1564161294.9965136,40.4296875,37.870028656942644,4.0,2019-07-26T10:14:54.996514-07:00,10.0,62.922746658325195,1564161295.1249042,2.1028364829884634,POINT (-122.26813500758472 37.870028656942644),ios,0.5581624679354736,0.14470296731640342,0.0829600132334469
38,distance,0,-122.26813718687954,0.27000001072883606,1564161296.9964728,101.25,37.870038547588386,4.0,2019-07-26T10:14:56.996473-07:00,10.0,62.540727615356445,1564161297.126445,2.1033920272191367,POINT (-122.26813718687954 37.870038547588386),ios,0.8475625030895085,0.3106196115386476,0.0026545065948605524
39,distance,0,-122.26815436978104,0.23999999463558197,1564161298.9964316,236.6015625,37.870045504568026,4.0,2019-07-26T10:14:58.996432-07:00,10.0,62.153642654418945,1564161299.13008,2.103947571317355,POINT (-122.26815436978104 37.870045504568026),ios,1.4687889142216524,0.3159285152394902,-0.4368004022428861
40,distance,0,-122.268170127759,0.550000011920929,1564161299.9964118,295.3125,37.87004994697671,4.0,2019-07-26T10:14:59.996412-07:00,10.0,62.805803298950195,1564161300.128449,2.1042253435982596,POINT (-122.268170127759 37.87004994697671),ios,1.7847111776332434,-0.12086324327290178,-0.8209988214556839
41,distance,0,-122.26818588573697,0.550000011920929,1564161300.9963918,330.8203125,37.870060089079544,4.0,2019-07-26T10:15:00.996392-07:00,10.0,63.328874588012695,1564161301.126714,2.1045031158129373,POINT (-122.26818588573697 37.870060089079544),ios,1.6638503549079307,-0.9418456224532994,1.0070845686532295
42,distance,0,-122.26819384854498,0.8500000238418579,1564161301.9963708,341.71875,37.87007366776268,4.0,2019-07-26T10:15:01.996371-07:00,10.0,63.595537185668945,1564161302.101887,2.1047808877627054,POINT (-122.26819384854498 37.87007366776268),ios,0.7220244931621946,0.06521781672480352,0.17457970768491973
43,distance,0,-122.26819904532495,0.27000001072883606,1564161303.996331,327.65625,37.870085989160344,4.0,2019-07-26T10:15:03.996331-07:00,10.0,63.324357986450195,1564161304.094342,2.105336432258288,POINT (-122.26819904532495 37.870085989160344),ios,0.852457529905556,0.41437028104598667,-0.1694272898719703
44,distance,0,-122.26820373919072,0.3700000047683716,1564161305.9962893,313.9453125,37.870100867038474,4.0,2019-07-26T10:15:05.996289-07:00,10.0,63.680559158325195,1564161306.103745,2.1058919762240516,POINT (-122.26820373919072 37.870100867038474),ios,1.6811808031221442,0.07552277035944573,-0.2791231608208877
45,distance,0,-122.26820742722812,0.6000000238418579,1564161306.9962697,329.765625,37.87011570300709,4.0,2019-07-26T10:15:06.996270-07:00,10.0,63.939043045043945,1564161307.170572,2.106169748571184,POINT (-122.26820742722812 37.87011570300709),ios,1.7567020969869989,-0.2035949335133554,-0.3129179377558769
46,distance,0,-122.26820885215166,1.1699999570846558,1564161307.996249,337.8515625,37.87013146098505,4.0,2019-07-26T10:15:07.996249-07:00,10.0,64.0068531036377,1564161308.118293,2.1064475205871793,POINT (-122.26820885215166 37.87013146098505),ios,1.5531113865245276,-0.516506380595074,0.14271655682842754
47,distance,0,-122.26821321074131,1.1100000143051147,1564161308.9962296,336.09375,37.87014499775867,4.0,2019-07-26T10:15:08.996230-07:00,10.0,64.17634773254395,1564161309.10565,2.1067252930005393,POINT (-122.26821321074131 37.87014499775867),ios,1.0366149806515597,-0.37379257989522063,0.39487869040819706
48,distance,0,-122.2682118696368,1.1100000143051147,1564161309.9962091,347.6953125,37.87015425976168,4.0,2019-07-26T10:15:09.996209-07:00,10.0,64.1328296661377,1564161310.111192,2.107003065082762,POINT (-122.2682118696368 37.87015425976168),ios,0.6628300649985759,0.021078013921175958,0.03996479697797162
49,distance,0,-122.2682084330565,0.8500000238418579,1564161311.9961677,348.046875,37.87016586869757,4.0,2019-07-26T10:15:11.996168-07:00,10.0,64.04158210754395,1564161312.1185799,2.107558609114753,POINT (-122.2682084330565 37.87016586869757),ios,0.7049852184230453,0.10100594994420013,-0.142416378966935
50,distance,0,-122.26821664732161,0.2199999988079071,1564161313.9961276,103.0078125,37.870154972223446,4.0,2019-07-26T10:15:13.996128-07:00,10.0,63.402605056762695,1564161314.1188211,2.108114153544108,POINT (-122.26821664732161 37.870154972223446),ios,0.9069930725866744,-0.18382110359826986,0.5654933975819937
51,distance,0,-122.268220335359,0.3499999940395355,1564161315.9960866,111.09375,37.87013892087887,4.0,2019-07-26T10:15:15.996087-07:00,30.0,62.737993240356445,1564161316.124543,2.108669697708554,POINT (-122.268220335359 37.87013892087887),ios,0.5393584035251432,0.9471425018149546,-0.7083094263612056
52,distance,0,-122.2682311480141,0.3499999940395355,1564161317.9960465,9.4921875,37.87014353092562,4.0,2019-07-26T10:15:17.996047-07:00,30.0,62.450029373168945,1564161318.121423,2.1092252421379087,POINT (-122.2682311480141 37.87014353092562),ios,2.433605470004978,-0.46944798005412114,0.5493048356141176
53,distance,0,-122.2682464868969,1.6399999856948853,1564161318.996025,343.125,37.870161761565015,4.0,2019-07-26T10:15:18.996025-07:00,30.0,62.337175369262695,1564161319.122891,2.1095030139552224,POINT (-122.2682464868969 37.870161761565015),ios,1.96416756321169,0.07984506875694046,-0.6535419254151674
54,distance,0,-122.26826006558004,1.6399999856948853,1564161319.9960055,339.609375,37.87017580125283,4.0,2019-07-26T10:15:19.996006-07:00,30.0,62.483476638793945,1564161320.107857,2.1097807863023545,POINT (-122.26826006558004 37.87017580125283),ios,2.0440110709717074,-0.5736840797021733,-0.022371037435328284
55,distance,0,-122.26827615883413,1.350000023841858,1564161320.9959857,340.3125,37.870189086569354,4.0,2019-07-26T10:15:20.995986-07:00,30.0,62.103227615356445,1564161321.103414,2.1100585585832596,POINT (-122.26827615883413 37.870189086569354),ios,1.4703383437558144,-0.596054674442812,0.7214158742238783
56,distance,0,-122.26828806113663,0.7900000214576721,1564161321.995965,339.9609375,37.870198390481875,4.0,2019-07-26T10:15:21.995965-07:00,30.0,61.986040115356445,1564161322.121776,2.110336330599255,POINT (-122.26828806113663 37.870198390481875),ios,0.874296032927246,0.12534623587261876,0.3682053157815496
57,distance,0,-122.26830155600074,0.5600000023841858,1564161323.9959242,359.6484375,37.87020995750825,4.0,2019-07-26T10:15:23.995924-07:00,30.0,62.491655349731445,1564161324.126797,2.110891874829928,POINT (-122.26830155600074 37.87020995750825),ios,1.1249833943594651,0.8617418558607346,-1.118876852331557
58,distance,0,-122.26830633368554,0.7099999785423279,1564161324.9959035,358.9453125,37.8702193452398,4.0,2019-07-26T10:15:24.995903-07:00,30.0,62.853960037231445,1564161325.120265,2.1111696468459233,POINT (-122.26830633368554 37.8702193452398),ios,1.9867073756118119,-0.25711178826127146,0.7636522250517194
59,distance,0,-122.26831471558872,0.7099999785423279,1564161325.9958844,351.9140625,37.87023594140808,4.0,2019-07-26T10:15:25.995884-07:00,10.0,63.599992752075195,1564161326.122211,2.111447419325511,POINT (-122.26831471558872 37.87023594140808),ios,1.7296004913687186,0.5065258712801739,-0.48118798641219834
60,distance,0,-122.26831991236868,1.2799999713897705,1564161326.9958632,348.3984375,37.87025094501476,4.0,2019-07-26T10:15:26.995863-07:00,10.0,63.726274490356445,1564161327.124741,2.1117251912090516,POINT (-122.26831991236868 37.87025094501476),ios,2.2361156145480052,0.02534809531785967,-0.416497707470213
61,distance,0,-122.26832846190992,1.409999966621399,1564161327.995843,346.2890625,37.87026988811593,4.0,2019-07-26T10:15:27.995843-07:00,10.0,63.791460037231445,1564161328.1256142,2.1120029633575017,POINT (-122.26832846190992 37.87026988811593),ios,2.261463196172031,-0.39114117158506606,0.25362028299548306
62,distance,0,-122.26833600562277,1.4600000381469727,1564161328.995822,350.5078125,37.870289334131286,4.0,2019-07-26T10:15:28.995822-07:00,10.0,63.954118728637695,1564161329.12221,2.1122807353072695,POINT (-122.26833600562277 37.870289334131286),ios,1.8703302310553325,-0.13752620975488328,-0.05268123477651774
63,distance,0,-122.26834103476467,1.4600000381469727,1564161329.995802,348.75,37.87030567884247,4.0,2019-07-26T10:15:29.995802-07:00,10.0,64.5319995880127,1564161330.133888,2.112558507521947,POINT (-122.26834103476467 37.87030567884247),ios,1.7328067755599448,-0.1902063894758492,0.17197680327094622
64,distance,0,-122.2683434655166,1.4600000381469727,1564161330.9957824,349.453125,37.87032114345382,4.0,2019-07-26T10:15:30.995782-07:00,10.0,65.2241382598877,1564161331.1288629,2.1128362798690796,POINT (-122.2683434655166 37.87032114345382),ios,1.542604104680539,-0.01823294840703906,-0.051612546257005176
65,distance,0,-122.26834363315466,1.4600000381469727,1564161331.9957614,349.453125,37.87033501550357,4.0,2019-07-26T10:15:31.995761-07:00,10.0,65.8571949005127,1564161332.127532,2.113114051818848,POINT (-122.26834363315466 37.87033501550357),ios,1.5243715388159813,-0.0698444117897293,-0.012242044820730304
66,distance,0,-122.26834220823112,1.5499999523162842,1564161332.9957414,349.8046875,37.87034867800574,4.0,2019-07-26T10:15:32.995741-07:00,10.0,65.84517097473145,1564161333.121896,2.1133918240335254,POINT (-122.26834220823112 37.87034867800574),ios,1.454528525811507,-0.08208621143706137,-0.5169285308849616
67,distance,0,-122.2683395260221,1.5199999809265137,1564161333.9957218,350.15625,37.870361586136625,4.0,2019-07-26T10:15:33.995722-07:00,10.0,65.87532234191895,1564161334.1222072,2.1136695963806575,POINT (-122.2683395260221 37.870361586136625),ios,1.372443919186433,-0.5990046362020249,0.7651341316700394
68,distance,0,-122.26833558652761,1.5199999809265137,1564161334.9957004,2.8125,37.870373530348644,4.0,2019-07-26T10:15:34.995700-07:00,10.0,66.01558113098145,1564161335.1261702,2.113947368197971,POINT (-122.26833558652761 37.870373530348644),ios,0.7734521362294896,0.16611307747068996,-0.3967653602120035
69,distance,0,-122.26832971919539,0.9800000190734863,1564161336.9956596,3.1640625,37.87038664802711,4.0,2019-07-26T10:15:36.995660-07:00,10.0,65.64192390441895,1564161337.127706,2.114502912428644,POINT (-122.26832971919539 37.87038664802711),ios,1.1056715188109625,-0.6274014669974025,0.9057315518030592
70,distance,0,-122.26833030592861,0.9800000190734863,1564161337.99564,3.1640625,37.870396580582366,4.0,2019-07-26T10:15:37.995640-07:00,10.0,65.42012214660645,1564161338.127174,2.114780684775776,POINT (-122.26833030592861 37.870396580582366),ios,0.47828231771519564,0.27831237746082715,-0.03451554017779989
71,distance,0,-122.26831974473062,0.46000000834465027,1564161340.995579,3.8671875,37.87040642931859,4.0,2019-07-26T10:15:40.995579-07:00,10.0,63.833635330200195,1564161341.116591,2.1156140011548996,POINT (-122.26831974473062 37.87040642931859),ios,1.3132024632582324,0.1747678635888153,-0.0424485789514684
72,distance,0,-122.26831345830324,0.800000011920929,1564161342.9955385,4.21875,37.87042952146183,4.0,2019-07-26T10:15:42.995538-07:00,30.0,63.371843338012695,1564161343.114596,2.1161695454518,POINT (-122.26831345830324 37.87042952146183),ios,1.6627311068918924,0.08987242617595785,-0.6711032535851321
73,distance,0,-122.2683054116762,0.5,1564161343.9955187,4.5703125,37.87044305823545,4.0,2019-07-26T10:15:43.995519-07:00,10.0,64.09053230285645,1564161344.110773,2.116447317732705,POINT (-122.2683054116762 37.87044305823545),ios,1.7526017546055899,-0.5812175471199899,0.03577210992245512
74,distance,0,-122.2682964430398,0.8199999928474426,1564161344.9954984,4.5703125,37.87045713983278,4.0,2019-07-26T10:15:44.995498-07:00,10.0,64.28499031066895,1564161345.114162,2.116725089881155,POINT (-122.2682964430398 37.87045713983278),ios,1.1713959861958474,-0.5454461621400624,0.4229895794727944
75,distance,0,-122.26828789349857,0.23000000417232513,1564161345.995478,4.921875,37.87046522836934,4.0,2019-07-26T10:15:45.995478-07:00,10.0,64.1831226348877,1564161346.120841,2.1170028619633783,POINT (-122.26828789349857 37.87046522836934),ios,0.625961007882695,-0.12246525564467603,0.08972470579673222
76,distance,0,-122.2682739795393,0.23000000417232513,1564161347.9954367,5.2734375,37.870462755707905,4.0,2019-07-26T10:15:47.995437-07:00,10.0,63.662065505981445,1564161348.1203961,2.117558406061596,POINT (-122.2682739795393 37.870462755707905),ios,0.3810355478460005,0.05698045512641054,0.027658267559243794
77,distance,0,-122.26826459180775,0.28999999165534973,1564161350.9953766,5.2734375,37.87045563109021,4.0,2019-07-26T10:15:50.995377-07:00,10.0,63.883501052856445,1564161351.105717,2.118391722705629,POINT (-122.26826459180775 37.87045563109021),ios,0.5519734897550469,0.13995359605443924,0.020988599769718175
78,distance,0,-122.26825729955199,0.20999999344348907,1564161352.995336,5.625,37.87044754255365,4.0,2019-07-26T10:15:52.995336-07:00,10.0,64.08845710754395,1564161353.107782,2.1189472670025298,POINT (-122.26825729955199 37.87044754255365),ios,0.8318750093825484,0.18192994490161274,0.10774000971495473
79,distance,0,-122.26824631925884,0.41999998688697815,1564161354.9952946,5.625,37.870435346884534,4.0,2019-07-26T10:15:54.995295-07:00,10.0,64.4813404083252,1564161355.131036,2.1195028110345207,POINT (-122.26824631925884 37.870435346884534),ios,1.195727351852435,0.39740549475523723,-0.8540374215396938
80,distance,0,-122.26823391404214,0.41999998688697815,1564161355.9952748,5.9765625,37.87043090447585,4.0,2019-07-26T10:15:55.995275-07:00,10.0,64.7810230255127,1564161356.1263561,2.1197805833154253,POINT (-122.26823391404214 37.87043090447585),ios,1.593124982452841,-0.45661502645820734,0.679965174512045
81,distance,0,-122.26821647968355,0.47999998927116394,1564161356.995254,5.9765625,37.87042692307185,4.0,2019-07-26T10:15:56.995254-07:00,10.0,64.6578540802002,1564161357.130254,2.120058355331421,POINT (-122.26821647968355 37.87042692307185),ios,1.1365194272936388,0.22333604393306275,0.3927006433164171
82,distance,0,-122.26820357155266,0.47999998927116394,1564161357.9952338,5.9765625,37.870426126791045,4.0,2019-07-26T10:15:57.995234-07:00,10.0,64.9041919708252,1564161358.1240258,2.120336127479871,POINT (-122.26820357155266 37.870426126791045),ios,1.3598509451924097,0.6160287289434815,-0.28460463677630643
83,distance,0,-122.26818873558405,1.0099999904632568,1564161358.995214,5.9765625,37.87042964719038,4.0,2019-07-26T10:15:58.995214-07:00,10.0,64.97200202941895,1564161359.120501,2.120613899760776,POINT (-122.26818873558405 37.87042964719038),ios,1.9758674837022692,0.33142972413492283,-1.1099109973000518
84,distance,0,-122.2681671940929,1.350000023841858,1564161359.995193,59.765625,37.87043480206083,4.0,2019-07-26T10:15:59.995193-07:00,10.0,64.98823738098145,1564161360.130206,2.1208916717105444,POINT (-122.2681671940929 37.87043480206083),ios,2.307290254164849,-0.7784579863056733,0.4007647412532148
85,distance,0,-122.26814146165016,1.2999999523162842,1564161360.9951732,75.9375,37.87043903492193,4.0,2019-07-26T10:16:00.995173-07:00,10.0,64.7715015411377,1564161361.125424,2.121169443991449,POINT (-122.26814146165016 37.87043903492193),ios,1.5288476725634752,-0.37770117568255207,0.5295428858508375
86,distance,0,-122.26812469784382,1.2999999523162842,1564161361.995153,6.328125,37.87044276486884,4.0,2019-07-26T10:16:01.995153-07:00,10.0,65.04182624816895,1564161362.130496,2.121447216139899,POINT (-122.26812469784382 37.87044276486884),ios,1.1511541512140218,0.15183097867497997,-0.2556968593348624
87,distance,0,-122.2681148910171,0.8799999952316284,1564161362.9951322,32.34375,37.87044963802944,4.0,2019-07-26T10:16:02.995132-07:00,10.0,64.96223640441895,1564161363.1229382,2.121724988155895,POINT (-122.2681148910171 37.87044963802944),ios,1.3029819805476224,-0.1038605768891586,0.05415652207345691
88,distance,0,-122.26811103534165,1.190000057220459,1564161363.9951124,333.28125,37.87046095359872,4.0,2019-07-26T10:16:03.995112-07:00,10.0,65.1748218536377,1564161364.115034,2.1220027604368,POINT (-122.26811103534165 37.87046095359872),ios,1.1991234589286306,-0.04970512650514816,0.12018315994465376
89,distance,0,-122.2681103647894,1.190000057220459,1564161364.995091,338.203125,37.8704717243443,4.0,2019-07-26T10:16:04.995091-07:00,10.0,65.3289966583252,1564161365.128306,2.122280532254113,POINT (-122.2681103647894 37.8704717243443),ios,1.1494193989797896,0.07047545458866526,0.015757181409928264
90,distance,0,-122.26810248580041,0.9800000190734863,1564161365.995071,356.1328125,37.87047998051892,4.0,2019-07-26T10:16:05.995071-07:00,10.0,65.10566902160645,1564161366.125118,2.122558304468791,POINT (-122.26810248580041 37.87047998051892),ios,1.2198934421452043,0.08623232042699013,-0.13426467403329076
91,distance,0,-122.26809008058372,0.9200000166893005,1564161366.995051,12.65625,37.870484925841794,4.0,2019-07-26T10:16:06.995051-07:00,10.0,64.5852222442627,1564161367.129568,2.1228360766834684,POINT (-122.26809008058372 37.870484925841794),ios,1.3061240355836605,-0.04802966466610488,-0.007508656850857317
92,distance,0,-122.26807876501444,0.9200000166893005,1564161367.995031,5.9765625,37.87049255337368,4.0,2019-07-26T10:16:07.995031-07:00,10.0,64.72407722473145,1564161368.137734,2.123113848964373,POINT (-122.26807876501444 37.87049255337368),ios,1.2580953213642012,-0.05553817293008852,0.02624387740404315
93,distance,0,-122.26806577306452,0.7900000214576721,1564161368.9950109,359.296875,37.87049733105849,4.0,2019-07-26T10:16:08.995011-07:00,30.0,64.35811042785645,1564161369.119172,2.1233916211128236,POINT (-122.26806577306452 37.87049733105849),ios,1.2025582739473561,-0.029294827373422035,-1.144016733874899
94,distance,0,-122.26805353548589,0.9100000262260437,1564161369.9949903,1.0546875,37.87050219256233,4.0,2019-07-26T10:16:09.994990-07:00,30.0,64.84077644348145,1564161370.129842,2.1236693931950463,POINT (-122.26805353548589 37.87050219256233),ios,1.1732640472350102,-1.1732881043317234,3.914014867909157
95,distance,0,-122.26804221991661,0.8899999856948853,1564161370.9949698,7.3828125,37.87050780843745,4.0,2019-07-26T10:16:10.994970-07:00,30.0,64.3748950958252,1564161371.126374,2.123947165277269,POINT (-122.26804221991661 37.87050780843745),ios,0.0,2.740646510625182,-3.646671240704891
96,distance,0,-122.26804221991661,0.0,1564161371.9949498,1.7578125,37.87050780843745,4.0,2019-07-26T10:16:11.994950-07:00,10.0,64.9173755645752,1564161372.1264648,2.1242249374919466,POINT (-122.26804221991661 37.87050780843745),ios,2.740591623257244,-0.9059516976089537,1.121779512574936
97,distance,0,-122.26801137451294,0.4099999964237213,1564161372.9949293,16.5234375,37.87050399467151,4.0,2019-07-26T10:16:12.994929-07:00,10.0,65.0356616973877,1564161373.130536,2.1245027095741698,POINT (-122.26801137451294 37.87050399467151),ios,1.8346585012799073,0.21580481400132143,-0.3898905217071429
98,distance,0,-122.2679906712121,0.3100000023841858,1564161373.9949086,104.765625,37.87050173155765,4.0,2019-07-26T10:16:13.994909-07:00,10.0,66.4154224395752,1564161374.1263351,2.124780481590165,POINT (-122.2679906712121 37.87050173155765),ios,2.0504588389679195,-0.17407762043427688,0.013000390235965296
99,distance,0,-122.26796812389257,0.47999998927116394,1564161374.9948883,91.0546875,37.87049691196333,4.0,2019-07-26T10:16:14.994888-07:00,10.0,67.16804695129395,1564161375.1157331,2.125058253738615,POINT (-122.26796812389257 37.87049691196333),ios,1.8763847463174506,-0.16107749365874985,0.603842552048638
100,distance,0,-122.26794675003948,0.47999998927116394,1564161375.9948685,59.765625,37.870497163420424,3.0,2019-07-26T10:16:15.994869-07:00,10.0,68.25227546691895,1564161376.108189,2.12533602601952,POINT (-122.26794675003948 37.870497163420424),ios,1.7153104401796753,0.4427531091053775,-0.3569142119240735
101,distance,0,-122.26792973477605,0.47999998927116394,1564161376.9948475,22.8515625,37.870504749042794,3.0,2019-07-26T10:16:16.994848-07:00,10.0,68.4780445098877,1564161377.121027,2.1256137979692884,POINT (-122.26792973477605 37.870504749042794),ios,2.158054259955142,0.08584638553947962,-0.028612217699708172
102,distance,0,-122.26791707810226,0.8899999856948853,1564161377.9948273,1.40625,37.87052138712059,3.0,2019-07-26T10:16:17.994827-07:00,10.0,68.3562183380127,1564161378.1284761,2.1258915701177385,POINT (-122.26791707810226 37.87052138712059),ios,2.2438989057678946,0.05723474768293601,-0.08129999448563224
103,distance,0,-122.26790718745652,1.2999999523162842,1564161378.9948075,358.9453125,37.87053999494563,3.0,2019-07-26T10:16:18.994807-07:00,10.0,69.10298347473145,1564161379.118536,2.1261693423986436,POINT (-122.26790718745652 37.87053999494563),ios,2.3011325208471716,-0.024063637978075435,-0.21877412033064805
104,distance,0,-122.26790173921945,1.3700000047683716,1564161379.9947865,358.9453125,37.87056023724179,3.0,2019-07-26T10:16:19.994787-07:00,10.0,69.0564136505127,1564161380.157588,2.1264471143484114,POINT (-122.26790173921945 37.87056023724179),ios,2.277069387744313,-0.24283316824501108,0.05082380419114261
105,distance,0,-122.26789905701044,1.3700000047683716,1564161380.9947672,359.6484375,37.8705806052665,3.0,2019-07-26T10:16:20.994767-07:00,10.0,69.67842292785645,1564161381.1198401,2.1267248867617714,POINT (-122.26789905701044 37.8705806052665),ios,2.0342409090703555,-0.19201034555834204,0.08746547012116077
106,distance,0,-122.26789612334433,1.3700000047683716,1564161381.9947467,358.9453125,37.87059875208686,3.0,2019-07-26T10:16:21.994747-07:00,10.0,69.7613697052002,1564161382.1245852,2.127002658843994,POINT (-122.26789612334433 37.87059875208686),ios,1.8422345004917169,-0.10454666882898846,0.1770633536969448
107,distance,0,-122.26789092656436,1.350000023841858,1564161382.9947267,0.3515625,37.87061480343144,3.0,2019-07-26T10:16:22.994727-07:00,10.0,70.1253833770752,1564161383.123035,2.1272804310586717,POINT (-122.26789092656436 37.87061480343144),ios,1.73768992543566,0.07251313879172758,-0.2275053964658074
108,distance,0,-122.26788640033665,1.2699999809265137,1564161383.9947064,0.0,37.87063001658569,3.0,2019-07-26T10:16:23.994706-07:00,10.0,70.8366870880127,1564161384.111117,2.127558203207122,POINT (-122.26788640033665 37.87063001658569),ios,1.8102015947066286,-0.15498764714544394,-0.029339783341580022
109,distance,0,-122.26788212556603,1.3700000047683716,1564161384.9946861,4.21875,37.87064594220172,3.0,2019-07-26T10:16:24.994686-07:00,10.0,71.3399829864502,1564161385.116335,2.127835975355572,POINT (-122.26788212556603 37.87064594220172),ios,1.6552170884756265,-0.18432683589932025,0.333265381847858
110,distance,0,-122.26787743170026,1.2899999618530273,1564161385.9946656,5.2734375,37.870660359075174,3.0,2019-07-26T10:16:25.994666-07:00,10.0,72.0114917755127,1564161386.124886,2.128113747437795,POINT (-122.26787743170026 37.870660359075174),ios,1.4708940320133446,0.14893171267588057,0.06885084990541732
111,distance,0,-122.2678733245677,1.2899999618530273,1564161386.994645,4.5703125,37.87067318338703,3.0,2019-07-26T10:16:26.994645-07:00,10.0,73.07344245910645,1564161387.1445022,2.128391519520018,POINT (-122.2678733245677 37.87067318338703),ios,1.6198226909937157,0.2177811508636227,-0.11999025653368514
112,distance,0,-122.26787156436804,1.2899999618530273,1564161387.9946244,358.2421875,37.87068768407951,3.0,2019-07-26T10:16:27.994624-07:00,10.0,72.3239917755127,1564161388.1200461,2.1286692915360135,POINT (-122.26787156436804 37.87068768407951),ios,1.837599324550027,0.09779338321780034,-0.29449511506180914
113,distance,0,-122.26787072617772,1.5199999809265137,1564161388.9946046,354.7265625,37.87070419642876,3.0,2019-07-26T10:16:28.994605-07:00,10.0,72.5893726348877,1564161389.118962,2.128947063816918,POINT (-122.26787072617772 37.87070419642876),ios,1.9353907725597912,-0.19669590415613727,0.28143251400572145
114,distance,0,-122.2678698879874,1.5199999809265137,1564161389.994584,354.0234375,37.87072158887784,3.0,2019-07-26T10:16:29.994584-07:00,10.0,72.7074146270752,1564161390.124187,2.1292248358991412,POINT (-122.2678698879874 37.87072158887784),ios,1.7386989014560406,0.08473083935793538,-0.5018938805934505
115,distance,0,-122.26786779251161,1.3700000047683716,1564161390.9945636,357.1875,37.870737137308225,3.0,2019-07-26T10:16:30.994564-07:00,10.0,72.38655281066895,1564161391.1227012,2.129502607981364,POINT (-122.26786779251161 37.870737137308225),ios,1.823428003493032,-0.41715275040449024,-0.2332427591493993
116,distance,0,-122.2678651103026,1.3700000047683716,1564161391.994544,357.5390625,37.87075339820038,3.0,2019-07-26T10:16:31.994544-07:00,10.0,72.4737720489502,1564161392.117931,2.1297803803284965,POINT (-122.2678651103026 37.87075339820038),ios,1.4062834085597553,-0.6503909495824973,0.6285007208810766
117,distance,0,-122.26786050025585,1.350000023841858,1564161392.9945238,359.6484375,37.87076551005046,3.0,2019-07-26T10:16:32.994524-07:00,10.0,72.5755786895752,1564161393.119639,2.1300581524769466,POINT (-122.26786050025585 37.87076551005046),ios,0.7559056395265731,-0.021902965632571894,0.12634210335276436
118,distance,0,-122.26785119634333,0.7900000214576721,1564161394.994482,1.7578125,37.87077695134829,3.0,2019-07-26T10:16:34.994482-07:00,10.0,71.82881355285645,1564161395.127619,2.13061369644271,POINT (-122.26785119634333 37.87077695134829),ios,0.7121006221243695,0.23077596966962347,0.03732430527622815
119,distance,0,-122.26784063514533,0.6399999856948853,1564161396.994442,4.21875,37.87078667435597,3.0,2019-07-26T10:16:36.994442-07:00,10.0,72.3485279083252,1564161397.119069,2.1311692408720653,POINT (-122.26784063514533 37.87078667435597),ios,1.1736433178887815,0.30542308522236433,-0.32364836484178006
120,distance,0,-122.26783317525151,0.6399999856948853,1564161397.9944215,7.734375,37.87079543344478,3.0,2019-07-26T10:16:37.994421-07:00,10.0,72.5442066192627,1564161398.1252651,2.131447012954288,POINT (-122.26783317525151 37.87079543344478),ios,1.4790601407168775,-0.018218643534054158,-0.2701018260692841
121,distance,0,-122.26782554771962,1.2000000476837158,1564161398.994402,10.1953125,37.87080729383777,3.0,2019-07-26T10:16:38.994402-07:00,10.0,73.1247730255127,1564161399.1226258,2.1317247853014205,POINT (-122.26782554771962 37.87080729383777),ios,1.460841853363198,-0.2883151890252644,0.019416084995227584
122,distance,0,-122.26781817164483,1.3700000047683716,1564161399.9943807,11.25,37.87081907041173,3.0,2019-07-26T10:16:39.994381-07:00,10.0,73.2010669708252,1564161400.1303082,2.1320025571849612,POINT (-122.26781817164483 37.87081907041173),ios,1.172532782171029,-0.26889951602486706,0.35741540362376734
123,distance,0,-122.26781188521745,1.2000000476837158,1564161400.99436,8.4375,37.87082837432425,3.0,2019-07-26T10:16:40.994360-07:00,10.0,73.48970222473145,1564161401.119628,2.1322803292009564,POINT (-122.26781188521745 37.87082837432425),ios,0.9036388437718882,0.08850847393977702,0.12182553303195057
124,distance,0,-122.26780492823782,0.7400000095367432,1564161402.9943209,356.484375,37.870843671297536,3.0,2019-07-26T10:16:42.994321-07:00,10.0,72.84492683410645,1564161403.108526,2.132835873895221,POINT (-122.26780492823782 37.870843671297536),ios,1.0806523309128486,0.3321547765465188,-0.3154776806881724
125,distance,0,-122.26779989909592,1.3600000143051147,1564161404.9942796,359.6484375,37.870862698217735,3.0,2019-07-26T10:16:44.994280-07:00,10.0,72.50349617004395,1564161405.118391,2.1333914179934395,POINT (-122.26779989909592 37.870862698217735),ios,1.7449481838123995,-0.2987875725067422,0.15983745710908615
126,distance,0,-122.26779763598206,1.149999976158142,1564161405.9942584,358.59375,37.870878288557634,3.0,2019-07-26T10:16:45.994258-07:00,10.0,72.7125415802002,1564161406.114709,2.13366918987698,POINT (-122.26779763598206 37.870878288557634),ios,1.446166951354913,-0.13895350702918366,0.12333666957304099
127,distance,0,-122.2677956243253,1.149999976158142,1564161406.9942393,358.9453125,37.87089119668852,3.0,2019-07-26T10:16:46.994239-07:00,10.0,72.3133716583252,1564161407.114305,2.1339469623565672,POINT (-122.2677956243253 37.87089119668852),ios,1.3072160946535458,-0.015619189916423519,0.07245601849574372
128,distance,0,-122.26779327739241,1.149999976158142,1564161407.994219,358.9453125,37.87090280562441,3.0,2019-07-26T10:16:47.994219-07:00,10.0,72.0473804473877,1564161408.1108232,2.134224734505018,POINT (-122.26779327739241 37.87090280562441),ios,1.291597221269053,0.05683536021613714,-0.3643869293401805
129,distance,0,-122.2677919362879,0.9900000095367432,1564161408.9941983,358.9453125,37.87091437265079,3.0,2019-07-26T10:16:48.994198-07:00,10.0,72.03596687316895,1564161409.114186,2.134502506521013,POINT (-122.2677919362879 37.87091437265079),ios,1.3484314025824833,-0.30754401085863087,-0.08957623455973612
130,distance,0,-122.26779118191662,1.3600000143051147,1564161409.9941773,358.9453125,37.87092648450087,3.0,2019-07-26T10:16:49.994177-07:00,10.0,72.50972175598145,1564161410.1273642,2.1347802784707812,POINT (-122.26779118191662 37.87092648450087),ios,1.0408938442539875,-0.3971183660341733,0.43623901170841406
131,distance,0,-122.26779185246887,0.9900000095367432,1564161410.9941578,358.9453125,37.87093583032291,3.0,2019-07-26T10:16:50.994158-07:00,10.0,72.31379890441895,1564161411.124121,2.1350580508179133,POINT (-122.26779185246887 37.87093583032291),ios,0.6437832420123325,0.039112117060444526,0.16664775567465645
132,distance,0,-122.26779118191662,0.9200000166893005,1564161412.9941177,358.9453125,37.87094739734928,3.0,2019-07-26T10:16:52.994118-07:00,10.0,72.3315601348877,1564161413.118088,2.1356135952472686,POINT (-122.26779118191662 37.87094739734928),ios,0.7220059095239185,0.3724009534470095,-0.009527567834632274
133,distance,0,-122.26778095599475,0.5600000023841858,1564161415.994057,358.9453125,37.87096512507449,3.0,2019-07-26T10:16:55.994057-07:00,10.0,71.92000007629395,1564161416.1154199,2.1364469116926195,POINT (-122.26778095599475 37.87096512507449),ios,1.839186129101872,0.343818829188155,-0.49725681835190233
134,distance,0,-122.2677768488622,1.149999976158142,1564161416.9940364,358.9453125,37.87098134405713,3.0,2019-07-26T10:16:56.994036-07:00,10.0,71.88801765441895,1564161417.09675,2.136724683774842,POINT (-122.2677768488622 37.87098134405713),ios,2.182997908629509,-0.15342779341103646,-0.06346833360088612
135,distance,0,-122.26777274172964,1.3799999952316284,1564161417.9940157,358.9453125,37.871000706253454,3.0,2019-07-26T10:16:57.994016-07:00,10.0,72.1539478302002,1564161418.120373,2.137002455790838,POINT (-122.26777274172964 37.871000706253454),ios,2.029573297681648,-0.21689481052531998,-0.045945999362122444
136,distance,0,-122.26776746113065,1.2400000095367432,1564161418.9939952,358.9453125,37.87101847588818,3.0,2019-07-26T10:16:58.993995-07:00,10.0,72.40681648254395,1564161419.1183,2.1372802278730605,POINT (-122.26776746113065 37.87101847588818),ios,1.8126829343670463,-0.26283986781077245,-0.5866734615450949
137,distance,0,-122.26776109088424,1.2400000095367432,1564161419.9939747,358.9453125,37.871033982409045,3.0,2019-07-26T10:16:59.993975-07:00,10.0,71.74250984191895,1564161420.117525,2.137557999955283,POINT (-122.26776109088424 37.871033982409045),ios,1.549848455824346,-0.8495013002045009,0.8287809529090561
138,distance,0,-122.26775430154267,0.9399999976158142,1564161420.993955,358.9453125,37.871046848630414,3.0,2019-07-26T10:17:00.993955-07:00,10.0,72.0648365020752,1564161421.125395,2.1378357722361883,POINT (-122.26775430154267 37.871046848630414),ios,0.7003639661819591,-0.02073674782795067,-0.024346126900574114
139,distance,0,-122.267741980145,0.5799999833106995,1564161422.9939141,358.9453125,37.87105485334794,3.0,2019-07-26T10:17:02.993914-07:00,10.0,71.54023933410645,1564161423.122438,2.138391316466861,POINT (-122.267741980145 37.87105485334794),ios,0.6588913159544956,-0.06942800904780293,-0.008180107670728052
140,distance,0,-122.26772815000477,0.6499999761581421,1564161424.9938731,358.9453125,37.8710502433012,3.0,2019-07-26T10:17:04.993873-07:00,10.0,71.7745532989502,1564161425.292021,2.138946860631307,POINT (-122.26772815000477 37.8710502433012),ios,0.5200381449623797,-0.08578788893943962,0.13491727606941983
141,distance,0,-122.26771784026387,0.6499999761581421,1564161426.9938333,358.9453125,37.871045633254454,3.0,2019-07-26T10:17:06.993833-07:00,10.0,72.1049976348877,1564161427.1160269,2.1395024051268896,POINT (-122.26771784026387 37.871045633254454),ios,0.34846578280574014,0.18404129134626215,-0.005491620115173916
142,distance,0,-122.26773091603282,0.30000001192092896,1564161432.993711,315.703125,37.8710613493229,3.0,2019-07-26T10:17:12.993711-07:00,10.0,71.29646492004395,1564161433.1186562,2.1411690378189085,POINT (-122.26773091603282 37.8710613493229),ios,1.4526910210265025,0.1510922423283065,-0.27543651393536905
143,distance,0,-122.26773711864116,0.2800000011920929,1564161433.9936907,315.0,37.87107346117298,3.0,2019-07-26T10:17:13.993691-07:00,10.0,72.0145435333252,1564161434.126656,2.1414468099673587,POINT (-122.26773711864116 37.87107346117298),ios,1.603780201383002,-0.12433868972656827,0.06921732093436583
144,distance,0,-122.26774055522147,0.5600000023841858,1564161434.99367,336.09375,37.87108762658934,3.0,2019-07-26T10:17:14.993670-07:00,10.0,73.04255867004395,1564161435.119591,2.1417245819833544,POINT (-122.26774055522147 37.87108762658934),ios,1.4794440907413084,-0.05512280452669409,-0.15146604853267662
145,distance,0,-122.26774558436337,0.5600000023841858,1564161435.9936495,348.046875,37.87110032517265,3.0,2019-07-26T10:17:15.993649-07:00,10.0,72.81172370910645,1564161436.128658,2.142002354065577,POINT (-122.26774558436337 37.87110032517265),ios,1.4243224164524773,-0.20658574739984442,-0.19757216230413388
146,distance,0,-122.26774868566754,0.7699999809265137,1564161436.9936297,350.15625,37.871112898027405,3.0,2019-07-26T10:17:16.993630-07:00,10.0,73.02974128723145,1564161437.101929,2.142280126346482,POINT (-122.26774868566754 37.871112898027405),ios,1.2177407571247025,-0.40415399999941914,-0.002652208137213673
147,distance,0,-122.2677493562198,0.7699999809265137,1564161437.9936094,341.71875,37.871123836411044,3.0,2019-07-26T10:17:17.993609-07:00,10.0,73.32405281066895,1564161438.100638,2.1425578984949323,POINT (-122.2677493562198 37.871123836411044),ios,0.8135949475401889,-0.4068061543880987,0.20340741759566897
148,distance,0,-122.26775639701846,0.5299999713897705,1564161439.9935668,322.03125,37.871137373184666,3.0,2019-07-26T10:17:19.993567-07:00,10.0,72.81477546691895,1564161440.234655,2.1431134421957863,POINT (-122.26775639701846 37.871137373184666),ios,0.0,0.0,0.0
