,latitude,longitude,ts,fmt_time,geometry,gt_distance,gt_projection,source,speed,acceleration,jerk
0,37.38608301268622,-122.08402016919405,1583370028.0,2020-03-04T17:00:28-08:00,POINT (-122.08402016919405 37.38608301268622),24.449287711123613,24.998002510689233,ios,1.1268725164580642,-0.07868480291146152,0.07835299891895597
1,37.38608107963855,-122.08400764891401,1583370029.0,2020-03-04T17:00:29-08:00,POINT (-122.08400764891401 37.38608107963855),23.34947454460852,25.253035755697056,ios,1.0481877135466027,-0.0003318039925055416,0.22952253352286722
2,37.386081309483835,-122.08399578857548,1583370030.0,2020-03-04T17:00:30-08:00,POINT (-122.08399578857548 37.386081309483835),22.400662435004897,25.7035140849782,ios,1.0478559095540971,0.22919072953036168,-0.2820303308525762
3,37.38608153991176,-122.08398393201145,1583370031.0,2020-03-04T17:00:31-08:00,POINT (-122.08398393201145 37.38608153991176),21.452181938116176,26.15391563264668,ios,1.2770466390844588,-0.05283960132221455,-0.13196624285856728
4,37.38608464044595,-122.08397001451655,1583370032.0,2020-03-04T17:00:32-08:00,POINT (-122.08397001451655 37.38608464044595),20.466578618466535,26.969439825456632,ios,1.2242070377622443,-0.18480584418078183,0.2606505619800239
5,37.38609004624389,-122.08395794368741,1583370033.0,2020-03-04T17:00:33-08:00,POINT (-122.08395794368741 37.38609004624389),19.734377470958695,27.952095439938105,ios,1.0394011935814624,0.07584471779924207,-0.00468835300468988
6,37.38609478222818,-122.08394780100524,1583370034.0,2020-03-04T17:00:34-08:00,POINT (-122.08394780100524 37.38609478222818),19.127878143178656,28.797416231019668,ios,1.1152459113807045,0.07115636479455219,-0.004676852657730569
7,37.38611204871501,-122.08391678807901,1583370037.0,2020-03-04T17:00:37-08:00,POINT (-122.08391678807901 37.38611204871501),17.399137036073547,31.664434847011382,ios,1.328715005764361,0.05712580682136048,-0.23002798758581622
8,37.38611783261633,-122.08390362818993,1583370038.0,2020-03-04T17:00:38-08:00,POINT (-122.08390362818993 37.38611783261633),16.595927782623612,32.72463801164636,ios,1.3858408125857216,-0.17290218076445574,0.273297211239808
9,37.38612332289384,-122.0838895465709,1583370039.0,2020-03-04T17:00:39-08:00,POINT (-122.0838895465709 37.38612332289384),15.704921614984032,33.788280498418715,ios,1.2129386318212658,0.10039503047535225,-0.025104643753756317
10,37.38612851978547,-122.08387747613982,1583370040.0,2020-03-04T17:00:40-08:00,POINT (-122.08387747613982 37.38612851978547),14.96332429848807,34.74974904031803,ios,1.313333662296618,0.07529038672159594,-0.13356566477218035
11,37.38613576987833,-122.08386574129239,1583370041.0,2020-03-04T17:00:41-08:00,POINT (-122.08386574129239 37.38613576987833),14.341545234887416,35.90722754465057,ios,1.388624049018214,-0.05827527805058441,-0.027826997086857874
12,37.38614415170638,-122.083854090301,1583370042.0,2020-03-04T17:00:42-08:00,POINT (-122.083854090301 37.38614415170638),13.777632891089409,37.17638986176691,ios,1.3303487709676296,-0.08610227513744229,-0.14028271636956635
13,37.38615299460041,-122.08384394792937,1583370043.0,2020-03-04T17:00:43-08:00,POINT (-122.08384394792937 37.38615299460041),13.35653975328743,38.4379450758764,ios,1.2442464958301873,-0.22638499150700864,0.22624293139772633
14,37.386162130988005,-122.08383581707814,1583370044.0,2020-03-04T17:00:44-08:00,POINT (-122.08383581707814 37.386162130988005),13.111373066148554,39.65679588141303,ios,1.0178615043231787,-0.00014206010928230484,0.05646481820828897
15,37.38617061781904,-122.08383149991107,1583370045.0,2020-03-04T17:00:45-08:00,POINT (-122.08383149991107 37.38617061781904),13.145311901604193,40.672451754164186,ios,1.0177194442138964,0.056322758099006665,-0.34711603472969765
16,37.3861791035785,-122.08382718369764,1583370046.0,2020-03-04T17:00:46-08:00,POINT (-122.08382718369764 37.3861791035785),13.179279579475295,41.68796465501443,ios,1.074042202312903,-0.290793276630691,0.29069422130759326
17,37.386188617986825,-122.0838250874838,1583370047.0,2020-03-04T17:00:47-08:00,POINT (-122.0838250874838 37.386188617986825),13.43921769327528,42.727773901001356,ios,0.783248925682212,-9.90553230977298e-05,0.3313343086063111
18,37.386195659075554,-122.08382483585268,1583370048.0,2020-03-04T17:00:48-08:00,POINT (-122.08382483585268 37.386195659075554),13.736691462849594,43.45046832780456,ios,0.7831498703591143,0.33123525328321335,-0.22176724177697238
19,37.386202699277504,-122.08382458441689,1583370049.0,2020-03-04T17:00:49-08:00,POINT (-122.08382458441689 37.386202699277504),14.034141004865852,44.173065840393406,ios,1.1143851236423277,0.10946801150624097,-0.06974459413799416
20,37.386212632282664,-122.08382290811915,1583370050.0,2020-03-04T17:00:50-08:00,POINT (-122.08382290811915 37.386212632282664),14.34693402467622,45.240176367962036,ios,1.2238531351485686,0.039723417368246805,-0.2260036645135124
21,37.38622327731233,-122.08381938783603,1583370051.0,2020-03-04T17:00:51-08:00,POINT (-122.08381938783603 37.38622327731233),14.54273766596764,46.445868681165734,ios,1.2635765525168154,-0.1862802471452656,0.13037228303528314
22,37.38623396428186,-122.08381452640342,1583370052.0,2020-03-04T17:00:52-08:00,POINT (-122.08381452640342 37.38623396428186),14.631971377189844,47.70411701126605,ios,1.0772963053715499,-0.055907964109982444,-0.1556541947928124
23,37.38624284927876,-122.0838096648648,1583370053.0,2020-03-04T17:00:53-08:00,POINT (-122.0838096648648 37.38624284927876),14.639858313603376,48.77973490259595,ios,1.0213883412615674,-0.21156215890279484,0.21150895371611167
24,37.38625135697262,-122.0838053062256,1583370054.0,2020-03-04T17:00:54-08:00,POINT (-122.0838053062256 37.38625135697262),14.67138555893905,49.79899885014528,ios,0.8098261823587726,-5.3205186683169536e-05,0.2138137979221918
25,37.386257727366065,-122.08380086379695,1583370055.0,2020-03-04T17:00:55-08:00,POINT (-122.08380086379695 37.386257727366065),14.599662029690652,50.60466020277694,ios,0.8097729771720894,0.21376059273550863,-0.4517182757986078
26,37.38626409731329,-122.0837964215969,1583370056.0,2020-03-04T17:00:56-08:00,POINT (-122.0837964215969 37.38626409731329),14.527936917849566,51.41026808776613,ios,1.023533569907598,-0.23795768306309917,0.2379176578158818
27,37.38626816297575,-122.08378602802605,1583370057.0,2020-03-04T17:00:57-08:00,POINT (-122.08378602802605 37.38626816297575),13.870893448306175,52.19668690015222,ios,0.7855758868444989,-4.0025247217356785e-05,0.2538346654376049
28,37.386271096699396,-122.08377793936275,1583370058.0,2020-03-04T17:00:58-08:00,POINT (-122.08377793936275 37.386271096699396),13.349161300583884,52.785363206309235,ios,0.7855358615972815,0.25379464019038755,-0.05688744768729992
29,37.38627403026409,-122.0837698511058,1583370059.0,2020-03-04T17:00:59-08:00,POINT (-122.0837698511058 37.38627403026409),12.827454918726431,53.374008800976036,ios,1.039330501787669,0.19690719250308764,-0.24347334264121678
30,37.38628136441712,-122.08376255850465,1583370060.0,2020-03-04T17:01:00-08:00,POINT (-122.08376255850465 37.38628136441712),12.568731985818484,54.380006634849806,ios,1.2362376942907567,-0.04656615013812915,0.2973459116146837
31,37.386291296919865,-122.08375627203282,1583370061.0,2020-03-04T17:01:01-08:00,POINT (-122.08375627203282 37.386291296919865),12.508663806088267,55.61311470293223,ios,1.1896715441526275,0.25077976147655456,-0.4198679459125758
32,37.38630089424464,-122.08375032084982,1583370062.0,2020-03-04T17:01:02-08:00,POINT (-122.08375032084982 37.38630089424464),12.460582192208797,56.800175275024294,ios,1.440451305629182,-0.16908818443602125,0.12832021885565403
33,37.386313006068335,-122.08374453731759,1583370063.0,2020-03-04T17:01:03-08:00,POINT (-122.08374453731759 37.386313006068335),12.539560039780687,58.236047795491565,ios,1.2713631211931609,-0.040767965580367216,0.30593346408581823
34,37.38632390260374,-122.08374017868417,1583370064.0,2020-03-04T17:01:04-08:00,POINT (-122.08374017868417 37.38632390260374),12.678917698232377,59.497426110604096,ios,1.2305951556127936,0.265165498505451,-0.3900203438616092
35,37.38633417045816,-122.08373498191239,1583370065.0,2020-03-04T17:01:05-08:00,POINT (-122.08373498191239 37.38633417045816),12.722114847153634,60.72527406974469,ios,1.4957606541182447,-0.1248548453561582,-0.14442478732509456
36,37.38634494122395,-122.08372483986196,1583370066.0,2020-03-04T17:01:06-08:00,POINT (-122.08372483986196 37.38634494122395),12.388072813132009,62.182211730992705,ios,1.3709058087620865,-0.26927963268125277,0.42355038056325633
37,37.38635432898068,-122.08371478156982,1583370067.0,2020-03-04T17:01:07-08:00,POINT (-122.08371478156982 37.38635432898068),11.998377757984953,63.495961372141466,ios,1.1016261760808337,0.15427074788200357,-0.008255899513770038
38,37.38636245948335,-122.0837076568794,1583370068.0,2020-03-04T17:01:08-08:00,POINT (-122.0837076568794 37.38636245948335),11.789181630859519,64.57662321280833,ios,1.2558969239628373,0.14601484836823353,-0.018012280371626277
39,37.3863731883047,-122.08370321444815,1583370069.0,2020-03-04T17:01:09-08:00,POINT (-122.08370321444815 37.3863731883047),11.91419266917697,65.82402139451847,ios,1.4019117723310708,0.12800256799660725,-0.05093547556598055
40,37.386385383986585,-122.08369919112393,1583370070.0,2020-03-04T17:01:10-08:00,POINT (-122.08369919112393 37.386385383986585),12.150471892249039,67.09798487165777,ios,1.529914340327678,0.0770670924306267,-0.4968366651530518
41,37.38639812450085,-122.08369265324016,1583370071.0,2020-03-04T17:01:11-08:00,POINT (-122.08369265324016 37.38639812450085),12.210272902355442,68.6242789005411,ios,1.6069814327583047,-0.4197695727224251,0.2923141200962984
42,37.38641069736516,-122.0836836846055,1583370072.0,2020-03-04T17:01:12-08:00,POINT (-122.0836836846055 37.38641069736516),12.066554080387839,70.22292769145247,ios,1.1872118600358796,-0.12745545262612668,0.12745208632828642
43,37.386419707939744,-122.08367647614868,1583370073.0,2020-03-04T17:01:13-08:00,POINT (-122.08367647614868 37.386419707939744),11.900650464090289,71.39731119396855,ios,1.059756407409753,-3.3662978402571042e-06,0.2924733356105038
44,37.38642821558692,-122.08367106981062,1583370074.0,2020-03-04T17:01:14-08:00,POINT (-122.08367106981062 37.38642821558692),11.85676248750838,72.45473368795365,ios,1.0597530411119127,0.29246996931266356,-0.45737599803217455
45,37.38643672320748,-122.08366566349015,1583370075.0,2020-03-04T17:01:15-08:00,POINT (-122.08366566349015 37.38643672320748),11.81287481237266,73.51215283223291,ios,1.3522230104245763,-0.164906028719511,-0.25210652659129007
46,37.38644795495773,-122.08365979615793,1583370076.0,2020-03-04T17:01:16-08:00,POINT (-122.08365979615793 37.38644795495773),11.857242357731907,74.86152607286341,ios,1.1873169817050653,-0.41701255531080106,0.41700410639364494
47,37.386458222789116,-122.08365610812054,1583370077.0,2020-03-04T17:01:17-08:00,POINT (-122.08365610812054 37.386458222789116),12.032787359673778,76.03352900491231,ios,0.7703044263942642,-8.44891715612306e-06,0.26990855558577387
48,37.386465095987404,-122.08365501846714,1583370078.0,2020-03-04T17:01:18-08:00,POINT (-122.08365501846714 37.386465095987404),12.261384672274765,76.76740531015122,ios,0.7702959774771081,0.26990010666861775,-0.07107145464495224
49,37.38647196911032,-122.08365392882573,1583370079.0,2020-03-04T17:01:19-08:00,POINT (-122.08365392882573 37.38647196911032),12.48997949745514,77.50127356286177,ios,1.0401960841457258,0.1988286520236655,-0.3452862987395724
50,37.386480895837195,-122.08365040842638,1583370080.0,2020-03-04T17:01:20-08:00,POINT (-122.08365040842638 37.386480895837195),12.617297618064843,78.5317337805591,ios,1.2390247361693913,-0.1464576467159069,-0.03856588788824966
51,37.386490954121,-122.0836443734561,1583370081.0,2020-03-04T17:01:21-08:00,POINT (-122.0836443734561 37.386490954121),12.594146180286728,79.76878297651102,ios,1.0925670894534845,-0.18502353460415655,0.18500512766769983
52,37.38649983893836,-122.0836390928571,1583370082.0,2020-03-04T17:01:22-08:00,POINT (-122.0836390928571 37.38649983893836),12.577746965619452,80.85966259300963,ios,0.9075435548493279,-1.8406936456716316e-05,0.06823080300531703
53,37.386507319862744,-122.08363498568292,1583370083.0,2020-03-04T17:01:23-08:00,POINT (-122.08363498568292 37.386507319862744),12.591249236067712,81.76571952690587,ios,0.9075251479128712,0.06821239606886031,-0.06823381836345987
54,37.386514800635524,-122.083630878592,1583370084.0,2020-03-04T17:01:24-08:00,POINT (-122.083630878592 37.386514800635524),12.604751309580612,82.6717580862505,ios,0.9757375439817315,-2.1422294599560132e-05,0.28783037853303917
55,37.386522679710914,-122.08362601703483,1583370085.0,2020-03-04T17:01:25-08:00,POINT (-122.08362601703483 37.386522679710914),12.575813141606183,83.64571630596379,ios,0.975716121687132,0.2878089562384396,-0.3363006606372738
56,37.38653055861349,-122.08362115558431,1583370086.0,2020-03-04T17:01:26-08:00,POINT (-122.08362115558431 37.38653055861349),12.5468757057181,84.61965314476267,ios,1.2635250779255716,-0.04849170439883421,-0.09915394659980303
57,37.38654044925923,-122.08361411478565,1583370087.0,2020-03-04T17:01:27-08:00,POINT (-122.08361411478565 37.38654044925923),12.434986734474139,85.87672202806644,ios,1.2150333735267373,-0.14764565099863725,0.16065877830994313
58,37.386550423724,-122.08360849891052,1583370088.0,2020-03-04T17:01:28-08:00,POINT (-122.08360849891052 37.386550423724),12.441737127173768,87.08991656567628,ios,1.0673877225281,0.013013127311305883,0.15403004934564302
59,37.38655935045088,-122.08360405650184,1583370089.0,2020-03-04T17:01:29-08:00,POINT (-122.08360405650184 37.38655935045088),12.494786004392278,88.15424101817746,ios,1.080400849839406,0.1670431766569489,-0.24272389578153541
60,37.386568402906306,-122.08359961409316,1583370090.0,2020-03-04T17:01:30-08:00,POINT (-122.08359961409316 37.386568402906306),12.553622241288178,89.23125783780019,ios,1.2474440264963549,-0.07568071912458652,-0.06530008467587467
61,37.386578545009144,-122.08359357912288,1583370091.0,2020-03-04T17:01:31-08:00,POINT (-122.08359357912288 37.386578545009144),12.534330240321328,90.47676840578707,ios,1.1717633073717684,-0.14098080380046119,0.2609872435689562
62,37.38658759746457,-122.08358678978131,1583370092.0,2020-03-04T17:01:32-08:00,POINT (-122.08358678978131 37.38658759746457),12.404115716775282,91.63998550826837,ios,1.0307825035713072,0.12000643976849501,-0.06949443406894318
63,37.38659568600113,-122.08358109008715,1583370093.0,2020-03-04T17:01:33-08:00,POINT (-122.08358109008715 37.38659568600113),12.31730596699436,92.66587271350073,ios,1.1507889433398022,0.05051200569955183,-0.031226608986939963
64,37.38660482227559,-122.08357497129784,1583370094.0,2020-03-04T17:01:34-08:00,POINT (-122.08357497129784 37.38660482227559),12.244964453000131,93.81292270673532,ios,1.201300949039354,0.01928539671261187,0.09021463040593214
65,37.38661450337375,-122.08356893632755,1583370095.0,2020-03-04T17:01:35-08:00,POINT (-122.08356893632755 37.38661450337375),12.204453049830008,95.01189443551203,ios,1.220586345751966,0.10950002711854401,-0.23730133180955004
66,37.38662410065288,-122.08356223080501,1583370096.0,2020-03-04T17:01:36-08:00,POINT (-122.08356223080501 37.38662410065288),12.106069076991869,96.22703321822887,ios,1.33008637287051,-0.12780130469100603,0.032613287873602737
67,37.3866344523033,-122.08355468709216,1583370097.0,2020-03-04T17:01:37-08:00,POINT (-122.08355468709216 37.3866344523033),11.974890721992606,97.54911212624353,ios,1.2022850681795039,-0.0951880168174033,0.019396740877301477
68,37.386644301039524,-122.08354907121704,1583370098.0,2020-03-04T17:01:38-08:00,POINT (-122.08354907121704 37.386644301039524),11.975855207536451,98.74961404681204,ios,1.1070970513621006,-0.07579127594010182,0.2224987198892021
69,37.38665385640914,-122.0835455508177,1583370099.0,2020-03-04T17:01:39-08:00,POINT (-122.0835455508177 37.38665385640914),12.13211152554107,99.8435357893872,ios,1.0313057754219987,0.1467074439491003,-0.16004130534267968
70,37.386662699316986,-122.08354203041837,1583370100.0,2020-03-04T17:01:40-08:00,POINT (-122.08354203041837 37.386662699316986),12.273162368653061,100.54791241284707,ios,1.178013219371099,-0.013333861393579394,-0.046692424589489745
71,37.38667258996273,-122.08353725273356,1583370101.0,2020-03-04T17:01:41-08:00,POINT (-122.08353725273356 37.38667258996273),12.373948470514632,101.71964238563694,ios,1.1646793579775196,-0.06002628598306914,0.1974797306162639
72,37.3866825644275,-122.08353322942004,1583370102.0,2020-03-04T17:01:42-08:00,POINT (-122.08353322942004 37.3866825644275),12.538839149935127,102.87045976644606,ios,1.1046530719944505,0.13745344463319475,-0.1618252184050306
73,37.386692035978086,-122.08352945756361,1583370103.0,2020-03-04T17:01:43-08:00,POINT (-122.08352945756361 37.386692035978086),12.699283483152284,103.9613668820046,ios,1.2421065166276453,-0.02437177377183586,0.08873136400084114
74,37.38670314199979,-122.08352794882104,1583370104.0,2020-03-04T17:01:44-08:00,POINT (-122.08352794882104 37.38670314199979),13.119295065085748,105.12745730857051,ios,1.2177347428558094,0.06435959022900528,-0.060132465066033314
75,37.38671408038343,-122.08352727826879,1583370105.0,2020-03-04T17:01:45-08:00,POINT (-122.08352727826879 37.38671408038343),13.597852986872121,106.24430623551532,ios,1.2820943330848147,0.0042271251629719675,-0.17345721585742613
76,37.38672547977174,-122.08352509897396,1583370106.0,2020-03-04T17:01:46-08:00,POINT (-122.08352509897396 37.38672547977174),13.978771986565997,107.46567163765638,ios,1.2863214582477867,-0.16923009069445416,0.1706269119557542
77,37.38673683725054,-122.08352233294592,1583370107.0,2020-03-04T17:01:47-08:00,POINT (-122.08352233294592 37.38673683725054),14.310964271873065,108.70562424114247,ios,1.1170913675533325,0.0013968212613000297,0.06683407927858176
78,37.38674681171531,-122.08352082420335,1583370108.0,2020-03-04T17:01:48-08:00,POINT (-122.08352082420335 37.38674681171531),14.675950169410012,109.75887013730822,ios,1.1184881888146325,0.06823090053988179,0.1120293517796691
79,37.386756492813475,-122.08351738762305,1583370109.0,2020-03-04T17:01:49-08:00,POINT (-122.08351738762305 37.386756492813475),14.873264192418867,110.85766473237287,ios,1.1867190893545143,0.1802602523195509,-0.022128741360771365
80,37.38676646727825,-122.08351260993824,1583370110.0,2020-03-04T17:01:50-08:00,POINT (-122.08351260993824 37.38676646727825),14.97812709470783,112.03775331613454,ios,1.3669793416740652,0.15813151095877953,-0.20962734915276604
81,37.386778160033174,-122.08350783225343,1583370111.0,2020-03-04T17:01:51-08:00,POINT (-122.08350783225343 37.386778160033174),15.166547924840241,113.38919827615565,ios,1.5251108526328447,-0.05149583819398651,-0.06979988700616135
82,37.38679152916873,-122.08350397657797,1583370112.0,2020-03-04T17:01:52-08:00,POINT (-122.08350397657797 37.38679152916873),15.509856732690425,114.87204402982523,ios,1.4736150144388582,-0.12129572520014786,0.053911495913490315
83,37.386804563028164,-122.08350095909283,1583370113.0,2020-03-04T17:01:53-08:00,POINT (-122.08350095909283 37.386804563028164),15.903559887095103,116.288930581407,ios,1.3523192892387104,-0.06738422928665755,0.19527376126583662
84,37.386816591059215,-122.08349869597897,1583370114.0,2020-03-04T17:01:54-08:00,POINT (-122.08349869597897 37.386816591059215),16.308379590203128,117.57623953236647,ios,1.2849350599520528,0.12788953197917907,-0.13690856147846042
85,37.38682794853801,-122.08349601376996,1583370115.0,2020-03-04T17:01:55-08:00,POINT (-122.08349601376996 37.38682794853801),16.64724233903101,118.81293955316241,ios,1.4128245919312319,-0.00901902949928135,-0.07325300082852748
86,37.38684031184519,-122.08349232573256,1583370116.0,2020-03-04T17:01:56-08:00,POINT (-122.08349232573256 37.38684031184519),16.954979281629697,120.18897424271262,ios,1.4038055624319505,-0.08227203032780883,0.06823373773678854
87,37.386852507514305,-122.08348821860001,1583370117.0,2020-03-04T17:01:57-08:00,POINT (-122.08348821860001 37.386852507514305),17.221215275106918,121.56455307995027,ios,1.3215335321041417,-0.014038292591020296,0.012754716522881848
88,37.38686399072165,-122.08348436292455,1583370118.0,2020-03-04T17:01:58-08:00,POINT (-122.08348436292455 37.38686399072165),17.474434219170462,122.81128343691104,ios,1.3074952395131214,-0.0012835760681384478,0.053892105244822686
89,37.38687509674335,-122.08347950142071,1583370119.0,2020-03-04T17:01:59-08:00,POINT (-122.08347950142071 37.38687509674335),17.631217299211325,124.10704240971975,ios,1.306211663444983,0.05260852917668424,-0.09351180842331308
90,37.38688611894602,-122.08347438845978,1583370120.0,2020-03-04T17:02:00-08:00,POINT (-122.08347438845978 37.38688611894602),17.763919016229455,125.40426584089002,ios,1.3588201926216672,-0.04090327924662884,-0.03190811233527402
91,37.386897644062884,-122.08346927549884,1583370121.0,2020-03-04T17:02:01-08:00,POINT (-122.08346927549884 37.386897644062884),17.921214630151383,126.75157489493549,ios,1.3179169133750384,-0.07281139158190286,0.14169270488938968
92,37.38690862435604,-122.08346365962372,1583370122.0,2020-03-04T17:02:02-08:00,POINT (-122.08346365962372 37.38690862435604),18.0119020901765,128.064248655802,ios,1.2451055217931355,0.06888131330748681,-0.1752225413644246
93,37.386918473092265,-122.08345695410118,1583370123.0,2020-03-04T17:02:03-08:00,POINT (-122.08345695410118 37.386918473092265),17.96066279238078,129.30674876497872,ios,1.3139868351006223,-0.1063412280569378,0.20298326027894986
94,37.38692865710462,-122.08344941038833,1583370124.0,2020-03-04T17:02:04-08:00,POINT (-122.08344941038833 37.38692865710462),17.85921111640264,130.61534628699954,ios,1.2076456070436845,0.09664203222201206,-0.16246184998250324
95,37.38693804483617,-122.08344253722773,1583370125.0,2020-03-04T17:02:05-08:00,POINT (-122.08344253722773 37.38693804483617),17.77210618393545,131.81847589701457,ios,1.3042876392656966,-0.06581981776049117,-0.1114060639011778
96,37.38694835457707,-122.08343549642906,1583370126.0,2020-03-04T17:02:06-08:00,POINT (-122.08343549642906 37.38694835457707),17.716768337559586,133.11997057335145,ios,1.2384678215052054,-0.17722588166166897,0.16907827849144041
97,37.38695778421814,-122.08342803653524,1583370127.0,2020-03-04T17:02:07-08:00,POINT (-122.08342803653524 37.38695778421814),17.585087362617973,134.35016884089143,ios,1.0612419398435364,-0.008147603170228557,0.0376240050709995
98,37.38696574702615,-122.08342141483173,1583370128.0,2020-03-04T17:02:08-08:00,POINT (-122.08342141483173 37.38696574702615),17.448283022860267,135.40157694479691,ios,1.0530943366733079,0.029476401900770943,-0.02952134026246811
99,37.38697375174368,-122.08341504458532,1583370129.0,2020-03-04T17:02:09-08:00,POINT (-122.08341504458532 37.38697375174368),17.33351079877016,136.44734673292496,ios,1.0825707385740788,-4.4938361697166584e-05,0.28730081897428894
100,37.38698228050706,-122.083409135221,1583370130.0,2020-03-04T17:02:10-08:00,POINT (-122.083409135221 37.38698228050706),17.280990731065483,137.52732259448533,ios,1.0825258002123817,0.2872558806125918,-0.49314710954798446
101,37.386990808916636,-122.08340322610184,1583370131.0,2020-03-04T17:02:11-08:00,POINT (-122.08340322610184 37.386990808916636),17.23095486912403,138.31480713327565,ios,1.3697816808249734,-0.2058912289353927,0.21537877074904843
102,37.38700149584318,-122.08339551475093,1583370132.0,2020-03-04T17:02:12-08:00,POINT (-122.08339551475093 37.38700149584318),17.216684407042578,138.5488983659035,ios,1.1638904518895807,0.009487541813655742,-0.04903407392495884
103,37.38701021302248,-122.08338822249517,1583370133.0,2020-03-04T17:02:13-08:00,POINT (-122.08338822249517 37.38701021302248),17.15937613577473,139.71032333865713,ios,1.1733779937032365,-0.0395465321113031,-0.3586648925484248
104,37.38701880447323,-122.08338051114426,1583370134.0,2020-03-04T17:02:14-08:00,POINT (-122.08338051114426 37.38701880447323),17.063067719168238,140.87883125870556,ios,1.1338314615919334,-0.3982114246597279,0.3981812415542382
105,37.38702773120011,-122.08337430853591,1583370135.0,2020-03-04T17:02:15-08:00,POINT (-122.08337430853591 37.38702773120011),17.1004747953214,142.01066860081582,ios,0.7356200369322055,-3.018310548974501e-05,0.30225638274893796
106,37.387033305280006,-122.08336982412575,1583370136.0,2020-03-04T17:02:16-08:00,POINT (-122.08336982412575 37.387033305280006),17.077391703307054,142.7452097803834,ios,0.7355898538267157,0.3022261996434482,-0.3022697767672681
107,37.387038879131325,-122.08336533989952,1583370137.0,2020-03-04T17:02:17-08:00,POINT (-122.08336533989952 37.387038879131325),17.004756631950574,144.78594772497283,ios,1.037816053470164,-4.357712381986012e-05,-0.046131947089975145
108,37.387046925927194,-122.08335938862339,1583370138.0,2020-03-04T17:02:18-08:00,POINT (-122.08335938862339 37.387046925927194),16.9317073285916,145.82002904353772,ios,1.037772476346344,-0.046175524213795005,0.046134843386309465
109,37.387054972385414,-122.08335343759701,1583370139.0,2020-03-04T17:02:19-08:00,POINT (-122.08335343759701 37.387054972385414),16.858661211947293,146.85406695179714,ios,0.9915969521325491,-4.0680827485539695e-05,0.15684965751727875
110,37.3870631029982,-122.08334882745575,1583370140.0,2020-03-04T17:02:20-08:00,POINT (-122.08334882745575 37.3870631029982),16.89601350043287,147.84348215018855,ios,0.9915562713050635,0.1568089766897932,-0.0577317560568914
111,37.38707123327757,-122.08334421750354,1583370141.0,2020-03-04T17:02:21-08:00,POINT (-122.08334421750354 37.38707123327757),16.933364347746927,148.8328567558722,ios,1.1483652479948567,0.09907722063290181,0.06423008405300301
112,37.38708091437573,-122.08333969127581,1583370142.0,2020-03-04T17:02:22-08:00,POINT (-122.08333969127581 37.38708091437573),17.054137631995705,149.97290048370246,ios,1.2474424686277585,0.16330730468590482,0.02182994187007159
113,37.38709105647857,-122.08333365630553,1583370143.0,2020-03-04T17:02:23-08:00,POINT (-122.08333365630553 37.38709105647857),17.078208052072295,151.21832645186507,ios,1.4107497733136634,0.1851372465559764,-0.2117158925453344
114,37.38710253968591,-122.08332686696396,1583370144.0,2020-03-04T17:02:24-08:00,POINT (-122.08332686696396 37.38710253968591),17.108918985484575,152.6267125468574,ios,1.5958870198696398,-0.026578645989357996,-0.26412015924442866
115,37.38711620218808,-122.08332133490786,1583370145.0,2020-03-04T17:02:25-08:00,POINT (-122.08332133490786 37.38711620218808),17.36208256443849,153.7458818760265,ios,1.5693083738802818,-0.29069880523378666,-0.033473328935496816
116,37.38712994850928,-122.08331731159434,1583370146.0,2020-03-04T17:02:26-08:00,POINT (-122.08331731159434 37.38712994850928),17.76389009125738,155.2596499395511,ios,1.278609568646495,-0.3241721341692835,0.3241320730655417
117,37.38714122216905,-122.08331446174726,1583370147.0,2020-03-04T17:02:27-08:00,POINT (-122.08331446174726 37.38714122216905),18.128574470406193,156.4824245528889,ios,0.9544374344772116,-4.0061103741773074e-05,0.13840789570447465
118,37.38714928992012,-122.08331077363249,1583370148.0,2020-03-04T17:02:28-08:00,POINT (-122.08331077363249 37.38714928992012),18.260692618406278,157.42602433510635,ios,0.9543973733734699,0.13836783460073288,0.04825642605355496
119,37.387157357332654,-122.08330708567247,1583370149.0,2020-03-04T17:02:29-08:00,POINT (-122.08330708567247 37.387157357332654),18.392805293510197,158.36958450507302,ios,1.0927652079742027,0.18662426065428783,-0.19565564007928682
120,37.38716578114534,-122.08330071542606,1583370150.0,2020-03-04T17:02:30-08:00,POINT (-122.08330071542606 37.38716578114534),18.333842368570313,159.45957686971855,ios,1.2793894686284906,-0.009031379424998986,-0.1536243657333325
121,37.387174246867545,-122.08329090859935,1583370151.0,2020-03-04T17:02:31-08:00,POINT (-122.08329090859935 37.387174246867545),18.008461763391743,160.69655761301672,ios,1.2703580892034916,-0.16265574515833148,0.3362638111287719
122,37.387181622942336,-122.0832799283062,1583370152.0,2020-03-04T17:02:32-08:00,POINT (-122.0832799283062 37.387181622942336),17.534586385532318,161.87559380570787,ios,1.10770234404516,0.17360806597044043,-0.23597371925726662
123,37.387187993188746,-122.08327028911755,1583370153.0,2020-03-04T17:02:33-08:00,POINT (-122.08327028911755 37.387187993188746),17.113121398074753,162.9003470439055,ios,1.2813104100156005,-0.062365653286826195,0.11342088436266273
124,37.38719574644918,-122.08325956028149,1583370154.0,2020-03-04T17:02:34-08:00,POINT (-122.08325956028149 37.38719574644918),16.67855392507073,164.10587475187347,ios,1.2189447567287743,0.05105523107583654,-0.13810270522279278
125,37.38720396071429,-122.08325042400703,1583370155.0,2020-03-04T17:02:35-08:00,POINT (-122.08325042400703 37.38720396071429),16.39248104814113,165.29036388977696,ios,1.2699999878046109,-0.08704747414695624,-0.20445302672350552
126,37.38721255216504,-122.08324095245645,1583370156.0,2020-03-04T17:02:36-08:00,POINT (-122.08324095245645 37.38721255216504),16.099856324724687,166.52571989543725,ios,1.1829525136576546,-0.29150050087046175,0.2914626479273432
127,37.38722013778741,-122.0832315647249,1583370157.0,2020-03-04T17:02:37-08:00,POINT (-122.0832315647249 37.38722013778741),15.761373219895349,167.65906725821307,ios,0.8914520127871929,-3.78529431185326e-05,0.14756940279927655
128,37.38722696918345,-122.08322628401386,1583370158.0,2020-03-04T17:02:38-08:00,POINT (-122.08322628401386 37.38722696918345),15.704593176932097,168.54777806565187,ios,0.8914141598440743,0.14753154985615802,0.25199848704068395
129,37.38723380028958,-122.0832210035269,1583370159.0,2020-03-04T17:02:39-08:00,POINT (-122.0832210035269 37.38723380028958),15.647815631879626,169.43645114438974,ios,1.0389457097002324,0.39953003689684197,-0.4654237862056052
130,37.3872423079213,-122.08321614202306,1583370160.0,2020-03-04T17:02:40-08:00,POINT (-122.08321614202306 37.3872423079213),15.711143008231037,170.47192442316106,ios,1.4384757465970743,-0.06589374930876324,-0.2604743196101611
131,37.387253665400095,-122.08320834685311,1583370161.0,2020-03-04T17:02:41-08:00,POINT (-122.08320834685311 37.387253665400095),15.693671302161713,171.90852139089228,ios,1.372581997288311,-0.32636806891892434,0.3831709915271959
132,37.38726414277906,-122.083200132588,1583370162.0,2020-03-04T17:02:42-08:00,POINT (-122.083200132588 37.38726414277906),15.597584916676809,173.27633486870016,ios,1.0462139283693868,0.05680292260827158,0.2042667016547035
133,37.38727122548724,-122.08319233741805,1583370163.0,2020-03-04T17:02:43-08:00,POINT (-122.08319233741805 37.38727122548724),15.357371613500913,174.29420620310594,ios,1.1030168509776583,0.2610696242629751,-0.10856583705915979
134,37.387278056738324,-122.08318328496263,1583370164.0,2020-03-04T17:02:44-08:00,POINT (-122.08318328496263 37.387278056738324),15.005787250460111,175.339720905505,ios,1.3640864752406334,0.1525037872038153,-0.18755947943154028
135,37.387287067284234,-122.08317280758367,1583370165.0,2020-03-04T17:02:45-08:00,POINT (-122.08317280758367 37.387287067284234),14.61646293503436,177.27824498184955,ios,1.5165902624444487,-0.03505569222772498,-0.10937014052534355
136,37.387297083658524,-122.08316115673826,1583370166.0,2020-03-04T17:02:46-08:00,POINT (-122.08316115673826 37.387297083658524),14.166021720813015,178.72600304335532,ios,1.4815345702167237,-0.14442583275306853,0.17815308183538914
137,37.38730726767088,-122.08315034408317,1583370167.0,2020-03-04T17:02:47-08:00,POINT (-122.08315034408317 37.38730726767088),13.790542275686962,180.15849394353683,ios,1.3371087374636552,0.03372724908232061,0.015155295866797314
138,37.38731749359275,-122.08314238127515,1583370168.0,2020-03-04T17:02:48-08:00,POINT (-122.08314238127515 37.38731749359275),13.64463266930649,181.48623240144155,ios,1.3708359865459758,0.04888254494911792,-0.04588369918405677
139,37.387328851071544,-122.08313634630487,1583370169.0,2020-03-04T17:02:49-08:00,POINT (-122.08313634630487 37.387328851071544),13.706874990671919,182.85350906076852,ios,1.4197185314950937,0.0029988457650611533,-0.12961455304263825
140,37.38734054382647,-122.08312989223943,1583370170.0,2020-03-04T17:02:50-08:00,POINT (-122.08312989223943 37.38734054382647),13.75171564118205,184.27035899496582,ios,1.422717377260155,-0.1266157072775771,-0.08438567637390904
141,37.3873519851243,-122.0831226838027,1583370171.0,2020-03-04T17:02:51-08:00,POINT (-122.0831226838027 37.3873519851243),13.724272265527054,185.69088380958246,ios,1.2961016699825778,-0.21100138365148613,0.39537407585272066
142,37.38736221104617,-122.08311564300404,1583370172.0,2020-03-04T17:02:52-08:00,POINT (-122.08311564300404 37.38736221104617),13.65198628137291,186.9833747793958,ios,1.0851002863310917,0.18437269220123453,-0.7098233162590095
143,37.387371431139655,-122.08311161969051,1583370173.0,2020-03-04T17:02:53-08:00,POINT (-122.08311161969051 37.387371431139655),13.772458574816453,188.05985537101225,ios,1.2694729785323262,-0.525450624057775,0.5254195761875096
144,37.38738262098039,-122.08310876984343,1583370174.0,2020-03-04T17:02:54-08:00,POINT (-122.08310876984343 37.38738262098039),14.081003514398269,189.288592352801,ios,0.7440223544745512,-3.104787026542155e-05,0.24358953558873153
145,37.38738907518048,-122.08310654859277,1583370175.0,2020-03-04T17:02:55-08:00,POINT (-122.08310654859277 37.38738907518048),14.21285715909895,190.01939341220748,ios,0.7439913066042858,0.2435584877184661,-0.24359969561969586
146,37.387395529111274,-122.08310432743477,1583370176.0,2020-03-04T17:02:56-08:00,POINT (-122.08310432743477 37.387395529111274),14.344705335971858,190.75016397169975,ios,0.9875497943227519,-4.120790122974505e-05,0.11510502338979489
147,37.38740424647243,-122.08310219000485,1583370177.0,2020-03-04T17:02:57-08:00,POINT (-122.08310219000485 37.38740424647243),14.591680461664135,191.70423985699145,ios,0.9875085864215222,0.11506381548856515,0.038518084855562074
148,37.38741296346987,-122.08310005266414,1583370178.0,2020-03-04T17:02:58-08:00,POINT (-122.08310005266414 37.38741296346987),14.83864532909838,192.6582759205011,ios,1.1025724019100873,0.15358190034412722,-0.018847419861151016
149,37.38742277029658,-122.08309820864544,1583370179.0,2020-03-04T17:02:59-08:00,POINT (-122.08309820864544 37.38742277029658),15.161245952481444,193.7101600807464,ios,1.2561543022542145,0.1347344804829762,-0.18765070260891936
150,37.38743362486119,-122.08309426915095,1583370180.0,2020-03-04T17:03:00-08:00,POINT (-122.08309426915095 37.38743362486119),15.36671940564187,194.94700113766763,ios,1.3908887827371907,-0.05291622212594316,-0.07285207367040214
151,37.38744514997805,-122.08308815036163,1583370181.0,2020-03-04T17:03:01-08:00,POINT (-122.08308815036163 37.38744514997805),15.430301796775472,196.33425763304209,ios,1.3379725606112476,-0.1257682957963453,-0.031313416873909095
152,37.38745629790927,-122.08308245066748,1583370182.0,2020-03-04T17:03:02-08:00,POINT (-122.08308245066748 37.38745629790927),15.509278223838994,197.66774682336967,ios,1.2122042648149023,-0.1570817126702544,0.16483336285176664
153,37.38746656574065,-122.08307784062073,1583370183.0,2020-03-04T17:03:03-08:00,POINT (-122.08307784062073 37.38746656574065),15.633097767299391,198.87150662075723,ios,1.055122552144648,0.0077516501815122485,-0.007797519891857174
154,37.38747586965317,-122.08307549368784,1583370184.0,2020-03-04T17:03:04-08:00,POINT (-122.08307549368784 37.38747586965317),15.891446229558403,199.89228882842474,ios,1.0628742023261601,-4.586971034492571e-05,0.24634675424612928
155,37.38748532045292,-122.08307369153978,1583370185.0,2020-03-04T17:03:05-08:00,POINT (-122.08307369153978 37.38748532045292),16.20273559850511,200.627945282762,ios,1.0628283326158152,0.24630088453578436,-0.22629285090628404
156,37.387494770844825,-122.08307188946947,1583370186.0,2020-03-04T17:03:06-08:00,POINT (-122.08307188946947 37.387494770844825),16.549184593458534,201.2211039799246,ios,1.3091292171515996,0.02000803362950032,-0.39585971580275725
157,37.38750625405217,-122.08306862052724,1583370187.0,2020-03-04T17:03:07-08:00,POINT (-122.08306862052724 37.38750625405217),16.89202983233928,202.48182938036376,ios,1.3291372507811,-0.37585168217325693,0.3758107716431077
158,37.38751765344048,-122.08306409429953,1583370188.0,2020-03-04T17:03:08-08:00,POINT (-122.08306409429953 37.38751765344048),17.132239138085506,203.78661831752854,ios,0.953285568607843,-4.0910530149207425e-05,-0.07917786358766454
159,37.38752620316517,-122.08306329800165,1583370189.0,2020-03-04T17:03:09-08:00,POINT (-122.08306329800165 37.38752620316517),17.51549272613591,204.6571959920248,ios,0.9532446580776938,-0.07921877411781375,0.07918271816986155
160,37.38753475252295,-122.08306250173791,1583370190.0,2020-03-04T17:03:10-08:00,POINT (-122.08306250173791 37.38753475252295),17.8987298794229,205.5277363013418,ios,0.87402588395988,-3.605594795219602e-05,0.24417981190105187
161,37.387542380212146,-122.0830648906296,1583370191.0,2020-03-04T17:03:11-08:00,POINT (-122.0830648906296 37.387542380212146),18.48289203531246,206.17556804188644,ios,0.8739898280119278,0.24414375595309967,-0.2441914831262444
162,37.387550007586725,-122.08306727942274,1583370192.0,2020-03-04T17:03:12-08:00,POINT (-122.08306727942274 37.387550007586725),19.067030058318082,206.82337308540548,ios,1.1181335839650275,-4.7727173144718193e-05,0.24459381269107694
163,37.38755973080188,-122.08307050652431,1583370193.0,2020-03-04T17:03:13-08:00,POINT (-122.08307050652431 37.38755973080188),19.82589539950796,207.64161764346005,ios,1.1180858567918828,0.24454608551793222,-0.0703058304889368
164,37.38756945360208,-122.08307373348819,1583370194.0,2020-03-04T17:03:14-08:00,POINT (-122.08307373348819 37.38756945360208),20.58472829743545,208.45982732288158,ios,1.362631942309815,0.17424025502899543,-0.026435272828936984
165,37.3875816492712,-122.08307524223075,1583370195.0,2020-03-04T17:03:15-08:00,POINT (-122.08307524223075 37.3875816492712),21.338117468035186,209.5916997345973,ios,1.5368721973388104,0.14780498220005844,-0.6344528158351619
166,37.38759497649724,-122.083070632184,1583370196.0,2020-03-04T17:03:16-08:00,POINT (-122.083070632184 37.38759497649724),21.67222767483334,211.0888107001955,ios,1.6846771795388689,-0.48664783363510344,0.5940857872457053
167,37.387608680908926,-122.08306250173793,1583370197.0,2020-03-04T17:03:17-08:00,POINT (-122.08306250173793 37.387608680908926),21.750840052130762,212.76923473958394,ios,1.1980293459037654,0.10743795361060182,-0.10637161588348798
168,37.38761836200709,-122.08305655058668,1583370198.0,2020-03-04T17:03:18-08:00,POINT (-122.08305655058668 37.38761836200709),21.790145916351122,213.9649556173343,ios,1.3054672995143672,0.001066337727113842,-0.41413431397289957
169,37.387628923205085,-122.08305009652123,1583370199.0,2020-03-04T17:03:19-08:00,POINT (-122.08305009652123 37.387628923205085),21.836003031426937,215.26779430135036,ios,1.306533637241481,-0.41306797624578573,0.41303004383144404
170,37.38763910721744,-122.08304272044644,1583370200.0,2020-03-04T17:03:20-08:00,POINT (-122.08304272044644 37.38763910721744),21.790142369075802,216.5720416909087,ios,0.8934656609956954,-3.793241434169037e-05,0.25985345686472516
171,37.38764635771753,-122.08303836176431,1583370201.0,2020-03-04T17:03:21-08:00,POINT (-122.08303836176431 37.38764635771753),21.827265115423916,217.46346878670028,ios,0.8934277285813537,0.2598155244503835,-0.37234716202856166
172,37.387653607909925,-122.08303400326714,1583370202.0,2020-03-04T17:03:22-08:00,POINT (-122.08303400326714 37.387653607909925),21.856530730926984,220.74589968789206,ios,1.1532432530317371,-0.11253163757817819,-0.06993801738124039
173,37.38766266036535,-122.08302763302073,1583370203.0,2020-03-04T17:03:23-08:00,POINT (-122.08302763302073 37.38766266036535),21.70490026081418,221.88774195273234,ios,1.040711615453559,-0.18246965495941858,0.1824330239940961
174,37.38767095844949,-122.08302218478367,1583370204.0,2020-03-04T17:03:24-08:00,POINT (-122.08302218478367 37.38767095844949),21.598069334640424,222.92159869398122,ios,0.8582419604941404,-3.6630965322470566e-05,0.49209629810889044
175,37.387678523278524,-122.08302025690479,1583370205.0,2020-03-04T17:03:25-08:00,POINT (-122.08302025690479 37.387678523278524),21.750560507732505,223.7644062370923,ios,0.8582053295288179,0.49205966714356797,-0.5967831817446476
176,37.387686087784715,-122.08301832910821,1583370206.0,2020-03-04T17:03:26-08:00,POINT (-122.08301832910821 37.387686087784715),21.905849031884483,224.25670326898035,ios,1.3502649966723859,-0.10472351460107965,-0.015706755176296494
177,37.38770922183747,-122.0830090251957,1583370208.0,2020-03-04T17:03:28-08:00,POINT (-122.0830090251957 37.38770922183747),22.265087615546545,225.4546839271373,ios,1.1408179674702266,-0.13613702495367264,0.01726154182569528
178,37.38771890293563,-122.08300475042508,1583370209.0,2020-03-04T17:03:29-08:00,POINT (-122.08300475042508 37.38771890293563),22.40578061530343,226.5847919592294,ios,1.004680942516554,-0.11887548312797735,0.11883872741412638
179,37.38772749438638,-122.08300123002574,1583370210.0,2020-03-04T17:03:30-08:00,POINT (-122.08300123002574 37.38772749438638),22.552284432698226,227.5769066335941,ios,0.8858054593885766,-3.6755713850977756e-05,0.25006347841680154
180,37.387735122076485,-122.08299833820915,1583370211.0,2020-03-04T17:03:31-08:00,POINT (-122.08299833820915 37.387735122076485),22.70086679455588,228.4484967877082,ios,0.8857687036747256,0.25002672270295057,-0.46323592335731967
181,37.387742749450155,-122.08299544651256,1583370212.0,2020-03-04T17:03:32-08:00,POINT (-122.08299544651256 37.387742749450155),22.849443046894052,229.3200507680733,ios,1.1357954263776762,-0.2132092006543691,0.2131704843163743
182,37.38775251436735,-122.08299167465613,1583370213.0,2020-03-04T17:03:33-08:00,POINT (-122.08299167465613 37.38775251436735),23.034129658390203,230.43861118903632,ios,0.9225862257233071,-3.8716337994793015e-05,-0.22726358239461575
183,37.38776068689441,-122.08298987250915,1583370214.0,2020-03-04T17:03:34-08:00,POINT (-122.08298987250915 37.38776068689441),23.29601798123944,231.32124500954694,ios,0.9225475093853123,-0.22730229873261054,0.2272731249074913
184,37.387768859078534,-122.08298807043776,1583370215.0,2020-03-04T17:03:35-08:00,POINT (-122.08298807043776 37.387768859078534),23.55789534780964,232.20384178334896,ios,0.6952452106527017,-2.9173825119244157e-05,0.13247685385484942
185,37.387775082772215,-122.08298731605065,1583370216.0,2020-03-04T17:03:36-08:00,POINT (-122.08298731605065 37.387775082772215),23.806295346348254,232.85158401779333,ios,0.6952160368275825,0.13244768002973017,-0.1324826213361987
186,37.387781306204744,-122.0829865616952,1583370217.0,2020-03-04T17:03:37-08:00,POINT (-122.0829865616952 37.387781306204744),24.054684934683348,233.4992990667319,ios,0.8276637168573127,-3.494130646852778e-05,0.1566329607602902
187,37.387788074734374,-122.08298266402797,1583370218.0,2020-03-04T17:03:38-08:00,POINT (-122.08298266402797 37.387788074734374),24.075499000244324,234.71306700104046,ios,0.8276287755508441,0.15659801945382168,-0.15663935175013954
188,37.387794842978366,-122.08297876652523,1583370219.0,2020-03-04T17:03:39-08:00,POINT (-122.08297876652523 37.387794842978366),24.08854784023477,235.53937559179,ios,0.9842267950046658,-4.133229631786417e-05,0.5817805141049771
189,37.38780200965594,-122.08297222850359,1583370220.0,2020-03-04T17:03:40-08:00,POINT (-122.08297222850359 37.38780200965594),23.9098399163909,236.50649903055844,ios,0.984185462708348,0.5817391818086592,-0.849599441425287
190,37.38780917603279,-122.0829656907563,1583370221.0,2020-03-04T17:03:41-08:00,POINT (-122.0829656907563 37.38780917603279),23.731139608577838,237.47358187627503,ios,1.5659246445170072,-0.26786025961662774,0.14407297215578985
191,37.38782179079706,-122.08295781176732,1583370222.0,2020-03-04T17:03:42-08:00,POINT (-122.08295781176732 37.38782179079706),23.706372170869606,239.03717055912963,ios,1.2980643849003795,-0.12378728746083789,0.05517576994460205
192,37.387832896818765,-122.0829532855396,1583370223.0,2020-03-04T17:03:43-08:00,POINT (-122.0829532855396 37.387832896818765),23.877039609556757,240.3216053616726,ios,1.1742770974395416,-0.06861151751623584,0.09135201020205153
193,37.387843416107245,-122.08295211207316,1583370224.0,2020-03-04T17:03:44-08:00,POINT (-122.08295211207316 37.387843416107245),24.287315030681594,241.41915385439341,ios,1.1056655799233057,0.022740492685815683,-0.006980942288669644
194,37.3878533486625,-122.08295269880638,1583370225.0,2020-03-04T17:03:45-08:00,POINT (-122.08295269880638 37.3878533486625),24.81003221830088,242.39069708670846,ios,1.1284060726091214,0.01575955039714604,0.005165833548733993
195,37.38818946297968,-122.08274206157967,1583370262.0,2020-03-04T17:04:22-08:00,POINT (-122.08274206157967 37.38818946297968),24.62994801032028,283.7297915741868,ios,1.711509437303525,0.2068953917003038,-0.45692662114172267
196,37.38819859925414,-122.08272647123977,1583370263.0,2020-03-04T17:04:23-08:00,POINT (-122.08272647123977 37.38819859925414),23.844497345306678,285.25147637768725,ios,1.9184048290038287,-0.25003122944141887,0.018884415601829296
197,37.38821385431791,-122.08271632913693,1583370264.0,2020-03-04T17:04:24-08:00,POINT (-122.08271632913693 37.38821385431791),23.79294969706793,287.1667339528247,ios,1.6683735995624098,-0.23114681383958957,0.20287672582094318
198,37.388226552901216,-122.08270627085312,1583370265.0,2020-03-04T17:04:25-08:00,POINT (-122.08270627085312 37.388226552901216),23.621916288926734,288.8246395965466,ios,1.4372267857228203,-0.02827008801864639,0.2283157092686754
199,37.38823615018035,-122.082695374379,1583370266.0,2020-03-04T17:04:26-08:00,POINT (-122.082695374379 37.38823615018035),23.23140667200407,290.2073487991963,ios,1.4089566977041739,0.200045621250029,-0.08035197530651894
200,37.38824411298836,-122.0826829691623,1583370267.0,2020-03-04T17:04:27-08:00,POINT (-122.0826829691623 37.38824411298836),22.640621243797796,291.4870275193033,ios,1.6090023189542029,0.11969364594351006,-0.8627150856384912
201,37.3882524110725,-122.08266804937466,1583370268.0,2020-03-04T17:04:28-08:00,POINT (-122.08266804937466 37.3882524110725),21.866988146587566,292.89901832117897,ios,1.728695964897713,-0.7430214396949811,0.7587389993960794
202,37.388262469356306,-122.08265312958702,1583370269.0,2020-03-04T17:04:29-08:00,POINT (-122.08265312958702 37.388262469356306),20.699221960964184,334.07014962426217,ios,0.9856745252027318,0.015717559701098262,-0.0055561361644958715
203,37.38845768388117,-122.08252111461206,1583370294.0,2020-03-04T17:04:54-08:00,POINT (-122.08252111461206 37.38845768388117),3.9087272609834587,334.4551566505654,ios,1.3786135177301884,-0.12318584441129854,0.26774271921413506
204,37.388466359150954,-122.08253226254328,1583370295.0,2020-03-04T17:04:55-08:00,POINT (-122.08253226254328 37.388466359150954),4.266351052916823,335.7865233260142,ios,1.2554276733188898,0.14455687480283652,-0.12083821034780229
205,37.388473525678165,-122.08254324283644,1583370296.0,2020-03-04T17:04:56-08:00,POINT (-122.08254324283644 37.388473525678165),4.485171635543666,337.0231548631116,ios,1.3999845481217263,0.023718664455034233,0.034874067564359734
206,37.38848073411489,-122.08255623478635,1583370297.0,2020-03-04T17:04:57-08:00,POINT (-122.08255623478635 37.38848073411489),4.621038031174309,338.4174438584054,ios,1.4237032125767606,0.05859273201939397,-0.17914052125454183
207,37.38848752345646,-122.08256989728852,1583370298.0,2020-03-04T17:04:58-08:00,POINT (-122.08256989728852 37.38848752345646),4.687330202761546,339.84080960518554,ios,1.4822959445961545,-0.12054778923514786,-0.02929417028407655
208,37.388494228979,-122.08258439798101,1583370299.0,2020-03-04T17:04:59-08:00,POINT (-122.08258439798101 37.388494228979),4.709253754645126,341.3243756225441,ios,1.3617481553610067,-0.1498419595192244,0.21593310873844063
209,37.388499635306545,-122.08259822812124,1583370300.0,2020-03-04T17:05:00-08:00,POINT (-122.08259822812124 37.388499635306545),4.634412287647765,342.685719375966,ios,1.2119061958417823,0.06609114921921622,-0.21150135654730473
210,37.38850332334394,-122.08261113625213,1583370301.0,2020-03-04T17:05:01-08:00,POINT (-122.08261113625213 37.38850332334394),4.433111481038537,343.8826993452783,ios,1.2779973450609985,-0.14541020732808851,0.22871774349399399
211,37.38850646655763,-122.08262505021139,1583370302.0,2020-03-04T17:05:02-08:00,POINT (-122.08262505021139 37.38850646655763),4.135563332851013,345.1278383059912,ios,1.13258713773291,0.08330753616590547,-0.3075945121351864
212,37.38851149569953,-122.08263619814261,1583370303.0,2020-03-04T17:05:03-08:00,POINT (-122.08263619814261 37.38851149569953),4.140223961220702,346.26155441574235,ios,1.2158946738988154,-0.22428697596928093,0.2242448502753156
213,37.38851790785546,-122.08264734607383,1583370304.0,2020-03-04T17:05:04-08:00,POINT (-122.08264734607383 37.38851790785546),4.278768012188081,347.4702409877448,ios,0.9916076979295345,-4.212569396533361e-05,0.17769343464475562
214,37.38852193125435,-122.08265736266067,1583370305.0,2020-03-04T17:05:05-08:00,POINT (-122.08265736266067 37.38852193125435),4.2350022136814305,348.4620495288638,ios,0.9915655722355692,0.1776513089507903,-0.23317800882059458
215,37.3885259544825,-122.0826673788224,1583370306.0,2020-03-04T17:05:06-08:00,POINT (-122.0826673788224 37.3885259544825),4.191238404839177,349.45381594196743,ios,1.1692168811863595,-0.0555266998698043,0.17083866998944242
216,37.38852943297232,-122.08267986785813,1583370307.0,2020-03-04T17:05:07-08:00,POINT (-122.08267986785813 37.38852943297232),3.987780649120339,350.60706450373004,ios,1.1136901813165552,0.11531197011963812,-0.20258876096794176
217,37.38853253427649,-122.08269185397967,1583370308.0,2020-03-04T17:05:08-08:00,POINT (-122.08269185397967 37.38853253427649),3.7695622368410695,351.7010201228434,ios,1.2290021514361933,-0.08727679084830364,-0.0299435893837241
218,37.38853630613292,-122.08270492974862,1583370309.0,2020-03-04T17:05:09-08:00,POINT (-122.08270492974862 37.38853630613292),3.5691260695021576,352.91549231217505,ios,1.1417253605878896,-0.11722038023202774,0.1171783206240784
219,37.3885407485416,-122.08271658059402,1583370310.0,2020-03-04T17:05:10-08:00,POINT (-122.08271658059402 37.3885407485416),3.495236086428948,354.05624886442644,ios,1.024504980355862,-4.2059607949340716e-05,0.0028916449302471836
220,37.388545274862125,-122.08272668099444,1583370311.0,2020-03-04T17:05:11-08:00,POINT (-122.08272668099444 37.388545274862125),3.4965314835245582,355.08179354863654,ios,1.0244629207479126,0.002849585322297843,0.14438417569875983
221,37.388549800997026,-122.08273678098067,1583370312.0,2020-03-04T17:05:12-08:00,POINT (-122.08273678098067 37.388549800997026),3.497826962094394,356.107296126854,ios,1.0273125060702104,0.14723376102105767,-0.058421673198704616
222,37.388553363305874,-122.08274750981673,1583370313.0,2020-03-04T17:05:13-08:00,POINT (-122.08274750981673 37.388553363305874),3.3786190261767963,357.1291256478891,ios,1.174546267091268,0.08881208782235306,-0.2921358462487069
223,37.388556380791016,-122.08276025030955,1583370314.0,2020-03-04T17:05:14-08:00,POINT (-122.08276025030955 37.388556380791016),3.119658286825671,358.276807114323,ios,1.2633583549136211,-0.20332375842635386,0.25742078431960347
224,37.388559943099864,-122.08277382899269,1583370315.0,2020-03-04T17:05:15-08:00,POINT (-122.08277382899269 37.388559943099864),2.8771850728784685,359.5187664110465,ios,1.0600345964872673,0.054097025893249606,-0.0033190593679366387
225,37.38856363113726,-122.08278489310487,1583370316.0,2020-03-04T17:05:16-08:00,POINT (-122.08278489310487 37.38856363113726),2.755646986502492,360.57330897207663,ios,1.1141316223805169,0.05077796652531297,-0.02505680746830108
226,37.38856694198901,-122.08279679540738,1583370317.0,2020-03-04T17:05:17-08:00,POINT (-122.08279679540738 37.38856694198901),2.561340838261158,361.67214912374516,ios,1.1649095889058299,0.02572115905701189,0.09491793593195741
227,37.38857067193592,-122.08280911680504,1583370318.0,2020-03-04T17:05:18-08:00,POINT (-122.08280911680504 37.38857067193592),2.3894783007411187,362.82607955998617,ios,1.1906307479628417,0.1206390949889693,-0.20731203673920984
228,37.388574695249446,-122.08282160584076,1583370319.0,2020-03-04T17:05:19-08:00,POINT (-122.08282160584076 37.388574695249446),2.2387645384706567,364.0088615693903,ios,1.311269842951811,-0.08667294175024054,-0.0023369124981857947
229,37.3885772098204,-122.08283610653325,1583370320.0,2020-03-04T17:05:20-08:00,POINT (-122.08283610653325 37.3885772098204),1.8549854726812003,365.26524358859945,ios,1.2245969012015705,-0.08900985424842633,0.14478874997344016
230,37.38857972439135,-122.08284960139736,1583370321.0,2020-03-04T17:05:21-08:00,POINT (-122.08284960139736 37.38857972439135),1.5147120416705393,366.44393273358247,ios,1.1355870469531442,0.05577889572501382,0.08128887839273125
231,37.388583412428744,-122.08286158751889,1583370322.0,2020-03-04T17:05:22-08:00,POINT (-122.08286158751889 37.388583412428744),1.3532949683042619,367.56969363883104,ios,1.191365942678158,0.13706777411774507,-0.1806806735565336
232,37.38858819011355,-122.08287365745946,1583370323.0,2020-03-04T17:05:23-08:00,POINT (-122.08287365745946 37.38858819011355),1.2937365292806133,368.7609963547566,ios,1.328433716795903,-0.043612899438788544,-0.22835909860543646
233,37.38859531473125,-122.08288572740003,1583370324.0,2020-03-04T17:05:24-08:00,POINT (-122.08288572740003 37.38859531473125),1.4613744181456199,370.0795211432587,ios,1.2848208173571145,-0.271971998044225,0.20757603212356457
234,37.388602229801364,-122.08289737824543,1583370325.0,2020-03-04T17:05:25-08:00,POINT (-122.08289737824543 37.388602229801364),1.6268543895302734,371.3543146650949,ios,1.0128488193128895,-0.06439596592066044,0.06435545316779656
235,37.38860822286213,-122.0829060116057,1583370326.0,2020-03-04T17:05:26-08:00,POINT (-122.0829060116057 37.38860822286213),1.8335949924093022,372.34604931926845,ios,0.9484528533922291,-4.05127528638749e-05,0.2523099794043918
236,37.38861471897571,-122.08291296873381,1583370327.0,2020-03-04T17:05:27-08:00,POINT (-122.08291296873381 37.38861471897571),2.1615365204968695,373.2355766120295,ios,0.9484123406393652,0.25226946665152794,0.03244411504465172
237,37.38862121481205,-122.082919925565,1583370328.0,2020-03-04T17:05:28-08:00,POINT (-122.082919925565 37.38862121481205),2.5038695948886462,374.010775484079,ios,1.2006818072908931,0.28471358169617966,-0.40612328433934497
238,37.38862854897732,-122.08292990002975,1583370329.0,2020-03-04T17:05:29-08:00,POINT (-122.08292990002975 37.38862854897732),2.835578930275836,375.1648305058723,ios,1.4853953889870728,-0.12140970264316531,0.15380670701476862
239,37.38863416485245,-122.08294515509353,1583370330.0,2020-03-04T17:05:30-08:00,POINT (-122.08294515509353 37.38863416485245),2.787359332481867,376.65135949903674,ios,1.3639856863439075,0.03239700437160331,0.016423398571110415
240,37.38863705660904,-122.0829601587002,1583370331.0,2020-03-04T17:05:31-08:00,POINT (-122.0829601587002 37.38863705660904),2.4789262158277023,377.98253978515294,ios,1.3963826907155108,0.048820402942713725,-0.10306183319499862
241,37.38863948736096,-122.08297566522107,1583370332.0,2020-03-04T17:05:32-08:00,POINT (-122.08297566522107 37.38863948736096),2.1048163489676424,379.33059910637587,ios,1.4452030936582245,-0.054241430252284895,0.2912749530159633
242,37.38864141519869,-122.08299184229419,1583370333.0,2020-03-04T17:05:33-08:00,POINT (-122.08299184229419 37.38864141519869),1.6542221345066024,380.7067206789693,ios,1.3909616634059396,0.2370335227636784,-0.34512529711227224
243,37.38864392976964,-122.08300726499603,1583370334.0,2020-03-04T17:05:34-08:00,POINT (-122.08300726499603 37.38864392976964),1.2917517154003664,382.05231417274945,ios,1.627995186169618,-0.10809177434859385,-0.021818692218176672
244,37.38864627670253,-122.08302545372591,1583370335.0,2020-03-04T17:05:35-08:00,POINT (-122.08302545372591 37.38864627670253),0.8029157607538138,383.608478043711,ios,1.5199034118210242,-0.12991046656677052,-0.048836183489206375
245,37.38864904273058,-122.08304230135128,1583370336.0,2020-03-04T17:05:36-08:00,POINT (-122.08304230135128 37.38864904273058),0.40885446358500355,385.0793440278996,ios,1.3899929452542537,-0.1787466500559769,0.24576911832595139
246,37.38865235358233,-122.08305747259602,1583370337.0,2020-03-04T17:05:37-08:00,POINT (-122.08305747259602 37.38865235358233),0.13533973621018264,386.4446295101156,ios,1.2112462951982768,0.06702246826997449,-0.08783129067750384
247,37.38865637689585,-122.08307021308885,1583370338.0,2020-03-04T17:05:38-08:00,POINT (-122.08307021308885 37.38865637689585),0.028927307663033287,387.65296816290163,ios,1.2782687634682512,-0.020808822407529348,-0.06678897024968
248,37.388661699404366,-122.0830830374007,1583370339.0,2020-03-04T17:05:39-08:00,POINT (-122.0830830374007 37.388661699404366),0.04804920587165605,388.932538498587,ios,1.257459941060722,-0.08759779265720935,0.18087781138338288
249,37.388667692465134,-122.08309510734126,1583370340.0,2020-03-04T17:05:40-08:00,POINT (-122.08309510734126 37.388667692465134),0.16360718491933599,390.1857482854566,ios,1.1698621484035125,0.09328001872617353,-0.15806578719469955
250,37.388672931154616,-122.08310659054861,1583370341.0,2020-03-04T17:05:41-08:00,POINT (-122.08310659054861 37.388672931154616),0.2276214042746768,391.35501479365826,ios,1.263142167129686,-0.06478576846852602,0.15229188634033952
251,37.38867808602507,-122.08311933104143,1583370342.0,2020-03-04T17:05:42-08:00,POINT (-122.08311933104143 37.38867808602507),0.23344102576279285,392.619616094447,ios,1.19835639866116,0.0875061178718135,-0.1309322593776594
252,37.388682444614716,-122.08313173625812,1583370343.0,2020-03-04T17:05:43-08:00,POINT (-122.08313173625812 37.388682444614716),0.15652621380600035,393.8287438910113,ios,1.2858625165329736,-0.043426141505845894,-0.11157665479652423
253,37.38868827003742,-122.08314430911288,1583370344.0,2020-03-04T17:05:44-08:00,POINT (-122.08314430911288 37.38868827003742),0.15251131450302532,395.1158382748543,ios,1.2424363750271277,-0.15500279630237013,0.23924487188719312
254,37.38869422118867,-122.08315621141539,1583370345.0,2020-03-04T17:05:45-08:00,POINT (-122.08315621141539 37.38869422118867),0.19050744821369042,396.35873271629805,ios,1.0874335787247575,0.084242075584823,-0.040806410948361904
255,37.388699459878154,-122.08316660497532,1583370346.0,2020-03-04T17:05:46-08:00,POINT (-122.08316660497532 37.388699459878154),0.2277011008638862,397.446424582026,ios,1.1716756543095805,0.04343566463646109,-0.042639084206010924
256,37.38870536911989,-122.08317758526847,1583370347.0,2020-03-04T17:05:47-08:00,POINT (-122.08317758526847 37.38870536911989),0.30289189590567844,398.6165131947562,ios,1.2151113189460416,0.0007965804304501667,-0.04969703554120186
257,37.38871106881405,-122.08318931993291,1583370348.0,2020-03-04T17:05:48-08:00,POINT (-122.08318931993291 37.38871106881405),0.3242983434961454,399.8325119174314,ios,1.2159078993764918,-0.048900455110751695,-0.1331903803094886
258,37.388716558960624,-122.08320122223542,1583370349.0,2020-03-04T17:05:49-08:00,POINT (-122.08320122223542 37.388716558960624),0.31814376202359895,401.04958372391695,ios,1.16700744426574,-0.1820908354202403,0.18204946407602118
259,37.388721504283495,-122.08321287308083,1583370350.0,2020-03-04T17:05:50-08:00,POINT (-122.08321287308083 37.388721504283495),0.2710489197876993,402.2169222915199,ios,0.9849166088454998,-4.137134421910993e-05,0.1663480995733514
260,37.38872571627821,-122.0832226801133,1583370351.0,2020-03-04T17:05:51-08:00,POINT (-122.0832226801133 37.38872571627821),0.23612857478725652,403.20228411898427,ios,0.9848752375012807,0.16630672822913228,-0.1349371017362334
261,37.38872992809618,-122.08323248673425,1583370352.0,2020-03-04T17:05:52-08:00,POINT (-122.08323248673425 37.38872992809618),0.2012098214663166,404.18760455711754,ios,1.151181965730413,0.03136962649289887,-0.035077001829538546
262,37.38873550206179,-122.0832434670274,1583370353.0,2020-03-04T17:05:53-08:00,POINT (-122.0832434670274 37.38873550206179),0.24429146197783683,405.33891290036996,ios,1.1825515922233119,-0.0037073753366396733,-0.04635172535101462
263,37.3887410760274,-122.08325486641571,1583370354.0,2020-03-04T17:05:54-08:00,POINT (-122.08325486641571 37.3887410760274),0.26864237064074736,406.5222476280876,ios,1.1788442168866722,-0.05005910068765429,0.17484446562149736
264,37.388747194816716,-122.08326576288984,1583370355.0,2020-03-04T17:05:55-08:00,POINT (-122.08326576288984 37.388747194816716),0.36764955812570027,407.6976678116085,ios,1.128785116199018,0.12478536493384307,-0.17190527425545388
265,37.38875473852957,-122.08327431243107,1583370356.0,2020-03-04T17:05:56-08:00,POINT (-122.08327431243107 37.38875473852957),0.7080181286021326,408.77355417816045,ios,1.253570481132861,-0.04711990932161081,0.02420038341658648
266,37.388763581437416,-122.0832831134294,1583370357.0,2020-03-04T17:05:57-08:00,POINT (-122.0832831134294 37.388763581437416),1.1795627954740047,409.9201169079316,ios,1.2064505718112501,-0.02291952590502433,0.05657872668247621
267,37.388772298616715,-122.08329124387548,1583370358.0,2020-03-04T17:05:58-08:00,POINT (-122.08329124387548 37.388772298616715),1.6711694622054953,411.020939086643,ios,1.1835310459062258,0.03365920077745188,-0.2164391615493042
268,37.38877975851054,-122.0833007992451,1583370359.0,2020-03-04T17:05:59-08:00,POINT (-122.0833007992451 37.38877975851054),1.9794088814289534,412.1635716656942,ios,1.2171902466836777,-0.18277996077185232,0.290662203105575
269,37.3887860030284,-122.08331211481438,1583370360.0,2020-03-04T17:06:00-08:00,POINT (-122.08331211481438 37.3887860030284),2.0938211311909236,413.3761783848802,ios,1.0344102859118254,0.10788224233372268,-0.02265665906736536
270,37.3887912836274,-122.08332175400302,1583370361.0,2020-03-04T17:06:01-08:00,POINT (-122.08332175400302 37.3887912836274),2.1875281536135374,414.407034020486,ios,1.142292528245548,0.08522558326635732,-0.09326152631927598
271,37.38879757005478,-122.08333197992489,1583370362.0,2020-03-04T17:06:02-08:00,POINT (-122.08333197992489 37.38879757005478),2.3531728912595296,415.537773088868,ios,1.2275181115119054,-0.00803594305291866,-0.09790146369953345
272,37.38880482040102,-122.08334245730386,1583370363.0,2020-03-04T17:06:03-08:00,POINT (-122.08334245730386 37.38880482040102),2.6012153243458807,416.7402318359618,ios,1.2194821684589867,-0.10593740675245211,0.07781168941386318
273,37.38881211265678,-122.08335276704476,1583370364.0,2020-03-04T17:06:04-08:00,POINT (-122.08335276704476 37.38881211265678),2.860571664158189,417.932019650525,ios,1.1135447617065346,-0.02812571733858893,0.1980617631588999
274,37.38881814762706,-122.08336282532856,1583370365.0,2020-03-04T17:06:05-08:00,POINT (-122.08336282532856 37.38881814762706),3.009139723547838,419.036169470064,ios,1.0854190443679457,0.16993604582031097,-0.33034133508590013
275,37.38882313485945,-122.08337338652656,1583370366.0,2020-03-04T17:06:06-08:00,POINT (-122.08337338652656 37.38882313485945),3.034538203132258,420.1223032451823,ios,1.2553550901882566,-0.16040528926558917,0.13359448606941005
276,37.38882799636329,-122.08338621083841,1583370367.0,2020-03-04T17:06:07-08:00,POINT (-122.08338621083841 37.38882799636329),2.949787885622711,421.37637033388074,ios,1.0949498009226675,-0.026810803196179123,0.07198801907294272
277,37.38882992420102,-122.08339836459801,1583370368.0,2020-03-04T17:06:08-08:00,POINT (-122.08339836459801 37.38882992420102),2.61016024189385,422.41947664481717,ios,1.0681389977264883,0.0451772158767636,-0.0064171630698341975
278,37.388831181486495,-122.08341035071955,1583370369.0,2020-03-04T17:06:09-08:00,POINT (-122.08341035071955 37.388831181486495),2.2128971240328377,423.41325382643583,ios,1.113316213603252,0.0387600528069294,0.0740860570761277
279,37.38883294168616,-122.08342275593624,1583370370.0,2020-03-04T17:06:10-08:00,POINT (-122.08342275593624 37.38883294168616),1.8461595801517983,424.4666813798607,ios,1.1520762664101813,0.1128461098830571,-0.2573722677492878
280,37.38883717454726,-122.08343465823874,1583370371.0,2020-03-04T17:06:11-08:00,POINT (-122.08343465823874 37.38883717454726),1.740490634881206,425.6154414437942,ios,1.2649223762932384,-0.1445261578662307,0.07906814956000408
281,37.38884329333658,-122.08344672817931,1583370372.0,2020-03-04T17:06:12-08:00,POINT (-122.08344672817931 37.38884329333658),1.8100770021605965,426.8794770803316,ios,1.1203962184270078,-0.06545800830622661,0.32122225063670506
282,37.3888491606688,-122.08345703792021,1583370373.0,2020-03-04T17:06:13-08:00,POINT (-122.08345703792021 37.3888491606688),1.9315361488137077,427.99394762145545,ios,1.0549382101207812,0.25576424233047845,-0.31044082569035525
283,37.38885427362973,-122.08346709620402,1583370374.0,2020-03-04T17:06:14-08:00,POINT (-122.08346709620402 37.38885427362973),1.990877039193698,429.04806852183304,ios,1.3107024524512596,-0.054676583359876796,0.09317489184777061
284,37.388860937242754,-122.08347933378265,1583370375.0,2020-03-04T17:06:15-08:00,POINT (-122.08347933378265 37.388860937242754),2.105932081679565,430.3546109675953,ios,1.2560258690913828,0.03849830848789382,-0.05100662417528046
285,37.38886936105544,-122.08348880533323,1583370376.0,2020-03-04T17:06:16-08:00,POINT (-122.08348880533323 37.38886936105544),2.511087627611536,431.543071962376,ios,1.2945241775792766,-0.01250831568738664,-0.21558378774519737
286,37.388877826777644,-122.08349886361704,1583370377.0,2020-03-04T17:06:17-08:00,POINT (-122.08349886361704 37.388877826777644),2.8948966643938507,432.7791138135403,ios,1.28201586189189,-0.22809210343258401,0.3288490502609367
287,37.38888528667147,-122.08350992772922,1583370378.0,2020-03-04T17:06:18-08:00,POINT (-122.08350992772922 37.38888528667147),3.1378184066171206,434.0382482666833,ios,1.053923758459306,0.10075694682835268,-0.09053249016837928
288,37.38888993862773,-122.08352032128916,1583370379.0,2020-03-04T17:06:19-08:00,POINT (-122.08352032128916 37.38888993862773),3.138030063400663,435.09324429401,ios,1.1546807052876586,0.010224456659973402,-0.04813391954679891
289,37.388893207569964,-122.08353272650585,1583370380.0,2020-03-04T17:06:20-08:00,POINT (-122.08353272650585 37.388893207569964),2.917304643934558,436.22853598254625,ios,1.164905161947632,-0.03790946288682551,0.056697896668506775
290,37.388896937516876,-122.08354504790351,1583370381.0,2020-03-04T17:06:21-08:00,POINT (-122.08354504790351 37.388896937516876),2.7448226412363095,437.38236937505275,ios,1.1269956990608065,0.01878843378168127,-0.06534285428615272
291,37.388900583644755,-122.08355695020602,1583370382.0,2020-03-04T17:06:22-08:00,POINT (-122.08355695020602 37.388900583644755),2.582373751888075,438.4992925964068,ios,1.1457841328424878,-0.04655442050447145,0.16313819345091152
292,37.38890510987247,-122.08356860105143,1583370383.0,2020-03-04T17:06:23-08:00,POINT (-122.08356860105143 37.38890510987247),2.515984601896463,439.6445527699394,ios,1.0992297123380164,0.11658377294644007,-0.5427365730040611
293,37.388911019114204,-122.0835785755162,1583370384.0,2020-03-04T17:06:24-08:00,POINT (-122.0835785755162 37.388911019114204),2.656017086269523,440.7354067973523,ios,1.2158134852844564,-0.426152800057621,0.4261188854724173
294,37.388918185641415,-122.08358896907613,1583370385.0,2020-03-04T17:06:25-08:00,POINT (-122.08358896907613 37.388918185641415),2.8995805451042025,441.9268431945579,ios,0.7896606852268354,-3.3914585203742575e-05,-0.10969568985158207
295,37.388921475609,-122.08359689014459,1583370386.0,2020-03-04T17:06:26-08:00,POINT (-122.08359689014459 37.388921475609),2.8750308905080137,442.71701398482776,ios,0.7896267706416317,-0.10972960443678581,0.10970122989119746
296,37.388924765435405,-122.08360481087313,1583370387.0,2020-03-04T17:06:27-08:00,POINT (-122.08360481087313 37.388924765435405),2.8504823721822197,443.5071508396893,ios,0.6798971662048459,-2.8374545588349953e-05,0.4544955687408152
297,37.38892526836009,-122.08361248047454,1583370388.0,2020-03-04T17:06:28-08:00,POINT (-122.08361248047454 37.38892526836009),2.5671003250423086,444.12667862042497,ios,0.6798687916592575,0.45446719419522685,-0.29292442736469015
298,37.388925771263786,-122.08362014975593,1583370389.0,2020-03-04T17:06:29-08:00,POINT (-122.08362014975593 37.388925771263786),2.283730155110956,444.74618056949976,ios,1.1343359858544844,0.1615427668305367,-0.003293763196171806
299,37.3889292497536,-122.0836322196965,1583370390.0,2020-03-04T17:06:30-08:00,POINT (-122.0836322196965 37.3889292497536),2.0978011118080437,445.8669523655083,ios,1.295878752685021,0.1582490036343649,-0.280507515912501
300,37.3889345303526,-122.08364529546544,1583370391.0,2020-03-04T17:06:31-08:00,POINT (-122.08364529546544 37.3889345303526),2.0427267376659333,447.16317559233585,ios,1.454127756319386,-0.12225851227813611,-0.17733201757057993
301,37.38893960140402,-122.08366046671019,1583370392.0,2020-03-04T17:06:32-08:00,POINT (-122.08366046671019 37.38893960140402),1.876650400642619,448.6098393134957,ios,1.3318692440412498,-0.29959052984871604,0.27062537229364914
302,37.38894421145076,-122.08367438066945,1583370393.0,2020-03-04T17:06:33-08:00,POINT (-122.08367438066945 37.38894421145076),1.7203937279013557,449.9344025390299,ios,1.0322787141925338,-0.0289651575550669,0.05085826468682675
303,37.38894982732589,-122.08368368458197,1583370394.0,2020-03-04T17:06:34-08:00,POINT (-122.08368368458197 37.38894982732589),1.8610680205786307,450.95755855344976,ios,1.003313556637467,0.021893107131759848,0.2501737409234501
304,37.38895527556295,-122.0836927370374,1583370395.0,2020-03-04T17:06:35-08:00,POINT (-122.0836927370374 37.38895527556295),1.9964057833178108,451.95220120141676,ios,1.0252066637692268,0.27206684805521,-0.28368600105503483
305,37.38896143626178,-122.08370137039766,1583370396.0,2020-03-04T17:06:36-08:00,POINT (-122.08370137039766 37.38896143626178),2.2188376983468543,452.95313977086596,ios,1.2972735118244367,-0.011619152999824855,-0.4205576942251611
306,37.3889657110324,-122.08371503289983,1583370397.0,2020-03-04T17:06:37-08:00,POINT (-122.08371503289983 37.3889657110324),2.041021700710902,454.24009342587203,ios,1.2856543588246119,-0.43217684722498595,0.4321401927774785
307,37.388968057965286,-122.08372928213522,1583370398.0,2020-03-04T17:06:38-08:00,POINT (-122.08372928213522 37.388968057965286),1.651234381494997,455.4677497855716,ios,0.8534775115996259,-3.665444750744484e-05,0.29144187529429766
308,37.38897099169435,-122.08373820905365,1583370399.0,2020-03-04T17:06:39-08:00,POINT (-122.08373820905365 37.38897099169435),1.5486627884329793,456.31626149229976,ios,0.8534408571521185,0.2914052208467902,-0.43320591904526584
309,37.388973925297506,-122.083747135589,1583370400.0,2020-03-04T17:06:40-08:00,POINT (-122.083747135589 37.388973925297506),1.4460956888198917,457.16473676798876,ios,1.1448460779989087,-0.14180069819847563,-0.1618751091862336
310,37.38898109182472,-122.0837564395015,1583370401.0,2020-03-04T17:06:41-08:00,POINT (-122.0837564395015 37.38898109182472),1.7368374493969458,458.27203051653515,ios,1.003045379800433,-0.30367580738470923,0.3036462711767458
311,37.38898670769984,-122.08376532431886,1583370402.0,2020-03-04T17:06:42-08:00,POINT (-122.08376532431886 37.38898670769984),1.895657360553818,459.2628239259793,ios,0.6993695724157238,-2.9536207963420935e-05,0.5315369727527928
312,37.38899039581506,-122.08377173661009,1583370403.0,2020-03-04T17:06:43-08:00,POINT (-122.08377173661009 37.38899039581506),1.9749626135134626,459.95809129950567,ios,0.6993400362077604,0.5315074365448293,-0.44817425244013553
313,37.388994083774634,-122.08377814863071,1583370404.0,2020-03-04T17:06:44-08:00,POINT (-122.08377814863071 37.388994083774634),2.054264580721361,460.6533293024504,ios,1.2308474727525898,0.08333318410469381,0.1807060618937666
314,37.388997520354934,-122.08379139203772,1583370405.0,2020-03-04T17:06:45-08:00,POINT (-122.08379139203772 37.388997520354934),1.8134773526706125,461.8624404636252,ios,1.3141806568572836,0.2640392459984604,-0.31642586107769843
315,37.38900263331587,-122.0838048030828,1583370406.0,2020-03-04T17:06:46-08:00,POINT (-122.0838048030828 37.38900263331587),1.727666636172131,463.1754565229548,ios,1.578219902855744,-0.05238661507923803,-0.10483288372223831
316,37.389007536729224,-122.08382156688914,1583370407.0,2020-03-04T17:06:47-08:00,POINT (-122.08382156688914 37.389007536729224),1.476420757065668,464.73599947904876,ios,1.525833287776506,-0.15721949880147634,0.08330755802451484
317,37.389011769590326,-122.08383799541936,1583370408.0,2020-03-04T17:06:48-08:00,POINT (-122.08383799541936 37.389011769590326),1.174797145243477,466.2342686887296,ios,1.3686137889750296,-0.0739119407769615,0.11147515767409022
318,37.389015918632396,-122.08385257993088,1583370409.0,2020-03-04T17:06:49-08:00,POINT (-122.08385257993088 37.389015918632396),0.9448979325190481,467.5855965342965,ios,1.294701848198068,0.037563216897128715,0.026236265155385352
319,37.38902061249817,-122.08386599097595,1583370410.0,2020-03-04T17:06:50-08:00,POINT (-122.08386599097595 37.38902061249817),0.818529661368001,468.87587239478205,ios,1.3322650650951968,0.06379948205251407,-0.07840463521002516
320,37.38902568354959,-122.08387965347812,1583370411.0,2020-03-04T17:06:51-08:00,POINT (-122.08387965347812 37.38902568354959),0.7177776091287479,470.20603146350925,ios,1.3960645471477109,-0.014605153157511097,-0.1596961238926966
321,37.38903163470084,-122.08389356743739,1583370412.0,2020-03-04T17:06:52-08:00,POINT (-122.08389356743739 37.38903163470084),0.6913120567548633,471.60336170169853,ios,1.3814593939901998,-0.1743012770502077,0.16151588908655845
322,37.38903779539967,-122.08390714612052,1583370413.0,2020-03-04T17:06:53-08:00,POINT (-122.08390714612052 37.38903779539967),0.6996416169497632,472.9861721449232,ios,1.207158116939992,-0.012785387963649253,0.06922802276222972
323,37.389044165646084,-122.08391821023271,1583370414.0,2020-03-04T17:06:54-08:00,POINT (-122.08391821023271 37.389044165646084),0.8371175328859362,474.1861797428809,ios,1.1943727289763428,0.05644263479858047,0.13698405629358001
324,37.389049613883145,-122.08392986107812,1583370415.0,2020-03-04T17:06:55-08:00,POINT (-122.08392986107812 37.389049613883145),0.8599625441180199,475.3814663024078,ios,1.2508153637749233,0.19342669109216049,-0.28261260844731195
325,37.389056193677135,-122.08394134428546,1583370416.0,2020-03-04T17:06:56-08:00,POINT (-122.08394134428546 37.389056193677135),0.9995736408730816,476.6252058315843,ios,1.4442420548670838,-0.08918591735515147,-0.10627164212411189
326,37.389063988847084,-122.08395442005441,1583370417.0,2020-03-04T17:06:57-08:00,POINT (-122.08395442005441 37.389063988847084),1.1878558439787619,478.057867185081,ios,1.3550561375119323,-0.19545755947926335,0.25812102512553103
327,37.389071155374296,-122.0839668252711,1583370418.0,2020-03-04T17:06:58-08:00,POINT (-122.0839668252711 37.389071155374296),1.3443315662580375,479.40463909549203,ios,1.159598578032669,0.06266346564626768,-0.023884579620679025
328,37.38907760943974,-122.083977135012,1583370419.0,2020-03-04T17:06:59-08:00,POINT (-122.083977135012 37.38907760943974),1.5225801610805276,480.55094239219784,ios,1.2222620436789366,0.038778886025588655,0.06019268183062687
329,37.38908536270017,-122.08398694183872,1583370420.0,2020-03-04T17:07:00-08:00,POINT (-122.08398694183872 37.38908536270017),1.8483338261178561,481.72890486846234,ios,1.2610409297045253,0.09897156785621553,-0.14132010575221954
330,37.38909340932722,-122.08399700012252,1583370421.0,2020-03-04T17:07:01-08:00,POINT (-122.08399700012252 37.38909340932722),2.1915919988233483,482.94220245568226,ios,1.3600124975607408,-0.04234853789600401,-0.12324266914717708
331,37.38910124640668,-122.084008818606,1583370422.0,2020-03-04T17:07:02-08:00,POINT (-122.084008818606 37.38910124640668),2.43836445691848,484.28005083838394,ios,1.3176639596647368,-0.1655912070431811,0.2458229046604421
332,37.38910740710551,-122.08402155909882,1583370423.0,2020-03-04T17:07:03-08:00,POINT (-122.08402155909882 37.38910740710551),2.4829850793004384,485.5981360475701,ios,1.1520727526215557,0.08023169761726101,-0.1388162449407988
333,37.389111639966615,-122.08403346140132,1583370424.0,2020-03-04T17:07:04-08:00,POINT (-122.08403346140132 37.389111639966615),2.364739079567141,486.79008858613014,ios,1.2323044502388167,-0.058584547323537794,0.23863971866456013
334,37.389115998556264,-122.08404628571317,1583370425.0,2020-03-04T17:07:05-08:00,POINT (-122.08404628571317 37.389115998556264),2.209003995289947,488.01423062940347,ios,1.173719902915279,0.18005517134102234,-0.285735873197837
335,37.389121740159936,-122.08405743364439,1583370426.0,2020-03-04T17:07:06-08:00,POINT (-122.08405743364439 37.389121740159936),2.2606469294811506,489.18773514538395,ios,1.3537750742563013,-0.10568070185681466,-0.018005285647270997
336,37.38912840377296,-122.08407025795624,1583370427.0,2020-03-04T17:07:07-08:00,POINT (-122.08407025795624 37.38912840377296),2.3256691658619832,490.5409893817311,ios,1.2480943723994866,-0.12368598750408566,0.27229329597293295
337,37.38913494165743,-122.08408174116359,1583370428.0,2020-03-04T17:07:08-08:00,POINT (-122.08408174116359 37.38913494165743),2.438589243051129,491.7847171328192,ios,1.124408384895401,0.1486073084688473,-0.17379829332834507
338,37.389140054618366,-122.08409272145674,1583370429.0,2020-03-04T17:07:09-08:00,POINT (-122.08409272145674 37.389140054618366),2.437518653001426,492.91019849538975,ios,1.2730156933642482,-0.025190984859497778,0.24407291110977658
339,37.38914303019399,-122.084106635416,1583370430.0,2020-03-04T17:07:10-08:00,POINT (-122.084106635416 37.38914303019399),2.100630035392672,494.1401410987485,ios,1.2478247085047505,0.2188819262502788,-0.16726182226855402
340,37.389146550593324,-122.08412004646108,1583370431.0,2020-03-04T17:07:11-08:00,POINT (-122.08412004646108 37.389146550593324),1.838397619264046,495.3621696647796,ios,1.4667066347550293,0.051620103981724785,-0.36134859078259485
341,37.38914688586945,-122.08413664262936,1583370432.0,2020-03-04T17:07:12-08:00,POINT (-122.08413664262936 37.38914688586945),1.128764624828604,496.64918800960584,ios,1.518326738736754,-0.30972848680087006,0.16880325582710287
342,37.389146634412356,-122.08415382553086,1583370433.0,2020-03-04T17:07:13-08:00,POINT (-122.08415382553086 37.389146634412356),0.3367159297106644,497.94817829090374,ios,1.208598251935884,-0.1409252309737672,0.1593677687572772
343,37.38914935853089,-122.08416706893787,1583370434.0,2020-03-04T17:07:14-08:00,POINT (-122.08416706893787 37.38914935853089),0.0057149723169819975,499.1127940888272,ios,1.0676730209621168,0.018442537783510016,0.11462234443574748
344,37.3891546810394,-122.08417712722168,1583370435.0,2020-03-04T17:07:15-08:00,POINT (-122.08417712722168 37.3891546810394),0.06592222686989901,500.1795550296601,ios,1.0861155587456268,0.1330648822192575,-0.03860021484752396
345,37.38916176374758,-122.08418559294388,1583370436.0,2020-03-04T17:07:16-08:00,POINT (-122.08418559294388 37.38916176374758),0.3658850457428129,501.2232108775574,ios,1.2191804409648843,0.09446466737173354,-0.23260371911028566
346,37.38916813399399,-122.08419682469413,1583370437.0,2020-03-04T17:07:17-08:00,POINT (-122.08419682469413 37.38916813399399),0.4720875152131956,502.4392531056943,ios,1.3136451083366179,-0.13813905173855212,0.051191947151979944
347,37.38917337268347,-122.08421015192017,1583370438.0,2020-03-04T17:07:18-08:00,POINT (-122.08421015192017 37.38917337268347),0.3756137854079517,503.75093812348535,ios,1.1755060565980657,-0.08694710458657218,0.05165425618850339
348,37.38917701881135,-122.0842226409559,1583370439.0,2020-03-04T17:07:19-08:00,POINT (-122.0842226409559 37.38917701881135),0.16437737955225507,504.90914235284646,ios,1.0885589520114936,-0.03529284839806879,0.20273454174967687
349,37.38918171267713,-122.08423345361099,1583370440.0,2020-03-04T17:07:20-08:00,POINT (-122.08423345361099 37.38918171267713),0.12854346336208033,505.998270153105,ios,1.0532661036134248,0.16744169335160808,-0.13069597337365635
350,37.38918728664274,-122.08424309279964,1583370441.0,2020-03-04T17:07:21-08:00,POINT (-122.08424309279964 37.38918728664274),0.22952347544124235,507.0472879526124,ios,1.2207077969650328,0.03674571997795173,-0.09108268325407698
351,37.389194285531886,-122.08425373781667,1583370442.0,2020-03-04T17:07:22-08:00,POINT (-122.08425373781667 37.389194285531886),0.42171257016566616,508.2531610581763,ios,1.2574535169429846,-0.05433696327612525,0.10902552528415144
352,37.389200278592654,-122.08426580775723,1583370443.0,2020-03-04T17:07:23-08:00,POINT (-122.08426580775723 37.389200278592654),0.4537846428373856,509.5112719699397,ios,1.2031165536668593,0.05468856200802619,-0.04100773048407391
353,37.38920576873923,-122.08427754242167,1583370444.0,2020-03-04T17:07:24-08:00,POINT (-122.08427754242167 37.38920576873923),0.45278112803409765,510.71552749187623,ios,1.2578051156748855,0.013680831523952275,0.005215596519232868
354,37.389210085419364,-122.08429070200965,1583370445.0,2020-03-04T17:07:25-08:00,POINT (-122.08429070200965 37.389210085419364),0.275623856330643,511.9625996960065,ios,1.2714859471988378,0.018896428043185143,-0.025160081821510305
355,37.389214234461434,-122.08430411305473,1583370446.0,2020-03-04T17:07:26-08:00,POINT (-122.08430411305473 37.389214234461434),0.07115416008709334,513.2194445150802,ios,1.290382375242023,-0.006263653778325162,-0.12943899633830203
356,37.38921850923205,-122.08431769173787,1583370447.0,2020-03-04T17:07:27-08:00,POINT (-122.08431769173787 37.38921850923205),0.12880498907996227,514.4961510664511,ios,1.2841187214636978,-0.1357026501166272,0.1985295820731363
357,37.38922341264541,-122.08433085132584,1583370448.0,2020-03-04T17:07:28-08:00,POINT (-122.08433085132584 37.38922341264541),0.24983294340129444,515.7761972728226,ios,1.1484160713470706,0.06282693195650912,-0.08888040837624267
358,37.389229615253754,-122.08434124488578,1583370449.0,2020-03-04T17:07:29-08:00,POINT (-122.08434124488578 37.389229615253754),0.12254130265321052,516.9181254095947,ios,1.2112430033035797,-0.026053476419733546,0.13887356988718724
359,37.38923535685743,-122.08435289573119,1583370450.0,2020-03-04T17:07:30-08:00,POINT (-122.08435289573119 37.38923535685743),0.09572988413261542,518.1301143800758,ios,1.1851895268838462,0.1128200934674537,-0.12719732068701872
360,37.38924000881369,-122.08436496567175,1583370451.0,2020-03-04T17:07:31-08:00,POINT (-122.08436496567175 37.38924000881369),0.1919503721504888,519.3128554038975,ios,1.2980096203512999,-0.014377227219565025,-0.20175294252580733
361,37.38924394830818,-122.08437879581199,1583370452.0,2020-03-04T17:07:32-08:00,POINT (-122.08437879581199 37.38924394830818),0.43525788518184894,520.5899132131381,ios,1.2836323931317348,-0.21613016974537236,0.22417874996530096
362,37.38924805544073,-122.08439237449512,1583370453.0,2020-03-04T17:07:33-08:00,POINT (-122.08439237449512 37.38924805544073),0.6512525633093124,521.8571983362706,ios,1.0675022233863625,0.008048580219928603,0.338730040827139
363,37.38925375513489,-122.0844020975028,1583370454.0,2020-03-04T17:07:34-08:00,POINT (-122.0844020975028 37.38925375513489),0.5420014471627063,522.9196791036165,ios,1.075550803606291,0.3467786210470676,-0.19394202797649918
364,37.38925983201469,-122.08441156905339,1583370455.0,2020-03-04T17:07:35-08:00,POINT (-122.08441156905339 37.38925983201469),0.3853916075037298,523.9841635849733,ios,1.4223294246533587,0.1528365930705684,-0.0743469578588809
365,37.389271399041064,-122.08441844221399,1583370456.0,2020-03-04T17:07:36-08:00,POINT (-122.08441844221399 37.389271399041064),0.41293976146537004,525.1588547003473,ios,1.575166017723927,0.0784896352116875,-0.1116949678831598
366,37.38928426526243,-122.08442590210781,1583370457.0,2020-03-04T17:07:37-08:00,POINT (-122.08442590210781 37.38928426526243),1.3092460133369934,526.4513452227885,ios,1.6536556529356146,-0.0332053326714723,0.10632637602376094
367,37.38929843067879,-122.08443160180197,1583370458.0,2020-03-04T17:07:38-08:00,POINT (-122.08443160180197 37.38929843067879),2.4087682450149566,527.6824928042283,ios,1.6204503202641423,0.07312104335228864,-0.05073411812530293
368,37.389313003738636,-122.08443160180197,1583370459.0,2020-03-04T17:07:39-08:00,POINT (-122.08443160180197 37.389313003738636),3.802872405965785,528.5014897442718,ios,1.693571363616431,0.02238692522698571,-0.020165655456241494
369,37.38932818177249,-122.08443000973115,1583370460.0,2020-03-04T17:07:40-08:00,POINT (-122.08443000973115 37.38932818177249),5.3262418033672985,529.2329625182399,ios,1.7159582888434166,0.0022212697707442164,-0.07499053356266372
370,37.389343436761166,-122.08442707648534,1583370461.0,2020-03-04T17:07:41-08:00,POINT (-122.08442707648534 37.389343436761166),5.003463091263781,540.8451246269368,ios,1.7181795586141608,-0.0727692637919195,-0.04056344941692536
371,37.389358608360894,-122.08442338860227,1583370462.0,2020-03-04T17:07:42-08:00,POINT (-122.08442338860227 37.389358608360894),4.5670215878309595,542.503300045864,ios,1.6454102948222413,-0.11333271320884486,0.07485319011732616
372,37.38937243923788,-122.08441676757897,1583370463.0,2020-03-04T17:07:43-08:00,POINT (-122.08441676757897 37.38937243923788),4.429073099939909,544.1401610361003,ios,1.5320775816133965,-0.0384795230915187,-0.20071866841475794
373,37.3893849707884,-122.08440955914577,1583370464.0,2020-03-04T17:07:44-08:00,POINT (-122.08440955914577 37.3893849707884),4.400540601084233,545.6697172502229,ios,1.4935980585218778,-0.23919819150627664,0.253862488355618
374,37.38939674773624,-122.08440142879167,1583370465.0,2020-03-04T17:07:45-08:00,POINT (-122.08440142879167 37.38939674773624),4.481872513136845,547.1592692687707,ios,1.2543998670156011,0.01466429684934134,0.1086623125621271
375,37.38940621993068,-122.08439371724658,1583370466.0,2020-03-04T17:07:46-08:00,POINT (-122.08439371724658 37.38940621993068),4.640784578041014,548.4023578517771,ios,1.2690641638649425,0.12332660941146845,-0.2947411880514923
376,37.3894154402229,-122.08438525155236,1583370467.0,2020-03-04T17:07:47-08:00,POINT (-122.08438525155236 37.3894154402229),4.871973560908408,549.6492435798878,ios,1.392390773276411,-0.17141457864002385,0.1721145289627073
377,37.38942549849908,-122.08437586385556,1583370468.0,2020-03-04T17:07:48-08:00,POINT (-122.08437586385556 37.38942549849908),5.13634446768398,551.0153154210241,ios,1.220976194636387,0.0006999503226834403,0.06687351646479422
378,37.389434425619264,-122.08436781681552,1583370469.0,2020-03-04T17:07:49-08:00,POINT (-122.08436781681552 37.389434425619264),5.348260668969193,552.2168114635183,ios,1.2216761449590705,0.06757346678747767,0.05587153060965555
379,37.38944410672969,-122.08436127859751,1583370470.0,2020-03-04T17:07:50-08:00,POINT (-122.08436127859751 37.38944410672969),5.403533379187024,553.4357003646776,ios,1.2892496117465482,0.12344499739713322,-0.2927690869459689
380,37.38945475171635,-122.08435549491254,1583370471.0,2020-03-04T17:07:51-08:00,POINT (-122.08435549491254 37.38945475171635),5.352214020747583,554.7219427294792,ios,1.4126946091436814,-0.1693240895488357,0.044870940508005885
381,37.38946657018574,-122.08434962751906,1583370472.0,2020-03-04T17:07:52-08:00,POINT (-122.08434962751906 37.38946657018574),5.251063049866632,556.1286968738298,ios,1.2433705195948457,-0.12445314904082982,0.30769785224778023
382,37.389476880183196,-122.08434417919351,1583370473.0,2020-03-04T17:07:53-08:00,POINT (-122.08434417919351 37.389476880183196),5.189127861771506,557.3685700562257,ios,1.1189173705540159,0.1832447032069504,-0.22620584802606114
383,37.38948622620117,-122.08433948519746,1583370474.0,2020-03-04T17:07:54-08:00,POINT (-122.08433948519746 37.38948622620117),5.1134504155080815,558.4831055740175,ios,1.3021620737609663,-0.04296114481911073,0.0411312989559427
384,37.389497080686795,-122.08433395318919,1583370475.0,2020-03-04T17:07:55-08:00,POINT (-122.08433395318919 37.389497080686795),5.031969900286692,559.78061832268,ios,1.2592009289418555,-0.0018298458631680337,0.017234574653093082
385,37.389507725813814,-122.08432909157702,1583370476.0,2020-03-04T17:07:56-08:00,POINT (-122.08432909157702 37.389507725813814),4.907103377467994,561.0314464889587,ios,1.2573710830786875,0.015404728789925048,-0.09462592202900133
386,37.389518329013676,-122.08432414622067,1583370477.0,2020-03-04T17:07:57-08:00,POINT (-122.08432414622067 37.389518329013676),4.790934680652886,562.2813014307542,ios,1.2727758118686125,-0.07922119323907628,0.27855908488529035
387,37.38952872265819,-122.08431811130349,1583370478.0,2020-03-04T17:07:58-08:00,POINT (-122.08431811130349 37.38952872265819),4.7717543679665795,563.5520735551714,ios,1.1935546186295363,0.19933789164621407,-0.24116648703397137
388,37.38953815244184,-122.08431165722457,1583370479.0,2020-03-04T17:07:59-08:00,POINT (-122.08431165722457 37.38953815244184),4.832417605091061,564.7426080080074,ios,1.3928925102757503,-0.041828595387757295,0.021440776264553874
389,37.38954942603016,-122.0843047840576,1583370480.0,2020-03-04T17:08:00-08:00,POINT (-122.0843047840576 37.38954942603016),4.837718693209929,566.1335423037757,ios,1.351063914887993,-0.02038781912320342,-0.08314021477397548
390,37.389560532126396,-122.0842985813698,1583370481.0,2020-03-04T17:08:01-08:00,POINT (-122.0842985813698 37.389560532126396),4.797611126189071,567.4819735999407,ios,1.3306760957647896,-0.1035280338971789,-0.007404058708985417
391,37.389571344842864,-122.08429212729322,1583370482.0,2020-03-04T17:08:02-08:00,POINT (-122.08429212729322 37.389571344842864),4.791680181442718,568.8107389841044,ios,1.2271480618676107,-0.11093209260616432,0.3002186875431052
392,37.389581151786466,-122.08428575700269,1583370483.0,2020-03-04T17:08:03-08:00,POINT (-122.08428575700269 37.389581151786466),4.827498568378753,570.0357530282826,ios,1.1162159692614464,0.1892865949369409,-0.10618307429495655
393,37.38958961761756,-122.0842789676479,1583370484.0,2020-03-04T17:08:04-08:00,POINT (-122.0842789676479 37.38958961761756),4.961318854137928,571.1428174728882,ios,1.3055025641983873,0.08310352064198434,-0.03178117145476489
394,37.38959955014767,-122.08427108867556,1583370485.0,2020-03-04T17:08:05-08:00,POINT (-122.08427108867556 37.38959955014767),5.1114138240786104,572.4383513595958,ios,1.3886060848403716,0.05132234918721945,-0.11867549198865945
395,37.38960998563406,-122.084262455315,1583370486.0,2020-03-04T17:08:06-08:00,POINT (-122.084262455315 37.38960998563406),5.2974552561982104,573.8131434941778,ios,1.439928434027591,-0.06735314280144,-0.05789384417201959
396,37.38962079832935,-122.08425348664609,1583370487.0,2020-03-04T17:08:07-08:00,POINT (-122.08425348664609 37.38962079832935),5.492074772515625,575.2385228181201,ios,1.372575291226151,-0.1252469869734596,0.20585279452710936
397,37.389631275744,-122.0842452723373,1583370488.0,2020-03-04T17:08:08-08:00,POINT (-122.0842452723373 37.389631275744),5.642675436307864,576.6014049465899,ios,1.2473283042526915,0.08060580755364977,-0.17600357898124108
398,37.389640998801795,-122.08423823148381,1583370489.0,2020-03-04T17:08:09-08:00,POINT (-122.08423823148381 37.389640998801795),5.736012680267852,577.843798543062,ios,1.3279341118063412,-0.09539777142759132,0.15778052099375817
399,37.38965067994032,-122.08422943049679,1583370490.0,2020-03-04T17:08:10-08:00,POINT (-122.08422943049679 37.38965067994032),5.971747006066064,579.1496303081058,ios,1.23253634037875,0.06238274956616685,-0.15823477878522096
400,37.389659439083424,-122.08422088091727,1583370491.0,2020-03-04T17:08:11-08:00,POINT (-122.08422088091727 37.389659439083424),6.23182791456228,580.3536443658759,ios,1.2949190899449168,-0.09585202921905411,-0.04212146012155071
401,37.38966870109683,-122.08421199608715,1583370492.0,2020-03-04T17:08:12-08:00,POINT (-122.08421199608715 37.38966870109683),6.494431208827617,581.6208038873816,ios,1.1990670607258627,-0.13797348934060483,0.13795630639863532
402,37.38967787930408,-122.0842048714231,1583370493.0,2020-03-04T17:08:13-08:00,POINT (-122.0842048714231 37.38967787930408),6.620688690025214,582.8119570503616,ios,1.0610935713852578,-1.718294196950687e-05,0.32730448923836475
403,37.389686030750696,-122.08419862686883,1583370494.0,2020-03-04T17:08:14-08:00,POINT (-122.08419862686883 37.389686030750696),6.726195855788343,583.8666645568202,ios,1.0610763884432883,0.32728730629639524,-0.3256087596870323
404,37.38969418206602,-122.08419238241648,1583370495.0,2020-03-04T17:08:15-08:00,POINT (-122.08419238241648 37.38969418206602),6.831701087452015,584.9213550090085,ios,1.3883636947396836,0.001678546609362952,-0.060425832550905945
405,37.38970478526619,-122.08418408426266,1583370496.0,2020-03-04T17:08:16-08:00,POINT (-122.08418408426266 37.38970478526619),6.98293014888454,586.3000313606051,ios,1.3900422413490465,-0.05874728594154299,-0.17681382077230223
406,37.38971568181868,-122.0841763728504,1583370497.0,2020-03-04T17:08:17-08:00,POINT (-122.0841763728504 37.38971568181868),7.0737014112568435,587.6044872479557,ios,1.3312949554075035,-0.23556110671384523,0.3752525765078254
407,37.38972615917266,-122.08416908061201,1583370498.0,2020-03-04T17:08:18-08:00,POINT (-122.08416908061201 37.38972615917266),7.287695920598389,587.6044872479557,ios,1.0957338486936583,0.13969146979398017,-0.07726328993384568
408,37.389734876360315,-122.08416329709246,1583370499.0,2020-03-04T17:08:19-08:00,POINT (-122.08416329709246 37.389734876360315),7.614581418999004,587.6044872479557,ios,1.2354253184876385,0.06242817986013449,-0.05654200894596362
409,37.389744767017966,-122.08415692683808,1583370500.0,2020-03-04T17:08:20-08:00,POINT (-122.08415692683808 37.389744767017966),8.132221254682607,587.6044872479557,ios,1.297853498347773,0.005886170914170874,0.052952984229673206
410,37.389755579677775,-122.08415139477894,1583370501.0,2020-03-04T17:08:21-08:00,POINT (-122.08415139477894 37.389755579677775),8.736483001767848,587.6044872479557,ios,1.3037396692619438,0.05883915514384408,-0.21763200408078376
411,37.3897664761519,-122.08414594654188,1583370502.0,2020-03-04T17:08:22-08:00,POINT (-122.08414594654188 37.3897664761519),9.475819841594824,587.6044872479557,ios,1.362578824405788,-0.15879284893693968,0.19955670539415182
412,37.38977766599263,-122.0841396601145,1583370503.0,2020-03-04T17:08:23-08:00,POINT (-122.0841396601145 37.38977766599263),10.407874870690058,587.6044872479557,ios,1.2037859754688482,0.040763856457212144,-0.06066303327639089
413,37.38978730518128,-122.08413345750616,1583370504.0,2020-03-04T17:08:24-08:00,POINT (-122.08413345750616 37.38978730518128),11.343474895074758,587.6044872479557,ios,1.2445498319260604,-0.019899176819178743,-0.03335247015828102
414,37.38979711200799,-122.08412666816459,1583370505.0,2020-03-04T17:08:25-08:00,POINT (-122.08412666816459 37.38979711200799),12.379814069500688,587.6044872479557,ios,1.2246506551068816,-0.053251646977459766,-0.0783422193480603
415,37.38980675119664,-122.08411996264205,1583370506.0,2020-03-04T17:08:26-08:00,POINT (-122.08411996264205 37.38980675119664),13.435082733948501,587.6044872479557,ios,1.1713990081294219,-0.13159386632552006,0.13157152689808327
416,37.389816097018674,-122.08411384385273,1583370507.0,2020-03-04T17:08:27-08:00,POINT (-122.08411384385273 37.389816097018674),14.455475575046762,587.6044872479557,ios,1.0398051418039018,-2.2339427436790515e-05,0.32492563329924096
417,37.389824164687035,-122.08410789263765,1583370508.0,2020-03-04T17:08:28-08:00,POINT (-122.08410789263765 37.389824164687035),15.401405822034471,587.6044872479557,ios,1.039782802376465,0.32490329387180417,-0.3850581895208991
418,37.38983223218228,-122.08410194155023,1583370509.0,2020-03-04T17:08:29-08:00,POINT (-122.08410194155023 37.38983223218228),16.35856659202686,587.6044872479557,ios,1.3646860962482692,-0.06015489564909493,-0.08753668985994634
419,37.389842583832696,-122.08409364346609,1583370510.0,2020-03-04T17:08:30-08:00,POINT (-122.08409364346609 37.389842583832696),17.645833617293736,587.6044872479557,ios,1.3045312005991743,-0.14769158550904127,0.23869473451058743
420,37.389853103121176,-122.08408710558162,1583370511.0,2020-03-04T17:08:31-08:00,POINT (-122.08408710558162 37.389853103121176),18.83711636452232,587.6044872479557,ios,1.156839615090133,0.09100314900154616,-0.10190255454252028
421,37.389862532762244,-122.08408157352552,1583370512.0,2020-03-04T17:08:32-08:00,POINT (-122.08408157352552 37.389862532762244),19.89521699344222,587.6044872479557,ios,1.2478427640916792,-0.010899405540974128,0.1433991140899904
422,37.38987280059363,-122.08407587383137,1583370513.0,2020-03-04T17:08:33-08:00,POINT (-122.08407587383137 37.38987280059363),21.038094757156088,587.6044872479557,ios,1.236943358550705,0.13249970854901627,-0.22810399413844995
423,37.38988290078695,-122.08407000649915,1583370514.0,2020-03-04T17:08:34-08:00,POINT (-122.08407000649915 37.38988290078695),22.189601984943423,587.6044872479557,ios,1.3694430670997213,-0.09560428558943368,-1.178234495920854
424,37.38989421635623,-122.08406388770983,1583370515.0,2020-03-04T17:08:35-08:00,POINT (-122.08406388770983 37.38989421635623),23.46167891737188,587.6044872479557,ios,1.2738387815102876,-1.2738387815102876,1.2738387815102876
425,37.38990452609713,-122.08405760128245,1583370516.0,2020-03-04T17:08:36-08:00,POINT (-122.08405760128245 37.38990452609713),24.672729924493776,587.6044872479557,ios,0.0,0.0,0.0
