,ts,longitude,latitude,geometry,source,matching,fmt_time,speed,acceleration,jerk
7,1574301577.0,-122.3961191978908,37.79362003054656,POINT (-122.3961191978908 37.79362003054656),ios,,2019-11-20T17:59:37-08:00,2.196815958603264,-2.1800678018379926e-07,-2.762186479543516e-09
8,1574301578.0,-122.3961002222466,37.79363289394804,POINT (-122.3961002222466 37.79363289394804),ios,,2019-11-20T17:59:38-08:00,2.1968157405964837,-2.2076896666334278e-07,-1.0288969676253146e-09
9,1574301579.0,-122.39608124660236,37.793645757349516,POINT (-122.39608124660236 37.793645757349516),ios,,2019-11-20T17:59:39-08:00,2.196815519827517,-2.217978636309681e-07,2.924295472439553e-09
10,1574301580.0,-122.39606227095814,37.793658620750996,POINT (-122.39606227095814 37.793658620750996),ios,,2019-11-20T17:59:40-08:00,2.1968152980296534,-2.1887356815852854e-07,-2.409964672267506e-09
11,1574301581.0,-122.39604329531393,37.79367148415247,POINT (-122.39604329531393 37.79367148415247),ios,,2019-11-20T17:59:41-08:00,2.196815079156085,-2.2128353283079605e-07,1.3810184107398982e-09
12,1574301582.0,-122.3960243196697,37.79368434755395,POINT (-122.3960243196697 37.79368434755395),ios,,2019-11-20T17:59:42-08:00,2.1968148578725524,-2.1990251442005615e-07,1.028803708891246e-09
13,1574301583.0,-122.3960053440255,37.79369721095543,POINT (-122.3960053440255 37.79369721095543),ios,,2019-11-20T17:59:43-08:00,2.196814637970038,-2.188737107111649e-07,-4.3054555476373935e-09
14,1574301584.0,-122.39598636838127,37.7937100743569,POINT (-122.39598636838127 37.7937100743569),ios,,2019-11-20T17:59:44-08:00,2.1968144190963272,-2.231791662588023e-07,5.171999273301253e-09
15,1574301585.0,-122.39596739273703,37.79372293775838,POINT (-122.39596739273703 37.79372293775838),ios,,2019-11-20T17:59:45-08:00,2.196814195917161,-2.1800716698550104e-07,-3.709921703176633e-09
16,1574301586.0,-122.39594841709284,37.79373580115986,POINT (-122.39594841709284 37.79373580115986),ios,,2019-11-20T17:59:46-08:00,2.196813977909994,-2.2171708868867768e-07,1.814334904537418e-09
17,1574301587.0,-122.3959294414486,37.793748664561335,POINT (-122.3959294414486 37.793748664561335),ios,,2019-11-20T17:59:47-08:00,2.1968137561929053,-2.1990275378414026e-07,8.106004756314178e-11
18,1574301588.0,-122.39591046580439,37.793761527962815,POINT (-122.39591046580439 37.793761527962815),ios,,2019-11-20T17:59:48-08:00,2.1968135362901515,-2.1982169373657712e-07,-1.4622179023149329e-09
19,1574301589.0,-122.39589149016017,37.79377439136429,POINT (-122.39589149016017 37.79377439136429),ios,,2019-11-20T17:59:49-08:00,2.196813316468458,-2.2128391163889205e-07,1.3810144139370095e-09
20,1574301590.0,-122.39587251451594,37.79378725476577,POINT (-122.39587251451594 37.79378725476577),ios,,2019-11-20T17:59:50-08:00,2.196813095184546,-2.1990289722495504e-07,-8.66682281497333e-10
21,1574301591.0,-122.39585353887173,37.79380011816725,POINT (-122.39585353887173 37.79380011816725),ios,,2019-11-20T17:59:51-08:00,2.196812875281649,-2.2076957950645237e-07,1.8143304636453195e-09
22,1574301592.0,-122.39583456322751,37.79381298156872,POINT (-122.39583456322751 37.79381298156872),ios,,2019-11-20T17:59:52-08:00,2.1968126545120694,-2.1895524904280705e-07,-1.8144259428254372e-09
23,1574301593.0,-122.3958155875833,37.7938258449702,POINT (-122.3958155875833 37.7938258449702),ios,,2019-11-20T17:59:53-08:00,2.1968124355568204,-2.207696749856325e-07,-5.14472908719199e-10
24,1574301594.0,-122.39579661193906,37.79383870837167,POINT (-122.39579661193906 37.79383870837167),ios,,2019-11-20T17:59:54-08:00,2.1968122147871454,-2.212841478943517e-07,1.3810121934909603e-09
25,1574301595.0,-122.39577763629484,37.79385157177315,POINT (-122.39577763629484 37.79385157177315),ios,,2019-11-20T17:59:55-08:00,2.1968119935029975,-2.1990313570086073e-07,8.106226800919103e-11
26,1574301596.0,-122.39575866065063,37.79386443517463,POINT (-122.39575866065063 37.79386443517463),ios,,2019-11-20T17:59:56-08:00,2.196811773599862,-2.1982207343285154e-07,-1.4622165700473033e-09
27,1574301597.0,-122.3957396850064,37.793877298576106,POINT (-122.3957396850064 37.793877298576106),ios,,2019-11-20T17:59:57-08:00,2.1968115537777884,-2.2128429000289884e-07,1.3810108612233307e-09
28,1574301598.0,-122.39572070936218,37.793890161977586,POINT (-122.39572070936218 37.793890161977586),ios,,2019-11-20T17:59:58-08:00,2.1968113324934984,-2.199032791416755e-07,-0.22297436938082882
29,1574301599.0,-122.39570173371797,37.793903025379066,POINT (-122.39570173371797 37.793903025379066),ios,,2019-11-20T17:59:59-08:00,2.196811112590219,-0.22297458928410796,0.06051318869915723
30,1574301600.0,-122.39568275807375,37.79391588878054,POINT (-122.39568275807375 37.79391588878054),ios,,2019-11-20T18:00:00-08:00,1.9738365233061113,-0.16246140058495073,-0.421079083331348
31,1574301601.0,-122.39566570807234,37.79392744621865,POINT (-122.39566570807234 37.79392744621865),ios,,2019-11-20T18:00:01-08:00,1.8113751227211605,-0.5835404839162988,0.7408851470414168
32,1574301602.0,-122.3956500612956,37.79393805228814,POINT (-122.3956500612956 37.79393805228814),ios,,2019-11-20T18:00:02-08:00,1.2278346388048618,0.15734466312511808,-0.15734474926653186
33,1574301603.0,-122.39563945517898,37.79394524157779,POINT (-122.39563945517898 37.79394524157779),ios,,2019-11-20T18:00:03-08:00,1.3851793019299798,-8.614141377982776e-08,-0.4122098605494744
34,1574301604.0,-122.39562748990805,37.79395335216164,POINT (-122.39562748990805 37.79395335216164),ios,,2019-11-20T18:00:04-08:00,1.385179215788566,-0.4122099466908882,19.591339462813394
35,1574301605.0,-122.39561552463711,37.79396146274549,POINT (-122.39561552463711 37.79396146274549),ios,,2019-11-20T18:00:05-08:00,0.9729692690976779,19.179129516122504,-19.179111008219184
36,1574301606.0,-122.39560712006288,37.79396715973343,POINT (-122.39560712006288 37.79396715973343),ios,,2019-11-20T18:00:06-08:00,20.152098785220183,1.850790332014185e-05,0.00018511113212227315
37,1574301607.0,-122.39540822443014,37.793876925143614,POINT (-122.39540822443014 37.793876925143614),ios,,2019-11-20T18:00:07-08:00,20.152117293123503,0.000203619035442415,-0.37545147601735257
38,1574301608.0,-122.39520932879745,37.7937866905538,POINT (-122.39520932879745 37.7937866905538),ios,,2019-11-20T18:00:08-08:00,20.152320912158945,-0.37524785698191016,-0.05508197275789189
39,1574301629.0,-122.39103252051044,37.79189176416775,POINT (-122.39103252051044 37.79189176416775),ios,,2019-11-20T18:00:29-08:00,12.272115915538832,-1.5319692848976398,0.8702760228244859
40,1574301630.0,-122.39091062898756,37.79183789086902,POINT (-122.39091062898756 37.79183789086902),ios,,2019-11-20T18:00:30-08:00,10.740146630641192,-0.6616932620731539,0.6616933065271997
41,1574301631.0,-122.39090354617096,37.79174146471899,POINT (-122.39090354617096 37.79174146471899),ios,,2019-11-20T18:00:31-08:00,10.078453368568038,4.4454045777797546e-08,-7.887219766189446e-10
42,1574301632.0,-122.39091037435189,37.79165098777055,POINT (-122.39091037435189 37.79165098777055),ios,,2019-11-20T18:00:32-08:00,10.078453413022084,4.36653238011786e-08,-4.103714404561472
43,1574301633.0,-122.3909172025328,37.79156051082211,POINT (-122.3909172025328 37.79156051082211),ios,,2019-11-20T18:00:33-08:00,10.078453456687408,-4.103714360896149,4.106622580328757
44,1574301634.0,-122.3909240307137,37.791470033873665,POINT (-122.3909240307137 37.791470033873665),ios,,2019-11-20T18:00:34-08:00,5.974739095791259,0.0029082194326083056,-0.5940466899603739
49,1574301639.0,-122.3906005,37.7913875,POINT (-122.3906005 37.7913875),android,,2019-11-20T18:00:39-08:00,5.9892801929543005,-2.967325230369261,1.5025272591331087
50,1574301640.0,-122.3906168,37.7913352,POINT (-122.3906168 37.7913352),android,,2019-11-20T18:00:40-08:00,3.0219549625850393,-1.4647979712361525,2.010549842562112
51,1574301641.0,-122.3906322,37.7913109,POINT (-122.3906322 37.7913109),android,,2019-11-20T18:00:41-08:00,1.5571569913488867,0.5457518713259597,-0.7079513422019437
52,1574301642.0,-122.3906409,37.7912987,POINT (-122.3906409 37.7912987),android,,2019-11-20T18:00:42-08:00,2.1029088626748464,-0.16219947087598396,4.331867399682771
53,1574301643.0,-122.39065709477588,37.79128477611953,POINT (-122.39065709477588 37.79128477611953),android,,2019-11-20T18:00:43-08:00,1.9407093917988625,4.1696679288067875,-6.777220066064157
54,1574301644.0,-122.3906698,37.7912705,POINT (-122.3906698 37.7912705),android,,2019-11-20T18:00:44-08:00,6.11037732060565,-2.6075521372573687,1.775155101357572
55,1574301645.0,-122.3906787,37.791216,POINT (-122.3906787 37.791216),android,,2019-11-20T18:00:45-08:00,3.5028251833482815,-0.8323970358997967,1.253387671651916
56,1574301646.0,-122.3906819,37.7911846,POINT (-122.3906819 37.7911846),android,,2019-11-20T18:00:46-08:00,2.670428147448485,0.42099063575211915,-1.3586160134251712
57,1574301647.0,-122.390683,37.7911606,POINT (-122.390683 37.7911606),android,,2019-11-20T18:00:47-08:00,3.091418783200604,-0.9376253776730521,1.720715036433666
58,1574301648.0,-122.3906834,37.7911328,POINT (-122.3906834 37.7911328),android,,2019-11-20T18:00:48-08:00,2.153793405527552,0.783089658760614,-1.6064926675457425
59,1574301649.0,-122.3906775,37.791114,POINT (-122.3906775 37.791114),android,,2019-11-20T18:00:49-08:00,2.936883064288166,-0.8234030087851285,1.8007770397150193
60,1574301650.0,-122.390662,37.7910906,POINT (-122.390662 37.7910906),android,,2019-11-20T18:00:50-08:00,2.1134800555030373,0.9773740309298908,1.3743039605538612
61,1574301651.0,-122.3906466,37.791076,POINT (-122.3906466 37.791076),android,,2019-11-20T18:00:51-08:00,3.090854086432928,2.351677991483752,-1.5434234396212285
62,1574301652.0,-122.390624,37.7910547,POINT (-122.390624 37.7910547),android,,2019-11-20T18:00:52-08:00,5.44253207791668,0.8082545518625235,-1.997400449865479
63,1574301653.0,-122.3905935,37.7910121,POINT (-122.3905935 37.7910121),android,,2019-11-20T18:00:53-08:00,6.250786629779204,-1.1891458980029554,4.580959943735492
64,1574301654.0,-122.3905671,37.7909599,POINT (-122.3905671 37.7909599),android,,2019-11-20T18:00:54-08:00,5.061640731776248,3.391814045732537,-4.268398620145389
65,1574301655.0,-122.3905468,37.7909173,POINT (-122.3905468 37.7909173),android,,2019-11-20T18:00:55-08:00,8.453454777508785,-0.8765845744128513,0.21914610739512186
66,1574301659.0,-122.39028310686209,37.79069582831851,POINT (-122.39028310686209 37.79069582831851),ios,,2019-11-20T18:00:59-08:00,4.94711647985738,-1.448323638797433e-07,3.818171556702055e-09
67,1574301660.0,-122.39022687364404,37.790697977346746,POINT (-122.39022687364404 37.790697977346746),ios,,2019-11-20T18:01:00-08:00,4.947116335025016,-1.4101419232304124e-07,-5.065468045017951e-09
68,1574301661.0,-122.390170640426,37.79070012637497,POINT (-122.390170640426 37.79070012637497),ios,,2019-11-20T18:01:01-08:00,4.947116194010824,-1.460796603680592e-07,5.065453834163236e-09
69,1574301662.0,-122.39011440720795,37.790702275403206,POINT (-122.39011440720795 37.790702275403206),ios,,2019-11-20T18:01:02-08:00,4.947116047931163,-1.4101420653389596e-07,-5.0654671568395315e-09
70,1574301663.0,-122.39005817398991,37.79070442443143,POINT (-122.39005817398991 37.79070442443143),ios,,2019-11-20T18:01:03-08:00,4.947115906916957,-1.460796736907355e-07,2.6969475798028766
71,1574301664.0,-122.39000194077185,37.790706573459666,POINT (-122.39000194077185 37.790706573459666),ios,,2019-11-20T18:01:04-08:00,4.947115760837283,2.696947433723203,-3.3862425617143463
72,1574301665.0,-122.38994570755382,37.79070872248789,POINT (-122.38994570755382 37.79070872248789),ios,,2019-11-20T18:01:05-08:00,7.644063194560486,-0.6892951279911435,0.6892973924652832
73,1574301666.0,-122.38987096331832,37.79067355250165,POINT (-122.38987096331832 37.79067355250165),ios,,2019-11-20T18:01:06-08:00,6.9547680665693425,2.2644741397570556e-06,2.183488945206591e-09
74,1574301667.0,-122.38980583367625,37.790638015080766,POINT (-122.38980583367625 37.790638015080766),ios,,2019-11-20T18:01:07-08:00,6.954770331043482,2.266657628702262e-06,-2.1864110522074043e-09
75,1574301668.0,-122.3897407040342,37.790602477659874,POINT (-122.3897407040342 37.790602477659874),ios,,2019-11-20T18:01:08-08:00,6.954772597701111,2.2644712176500548e-06,1.6048140594193683e-09
76,1574301669.0,-122.38967557439211,37.79056694023899,POINT (-122.38967557439211 37.79056694023899),ios,,2019-11-20T18:01:09-08:00,6.954774862172329,2.266076031709474e-06,-5.6038912106530105
77,1574301670.0,-122.38961044475005,37.7905314028181,POINT (-122.38961044475005 37.7905314028181),ios,,2019-11-20T18:01:10-08:00,6.95477712824836,-5.603888944576979,5.380867272759093
78,1574301671.0,-122.38954531510797,37.790495865397205,POINT (-122.38954531510797 37.790495865397205),ios,,2019-11-20T18:01:11-08:00,1.3508881836713817,-0.22302167181788568,0.22302171356185152
79,1574301672.0,-122.38953559660742,37.79048645211094,POINT (-122.38953559660742 37.79048645211094),ios,,2019-11-20T18:01:12-08:00,1.127866511853496,4.174396583955797e-08,2.7443927130832435e-09
80,1574301673.0,-122.38952807101856,37.7904782353678,POINT (-122.38952807101856 37.7904782353678),ios,,2019-11-20T18:01:13-08:00,1.127866553597462,4.4488358552641216e-08,-1.2800702720028312e-09
81,1574301674.0,-122.38952054542972,37.79047001862467,POINT (-122.38952054542972 37.79047001862467),ios,,2019-11-20T18:01:14-08:00,1.1278665980858205,4.3208288280638385e-08,-1.8427193104741946e-10
82,1574301675.0,-122.38951301984086,37.79046180188153,POINT (-122.38951301984086 37.79046180188153),ios,,2019-11-20T18:01:15-08:00,1.1278666412941087,4.3024016349590966e-08,10.355872684663822
83,1574301676.0,-122.38950549425199,37.790453585138394,POINT (-122.38950549425199 37.790453585138394),ios,,2019-11-20T18:01:16-08:00,1.127866684318125,10.355872727687839,-10.924918232273898
84,1574301677.0,-122.38949796866314,37.790445368395254,POINT (-122.38949796866314 37.790445368395254),ios,,2019-11-20T18:01:17-08:00,11.483739412005963,-0.5690455045860592,0.5690502868477711
85,1574301678.0,-122.38941165777759,37.79036782117306,POINT (-122.38941165777759 37.79036782117306),ios,,2019-11-20T18:01:18-08:00,10.914693907419904,4.782261711966385e-06,-2.493363737698928e-09
86,1574301679.0,-122.3893291618917,37.790294439322196,POINT (-122.3893291618917 37.790294439322196),ios,,2019-11-20T18:01:19-08:00,10.914698689681616,4.779768348228686e-06,2.482876126919109e-09
87,1574301680.0,-122.38924666600579,37.790221057471335,POINT (-122.38924666600579 37.790221057471335),ios,,2019-11-20T18:01:20-08:00,10.914703469449965,4.782251224355605e-06,-5.240252676230739e-12
88,1574301681.0,-122.38916417011991,37.790147675620474,POINT (-122.38916417011991 37.790147675620474),ios,,2019-11-20T18:01:21-08:00,10.914708251701189,4.7822459841029286e-06,-2.692825801932674
89,1574301682.0,-122.38908167423402,37.790074293769614,POINT (-122.38908167423402 37.790074293769614),ios,,2019-11-20T18:01:22-08:00,10.914713033947173,-2.69282101968669,3.7105192811594847
90,1574301683.0,-122.38899917834812,37.79000091191875,POINT (-122.38899917834812 37.79000091191875),ios,,2019-11-20T18:01:23-08:00,8.221892014260483,1.0176982614727947,-7.152016911301968
91,1574301684.0,-122.38893703544038,37.789945634476275,POINT (-122.38893703544038 37.789945634476275),ios,,2019-11-20T18:01:24-08:00,9.239590275733278,-6.134318649829173,6.396120823043255
92,1574301685.0,-122.38886472644947,37.78988530855759,POINT (-122.38886472644947 37.78988530855759),ios,,2019-11-20T18:01:25-08:00,3.1052716259041047,0.2618021732140816,-0.2618019137082901
93,1574301686.0,-122.3888404246143,37.78986503403137,POINT (-122.3888404246143 37.78986503403137),ios,,2019-11-20T18:01:26-08:00,3.3670737991181863,2.5950579152222986e-07,-8.936176243423688e-10
94,1574301687.0,-122.38882280591811,37.78983814413094,POINT (-122.38882280591811 37.78983814413094),ios,,2019-11-20T18:01:27-08:00,3.367074058623978,2.586121738978875e-07,3.192637265669873e-10
95,1574301688.0,-122.38880518722189,37.789811254230514,POINT (-122.38880518722189 37.789811254230514),ios,,2019-11-20T18:01:28-08:00,3.3670743172361517,2.589314376244545e-07,1.4031420469962086e-09
96,1574301689.0,-122.3887875685257,37.78978436433008,POINT (-122.3887875685257 37.78978436433008),ios,,2019-11-20T18:01:29-08:00,3.3670745761675893,2.603345796714507e-07,-2.5516877499853763e-09
97,1574301690.0,-122.3887699498295,37.789757474429656,POINT (-122.3887699498295 37.789757474429656),ios,,2019-11-20T18:01:30-08:00,3.367074836502169,2.577828919214653e-07,-2.7343142459769507
98,1574301691.0,-122.38875233113328,37.789730584529224,POINT (-122.38875233113328 37.789730584529224),ios,,2019-11-20T18:01:31-08:00,3.367075094285061,-2.734313988194059,2.7972796415199372
99,1574301692.0,-122.38873471243707,37.7897036946288,POINT (-122.38873471243707 37.7897036946288),ios,,2019-11-20T18:01:32-08:00,0.6327611060910021,0.06296565332587849,0.019526380746103533
154,1574301747.0,-122.3887033,37.7893917,POINT (-122.3887033 37.7893917),android,,2019-11-20T18:02:27-08:00,4.095872039014319,1.1369165943615727,-0.9503417795853437
155,1574301748.0,-122.3886583,37.7893821,POINT (-122.3886583 37.7893821),android,,2019-11-20T18:02:28-08:00,5.2327886333758915,0.18657481477622895,-0.9996798314584527
156,1574301749.0,-122.3886052,37.7893608,POINT (-122.3886052 37.7893608),android,,2019-11-20T18:02:29-08:00,5.4193634481521205,-0.8131050166822238,1.933340829339076
157,1574301750.0,-122.3885549,37.7893326,POINT (-122.3885549 37.7893326),android,,2019-11-20T18:02:30-08:00,4.606258431469897,1.1202358126568521,-1.2176160626246544
158,1574301751.0,-122.3885171,37.7893039,POINT (-122.3885171 37.7893039),android,,2019-11-20T18:02:31-08:00,5.726494244126749,-0.09738024996780226,0.4022984944647021
159,1574301752.0,-122.3884723,37.7892665,POINT (-122.3884723 37.7892665),android,,2019-11-20T18:02:32-08:00,5.6291139941589465,0.30491824449689986,1.3583595451119423
160,1574301753.0,-122.3884349,37.7892254,POINT (-122.3884349 37.7892254),android,,2019-11-20T18:02:33-08:00,5.934032238655846,1.6632777896088422,-2.7222263988439055
161,1574301754.0,-122.3883986,37.7891804,POINT (-122.3883986 37.7891804),android,,2019-11-20T18:02:34-08:00,7.597310028264689,-1.0589486092350633,5.606550413197027
162,1574301755.0,-122.388362,37.7891185,POINT (-122.388362 37.7891185),android,,2019-11-20T18:02:35-08:00,6.538361419029625,4.547601803961964,-6.666576284052473
163,1574301756.0,-122.3883347,37.7890638,POINT (-122.3883347 37.7890638),android,,2019-11-20T18:02:36-08:00,11.08596322299159,-2.1189744800905093,2.8444826678794843
164,1574301757.0,-122.3882989,37.7889682,POINT (-122.3882989 37.7889682),android,,2019-11-20T18:02:37-08:00,8.96698874290108,0.7255081877889751,0.17753760391119755
165,1574301758.0,-122.3882655,37.788892,POINT (-122.3882655 37.788892),android,,2019-11-20T18:02:38-08:00,9.692496930690055,0.9030457917001726,-3.874460523507252
166,1574301759.0,-122.3882235,37.7888114,POINT (-122.3882235 37.7888114),android,,2019-11-20T18:02:39-08:00,10.595542722390228,-2.971414731807079,3.7864136262018935
167,1574301760.0,-122.3881746,37.7887243,POINT (-122.3881746 37.7887243),android,,2019-11-20T18:02:40-08:00,7.6241279905831485,0.8149988943948143,-1.7287158856809572
168,1574301761.0,-122.3881425,37.7886606,POINT (-122.3881425 37.7886606),android,,2019-11-20T18:02:41-08:00,8.439126884977963,-0.9137169912861429,-0.3553172950759311
169,1574301762.0,-122.3881129,37.7885884,POINT (-122.3881129 37.7885884),android,,2019-11-20T18:02:42-08:00,7.52540989369182,-1.269034286362074,0.9327889505644924
170,1574301763.0,-122.3880904,37.7885231,POINT (-122.3880904 37.7885231),android,,2019-11-20T18:02:43-08:00,6.256375607329746,-0.33624533579758165,-1.0204150407241848
171,1574301764.0,-122.3880787,37.7884676,POINT (-122.3880787 37.7884676),android,,2019-11-20T18:02:44-08:00,5.920130271532164,-1.3566603765217664,0.8537473173032577
172,1574301765.0,-122.3880738,37.7884145,POINT (-122.3880738 37.7884145),android,,2019-11-20T18:02:45-08:00,4.563469895010398,-0.5029130592185087,0.6563066732738587
173,1574301766.0,-122.3880715,37.7883735,POINT (-122.3880715 37.7883735),android,,2019-11-20T18:02:46-08:00,4.060556835791889,0.15339361405535,-2.009723180274598
174,1574301767.0,-122.3880579,37.7883386,POINT (-122.3880579 37.7883386),android,,2019-11-20T18:02:47-08:00,4.213950449847239,-1.856329566219248,2.668372407967583
175,1574301768.0,-122.388045,37.7883021,POINT (-122.388045 37.7883021),android,,2019-11-20T18:02:48-08:00,2.357620883627991,0.812042841748335,-1.464991243121244
176,1574301769.0,-122.3880413,37.7882811,POINT (-122.3880413 37.7882811),android,,2019-11-20T18:02:49-08:00,3.169663725376326,-0.652948401372909,0.48500152770222726
177,1574301770.0,-122.3880382,37.7882527,POINT (-122.3880382 37.7882527),android,,2019-11-20T18:02:50-08:00,2.516715324003417,-0.16794687367068173,-0.05687486647087692
178,1574301771.0,-122.3880305,37.7882309,POINT (-122.3880305 37.7882309),android,,2019-11-20T18:02:51-08:00,2.3487684503327353,-0.22482174014155865,0.6078384933792096
179,1574301772.0,-122.3880176,37.7882124,POINT (-122.3880176 37.7882124),android,,2019-11-20T18:02:52-08:00,2.1239467101911766,0.38301675323765094,-0.2368431782061955
180,1574301773.0,-122.3880121,37.7881938,POINT (-122.3880121 37.7881938),android,,2019-11-20T18:02:53-08:00,2.5069634634288276,0.14617357503145545,0.4815631248767933
181,1574301774.0,-122.3880079,37.7881715,POINT (-122.3880079 37.7881715),android,,2019-11-20T18:02:54-08:00,2.653137038460283,0.6277366999082488,-0.10714625624960794
182,1574301775.0,-122.3879975,37.7881491,POINT (-122.3879975 37.7881491),android,,2019-11-20T18:02:55-08:00,3.280873738368532,0.5205904436586408,-0.9556383164607127
183,1574301776.0,-122.3879843,37.7881215,POINT (-122.3879843 37.7881215),android,,2019-11-20T18:02:56-08:00,3.8014641820271726,-0.4350478728020719,0.053261213915543504
184,1574301777.0,-122.3879669,37.7880902,POINT (-122.3879669 37.7880902),android,,2019-11-20T18:02:57-08:00,3.3664163092251007,-0.3817866588865284,0.8447485422796919
185,1574301778.0,-122.3879559,37.7880612,POINT (-122.3879559 37.7880612),android,,2019-11-20T18:02:58-08:00,2.9846296503385723,0.46296188339316346,1.2314460663504345
186,1574301779.0,-122.3879505,37.7880347,POINT (-122.3879505 37.7880347),android,,2019-11-20T18:02:59-08:00,3.4475915337317358,1.694407949743598,-1.437234349624561
187,1574301780.0,-122.3879498,37.7880037,POINT (-122.3879498 37.7880037),android,,2019-11-20T18:03:00-08:00,5.141999483475334,0.257173600119037,0.23582299772085857
188,1574301781.0,-122.3879544,37.7879576,POINT (-122.3879544 37.7879576),android,,2019-11-20T18:03:01-08:00,5.399173083594371,0.4929965978398956,3.828279565503343
189,1574301782.0,-122.3879607,37.7879093,POINT (-122.3879607 37.7879093),android,,2019-11-20T18:03:02-08:00,5.892169681434266,4.321276163343239,-7.759559236849381
190,1574301783.0,-122.3879677,37.7878566,POINT (-122.3879677 37.7878566),android,,2019-11-20T18:03:03-08:00,10.213445844777505,-3.4382830735061427,5.049446416123478
191,1574301784.0,-122.3879716,37.7877648,POINT (-122.3879716 37.7877648),android,,2019-11-20T18:03:04-08:00,6.775162771271362,1.6111633426173357,-1.4875047241475405
192,1574301785.0,-122.3879783,37.7877041,POINT (-122.3879783 37.7877041),android,,2019-11-20T18:03:05-08:00,8.386326113888698,0.1236586184697952,-0.5507774334042264
193,1574301786.0,-122.3879761,37.7876287,POINT (-122.3879761 37.7876287),android,,2019-11-20T18:03:06-08:00,8.509984732358493,-0.42711881493443116,1.708685414846311
194,1574301787.0,-122.3879647,37.7875527,POINT (-122.3879647 37.7875527),android,,2019-11-20T18:03:07-08:00,8.082865917424062,1.28156659991188,-3.3738456047921286
195,1574301788.0,-122.3879601,37.7874801,POINT (-122.3879601 37.7874801),android,,2019-11-20T18:03:08-08:00,9.364432517335942,-2.0922790048802486,1.8529228898506398
196,1574301789.0,-122.3879545,37.787396,POINT (-122.3879545 37.787396),android,,2019-11-20T18:03:09-08:00,7.272153512455693,-0.23935611502960885,1.7207534870646803
197,1574301790.0,-122.3879546,37.7873306,POINT (-122.3879546 37.7873306),android,,2019-11-20T18:03:10-08:00,7.0327973974260845,1.4813973720350715,-2.5823553638414047
198,1574301791.0,-122.3879577,37.7872674,POINT (-122.3879577 37.7872674),android,,2019-11-20T18:03:11-08:00,8.514194769461156,-1.1009579918063332,5.527093850542421
199,1574301792.0,-122.3879695,37.7871914,POINT (-122.3879695 37.7871914),android,,2019-11-20T18:03:12-08:00,7.413236777654823,4.426135858736088,-4.574151810798882
200,1574301793.0,-122.3879755,37.7871249,POINT (-122.3879755 37.7871249),android,,2019-11-20T18:03:13-08:00,11.83937263639091,-0.14801595206279394,-0.15547631351761737
201,1574301794.0,-122.3879832,37.7870186,POINT (-122.3879832 37.7870186),android,,2019-11-20T18:03:14-08:00,11.691356684328117,-0.3034922655804113,3.4275594973533874
202,1574301795.0,-122.387987,37.7869135,POINT (-122.387987 37.7869135),android,,2019-11-20T18:03:15-08:00,11.387864418747705,3.124067231772976,-5.880901658413093
203,1574301796.0,-122.3879931,37.7868112,POINT (-122.3879931 37.7868112),android,,2019-11-20T18:03:16-08:00,14.511931650520681,-2.7568344266401166,3.901347458401366
204,1574301797.0,-122.3880173,37.7866821,POINT (-122.3880173 37.7866821),android,,2019-11-20T18:03:17-08:00,11.755097223880565,1.1445130317612495,-1.7480140386989653
205,1574301798.0,-122.3880433,37.7865784,POINT (-122.3880433 37.7865784),android,,2019-11-20T18:03:18-08:00,12.899610255641814,-0.6035010069377158,1.2758893169249266
206,1574301799.0,-122.3880705,37.7864644,POINT (-122.3880705 37.7864644),android,,2019-11-20T18:03:19-08:00,12.296109248704099,0.6723883099872108,-3.8818977985872944
207,1574301800.0,-122.3880909,37.786355,POINT (-122.3880909 37.786355),android,,2019-11-20T18:03:20-08:00,12.96849755869131,-3.2095094886000837,5.009568366340275
208,1574301801.0,-122.3881062,37.786239,POINT (-122.3881062 37.786239),android,,2019-11-20T18:03:21-08:00,9.758988070091226,1.8000588777401916,-1.3152813367156888
209,1574301802.0,-122.388113,37.7861514,POINT (-122.388113 37.7861514),android,,2019-11-20T18:03:22-08:00,11.559046947831417,0.48477754102450277,0.8481505318998082
210,1574301803.0,-122.3881172,37.7860475,POINT (-122.3881172 37.7860475),android,,2019-11-20T18:03:23-08:00,12.04382448885592,1.332928072924311,-6.024218693173262
211,1574301804.0,-122.3881151,37.7859392,POINT (-122.3881151 37.7859392),android,,2019-11-20T18:03:24-08:00,13.376752561780231,-4.691290620248951,5.801262153039271
212,1574301805.0,-122.388115,37.7858189,POINT (-122.388115 37.7858189),android,,2019-11-20T18:03:25-08:00,8.68546194153128,1.1099715327903201,-1.2642052129866261
213,1574301806.0,-122.3881134,37.7857408,POINT (-122.3881134 37.7857408),android,,2019-11-20T18:03:26-08:00,9.7954334743216,-0.154233680196306,-0.7634433125585094
214,1574301807.0,-122.3881309,37.7856538,POINT (-122.3881309 37.7856538),android,,2019-11-20T18:03:27-08:00,9.641199794125294,-0.9176769927548154,2.0678603841968624
215,1574301808.0,-122.3881401,37.7855674,POINT (-122.3881401 37.7855674),android,,2019-11-20T18:03:28-08:00,8.723522801370478,1.150183391442047,-5.650341340617003
216,1574301809.0,-122.3881495,37.7854893,POINT (-122.3881495 37.7854893),android,,2019-11-20T18:03:29-08:00,9.873706192812525,-4.500157949174956,6.610110825618889
217,1574301810.0,-122.3881625,37.7854011,POINT (-122.3881625 37.7854011),android,,2019-11-20T18:03:30-08:00,5.373548243637569,2.1099528764439333,-3.11009422221359
218,1574301811.0,-122.3881684,37.785353,POINT (-122.3881684 37.785353),android,,2019-11-20T18:03:31-08:00,7.4835011200815025,-1.0001413457696566,1.4851740533883122
219,1574301812.0,-122.388168,37.7852857,POINT (-122.388168 37.7852857),android,,2019-11-20T18:03:32-08:00,6.483359774311846,0.4850327076186556,-2.125926648662939
220,1574301813.0,-122.3881742,37.7852276,POINT (-122.3881742 37.7852276),android,,2019-11-20T18:03:33-08:00,6.968392481930501,-1.6408939410442835,1.7131370436703381
221,1574301814.0,-122.3881779,37.785165,POINT (-122.3881779 37.785165),android,,2019-11-20T18:03:34-08:00,5.327498540886218,0.0722431026260546,-0.8772877161696613
222,1574301815.0,-122.388171,37.7851174,POINT (-122.388171 37.7851174),android,,2019-11-20T18:03:35-08:00,5.3997416435122725,-0.8050446135436067,0.6692987813358195
223,1574301816.0,-122.388166,37.785069,POINT (-122.388166 37.785069),android,,2019-11-20T18:03:36-08:00,4.594697029968666,-0.13574583220778713,-1.5969941541199568
224,1574301817.0,-122.38817,37.7850278,POINT (-122.38817 37.7850278),android,,2019-11-20T18:03:37-08:00,4.458951197760879,-1.732739986327744,2.127093561646457
225,1574301818.0,-122.3881702,37.7849877,POINT (-122.3881702 37.7849877),android,,2019-11-20T18:03:38-08:00,2.7262112114331347,0.39435357531871285,-0.21639063767221778
226,1574301819.0,-122.3881645,37.7849636,POINT (-122.3881645 37.7849636),android,,2019-11-20T18:03:39-08:00,3.1205647867518476,0.17796293764649507,-0.45987535732312734
227,1574301820.0,-122.3881588,37.7849359,POINT (-122.3881588 37.7849359),android,,2019-11-20T18:03:40-08:00,3.2985277243983426,-0.2819124196766323,0.14462405031507952
228,1574301821.0,-122.3881638,37.7849065,POINT (-122.3881638 37.7849065),android,,2019-11-20T18:03:41-08:00,3.0166153047217104,-0.13728836936155275,-0.5563334458181188
229,1574301822.0,-122.3881736,37.7848805,POINT (-122.3881736 37.7848805),android,,2019-11-20T18:03:42-08:00,2.8793269353601576,-0.6936218151796716,-1.3171550433250259
230,1574301823.0,-122.3881868,37.7848568,POINT (-122.3881868 37.7848568),android,,2019-11-20T18:03:43-08:00,2.185705120180486,-2.0107768585046975,2.184441260185395
231,1574301824.0,-122.3881965,37.7848387,POINT (-122.3881965 37.7848387),android,,2019-11-20T18:03:44-08:00,0.17492826167578843,0.1736644016806975,-0.030532986990583655
232,1574301825.0,-122.3881959,37.7848372,POINT (-122.3881959 37.7848372),android,,2019-11-20T18:03:45-08:00,0.3485926633564859,0.14313141469011384,0.04051132646181275
238,1574301831.0,-122.3882197,37.7848371,POINT (-122.3882197 37.7848371),android,,2019-11-20T18:03:51-08:00,1.207381151497169,0.3861993734609903,0.1335815771882507
239,1574301832.0,-122.3882232,37.7848266,POINT (-122.3882232 37.7848266),android,,2019-11-20T18:03:52-08:00,1.5935805249581594,0.519780950649241,-0.8851716116739743
240,1574301833.0,-122.3882244,37.7848123,POINT (-122.3882244 37.7848123),android,,2019-11-20T18:03:53-08:00,2.1133614756074004,-0.3653906610247333,1.6320175226440092
241,1574301834.0,-122.388225,37.7847933,POINT (-122.388225 37.7847933),android,,2019-11-20T18:03:54-08:00,1.7479708145826671,1.266626861619276,-0.3087554705588955
242,1574301835.0,-122.388226,37.7847776,POINT (-122.388226 37.7847776),android,,2019-11-20T18:03:55-08:00,3.014597676201943,0.9578713910603804,-0.45884475535515756
243,1574301836.0,-122.3882291,37.7847506,POINT (-122.3882291 37.7847506),android,,2019-11-20T18:03:56-08:00,3.9724690672623235,0.4990266357052229,-0.7401025939246
244,1574301837.0,-122.3882274,37.7847149,POINT (-122.3882274 37.7847149),android,,2019-11-20T18:03:57-08:00,4.471495702967546,-0.2410759582193771,0.8816567194981078
245,1574301838.0,-122.3882261,37.7846747,POINT (-122.3882261 37.7846747),android,,2019-11-20T18:03:58-08:00,4.230419744748169,0.6405807612787306,1.0004426987412005
246,1574301839.0,-122.3882219,37.7846368,POINT (-122.3882219 37.7846368),android,,2019-11-20T18:03:59-08:00,4.8710005060269,1.6410234600199312,0.8798766186825242
247,1574301840.0,-122.3882135,37.7845935,POINT (-122.3882135 37.7845935),android,,2019-11-20T18:04:00-08:00,6.512023966046831,2.5209000787024554,-1.1992454418552523
248,1574301841.0,-122.3881976,37.7845363,POINT (-122.3881976 37.7845363),android,,2019-11-20T18:04:01-08:00,9.032924044749286,1.321654636847203,-4.746560102655873
249,1574301842.0,-122.3881829,37.7844559,POINT (-122.3881829 37.7844559),android,,2019-11-20T18:04:02-08:00,10.35457868159649,-3.4249054658086697,5.1261242345901525
250,1574301843.0,-122.3881804,37.7843628,POINT (-122.3881804 37.7843628),android,,2019-11-20T18:04:03-08:00,6.92967321578782,1.7012187687814828,-2.3427258560065836
251,1574301844.0,-122.3881784,37.7843005,POINT (-122.3881784 37.7843005),android,,2019-11-20T18:04:04-08:00,8.630891984569303,-0.6415070872251007,0.19408789151424255
252,1574301845.0,-122.3881762,37.7842229,POINT (-122.3881762 37.7842229),android,,2019-11-20T18:04:05-08:00,7.989384897344202,-0.4474191957108582,0.09320894382284628
253,1574301846.0,-122.3881796,37.7841511,POINT (-122.3881796 37.7841511),android,,2019-11-20T18:04:06-08:00,7.541965701633344,-0.3542102518880119,0.2299790593952089
254,1574301847.0,-122.3881772,37.7840833,POINT (-122.3881772 37.7840833),android,,2019-11-20T18:04:07-08:00,7.187755449745332,-0.12423119249280301,-0.2230964971189735
255,1574301848.0,-122.3881718,37.7840188,POINT (-122.3881718 37.7840188),android,,2019-11-20T18:04:08-08:00,7.063524257252529,-0.3473276896117765,0.9256794210355279
256,1574301849.0,-122.3881696,37.7839553,POINT (-122.3881696 37.7839553),android,,2019-11-20T18:04:09-08:00,6.716196567640752,0.5783517314237514,-3.2161193038933114
257,1574301850.0,-122.3881698,37.7838949,POINT (-122.3881698 37.7838949),android,,2019-11-20T18:04:10-08:00,7.294548299064504,-2.63776757246956,3.689956965512409
258,1574301851.0,-122.3881763,37.7838295,POINT (-122.3881763 37.7838295),android,,2019-11-20T18:04:11-08:00,4.656780726594944,1.0521893930428492,-1.662792869952061
259,1574301852.0,-122.3881812,37.7837878,POINT (-122.3881812 37.7837878),android,,2019-11-20T18:04:12-08:00,5.708970119637793,-0.6106034769092119,-0.7318377594152183
260,1574301853.0,-122.3881875,37.7837367,POINT (-122.3881875 37.7837367),android,,2019-11-20T18:04:13-08:00,5.098366642728581,-1.3424412363244302,1.36741887946161
261,1574301854.0,-122.3881922,37.783691,POINT (-122.3881922 37.783691),android,,2019-11-20T18:04:14-08:00,3.7559254064041507,0.02497764313717976,-2.8847578795010067
262,1574301855.0,-122.3881951,37.7836573,POINT (-122.3881951 37.7836573),android,,2019-11-20T18:04:15-08:00,3.7809030495413305,-2.859780236363827,3.3168973018938415
263,1574301856.0,-122.3882017,37.7836237,POINT (-122.3882017 37.7836237),android,,2019-11-20T18:04:16-08:00,0.9211228131775033,0.4571170655300145,-0.6709298439200713
264,1574301857.0,-122.3882075,37.7836168,POINT (-122.3882075 37.7836168),android,,2019-11-20T18:04:17-08:00,1.3782398787075179,-0.21381277839005675,0.6953454467587179
265,1574301858.0,-122.3882123,37.783605,POINT (-122.3882123 37.783605),android,,2019-11-20T18:04:18-08:00,1.164427100317461,0.48153266836866115,-0.1705953958357227
266,1574301859.0,-122.3882158,37.7835949,POINT (-122.3882158 37.7835949),android,,2019-11-20T18:04:19-08:00,1.6459597686861223,0.31093727253293846,-1.170249017718337
267,1574301860.0,-122.3882136,37.7835802,POINT (-122.3882136 37.7835802),android,,2019-11-20T18:04:20-08:00,1.9568970412190607,-0.8593117451853984,0.651348649467771
268,1574301861.0,-122.3882049,37.783564,POINT (-122.3882049 37.783564),android,,2019-11-20T18:04:21-08:00,1.0975852960336623,-0.2079630957176274,-0.0700558717710158
269,1574301862.0,-122.388199,37.7835553,POINT (-122.388199 37.7835553),android,,2019-11-20T18:04:22-08:00,0.8896222003160349,-0.2780189674886432,-0.06750293070148006
270,1574301863.0,-122.3882006,37.7835474,POINT (-122.3882006 37.7835474),android,,2019-11-20T18:04:23-08:00,0.6116032328273917,-0.34552189819012324,0.5867096271399133
271,1574301864.0,-122.3881977,37.7835424,POINT (-122.3881977 37.7835424),android,,2019-11-20T18:04:24-08:00,0.26608133463726846,0.24118772894979007,0.04120052779050111
301,1574301894.0,-122.3882093,37.7834712,POINT (-122.3882093 37.7834712),android,,2019-11-20T18:04:54-08:00,7.501713203130971,1.4772035626648234,-1.8883855151235514
302,1574301895.0,-122.3882193,37.7834042,POINT (-122.3882193 37.7834042),android,,2019-11-20T18:04:55-08:00,8.978916765795795,-0.4111819524587279,0.9433674301193324
303,1574301896.0,-122.3882379,37.7833248,POINT (-122.3882379 37.7833248),android,,2019-11-20T18:04:56-08:00,8.567734813337067,0.5321854776606045,-0.23071436698400483
304,1574301897.0,-122.3882554,37.783249,POINT (-122.3882554 37.783249),android,,2019-11-20T18:04:57-08:00,9.099920290997671,0.3014711106765997,-2.8357586358230726
305,1574301898.0,-122.3882683,37.7831678,POINT (-122.3882683 37.7831678),android,,2019-11-20T18:04:58-08:00,9.401391401674271,-2.534287525146473,3.721299305036581
306,1574301899.0,-122.3882765,37.7830835,POINT (-122.3882765 37.7830835),android,,2019-11-20T18:04:59-08:00,6.867103876527798,1.187011779890108,-1.3436649574256059
307,1574301900.0,-122.3882887,37.7830225,POINT (-122.3882887 37.7830225),android,,2019-11-20T18:05:00-08:00,8.054115656417906,-0.1566531775354978,1.5874924139791666
308,1574301901.0,-122.3883017,37.7829508,POINT (-122.3883017 37.7829508),android,,2019-11-20T18:05:01-08:00,7.897462478882408,1.4308392364436688,-1.404603961823776
309,1574301902.0,-122.3883115,37.7828802,POINT (-122.3883115 37.7828802),android,,2019-11-20T18:05:02-08:00,9.328301715326077,0.026235274619892834,1.273924658556382
310,1574301903.0,-122.3883251,37.782797,POINT (-122.3883251 37.782797),android,,2019-11-20T18:05:03-08:00,9.35453698994597,1.3001599331762748,-1.6273490461415694
311,1574301904.0,-122.388337,37.7827134,POINT (-122.388337 37.7827134),android,,2019-11-20T18:05:04-08:00,10.654696923122245,-0.3271891129652946,-0.37035282568404426
312,1574301905.0,-122.3883469,37.7826179,POINT (-122.3883469 37.7826179),android,,2019-11-20T18:05:05-08:00,10.32750781015695,-0.6975419386493389,2.148796507970321
313,1574301906.0,-122.3883517,37.7825251,POINT (-122.3883517 37.7825251),android,,2019-11-20T18:05:06-08:00,9.629965871507611,1.451254569320982,-6.439225759781473
314,1574301907.0,-122.3883528,37.7824385,POINT (-122.3883528 37.7824385),android,,2019-11-20T18:05:07-08:00,11.081220440828593,-4.987971190460491,8.766891337649623
315,1574301908.0,-122.3883683,37.7823396,POINT (-122.3883683 37.7823396),android,,2019-11-20T18:05:08-08:00,6.093249250368102,3.7789201471891323,-4.734199032125255
316,1574301909.0,-122.3883808,37.7822857,POINT (-122.3883808 37.7822857),android,,2019-11-20T18:05:09-08:00,9.872169397557235,-0.9552788849361225,0.955278887694627
317,1574301910.0,-122.388388,37.7821971,POINT (-122.388388 37.7821971),android,,2019-11-20T18:05:10-08:00,8.916890512621112,2.758504535904649e-09,7.688019110219102e-10
318,1574301911.0,-122.38838972000002,37.78211692,POINT (-122.38838972000002 37.78211692),android,,2019-11-20T18:05:11-08:00,8.916890515379617,3.527306446926559e-09,-1.4952679094903942e-09
319,1574301912.0,-122.38839144000002,37.78203674,POINT (-122.38839144000002 37.78203674),android,,2019-11-20T18:05:12-08:00,8.916890518906923,2.032038537436165e-09,7.47631290209938e-10
320,1574301913.0,-122.38839315999999,37.78195656,POINT (-122.38839315999999 37.78195656),android,,2019-11-20T18:05:13-08:00,8.916890520938962,2.779669827646103e-09,2.733567169471117
321,1574301914.0,-122.38839487999999,37.78187638,POINT (-122.38839487999999 37.78187638),android,,2019-11-20T18:05:14-08:00,8.916890523718632,2.733567172250787,1.186102805281953
322,1574301915.0,-122.3883966,37.7817962,POINT (-122.3883966 37.7817962),android,,2019-11-20T18:05:15-08:00,11.650457695969418,3.91966997753274,-5.8972577249073534
323,1574301916.0,-122.388387,37.7816917,POINT (-122.388387 37.7816917),android,,2019-11-20T18:05:16-08:00,15.570127673502158,-1.9775877473746135,6.723561840868337
324,1574301917.0,-122.3883795,37.7815518,POINT (-122.3883795 37.7815518),android,,2019-11-20T18:05:17-08:00,13.592539926127545,4.745974093493723,-6.429351475834055
325,1574301918.0,-122.3883625,37.7814303,POINT (-122.3883625 37.7814303),android,,2019-11-20T18:05:18-08:00,18.338514019621268,-1.683377382340332,-2.2228024056690945
326,1574301919.0,-122.3884484,37.78128,POINT (-122.3884484 37.78128),android,,2019-11-20T18:05:19-08:00,16.655136637280936,-3.9061797880094264,2.5171125379520127
327,1574301920.0,-122.3885161,37.7811401,POINT (-122.3885161 37.7811401),android,,2019-11-20T18:05:20-08:00,12.74895684927151,-1.3890672500574137,0.7426245914655087
328,1574301921.0,-122.3885729,37.7810346,POINT (-122.3885729 37.7810346),android,,2019-11-20T18:05:21-08:00,11.359889599214096,-0.646442658591905,1.376383437544563
329,1574301922.0,-122.3886198,37.7809394,POINT (-122.3886198 37.7809394),android,,2019-11-20T18:05:22-08:00,10.713446940622191,0.729940778952658,-5.152308726812719
330,1574301923.0,-122.3886671,37.7808506,POINT (-122.3886671 37.7808506),android,,2019-11-20T18:05:23-08:00,11.443387719574849,-4.422367947860061,5.006224787519225
331,1574301924.0,-122.3887044,37.780752,POINT (-122.3887044 37.780752),android,,2019-11-20T18:05:24-08:00,7.021019771714788,0.5838568396591644,-1.9172448392713077
332,1574301925.0,-122.3887285,37.7806918,POINT (-122.3887285 37.7806918),android,,2019-11-20T18:05:25-08:00,7.604876611373952,-1.3333879996121434,2.514337801681725
333,1574301926.0,-122.3887698,37.7806317,POINT (-122.3887698 37.7806317),android,,2019-11-20T18:05:26-08:00,6.271488611761809,1.1809498020695814,-0.8900779959236242
334,1574301927.0,-122.38881,37.7805851,POINT (-122.38881 37.7805851),android,,2019-11-20T18:05:27-08:00,7.45243841383139,0.2908718061459572,-1.4329194147056743
335,1574301928.0,-122.3888544,37.780528,POINT (-122.3888544 37.780528),android,,2019-11-20T18:05:28-08:00,7.743310219977348,-1.142047608559717,0.2979472900665794
336,1574301929.0,-122.3889066,37.7804719,POINT (-122.3889066 37.7804719),android,,2019-11-20T18:05:29-08:00,6.6012626114176305,-0.8441003184931377,-0.218439606913571
337,1574301930.0,-122.3889508,37.7804239,POINT (-122.3889508 37.7804239),android,,2019-11-20T18:05:30-08:00,5.757162292924493,-1.0625399254067087,1.8467557294386916
338,1574301931.0,-122.3889898,37.7803823,POINT (-122.3889898 37.7803823),android,,2019-11-20T18:05:31-08:00,4.694622367517784,0.7842158040319829,-3.8556581132545045
339,1574301932.0,-122.3890242,37.78035,POINT (-122.3890242 37.78035),android,,2019-11-20T18:05:32-08:00,5.478838171549767,-3.0714423092225216,4.028821814697689
340,1574301933.0,-122.3890673,37.7803144,POINT (-122.3890673 37.7803144),android,,2019-11-20T18:05:33-08:00,2.4073958623272453,0.957379505475167,-1.9014459292614676
341,1574301934.0,-122.3890901,37.7803024,POINT (-122.3890901 37.7803024),android,,2019-11-20T18:05:34-08:00,3.3647753678024124,-0.9440664237863006,0.536289025531735
342,1574301935.0,-122.3891216,37.7802852,POINT (-122.3891216 37.7802852),android,,2019-11-20T18:05:35-08:00,2.420708944016112,-0.4077773982545656,0.4771510475171259
343,1574301936.0,-122.38914,37.780269,POINT (-122.38914 37.780269),android,,2019-11-20T18:05:36-08:00,2.012931545761546,0.06937364926256029,-0.5515646184088758
344,1574301937.0,-122.3891554,37.7802556,POINT (-122.3891554 37.7802556),android,,2019-11-20T18:05:37-08:00,2.0823051950241065,-0.48219096914631554,-0.25652016289359825
345,1574301938.0,-122.3891739,37.7802439,POINT (-122.3891739 37.7802439),android,,2019-11-20T18:05:38-08:00,1.600114225877791,-0.7387111320399138,0.7896002107358613
346,1574301939.0,-122.3891879,37.7802347,POINT (-122.3891879 37.7802347),android,,2019-11-20T18:05:39-08:00,0.8614030938378772,0.0508890786959475,0.3170041861718529
347,1574301940.0,-122.3891941,37.7802287,POINT (-122.3891941 37.7802287),android,,2019-11-20T18:05:40-08:00,0.9122921725338247,0.3678932648678004,1.519238363665245
348,1574301941.0,-122.3892033,37.7802249,POINT (-122.3892033 37.7802249),android,,2019-11-20T18:05:41-08:00,1.280185437401625,1.8871316285330453,0.5767236445921156
349,1574301942.0,-122.3892178,37.7802238,POINT (-122.3892178 37.7802238),android,,2019-11-20T18:05:42-08:00,3.1673170659346703,2.463855273125161,-4.40745543337824
350,1574301943.0,-122.38921805296316,37.78019531633498,POINT (-122.38921805296316 37.78019531633498),ios,,2019-11-20T18:05:43-08:00,5.631172339059831,-1.9436001602530788,1.577401352726472
351,1574301944.0,-122.38925811846032,37.78015579566153,POINT (-122.38925811846032 37.78015579566153),ios,,2019-11-20T18:05:44-08:00,3.6875721788067524,-0.3661988075266067,-0.01981028393402129
352,1574301945.0,-122.38928452145531,37.780130021309276,POINT (-122.38928452145531 37.780130021309276),ios,,2019-11-20T18:05:45-08:00,3.3213733712801456,-0.386009091460628,0.3265367122087195
353,1574301946.0,-122.38930924806967,37.78010743208023,POINT (-122.38930924806967 37.78010743208023),ios,,2019-11-20T18:05:46-08:00,2.9353642798195176,-0.059472379251908514,-0.14684695753237076
354,1574301947.0,-122.3893315439321,37.78008777651729,POINT (-122.3893315439321 37.78008777651729),ios,,2019-11-20T18:05:47-08:00,2.875891900567609,-0.20631933678427927,-1.6154650819383833
355,1574301948.0,-122.38935249869003,37.780067911406775,POINT (-122.38935249869003 37.780067911406775),ios,,2019-11-20T18:05:48-08:00,2.66957256378333,-1.8217844187226626,1.821737953308883
356,1574301949.0,-122.38937244761958,37.780049806495924,POINT (-122.38937244761958 37.780049806495924),ios,,2019-11-20T18:05:49-08:00,0.8477881450606672,-4.646541377950619e-05,-0.5290698232189253
357,1574301950.0,-122.38937827320201,37.7800437294495,POINT (-122.38937827320201 37.7800437294495),ios,,2019-11-20T18:05:50-08:00,0.8477416796468877,-0.5291162886327048,0.5291162933864699
358,1574301951.0,-122.38938409846497,37.780037652736326,POINT (-122.38938409846497 37.780037652736326),ios,,2019-11-20T18:05:51-08:00,0.318625391014183,4.753765103782115e-09,-2.219197381414517e-09
359,1574301952.0,-122.3893817514681,37.78003546872532,POINT (-122.3893817514681 37.78003546872532),ios,,2019-11-20T18:05:52-08:00,0.3186253957679481,2.5345677223675978e-09,3.6298915540022847e-09
360,1574301953.0,-122.3893794044712,37.78003328471432,POINT (-122.3893794044712 37.78003328471432),ios,,2019-11-20T18:05:53-08:00,0.31862539830251585,6.1644592763698824e-09,-3.027700368196662e-09
361,1574301954.0,-122.38937705747432,37.780031100703326,POINT (-122.38937705747432 37.780031100703326),ios,,2019-11-20T18:05:54-08:00,0.3186254044669751,3.1367589081732206e-09,1.617005862541987e-09
362,1574301955.0,-122.38937471047741,37.78002891669232,POINT (-122.38937471047741 37.78002891669232),ios,,2019-11-20T18:05:55-08:00,0.31862540760373403,4.7537647707152075e-09,-1.6170061956088944e-09
363,1574301956.0,-122.38937236348052,37.78002673268132,POINT (-122.38937236348052 37.78002673268132),ios,,2019-11-20T18:05:56-08:00,0.3186254123574988,3.136758575106313e-09,-6.021915188725302e-10
364,1574301957.0,-122.38937001648361,37.78002454867032,POINT (-122.38937001648361 37.78002454867032),ios,,2019-11-20T18:05:57-08:00,0.3186254154942574,2.534567056233783e-09,3.629891887069192e-09
365,1574301958.0,-122.38936766948672,37.78002236465932,POINT (-122.38936766948672 37.78002236465932),ios,,2019-11-20T18:05:58-08:00,0.31862541802882444,6.164458943302975e-09,-3.0277008122858717e-09
366,1574301959.0,-122.38936532248984,37.78002018064832,POINT (-122.38936532248984 37.78002018064832),ios,,2019-11-20T18:05:59-08:00,0.3186254241932834,3.1367581310171033e-09,1.6170061400977431e-09
367,1574301960.0,-122.38936297549293,37.78001799663732,POINT (-122.38936297549293 37.78001799663732),ios,,2019-11-20T18:06:00-08:00,0.3186254273300415,4.7537642711148465e-09,-2.219197825503727e-09
368,1574301961.0,-122.38936062849604,37.78001581262632,POINT (-122.38936062849604 37.78001581262632),ios,,2019-11-20T18:06:01-08:00,0.3186254320838058,2.5345664456111194e-09,2.82138901130935e-09
369,1574301962.0,-122.38935828149913,37.780013628615315,POINT (-122.38935828149913 37.780013628615315),ios,,2019-11-20T18:06:02-08:00,0.3186254346183722,5.355955456920469e-09,-3.027701311886233e-09
370,1574301963.0,-122.38935593450223,37.78001144460432,POINT (-122.38935593450223 37.78001144460432),ios,,2019-11-20T18:06:03-08:00,0.3186254399743277,2.3282541450342364e-09,2.4255097930137026e-09
371,1574301964.0,-122.38935358750533,37.78000926059332,POINT (-122.38935358750533 37.78000926059332),ios,,2019-11-20T18:06:04-08:00,0.31862544230258183,4.753763938047939e-09,-1.1102230246251565e-16
372,1574301965.0,-122.38935124050845,37.780007076582315,POINT (-122.38935124050845 37.780007076582315),ios,,2019-11-20T18:06:05-08:00,0.31862544705634577,4.753763827025637e-09,-2.2191982140817856e-09
373,1574301966.0,-122.38934889351155,37.78000489257131,POINT (-122.38934889351155 37.78000489257131),ios,,2019-11-20T18:06:06-08:00,0.3186254518101096,2.534565612943851e-09,-0.0001564120564141458
374,1574301967.0,-122.38934654651464,37.78000270856031,POINT (-122.38934654651464 37.78000270856031),ios,,2019-11-20T18:06:07-08:00,0.3186254543446752,-0.00015640952184853285,0.4034973984772436
375,1574301968.0,-122.38934419951775,37.780000524549315,POINT (-122.38934419951775 37.780000524549315),ios,,2019-11-20T18:06:08-08:00,0.3184690448228267,0.40334098895539505,-0.34462263137092414
376,1574301969.0,-122.389341853673,37.77999834161045,POINT (-122.389341853673 37.77999834161045),ios,,2019-11-20T18:06:09-08:00,0.7218100337782217,0.05871835758447092,0.0037635870842909445
415,1574302008.0,-122.3895703,37.7801758,POINT (-122.3895703 37.7801758),android,,2019-11-20T18:06:48-08:00,3.0118259795725875,0.20549825387181775,-0.5471797336564088
416,1574302009.0,-122.3895884,37.7801528,POINT (-122.3895884 37.7801528),android,,2019-11-20T18:06:49-08:00,3.217324233444405,-0.34168147978459107,-0.024813067352862817
417,1574302010.0,-122.3896111,37.7801301,POINT (-122.3896111 37.7801301),android,,2019-11-20T18:06:50-08:00,2.875642753659814,-0.3664945471374539,-0.05191652567089289
418,1574302011.0,-122.3896283,37.7801081,POINT (-122.3896283 37.7801081),android,,2019-11-20T18:06:51-08:00,2.5091482065223603,-0.4184110728083468,0.7458932430594318
419,1574302012.0,-122.3896433,37.7800889,POINT (-122.3896433 37.7800889),android,,2019-11-20T18:06:52-08:00,2.0907371337140135,0.32748217025108506,0.28506947895766466
420,1574302013.0,-122.389652,37.7800714,POINT (-122.389652 37.7800714),android,,2019-11-20T18:06:53-08:00,2.4182193039650985,0.6125516492087497,-0.3643356532962323
421,1574302014.0,-122.3896552,37.7800498,POINT (-122.3896552 37.7800498),android,,2019-11-20T18:06:54-08:00,3.0307709531738483,0.24821599591251742,0.24931072407103994
422,1574302015.0,-122.3896759,37.780028,POINT (-122.3896759 37.780028),android,,2019-11-20T18:06:55-08:00,3.2789869490863657,0.49752671998355735,-0.43914006101721625
423,1574302016.0,-122.3897032,37.7800079,POINT (-122.3897032 37.7800079),android,,2019-11-20T18:06:56-08:00,3.776513669069923,0.0583866589663411,0.20071006919873868
424,1574302017.0,-122.3897355,37.7799855,POINT (-122.3897355 37.7799855),android,,2019-11-20T18:06:57-08:00,3.834900328036264,0.2590967281650798,-0.15605629955189926
425,1574302018.0,-122.3897672,37.7799618,POINT (-122.3897672 37.7799618),android,,2019-11-20T18:06:58-08:00,4.093997056201344,0.10304042861318052,-0.28088421547965403
426,1574302019.0,-122.3897973,37.7799337,POINT (-122.3897973 37.7799337),android,,2019-11-20T18:06:59-08:00,4.197037484814524,-0.1778437868664735,2.2308239405499384
427,1574302020.0,-122.3898289,37.7799054,POINT (-122.3898289 37.7799054),android,,2019-11-20T18:07:00-08:00,4.019193697948051,2.052980153683465,0.6212812161219308
428,1574302021.0,-122.3898608,37.7798795,POINT (-122.3898608 37.7798795),android,,2019-11-20T18:07:01-08:00,6.072173851631516,2.6742613698053956,-4.241327088171862
429,1574302022.0,-122.3899077,37.7798394,POINT (-122.3899077 37.7798394),android,,2019-11-20T18:07:02-08:00,8.746435221436911,-1.5670657183664662,2.2244286960483404
430,1574302023.0,-122.3899725,37.7797797,POINT (-122.3899725 37.7797797),android,,2019-11-20T18:07:03-08:00,7.179369503070445,0.6573629776818741,-5.234589336424326
431,1574302024.0,-122.3900251,37.7797303,POINT (-122.3900251 37.7797303),android,,2019-11-20T18:07:04-08:00,7.836732480752319,-4.577226358742452,3.7173026477380033
432,1574302025.0,-122.3900873,37.7796798,POINT (-122.3900873 37.7796798),android,,2019-11-20T18:07:05-08:00,3.259506122009867,-0.8599237110044489,0.2844823865316515
433,1574302026.0,-122.3901187,37.7796642,POINT (-122.3901187 37.7796642),android,,2019-11-20T18:07:06-08:00,2.3995824110054182,-0.5754413244727974,0.8542929158552162
434,1574302027.0,-122.3901403,37.779651,POINT (-122.3901403 37.779651),android,,2019-11-20T18:07:07-08:00,1.8241410865326209,0.2788515913824188,-0.18491407888699496
435,1574302028.0,-122.390157840688,37.779642229656,POINT (-122.390157840688 37.779642229656),android,,2019-11-20T18:07:08-08:00,2.1029926779150396,0.09393751249542381,-0.1492480234357081
436,1574302029.0,-122.3901762,37.7796301,POINT (-122.3901762 37.7796301),android,,2019-11-20T18:07:09-08:00,2.1969301904104634,-0.055310510940284274,0.5186025111063963
437,1574302030.0,-122.3901948,37.7796169,POINT (-122.3901948 37.7796169),android,,2019-11-20T18:07:10-08:00,2.141619679470179,0.46329200016611205,-0.43671828383480626
438,1574302031.0,-122.3902114,37.7796028,POINT (-122.3902114 37.7796028),android,,2019-11-20T18:07:11-08:00,2.604911679636291,0.026573716331305786,-0.06250053156300117
439,1574302032.0,-122.3902282,37.7795835,POINT (-122.3902282 37.7795835),android,,2019-11-20T18:07:12-08:00,2.631485395967597,-0.035926815231695386,-0.5073998860056799
440,1574302033.0,-122.3902446,37.7795637,POINT (-122.3902446 37.7795637),android,,2019-11-20T18:07:13-08:00,2.5955585807359016,-0.5433267012373753,0.16915506537098857
441,1574302034.0,-122.390264,37.7795461,POINT (-122.390264 37.7795461),android,,2019-11-20T18:07:14-08:00,2.0522318794985264,-0.3741716358663867,-0.012659706849549979
442,1574302035.0,-122.3902807,37.7795332,POINT (-122.3902807 37.7795332),android,,2019-11-20T18:07:15-08:00,1.6780602436321397,-0.38683134271593667,-0.5940707694892455
443,1574302036.0,-122.390295,37.7795232,POINT (-122.390295 37.7795232),android,,2019-11-20T18:07:16-08:00,1.291228900916203,-0.9809021122051822,0.8686047292818913
444,1574302037.0,-122.390307,37.7795165,POINT (-122.390307 37.7795165),android,,2019-11-20T18:07:17-08:00,0.3103267887110209,-0.11229738292329097,0.3601823145414721
445,1574302038.0,-122.390309,37.7795142,POINT (-122.390309 37.7795142),android,,2019-11-20T18:07:18-08:00,0.1980294057877299,0.24788493161818115,-0.08366012009240442
483,1574302076.0,-122.390388,37.7795403,POINT (-122.390388 37.7795403),android,,2019-11-20T18:07:56-08:00,9.617656807278614,-2.931199631893187,2.6451984731682128
484,1574302077.0,-122.3904667,37.7794802,POINT (-122.3904667 37.7794802),android,,2019-11-20T18:07:57-08:00,6.686457175385427,-0.2860011587249742,2.248758181470632
485,1574302078.0,-122.390516,37.7794344,POINT (-122.390516 37.7794344),android,,2019-11-20T18:07:58-08:00,6.400456016660453,1.9627570227456577,-3.9953975387227008
486,1574302079.0,-122.3905625,37.7793901,POINT (-122.3905625 37.7793901),android,,2019-11-20T18:07:59-08:00,8.36321303940611,-2.032640515977043,0.9420121710575131
487,1574302080.0,-122.3906171,37.7793285,POINT (-122.3906171 37.7793285),android,,2019-11-20T18:08:00-08:00,6.330572523429067,-1.09062834491953,0.46571970044914224
488,1574302081.0,-122.3906542,37.7792797,POINT (-122.3906542 37.7792797),android,,2019-11-20T18:08:01-08:00,5.239944178509537,-0.6249086444703877,0.21050689555767654
489,1574302082.0,-122.3906871,37.7792404,POINT (-122.3906871 37.7792404),android,,2019-11-20T18:08:02-08:00,4.61503553403915,-0.4144017489127112,0.9004647611121372
490,1574302083.0,-122.3907181,37.7792069,POINT (-122.3907181 37.7792069),android,,2019-11-20T18:08:03-08:00,4.200633785126438,0.48606301219942605,-3.853777993753458
491,1574302084.0,-122.3907433,37.7791748,POINT (-122.3907433 37.7791748),android,,2019-11-20T18:08:04-08:00,4.686696797325864,-3.367714981554032,3.500784369400894
492,1574302085.0,-122.3907783,37.779143,POINT (-122.3907783 37.779143),android,,2019-11-20T18:08:05-08:00,1.318981815771832,0.13306938784686184,-0.5527304824671102
493,1574302086.0,-122.3907926,37.7791394,POINT (-122.3907926 37.7791394),android,,2019-11-20T18:08:06-08:00,1.4520512036186939,-0.41966109462024836,0.07066798084597525
494,1574302087.0,-122.3908077,37.7791341,POINT (-122.3908077 37.7791341),android,,2019-11-20T18:08:07-08:00,1.0323901089984455,-0.3489931137742731,0.47491196497563126
495,1574302088.0,-122.3908189,37.7791313,POINT (-122.3908189 37.7791313),android,,2019-11-20T18:08:08-08:00,0.6833969952241724,0.12591885120135815,-0.4048550633945367
496,1574302089.0,-122.3908265,37.77913,POINT (-122.3908265 37.77913),android,,2019-11-20T18:08:09-08:00,0.8093158464255306,-0.27893621219317855,0.7603347194549643
497,1574302090.0,-122.390835,37.7791272,POINT (-122.390835 37.7791272),android,,2019-11-20T18:08:10-08:00,0.530379634232352,0.4813985072617858,-0.588468432283896
498,1574302091.0,-122.3908391,37.7791237,POINT (-122.3908391 37.7791237),android,,2019-11-20T18:08:11-08:00,1.0117781414941378,-0.10706992502211021,-0.3131152122283524
499,1574302092.0,-122.3908463,37.7791166,POINT (-122.3908463 37.7791166),android,,2019-11-20T18:08:12-08:00,0.9047082164720276,-0.42018513725046264,0.12190533731973913
500,1574302093.0,-122.390854,37.7791112,POINT (-122.390854 37.7791112),android,,2019-11-20T18:08:13-08:00,0.48452307922156496,-0.2982797999307235,0.5024156127826234
501,1574302094.0,-122.3908595,37.7791115,POINT (-122.3908595 37.7791115),android,,2019-11-20T18:08:14-08:00,0.18624327929084145,0.2041358128518998,-0.1344639612970749
502,1574302095.0,-122.3908612,37.7791125,POINT (-122.3908612 37.7791125),android,,2019-11-20T18:08:15-08:00,0.39037909214274125,0.06967185155482489,-0.018753282221763444
506,1574302099.0,-122.3908744,37.7791219,POINT (-122.3908744 37.7791219),android,,2019-11-20T18:08:19-08:00,0.6690664983620408,-0.005341277332228889,0.1694485775999569
507,1574302100.0,-122.3908805,37.7791255,POINT (-122.3908805 37.7791255),android,,2019-11-20T18:08:20-08:00,0.6637252210298119,0.16410730026772802,0.24361850376776717
508,1574302101.0,-122.390888,37.7791248,POINT (-122.390888 37.7791248),android,,2019-11-20T18:08:21-08:00,0.8278325212975399,0.4077258040354952,-0.31364305630728495
509,1574302102.0,-122.3908934,37.7791187,POINT (-122.3908934 37.7791187),android,,2019-11-20T18:08:22-08:00,1.2355583253330351,0.09408274772821024,0.25910300003126596
510,1574302103.0,-122.390898,37.7791082,POINT (-122.390898 37.7791082),android,,2019-11-20T18:08:23-08:00,1.3296410730612453,0.3531857477594762,-0.5804548367252695
511,1574302104.0,-122.3909033,37.779097,POINT (-122.3909033 37.779097),android,,2019-11-20T18:08:24-08:00,1.6828268208207215,-0.22726908896579334,-0.36842906577552714
512,1574302105.0,-122.3909117,37.7790834,POINT (-122.3909117 37.7790834),android,,2019-11-20T18:08:25-08:00,1.4555577318549282,-0.5956981547413205,0.16047426200404546
513,1574302106.0,-122.3909186,37.7790715,POINT (-122.3909186 37.7790715),android,,2019-11-20T18:08:26-08:00,0.8598595771136077,-0.435223892737275,0.29528586790640254
514,1574302107.0,-122.3909239,37.779065,POINT (-122.3909239 37.779065),android,,2019-11-20T18:08:27-08:00,0.4246356843763327,-0.13993802483087248,0.17455617247478156
515,1574302108.0,-122.3909261,37.7790616,POINT (-122.3909261 37.7790616),android,,2019-11-20T18:08:28-08:00,0.2846976595454602,0.03461814764390907,0.05830475138041097
519,1574302112.0,-122.3909359,37.7790683,POINT (-122.3909359 37.7790683),android,,2019-11-20T18:08:32-08:00,0.4231702501210965,0.26783715316555295,0.11680429918106822
520,1574302113.0,-122.3909407,37.7790686,POINT (-122.3909407 37.7790686),android,,2019-11-20T18:08:33-08:00,0.6910074032866494,0.38464145234662117,-0.520123152811859
521,1574302114.0,-122.3909481,37.7790665,POINT (-122.3909481 37.7790665),android,,2019-11-20T18:08:34-08:00,1.0756488556332706,-0.13548170046523778,0.09223081119536769
522,1574302115.0,-122.3909585,37.7790614,POINT (-122.3909585 37.7790614),android,,2019-11-20T18:08:35-08:00,0.9401671551680328,-0.043250889269870085,-0.012628630665398766
523,1574302116.0,-122.3909645,37.7790544,POINT (-122.3909645 37.7790544),android,,2019-11-20T18:08:36-08:00,0.8969162658981628,-0.05587951993526885,0.9376601291465808
524,1574302117.0,-122.3909671,37.7790466,POINT (-122.3909671 37.7790466),android,,2019-11-20T18:08:37-08:00,0.8410367459628939,0.881780609211312,2.057452741180503
525,1574302118.0,-122.3909722,37.7790402,POINT (-122.3909722 37.7790402),android,,2019-11-20T18:08:38-08:00,1.7228173551742059,2.939233350391815,-4.584257520304053
526,1574302119.0,-122.3909846,37.7790282,POINT (-122.3909846 37.7790282),android,,2019-11-20T18:08:39-08:00,4.6620507055660205,-1.6450241699122388,0.7694009153537085
527,1574302120.0,-122.3910178,37.7789955,POINT (-122.3910178 37.7789955),android,,2019-11-20T18:08:40-08:00,3.0170265356537818,-0.8756232545585303,2.544839787342478
528,1574302121.0,-122.3910418,37.7789761,POINT (-122.3910418 37.7789761),android,,2019-11-20T18:08:41-08:00,2.1414032810952515,1.6692165327839477,-1.6220788938519233
529,1574302122.0,-122.3910593,37.7789627,POINT (-122.3910593 37.7789627),android,,2019-11-20T18:08:42-08:00,3.810619813879199,0.047137638932024384,4.982539915117075
530,1574302123.0,-122.39109,37.7789385,POINT (-122.39109 37.7789385),android,,2019-11-20T18:08:43-08:00,3.8577574528112235,5.0296775540490986,2.4810229114351214
531,1574302124.0,-122.3911199,37.7789131,POINT (-122.3911199 37.7789131),android,,2019-11-20T18:08:44-08:00,8.887435006860322,7.51070046548422,-9.247697393990599
532,1574302125.0,-122.3911913,37.7788565,POINT (-122.3911913 37.7788565),android,,2019-11-20T18:08:45-08:00,16.398135472344542,-1.7369969285063789,-0.7705397423109037
533,1574302126.0,-122.3913282,37.7787563,POINT (-122.3913282 37.7787563),android,,2019-11-20T18:08:46-08:00,14.661138543838163,-2.5075366708172826,0.26076685377590536
534,1574302127.0,-122.3914462,37.7786631,POINT (-122.3914462 37.7786631),android,,2019-11-20T18:08:47-08:00,12.15360187302088,-2.2467698170413772,3.3914752769456022
535,1574302128.0,-122.3915372,37.7785808,POINT (-122.3915372 37.7785808),android,,2019-11-20T18:08:48-08:00,9.906832055979503,1.144705459904225,-7.2231808571457945
536,1574302129.0,-122.3916082,37.7785116,POINT (-122.3916082 37.7785116),android,,2019-11-20T18:08:49-08:00,11.051537515883728,-6.0784753972415695,3.046627166535253
537,1574302130.0,-122.3916816,37.7784309,POINT (-122.3916816 37.7784309),android,,2019-11-20T18:08:50-08:00,4.973062118642159,-3.0318482307063164,2.8350254114734366
538,1574302131.0,-122.3917132,37.7783938,POINT (-122.3917132 37.7783938),android,,2019-11-20T18:08:51-08:00,1.9412138879358425,-0.1968228192328798,-0.05603712844330011
539,1574302132.0,-122.3917278,37.7783807,POINT (-122.3917278 37.7783807),android,,2019-11-20T18:08:52-08:00,1.7443910687029627,-0.2528599476761799,-0.07082677555765593
540,1574302133.0,-122.3917413,37.7783692,POINT (-122.3917413 37.7783692),android,,2019-11-20T18:08:53-08:00,1.4915311210267828,-0.32368672323383585,0.06562281088733768
541,1574302134.0,-122.3917496,37.7783575,POINT (-122.3917496 37.7783575),android,,2019-11-20T18:08:54-08:00,1.167844397792947,-0.25806391234649817,0.27553669212580034
542,1574302135.0,-122.3917499,37.778347,POINT (-122.3917499 37.778347),android,,2019-11-20T18:08:55-08:00,0.9097804854464487,0.017472779779302172,0.08178471160472045
543,1574302136.0,-122.3917464,37.7783393,POINT (-122.3917464 37.7783393),android,,2019-11-20T18:08:56-08:00,0.9272532652257509,0.09925749138402262,0.22393966550546274
544,1574302137.0,-122.3917413,37.778332,POINT (-122.3917413 37.778332),android,,2019-11-20T18:08:57-08:00,1.0265107566097735,0.32319715688948536,0.39279732895508523
545,1574302138.0,-122.3917387,37.778323,POINT (-122.3917387 37.778323),android,,2019-11-20T18:08:58-08:00,1.349707913499259,0.7159944858445706,-1.2094644715183493
546,1574302139.0,-122.3917423,37.7783112,POINT (-122.3917423 37.7783112),android,,2019-11-20T18:08:59-08:00,2.0657023993438295,-0.49346998567377875,1.1257579712911863
547,1574302140.0,-122.3917531,37.7782947,POINT (-122.3917531 37.7782947),android,,2019-11-20T18:09:00-08:00,1.5722324136700507,0.6322879856174075,0.10764428356857136
548,1574302141.0,-122.3917607,37.7782819,POINT (-122.3917607 37.7782819),android,,2019-11-20T18:09:01-08:00,2.2045203992874582,0.7399322691859789,-1.8129803426607227
549,1574302142.0,-122.391772,37.7782642,POINT (-122.391772 37.7782642),android,,2019-11-20T18:09:02-08:00,2.944452668473437,-1.0730480734747438,0.4240745387977507
550,1574302143.0,-122.391798,37.7782475,POINT (-122.391798 37.7782475),android,,2019-11-20T18:09:03-08:00,1.8714045949986933,-0.6489735346769931,0.20805705917548623
551,1574302144.0,-122.3918128,37.7782354,POINT (-122.3918128 37.7782354),android,,2019-11-20T18:09:04-08:00,1.2224310603217001,-0.4409164755015069,-0.249051076639334
552,1574302145.0,-122.3918232,37.7782281,POINT (-122.3918232 37.7782281),android,,2019-11-20T18:09:05-08:00,0.7815145848201932,-0.6899675521408409,0.7575569954335767
553,1574302146.0,-122.3918313,37.778231,POINT (-122.3918313 37.778231),android,,2019-11-20T18:09:06-08:00,0.09154703267935231,0.06758944329273577,0.34063455523392877
607,1574302200.0,-122.3918191,37.7781876,POINT (-122.3918191 37.7781876),android,,2019-11-20T18:10:00-08:00,3.7413769704870834,18.461855425924888,-29.312671952942807
608,1574302201.0,-122.3918512,37.7781655,POINT (-122.3918512 37.7781655),android,,2019-11-20T18:10:01-08:00,22.20323239641197,-10.850816527017917,11.392753830458522
609,1574302202.0,-122.392051,37.7780433,POINT (-122.392051 37.7780433),android,,2019-11-20T18:10:02-08:00,11.352415869394052,0.541937303440605,-0.23877153274902874
610,1574302203.0,-122.3921422,37.777971,POINT (-122.3921422 37.777971),android,,2019-11-20T18:10:03-08:00,11.894353172834657,0.30316577069157624,-7.747139953711163
611,1574302204.0,-122.3922303,37.7778898,POINT (-122.3922303 37.7778898),android,,2019-11-20T18:10:04-08:00,12.197518943526234,-7.443974183019587,9.218469453269307
612,1574302205.0,-122.3923222,37.7778076,POINT (-122.3923222 37.7778076),android,,2019-11-20T18:10:05-08:00,4.753544760506647,1.7744952702497212,-5.277994444957006
613,1574302206.0,-122.3923624,37.777779,POINT (-122.3923624 37.777779),android,,2019-11-20T18:10:06-08:00,6.528040030756368,-3.503499174707285,3.892755923228575
614,1574302207.0,-122.3924098,37.7777338,POINT (-122.3924098 37.7777338),android,,2019-11-20T18:10:07-08:00,3.024540856049083,0.38925674852129033,0.04541399516955291
615,1574302208.0,-122.3924047,37.7777069,POINT (-122.3924047 37.7777069),android,,2019-11-20T18:10:08-08:00,3.4137976045703735,0.43467074369084324,36.16960446664711
616,1574302209.0,-122.3923931,37.7776776,POINT (-122.3923931 37.7776776),android,,2019-11-20T18:10:09-08:00,3.8484683482612168,36.60427521033795,-74.59176031706588
617,1574302210.0,-122.3923807296866,37.777644399675005,POINT (-122.3923807296866 37.777644399675005),android,,2019-11-20T18:10:10-08:00,40.45274355859917,-37.98748510672792,37.87629762843414
618,1574302211.0,-122.39279156038977,37.77748036153123,POINT (-122.39279156038977 37.77748036153123),ios,,2019-11-20T18:10:11-08:00,2.4652584518712493,-0.11118747829377762,1.6096119520530312
619,1574302212.0,-122.39281129215676,37.77746460389087,POINT (-122.39281129215676 37.77746460389087),ios,,2019-11-20T18:10:12-08:00,2.3540709735774716,1.4984244737592536,-2.923022366150056
620,1574302213.0,-122.39283013398453,37.777449556949264,POINT (-122.39283013398453 37.777449556949264),ios,,2019-11-20T18:10:13-08:00,3.852495447336725,-1.4245978923908025,1.4244719557468577
621,1574302214.0,-122.39286096909821,37.77742493225996,POINT (-122.39286096909821 37.77742493225996),ios,,2019-11-20T18:10:14-08:00,2.4278975549459227,-0.00012593664394477955,2.1406943595706256
622,1574302215.0,-122.39288040182383,37.77740941343177,POINT (-122.39288040182383 37.77740941343177),ios,,2019-11-20T18:10:15-08:00,2.427771618301978,2.140568422926681,-2.746334420883506
623,1574302216.0,-122.39289983353946,37.77739389541017,POINT (-122.39289983353946 37.77739389541017),ios,,2019-11-20T18:10:16-08:00,4.568340041228659,-0.6057659979568251,0.6379981188810047
624,1574302217.0,-122.39293639821081,37.77736469513933,POINT (-122.39293639821081 37.77736469513933),ios,,2019-11-20T18:10:17-08:00,3.9625740432718337,0.0322321209241796,-1.8064421710702603
625,1574302218.0,-122.39296826224013,37.77733948306982,POINT (-122.39296826224013 37.77733948306982),ios,,2019-11-20T18:10:18-08:00,3.9948061641960133,-1.7742100501460807,1.7355876458315773
626,1574302219.0,-122.39300055941176,37.777314204025664,POINT (-122.39300055941176 37.777314204025664),ios,,2019-11-20T18:10:19-08:00,2.2205961140499326,-0.03862240431450337,-1.1869543916611782
627,1574302220.0,-122.39301881754805,37.77730039990695,POINT (-122.39301881754805 37.77730039990695),ios,,2019-11-20T18:10:20-08:00,2.1819737097354293,-1.2255767959756816,1.2255271254671936
628,1574302221.0,-122.39303648868157,37.77728661668528,POINT (-122.39303648868157 37.77728661668528),ios,,2019-11-20T18:10:21-08:00,0.9563969137597476,-4.967050848814214e-05,-0.09650357264941645
629,1574302222.0,-122.39304418345058,37.7772805348452,POINT (-122.39304418345058 37.7772805348452),ios,,2019-11-20T18:10:22-08:00,0.9563472432512594,-0.09655324315790459,0.09650879095430065
630,1574302223.0,-122.39305187781964,37.77727445332122,POINT (-122.39305187781964 37.77727445332122),ios,,2019-11-20T18:10:23-08:00,0.8597940000933548,-4.4452203603939644e-05,0.5434591249429459
631,1574302224.0,-122.39305879536153,37.77726898579083,POINT (-122.39305879536153 37.77726898579083),ios,,2019-11-20T18:10:24-08:00,0.8597495478897509,0.543414672739342,0.32995670181648473
632,1574302225.0,-122.39306571254549,37.777263518543315,POINT (-122.39306571254549 37.777263518543315),ios,,2019-11-20T18:10:25-08:00,1.4031642206290929,0.8733713745558267,-0.5793724013193031
633,1574302226.0,-122.39307718642873,37.77725474400565,POINT (-122.39307718642873 37.77725474400565),ios,,2019-11-20T18:10:26-08:00,2.2765355951849195,0.2939989732365236,-1.326484003034055
634,1574302227.0,-122.39309589604163,37.77724058516346,POINT (-122.39309589604163 37.77724058516346),ios,,2019-11-20T18:10:27-08:00,2.570534568421443,-1.0324850297975314,2.8664723510424714
635,1574302228.0,-122.3931170218706,37.77722459780552,POINT (-122.3931170218706 37.77722459780552),ios,,2019-11-20T18:10:28-08:00,1.5380495386239117,1.83398732124494,-2.9979049583070063
636,1574302229.0,-122.39312966226414,37.77721503195623,POINT (-122.39312966226414 37.77721503195623),ios,,2019-11-20T18:10:29-08:00,3.3720368598688517,-1.1639176370620663,0.7731250070067619
637,1574302230.0,-122.393158519089,37.77719504670681,POINT (-122.393158519089 37.77719504670681),ios,,2019-11-20T18:10:30-08:00,2.2081192228067854,-0.3907926300553044,0.27917777177479786
638,1574302231.0,-122.3931774664385,37.777182005835506,POINT (-122.3931774664385 37.777182005835506),ios,,2019-11-20T18:10:31-08:00,1.817326592751481,-0.11161485828050655,0.35337239942482523
639,1574302232.0,-122.39319306048732,37.777171272936755,POINT (-122.39319306048732 37.777171272936755),ios,,2019-11-20T18:10:32-08:00,1.7057117344709745,0.2417575411443187,0.11138214487758336
640,1574302233.0,-122.39320769679433,37.77716119922192,POINT (-122.39320769679433 37.77716119922192),ios,,2019-11-20T18:10:33-08:00,1.9474692756152931,0.35313968602190204,-0.10706358534785299
641,1574302234.0,-122.39322440756395,37.77714969771898,POINT (-122.39322440756395 37.77714969771898),ios,,2019-11-20T18:10:34-08:00,2.300608961637195,0.24607610067404906,-0.32402708367538535
642,1574302235.0,-122.39324414853913,37.777136110619814,POINT (-122.39324414853913 37.777136110619814),ios,,2019-11-20T18:10:35-08:00,2.5466850623112443,-0.0779509830013363,0.15264291368256977
643,1574302236.0,-122.39326600103205,37.77712107022865,POINT (-122.39326600103205 37.77712107022865),ios,,2019-11-20T18:10:36-08:00,2.468734079309908,0.07469193068123348,0.13300149821505203
644,1574302237.0,-122.39328718464391,37.77710649020755,POINT (-122.39328718464391 37.77710649020755),ios,,2019-11-20T18:10:37-08:00,2.5434260099911414,0.2076934288962855,0.07896333228319241
645,1574302238.0,-122.39330900916671,37.77709146906735,POINT (-122.39330900916671 37.77709146906735),ios,,2019-11-20T18:10:38-08:00,2.751119438887427,0.2866567611794779,-0.9850053720246126
646,1574302239.0,-122.39333261585371,37.777075221318974,POINT (-122.39333261585371 37.777075221318974),ios,,2019-11-20T18:10:39-08:00,3.037776200066905,-0.6983486108451347,0.6982267055503897
647,1574302240.0,-122.39335868226927,37.77705728061597,POINT (-122.39335868226927 37.77705728061597),ios,,2019-11-20T18:10:40-08:00,2.33942758922177,-0.0001219052947449839,-0.9626288610797813
648,1574302241.0,-122.39337813679961,37.77704292128212,POINT (-122.39337813679961 37.77704292128212),ios,,2019-11-20T18:10:41-08:00,2.339305683927025,-0.9627507663745263,0.8553376886722484
649,1574302242.0,-122.3933975903142,37.777028562698014,POINT (-122.3933975903142 37.777028562698014),ios,,2019-11-20T18:10:42-08:00,1.376554917552499,-0.10741307770227793,9.947080906491893
650,1574302243.0,-122.39340888681018,37.777019987550965,POINT (-122.39340888681018 37.777019987550965),ios,,2019-11-20T18:10:43-08:00,1.269141839850221,9.839667828789615,-15.33608330147468
651,1574302244.0,-122.39341930183589,37.777012081526195,POINT (-122.39341930183589 37.777012081526195),ios,,2019-11-20T18:10:44-08:00,11.108809668639836,-5.496415472685064,6.100432141013106
652,1574302245.0,-122.393331,37.7769406,POINT (-122.393331 37.7769406),android,,2019-11-20T18:10:45-08:00,5.612394195954772,0.6040166683280415,0.16135295978233444
653,1574302246.0,-122.3933755,37.7769044,POINT (-122.3933755 37.7769044),android,,2019-11-20T18:10:46-08:00,6.216410864282813,0.7653696281103759,-3.1671200958903256
654,1574302247.0,-122.3934263,37.7768655,POINT (-122.3934263 37.7768655),android,,2019-11-20T18:10:47-08:00,6.981780492393189,-2.4017504677799497,0.03737817473984428
655,1574302248.0,-122.3934817,37.7768205,POINT (-122.3934817 37.7768205),android,,2019-11-20T18:10:48-08:00,4.580030024613239,-2.3643722930401054,1.6192607967549106
656,1574302249.0,-122.3935163,37.7767897,POINT (-122.3935163 37.7767897),android,,2019-11-20T18:10:49-08:00,2.215657731573134,-0.7451114962851948,0.38377426508988144
657,1574302250.0,-122.3935308,37.7767734,POINT (-122.3935308 37.7767734),android,,2019-11-20T18:10:50-08:00,1.470546235287939,-0.36133723119531336,0.02445414025355952
658,1574302251.0,-122.3935386,37.7767617,POINT (-122.3935386 37.7767617),android,,2019-11-20T18:10:51-08:00,1.1092090040926257,-0.33688309094175384,-0.10677566499660962
659,1574302252.0,-122.3935443,37.7767528,POINT (-122.3935443 37.7767528),android,,2019-11-20T18:10:52-08:00,0.7723259131508718,-0.44365875593836346,0.7037564004920047
660,1574302253.0,-122.393548,37.7767465,POINT (-122.393548 37.7767465),android,,2019-11-20T18:10:53-08:00,0.3286671572125084,0.26009764455364126,-0.12305253904685143
661,1574302254.0,-122.3935516,37.7767473,POINT (-122.3935516 37.7767473),android,,2019-11-20T18:10:54-08:00,0.5887648017661496,0.13704510550678983,-0.7383154140416418
662,1574302255.0,-122.3935579,37.7767491,POINT (-122.3935579 37.7767491),android,,2019-11-20T18:10:55-08:00,0.7258099072729395,-0.601270308534852,0.7499872740903438
663,1574302256.0,-122.393564,37.7767535,POINT (-122.393564 37.7767535),android,,2019-11-20T18:10:56-08:00,0.1245395987380875,0.14871696555549188,-0.17492573493529615
666,1574302259.0,-122.3935632,37.7767502,POINT (-122.3935632 37.7767502),android,,2019-11-20T18:10:59-08:00,0.5706904954045632,-0.37606023925039656,0.4580713123304577
667,1574302260.0,-122.3935677,37.7767465,POINT (-122.3935677 37.7767465),android,,2019-11-20T18:11:00-08:00,0.1946302561541666,0.08201107308006114,0.05613456902061634
668,1574302261.0,-122.3935699,37.7767463,POINT (-122.3935699 37.7767463),android,,2019-11-20T18:11:01-08:00,0.27664132923422774,0.13814564210067748,-0.08500205271070954
669,1574302262.0,-122.3935711,37.776744,POINT (-122.3935711 37.776744),android,,2019-11-20T18:11:02-08:00,0.4147869713349052,0.05314358938996794,11.955491460242676
670,1574302263.0,-122.3935717,37.7767403,POINT (-122.3935717 37.7767403),android,,2019-11-20T18:11:03-08:00,0.46793056072487316,12.008635049632645,-24.36619492431155
671,1574302264.0,-122.3935697,37.7767364,POINT (-122.3935697 37.7767364),android,,2019-11-20T18:11:04-08:00,12.476565610357518,-12.357559874678907,12.357559875624238
672,1574302265.0,-122.39367969255969,37.77680733332494,POINT (-122.39367969255969 37.77680733332494),ios,,2019-11-20T18:11:05-08:00,0.11900573567861017,9.45330910773201e-10,-6.655239831454551e-10
673,1574302266.0,-122.3936806555025,37.77680658090886,POINT (-122.3936806555025 37.77680658090886),ios,,2019-11-20T18:11:06-08:00,0.11900573662394108,2.7980692762774595e-10,-2.2269484867276645e-10
674,1574302267.0,-122.39368161844531,37.77680582849279,POINT (-122.39368161844531 37.77680582849279),ios,,2019-11-20T18:11:07-08:00,0.11900573690374801,5.7112078954979495e-11,1.1109136666132002e-09
675,1574302268.0,-122.39368258138812,37.77680507607671,POINT (-122.39368258138812 37.77680507607671),ios,,2019-11-20T18:11:08-08:00,0.11900573696086009,1.1680257455681797e-09,1.2209808580854187e-09
676,1574302269.0,-122.39368354433093,37.77680432366064,POINT (-122.39368354433093 37.77680432366064),ios,,2019-11-20T18:11:09-08:00,0.11900573812888583,2.3890066036535984e-09,-4.108332257724001e-09
677,1574302270.0,-122.39368450727373,37.776803571244564,POINT (-122.39368450727373 37.776803571244564),ios,,2019-11-20T18:11:10-08:00,0.11900574051789244,-1.7193256540704027e-09,2.8873513441274312e-09
678,1574302271.0,-122.39368547021657,37.776802818828486,POINT (-122.39368547021657 37.776802818828486),ios,,2019-11-20T18:11:11-08:00,0.11900573879856678,1.1680256900570285e-09,-2.2269470989488838e-10
679,1574302272.0,-122.39368643315937,37.776802066412415,POINT (-122.39368643315937 37.776802066412415),ios,,2019-11-20T18:11:12-08:00,0.11900573996659247,9.453309801621401e-10,-6.655242190678479e-10
680,1574302273.0,-122.39368739610218,37.77680131399634,POINT (-122.39368739610218 37.77680131399634),ios,,2019-11-20T18:11:13-08:00,0.11900574091192345,2.7980676109429226e-10,-2.2269472377267618e-10
681,1574302274.0,-122.393688359045,37.776800561580266,POINT (-122.393688359045 37.776800561580266),ios,,2019-11-20T18:11:14-08:00,0.11900574119173021,5.711203732161607e-11,1.1109136388576246e-09
682,1574302275.0,-122.39368932198781,37.77679980916419,POINT (-122.39368932198781 37.77679980916419),ios,,2019-11-20T18:11:15-08:00,0.11900574124884225,1.1680256761792407e-09,3.3276210953392393e-10
683,1574302276.0,-122.39369028493061,37.77679905674812,POINT (-122.39369028493061 37.77679905674812),ios,,2019-11-20T18:11:16-08:00,0.11900574241686793,1.5007877857131646e-09,-2.3318946912320726e-09
684,1574302277.0,-122.39369124787342,37.77679830433204,POINT (-122.39369124787342 37.77679830433204),ios,,2019-11-20T18:11:17-08:00,0.11900574391765571,-8.31106905518908e-10,1.9991325261869974e-09
685,1574302278.0,-122.39369221081624,37.77679755191596,POINT (-122.39369221081624 37.77679755191596),ios,,2019-11-20T18:11:18-08:00,0.11900574308654881,1.1680256206680895e-09,-1.1109135972242612e-09
686,1574302279.0,-122.39369317375905,37.77679679949989,POINT (-122.39369317375905 37.77679679949989),ios,,2019-11-20T18:11:19-08:00,0.11900574425457443,5.7112023443828264e-11,1.1109135833464734e-09
687,1574302280.0,-122.39369413670185,37.77679604708381,POINT (-122.39369413670185 37.77679604708381),ios,,2019-11-20T18:11:20-08:00,0.11900574431168645,1.1680256067903017e-09,-2.226945572392225e-10
688,1574302281.0,-122.39369509964466,37.77679529466774,POINT (-122.39369509964466 37.77679529466774),ios,,2019-11-20T18:11:21-08:00,0.11900574547971206,9.453310495510792e-10,-6.655244827458162e-10
689,1574302282.0,-122.39369606258747,37.776794542251665,POINT (-122.39369606258747 37.776794542251665),ios,,2019-11-20T18:11:22-08:00,0.11900574642504311,2.7980656680526295e-10,2.1092003282818794e-09
690,1574302283.0,-122.39369702553029,37.776793789835594,POINT (-122.39369702553029 37.776793789835594),ios,,2019-11-20T18:11:23-08:00,0.11900574670484967,2.3890068950871424e-09,-7.173222557567416e-05
691,1574302284.0,-122.3936979884731,37.776793037419516,POINT (-122.3936979884731 37.776793037419516),ios,,2019-11-20T18:11:24-08:00,0.11900574909385657,-7.172983656877907e-05,17.13346148876799
692,1574302285.0,-122.39369895141593,37.77679228500344,POINT (-122.39369895141593 37.77679228500344),ios,,2019-11-20T18:11:25-08:00,0.11893401925728779,17.13338975893142,-27.944860290514413
693,1574302286.0,-122.39369991377833,37.776791533040864,POINT (-122.39369991377833 37.776791533040864),ios,,2019-11-20T18:11:26-08:00,17.252323778188707,-10.811470531582996,9.771599495066454
694,1574302287.0,-122.3935795,37.776669,POINT (-122.3935795 37.776669),android,,2019-11-20T18:11:27-08:00,6.440853246605711,-1.0398710365165416,15.828554225330588
695,1574302288.0,-122.393611,37.7766167,POINT (-122.393611 37.7766167),android,,2019-11-20T18:11:28-08:00,5.400982210089169,14.788683188814048,-30.7925940369595
696,1574302289.0,-122.3936478,37.7765778,POINT (-122.3936478 37.7765778),android,,2019-11-20T18:11:29-08:00,20.189665398903216,-16.003910848145452,15.770179541655304
697,1574302290.0,-122.39382216937067,37.77669600600464,POINT (-122.39382216937067 37.77669600600464),ios,,2019-11-20T18:11:30-08:00,4.185754550757764,-0.23373130649014717,-1.3305839457090398
698,1574302291.0,-122.39385603865271,37.7766695415127,POINT (-122.39385603865271 37.7766695415127),ios,,2019-11-20T18:11:31-08:00,3.952023244267617,-1.564315252199187,24.036510679227156
699,1574302292.0,-122.39388759792202,37.77664422435844,POINT (-122.39388759792202 37.77664422435844),ios,,2019-11-20T18:11:32-08:00,2.38770799206843,22.47219542702797,-45.02955265820698
700,1574302293.0,-122.3939066169987,37.77662889096365,POINT (-122.3939066169987 37.77662889096365),ios,,2019-11-20T18:11:33-08:00,24.859903419096398,-22.557357231179008,21.693513073018213
701,1574302294.0,-122.393871,37.7764071,POINT (-122.393871 37.7764071),android,,2019-11-20T18:11:34-08:00,2.3025461879173896,-0.863844158160795,0.5854939554777312
702,1574302295.0,-122.3938966,37.7764027,POINT (-122.3938966 37.7764027),android,,2019-11-20T18:11:35-08:00,1.4387020297565947,-0.27835020268306376,0.9663846899698176
703,1574302296.0,-122.3939119,37.7763981,POINT (-122.3939119 37.7763981),android,,2019-11-20T18:11:36-08:00,1.160351827073531,0.6880344872867539,-0.5160632196571693
704,1574302297.0,-122.3939251,37.7763983,POINT (-122.3939251 37.7763983),android,,2019-11-20T18:11:37-08:00,1.8483863143602848,0.1719712676295846,1.0039514511703909
705,1574302298.0,-122.3939461,37.7763992,POINT (-122.3939461 37.7763992),android,,2019-11-20T18:11:38-08:00,2.0203575819898694,1.1759227187999755,-0.2811028856535982
706,1574302299.0,-122.3939682,37.7763942,POINT (-122.3939682 37.7763942),android,,2019-11-20T18:11:39-08:00,3.196280300789845,0.8948198331463773,-0.5276575908012302
707,1574302300.0,-122.3939978,37.7763775,POINT (-122.3939978 37.7763775),android,,2019-11-20T18:11:40-08:00,4.091100133936222,0.36716224234514705,-0.022544663641960245
710,1574302303.0,-122.39413413913763,37.77635362565903,POINT (-122.39413413913763 37.77635362565903),midpoint,"[<POINT (-122.394 37.776)>, <POINT (-122.394 37.776)>]",2019-11-20T18:11:43-08:00,5.192586860971663,0.2995282514192663,0.08145646937425077
711,1574302304.0,-122.39417405771721,37.776319199190766,POINT (-122.39417405771721 37.776319199190766),midpoint,"[<POINT (-122.394 37.776)>, <POINT (-122.394 37.776)>]",2019-11-20T18:11:44-08:00,5.4921151123909295,0.3809847207935171,-0.3299026160261711
712,1574302305.0,-122.39421650747525,37.77628295325937,POINT (-122.39421650747525 37.77628295325937),midpoint,"[<POINT (-122.394 37.776)>, <POINT (-122.394 37.776)>]",2019-11-20T18:11:45-08:00,5.873099833184447,0.05108210476734598,-1.0407947295124558
713,1574302306.0,-122.39426350723332,37.77624540732796,POINT (-122.39426350723332 37.77624540732796),midpoint,"[<POINT (-122.394 37.776)>, <POINT (-122.394 37.776)>]",2019-11-20T18:11:46-08:00,5.924181937951793,-0.9897126247451098,0.6301022154409042
714,1574302307.0,-122.3943122554162,37.77620861266273,POINT (-122.3943122554162 37.77620861266273),midpoint,"[<POINT (-122.394 37.776)>, <POINT (-122.394 37.776)>]",2019-11-20T18:11:47-08:00,4.934469313206683,-0.3596104093042056,0.4127021591519062
715,1574302308.0,-122.39435332790652,37.77617835743807,POINT (-122.39435332790652 37.77617835743807),midpoint,"[<POINT (-122.394 37.776)>, <POINT (-122.394 37.776)>]",2019-11-20T18:11:48-08:00,4.574858903902477,0.0530917498477006,-0.7873397116084595
716,1574302309.0,-122.39438989642655,37.77614907821179,POINT (-122.39438989642655 37.77614907821179),midpoint,"[<POINT (-122.394 37.776)>, <POINT (-122.394 37.776)>]",2019-11-20T18:11:49-08:00,4.627950653750178,-0.7342479617607589,1.19965284316475
717,1574302310.0,-122.39442736241841,37.77611983307314,POINT (-122.39442736241841 37.77611983307314),midpoint,"[<POINT (-122.394 37.776)>, <POINT (-122.394 37.776)>]",2019-11-20T18:11:50-08:00,3.893702691989419,0.46540488140399106,-1.5971451872892724
718,1574302311.0,-122.39445755016138,37.776094203978836,POINT (-122.39445755016138 37.776094203978836),midpoint,"[<POINT (-122.394 37.776)>, <POINT (-122.394 37.776)>]",2019-11-20T18:11:51-08:00,4.35910757339341,-1.1317403058852813,0.9841609444340826
719,1574302312.0,-122.39445573118863,37.776055027955735,POINT (-122.39445573118863 37.776055027955735),midpoint,"[<POINT (-122.394 37.776)>, <POINT (-122.394 37.776)>]",2019-11-20T18:11:52-08:00,3.2273672675081286,-0.14757936145119865,-0.5936130835998639
720,1574302313.0,-122.39448123479531,37.776034145955904,POINT (-122.39448123479531 37.776034145955904),midpoint,"[<POINT (-122.395 37.776)>, <POINT (-122.394 37.776)>]",2019-11-20T18:11:53-08:00,3.07978790605693,-0.7411924450510625,0.6104898548626947
721,1574302314.0,-122.39451170136292,37.77602046259564,POINT (-122.39451170136292 37.77602046259564),midpoint,"[<POINT (-122.395 37.776)>, <POINT (-122.394 37.776)>]",2019-11-20T18:11:54-08:00,2.3385954610058675,-0.13070259018836783,-0.5350537382440643
722,1574302315.0,-122.39453534315992,37.776010812249396,POINT (-122.39453534315992 37.776010812249396),midpoint,"[<POINT (-122.395 37.776)>, <POINT (-122.395 37.776)>]",2019-11-20T18:11:55-08:00,2.2078928708174996,-0.6657563284324322,-0.7067639133641328
723,1574302316.0,-122.39455591018628,37.775999410848556,POINT (-122.39455591018628 37.775999410848556),midpoint,"[<POINT (-122.395 37.776)>, <POINT (-122.395 37.776)>]",2019-11-20T18:11:56-08:00,1.5421365423850675,-1.372520241796565,1.334717361509715
724,1574302317.0,-122.39456969726575,37.77599083251167,POINT (-122.39456969726575 37.77599083251167),midpoint,"[<POINT (-122.395 37.776)>, <POINT (-122.395 37.776)>]",2019-11-20T18:11:57-08:00,0.16961630058850247,-0.03780288028685003,0.4776751406381822
725,1574302318.0,-122.39457100550854,37.775989711096216,POINT (-122.39457100550854 37.775989711096216),midpoint,"[<POINT (-122.395 37.776)>, <POINT (-122.395 37.776)>]",2019-11-20T18:11:58-08:00,0.13181342030165244,0.4398722603513322,-0.20947224728932634
726,1574302319.0,-122.3945703637513,37.77598863968077,POINT (-122.3945703637513 37.77598863968077),midpoint,"[<POINT (-122.395 37.776)>, <POINT (-122.395 37.776)>]",2019-11-20T18:11:59-08:00,0.5716856806529846,0.23040001306200586,-1.0324857067769964
727,1574302320.0,-122.39457202199408,37.775983668265326,POINT (-122.39457202199408 37.775983668265326),midpoint,"[<POINT (-122.395 37.776)>, <POINT (-122.395 37.776)>]",2019-11-20T18:12:00-08:00,0.8020856937149905,-0.8020856937149905,0.8020856937149905
728,1574302321.0,-122.39457618012685,37.77597724719514,POINT (-122.39457618012685 37.77597724719514),midpoint,"[<POINT (-122.395 37.776)>, <POINT (-122.395 37.776)>]",2019-11-20T18:12:01-08:00,0.0,0.0,0.0
