,ts,longitude,latitude,geometry,source,matching,fmt_time,speed,acceleration,jerk
7,1576115099.0,-122.39612642736154,37.79361618826215,POINT (-122.39612642736154 37.79361618826215),ios,,2019-12-11T17:44:59-08:00,2.1370101047661385,-2.0966579272752028e-07,9.563727587647008e-10
8,1576115100.0,-122.39610779946426,37.79362854423783,POINT (-122.39610779946426 37.79362854423783),ios,,2019-12-11T17:45:00-08:00,2.137009895100346,-2.0870941996875558e-07,-1.9128760797570976e-09
9,1576115101.0,-122.39608917156698,37.79364090021352,POINT (-122.39608917156698 37.79364090021352),ios,,2019-12-11T17:45:01-08:00,2.137009686390926,-2.1062229604851268e-07,1.9127877060043375e-09
10,1576115102.0,-122.3960705436697,37.7936532561892,POINT (-122.3960705436697 37.7936532561892),ios,,2019-12-11T17:45:02-08:00,2.1370094757686298,-2.0870950834250834e-07,-1.4644205847957892e-09
11,1576115103.0,-122.39605191577242,37.79366561216489,POINT (-122.39605191577242 37.79366561216489),ios,,2019-12-11T17:45:03-08:00,2.1370092670591214,-2.1017392892730413e-07,5.946354519892338e-11
12,1576115104.0,-122.39603328787513,37.79367796814057,POINT (-122.39603328787513 37.79367796814057),ios,,2019-12-11T17:45:04-08:00,2.1370090568851925,-2.101144653821052e-07,-5.08004305288523e-10
13,1576115105.0,-122.39601465997784,37.79369032411625,POINT (-122.39601465997784 37.79369032411625),ios,,2019-12-11T17:45:05-08:00,2.137008846770727,-2.1062246968739373e-07,2.869199988708715e-09
14,1576115106.0,-122.39599603208056,37.79370268009193,POINT (-122.39599603208056 37.79370268009193),ios,,2019-12-11T17:45:06-08:00,2.1370086361482574,-2.0775326969868502e-07,-1.9128729711326287e-09
15,1576115107.0,-122.3959774041833,37.79371503606762,POINT (-122.3959774041833 37.79371503606762),ios,,2019-12-11T17:45:07-08:00,2.1370084283949877,-2.0966614266981765e-07,-1.4644201407065793e-09
16,1576115108.0,-122.39595877628601,37.7937273920433,POINT (-122.39595877628601 37.7937273920433),ios,,2019-12-11T17:45:08-08:00,2.137008218728845,-2.1113056281052422e-07,2.9287079428286233e-09
17,1576115109.0,-122.39594014838872,37.793739748018986,POINT (-122.39594014838872 37.793739748018986),ios,,2019-12-11T17:45:09-08:00,2.1370080075982822,-2.082018548676956e-07,-1.4644196966173695e-09
18,1576115110.0,-122.39592152049144,37.79375210399466,POINT (-122.39592152049144 37.79375210399466),ios,,2019-12-11T17:45:10-08:00,2.1370077993964274,-2.0966627456431297e-07,-9.564571357145724e-10
19,1576115111.0,-122.39590289259415,37.79376445997035,POINT (-122.39590289259415 37.79376445997035),ios,,2019-12-11T17:45:11-08:00,2.137007589730153,-2.1062273170002754e-07,-4.3076653355456074e-14
20,1576115112.0,-122.39588426469686,37.79377681594603,POINT (-122.39588426469686 37.79377681594603),ios,,2019-12-11T17:45:12-08:00,2.137007379107421,-2.106227747766809e-07,2.361233431003029e-09
21,1576115113.0,-122.39586563679958,37.793789171921716,POINT (-122.39586563679958 37.793789171921716),ios,,2019-12-11T17:45:13-08:00,2.1370071684846463,-2.0826154134567787e-07,-1.8533592438529922e-09
22,1576115114.0,-122.39584700890232,37.7938015278974,POINT (-122.39584700890232 37.7938015278974),ios,,2019-12-11T17:45:14-08:00,2.137006960223105,-2.1011490058953086e-07,1.4048198160310221e-09
23,1576115115.0,-122.39582838100503,37.79381388387308,POINT (-122.39582838100503 37.79381388387308),ios,,2019-12-11T17:45:15-08:00,2.1370067501082044,-2.0871008077349984e-07,-9.564566916253625e-10
24,1576115116.0,-122.39580975310776,37.79382623984876,POINT (-122.39580975310776 37.79382623984876),ios,,2019-12-11T17:45:16-08:00,2.1370065413981236,-2.096665374651252e-07,-9.564558034469428e-10
25,1576115117.0,-122.39579112521047,37.79383859582445,POINT (-122.39579112521047 37.79383859582445),ios,,2019-12-11T17:45:17-08:00,2.137006331731586,-2.1062299326857215e-07,-0.6159102463266135
26,1576115118.0,-122.39577249731317,37.79385095180013,POINT (-122.39577249731317 37.79385095180013),ios,,2019-12-11T17:45:18-08:00,2.137006121108593,-0.6159104569496068,0.3656576514745693
27,1576115119.0,-122.3957538694159,37.793863307775815,POINT (-122.3957538694159 37.793863307775815),ios,,2019-12-11T17:45:19-08:00,1.5210956641589861,-0.2502528054750375,725.5331659972559
28,1576115120.0,-122.39574060993053,37.79387210226787,POINT (-122.39574060993053 37.79387210226787),ios,,2019-12-11T17:45:20-08:00,1.2708428586839486,725.2829131917808,-1451.7685809298305
29,1576115121.0,-122.39572953189892,37.79387944986424,POINT (-122.39572953189892 37.79387944986424),ios,,2019-12-11T17:45:21-08:00,726.5537560504648,-726.4856677380496,726.5181475391528
30,1576115122.0,-122.38915882027737,37.789913049260946,POINT (-122.38915882027737 37.789913049260946),android,,2019-12-11T17:45:22-08:00,0.06808831241516375,0.03247980110316659,0.007283549242849291
210,1576115305.0,-122.3890203,37.789937,POINT (-122.3890203 37.789937),android,,2019-12-11T17:48:25-08:00,6.011891914294649,1.365369312544587,-4.228825096454019
211,1576115306.0,-122.3889666,37.7899035,POINT (-122.3889666 37.7899035),android,,2019-12-11T17:48:26-08:00,7.377261226839236,-2.8634557839094317,4.856178156691218
212,1576115307.0,-122.3889055,37.789858,POINT (-122.3889055 37.789858),android,,2019-12-11T17:48:27-08:00,4.5138054429298045,1.9927223727817864,-1.8946823104771449
213,1576115308.0,-122.3888731,37.7898265,POINT (-122.3888731 37.7898265),android,,2019-12-11T17:48:28-08:00,6.506527815711591,0.09804006230464157,-1.0419424022647767
214,1576115309.0,-122.3888209,37.789785,POINT (-122.3888209 37.789785),android,,2019-12-11T17:48:29-08:00,6.6045678780162325,-0.9439023399601352,1.105367198858124
215,1576115310.0,-122.3887599,37.7897503,POINT (-122.3887599 37.7897503),android,,2019-12-11T17:48:30-08:00,5.660665538056097,0.16146485889798878,-0.5043766096658757
216,1576115311.0,-122.3887089,37.7897192,POINT (-122.3887089 37.7897192),android,,2019-12-11T17:48:31-08:00,5.822130396954086,-0.34291175076788694,0.27657256576090017
217,1576115312.0,-122.3886666,37.7896789,POINT (-122.3886666 37.7896789),android,,2019-12-11T17:48:32-08:00,5.479218646186199,-0.06633918500698677,1.5963032290769927
218,1576115313.0,-122.3886309,37.7896385,POINT (-122.3886309 37.7896385),android,,2019-12-11T17:48:33-08:00,5.412879461179212,1.529964044070006,-2.9847076467280997
219,1576115314.0,-122.38859,37.7896021,POINT (-122.38859 37.7896021),android,,2019-12-11T17:48:34-08:00,6.942843505249218,-1.4547436026580938,1.7066389507213016
220,1576115315.0,-122.3885363,37.7895563,POINT (-122.3885363 37.7895563),android,,2019-12-11T17:48:35-08:00,5.488099902591125,0.2518953480632078,0.6830003996975282
221,1576115316.0,-122.3884876,37.7895254,POINT (-122.3884876 37.7895254),android,,2019-12-11T17:48:36-08:00,5.739995250654332,0.934895747760736,-1.0870797205573828
222,1576115317.0,-122.3884349,37.7894949,POINT (-122.3884349 37.7894949),android,,2019-12-11T17:48:37-08:00,6.674890998415068,-0.15218397279664675,1.5281549480045395
223,1576115318.0,-122.3883923,37.7894452,POINT (-122.3883923 37.7894452),android,,2019-12-11T17:48:38-08:00,6.522707025618422,1.3759709752078928,-3.6104166725238773
224,1576115319.0,-122.3883597,37.7893925,POINT (-122.3883597 37.7893925),android,,2019-12-11T17:48:39-08:00,7.898678000826314,-2.2344456973159845,3.6498539215972023
225,1576115320.0,-122.3883302,37.7893254,POINT (-122.3883302 37.7893254),android,,2019-12-11T17:48:40-08:00,5.66423230351033,1.4154082242812178,-1.0288295502319356
226,1576115321.0,-122.3883036,37.789279,POINT (-122.3883036 37.789279),android,,2019-12-11T17:48:41-08:00,7.079640527791548,0.38657867404928226,0.7738023780402044
227,1576115322.0,-122.3882785,37.7892185,POINT (-122.3882785 37.7892185),android,,2019-12-11T17:48:42-08:00,7.46621920184083,1.1603810520894866,-4.509969966137242
228,1576115323.0,-122.3882528,37.7891545,POINT (-122.3882528 37.7891545),android,,2019-12-11T17:48:43-08:00,8.626600253930317,-3.3495889140477555,2.5859447016072545
229,1576115324.0,-122.3882172,37.7890822,POINT (-122.3882172 37.7890822),android,,2019-12-11T17:48:44-08:00,5.277011339882561,-0.763644212440501,1.6310785601349522
230,1576115325.0,-122.3881993,37.7890369,POINT (-122.3881993 37.7890369),android,,2019-12-11T17:48:45-08:00,4.51336712744206,0.8674343476944513,0.4147928885237562
231,1576115326.0,-122.3881922,37.7889967,POINT (-122.3881922 37.7889967),android,,2019-12-11T17:48:46-08:00,5.380801475136511,1.2822272362182074,-2.4411666533074303
232,1576115327.0,-122.3881787,37.7889495,POINT (-122.3881787 37.7889495),android,,2019-12-11T17:48:47-08:00,6.663028711354719,-1.1589394170892229,2.288231641211695
233,1576115328.0,-122.3881587,37.7888917,POINT (-122.3881587 37.7888917),android,,2019-12-11T17:48:48-08:00,5.504089294265496,1.129292224122472,-0.9745570841632025
234,1576115329.0,-122.3881434,37.7888437,POINT (-122.3881434 37.7888437),android,,2019-12-11T17:48:49-08:00,6.633381518387968,0.15473513995926957,-1.6841176360064587
235,1576115330.0,-122.3881274,37.7887854,POINT (-122.3881274 37.7887854),android,,2019-12-11T17:48:50-08:00,6.788116658347238,-1.5293824960471891,2.2975735157316937
236,1576115331.0,-122.3881033,37.7887274,POINT (-122.3881033 37.7887274),android,,2019-12-11T17:48:51-08:00,5.2587341623000485,0.7681910196845045,-3.2271261538869043
237,1576115332.0,-122.3880979,37.7886803,POINT (-122.3880979 37.7886803),android,,2019-12-11T17:48:52-08:00,6.026925181984553,-2.4589351342023997,1.6602007296615087
238,1576115333.0,-122.3880974,37.7886261,POINT (-122.3880974 37.7886261),android,,2019-12-11T17:48:53-08:00,3.5679900477821533,-0.7987344045408911,-0.14309564611901937
239,1576115334.0,-122.3880944,37.7885941,POINT (-122.3880944 37.7885941),android,,2019-12-11T17:48:54-08:00,2.7692556432412623,-0.9418300506599104,1.2755440659166304
240,1576115335.0,-122.388095,37.7885692,POINT (-122.388095 37.7885692),android,,2019-12-11T17:48:55-08:00,1.8274255925813518,0.33371401525671995,-0.7260682879375069
241,1576115336.0,-122.3880985,37.788553,POINT (-122.3880985 37.788553),android,,2019-12-11T17:48:56-08:00,2.161139607838072,-0.39235427268078693,0.6352548217640477
242,1576115337.0,-122.3881014,37.7885337,POINT (-122.3881014 37.7885337),android,,2019-12-11T17:48:57-08:00,1.7687853351572849,0.24290054908326075,-0.9474134510587591
243,1576115338.0,-122.3881008,37.7885178,POINT (-122.3881008 37.7885178),android,,2019-12-11T17:48:58-08:00,2.0116858842405456,-0.7045129019754983,1.8276558518370334
244,1576115339.0,-122.3880955,37.7885002,POINT (-122.3880955 37.7885002),android,,2019-12-11T17:48:59-08:00,1.3071729822650473,1.123142949861535,-2.2284453671331743
245,1576115340.0,-122.38809248784436,37.78848868784434,POINT (-122.38809248784436 37.78848868784434),android,,2019-12-11T17:49:00-08:00,2.4303159321265824,-1.1053024172716392,0.9041425925206727
246,1576115341.0,-122.3880857,37.7884675,POINT (-122.3880857 37.7884675),android,,2019-12-11T17:49:01-08:00,1.3250135148549431,-0.2011598247509665,0.019468425181756732
247,1576115342.0,-122.3880878,37.7884557,POINT (-122.3880878 37.7884557),android,,2019-12-11T17:49:02-08:00,1.1238536901039766,-0.18169139956920977,1.614492822007815
248,1576115343.0,-122.3880918,37.7884461,POINT (-122.3880918 37.7884461),android,,2019-12-11T17:49:03-08:00,0.9421622905347669,1.4328014224386052,-0.787612218003835
249,1576115344.0,-122.3880945,37.7884379,POINT (-122.3880945 37.7884379),android,,2019-12-11T17:49:04-08:00,2.374963712973372,0.6451892044347702,-1.390637142480844
250,1576115345.0,-122.3880965,37.7884166,POINT (-122.3880965 37.7884166),android,,2019-12-11T17:49:05-08:00,3.0201529174081423,-0.7454479380460737,1.1629584784202565
251,1576115346.0,-122.3880942,37.7883895,POINT (-122.3880942 37.7883895),android,,2019-12-11T17:49:06-08:00,2.2747049793620686,0.4175105403741828,0.2683908786309779
252,1576115347.0,-122.388091,37.7883692,POINT (-122.388091 37.7883692),android,,2019-12-11T17:49:07-08:00,2.6922155197362514,0.6859014190051607,-0.1359806997935804
253,1576115348.0,-122.3880861,37.7883453,POINT (-122.3880861 37.7883453),android,,2019-12-11T17:49:08-08:00,3.378116938741412,0.5499207192115803,-0.22123673270388
254,1576115349.0,-122.3880718,37.7883171,POINT (-122.3880718 37.7883171),android,,2019-12-11T17:49:09-08:00,3.9280376579529923,0.32868398650770025,-0.01325483914547032
255,1576115350.0,-122.3880506,37.788286,POINT (-122.3880506 37.788286),android,,2019-12-11T17:49:10-08:00,4.256721644460693,0.31542914736222993,-0.16097915717765865
256,1576115351.0,-122.3880356,37.7882496,POINT (-122.3880356 37.7882496),android,,2019-12-11T17:49:11-08:00,4.5721507918229225,0.15444999018457128,0.10194504275527638
257,1576115352.0,-122.3880114,37.7882132,POINT (-122.3880114 37.7882132),android,,2019-12-11T17:49:12-08:00,4.726600782007494,0.25639503293984767,-1.4353750998397126
258,1576115353.0,-122.3879932,37.7881732,POINT (-122.3879932 37.7881732),android,,2019-12-11T17:49:13-08:00,4.9829958149473415,-1.178980066899865,2.987690912207963
259,1576115354.0,-122.3879756,37.7881306,POINT (-122.3879756 37.7881306),android,,2019-12-11T17:49:14-08:00,3.8040157480474766,1.8087108453080982,-1.705486821304373
260,1576115355.0,-122.38796259881155,37.78809796904068,POINT (-122.38796259881155 37.78809796904068),android,,2019-12-11T17:49:15-08:00,5.612726593355575,0.10322402400372521,-0.07720427406111607
261,1576115356.0,-122.3879545,37.7880479,POINT (-122.3879545 37.7880479),android,,2019-12-11T17:49:16-08:00,5.7159506173593,0.02601974994260914,-0.5920409135359446
262,1576115357.0,-122.3879405,37.7879977,POINT (-122.3879405 37.7879977),android,,2019-12-11T17:49:17-08:00,5.741970367301909,-0.5660211635933354,1.2058056322864426
263,1576115358.0,-122.387932,37.7879465,POINT (-122.387932 37.7879465),android,,2019-12-11T17:49:18-08:00,5.175949203708574,0.6397844686931071,18.958005720014295
264,1576115359.0,-122.3879273,37.7879001,POINT (-122.3879273 37.7879001),android,,2019-12-11T17:49:19-08:00,5.815733672401681,19.597790188707403,-42.74118983644521
265,1576115360.0,-122.3879267,37.7878478,POINT (-122.3879267 37.7878478),android,,2019-12-11T17:49:20-08:00,25.413523861109084,-23.143399647737805,23.143309288673294
266,1576115361.0,-122.38791558902932,37.78761941943112,POINT (-122.38791558902932 37.78761941943112),ios,,2019-12-11T17:49:21-08:00,2.2701242133712802,-9.035906451249076e-05,0.11979848554574701
267,1576115362.0,-122.38792107928519,37.78759947010442,POINT (-122.38792107928519 37.78759947010442),ios,,2019-12-11T17:49:22-08:00,2.2700338543067677,0.11970812648123452,1.5325469137372543
268,1576115363.0,-122.38792656932249,37.78757952157202,POINT (-122.38792656932249 37.78757952157202),ios,,2019-12-11T17:49:23-08:00,2.3897419807880023,1.6522550402184888,-3.744627464139876
269,1576115364.0,-122.38793570559693,37.78755927927586,POINT (-122.38793570559693 37.78755927927586),ios,,2019-12-11T17:49:24-08:00,4.041997021006491,-2.092372423921387,2.4211279477476686
270,1576115365.0,-122.38795825291646,37.78752759568187,POINT (-122.38795825291646 37.78752759568187),ios,,2019-12-11T17:49:25-08:00,1.9496245970851043,0.32875552382628154,-0.39757147990742725
273,1576115368.0,-122.3878942,37.7875133,POINT (-122.3878942 37.7875133),android,,2019-12-11T17:49:28-08:00,2.935891168563949,-0.8639589158960002,2.1847070927634418
274,1576115369.0,-122.3879013,37.7874875,POINT (-122.3879013 37.7874875),android,,2019-12-11T17:49:29-08:00,2.0719322526679487,1.3207481768674416,-2.4166172240768815
275,1576115370.0,-122.38790675520063,37.78746937226331,POINT (-122.38790675520063 37.78746937226331),android,,2019-12-11T17:49:30-08:00,3.3926804295353903,-1.09586904720944,0.21737175037259782
276,1576115371.0,-122.3879152,37.7874396,POINT (-122.3879152 37.7874396),android,,2019-12-11T17:49:31-08:00,2.2968113823259504,-0.8784972968368421,1.1071970882259408
277,1576115372.0,-122.3879193,37.7874192,POINT (-122.3879193 37.7874192),android,,2019-12-11T17:49:32-08:00,1.4183140854891083,0.22869979138909868,-1.3413273449631868
278,1576115373.0,-122.3879208,37.7874065,POINT (-122.3879208 37.7874065),android,,2019-12-11T17:49:33-08:00,1.647013876878207,-1.1126275535740882,1.8881482896470438
279,1576115374.0,-122.3879185,37.7873918,POINT (-122.3879185 37.7873918),android,,2019-12-11T17:49:34-08:00,0.5343863233041187,0.7755207360729556,-0.8074134558376013
280,1576115375.0,-122.3879188,37.787387,POINT (-122.3879188 37.787387),android,,2019-12-11T17:49:35-08:00,1.3099070593770743,-0.03189271976464566,0.00455611070627973
287,1576115382.0,-122.38802310962649,37.78738911375399,POINT (-122.38802310962649 37.78738911375399),ios,,2019-12-11T17:49:42-08:00,1.0866580210245547,5.517931245258012e-08,-1.406867067288431e-09
288,1576115383.0,-122.38801363166907,37.78738283700062,POINT (-122.38801363166907 37.78738283700062),ios,,2019-12-11T17:49:43-08:00,1.0866580762038671,5.377244538529169e-08,5.225807767288566
289,1576115384.0,-122.38800415371163,37.78737656024725,POINT (-122.38800415371163 37.78737656024725),ios,,2019-12-11T17:49:44-08:00,1.0866581299763125,5.225807821061011,-4.699328459312658
290,1576115385.0,-122.38799467575421,37.78737028349388,POINT (-122.38799467575421 37.78737028349388),ios,,2019-12-11T17:49:45-08:00,6.312465951037323,0.5264793617483532,1.6549497554592456
291,1576115386.0,-122.3879268,37.7873517,POINT (-122.3879268 37.7873517),android,,2019-12-11T17:49:46-08:00,6.838945312785676,2.181429117207599,-1.505590015803338
292,1576115387.0,-122.3879277,37.7872902,POINT (-122.3879277 37.7872902),android,,2019-12-11T17:49:47-08:00,9.020374429993275,0.6758391014042608,-5.851436670875442
293,1576115388.0,-122.3879253,37.7872091,POINT (-122.3879253 37.7872091),android,,2019-12-11T17:49:48-08:00,9.696213531397536,-5.175597569471181,11.6738498521581
294,1576115389.0,-122.3879251,37.7871219,POINT (-122.3879251 37.7871219),android,,2019-12-11T17:49:49-08:00,4.520615961926355,6.498252282686918,1.13041685524143
295,1576115390.0,-122.3878763630954,37.78710888831736,POINT (-122.3878763630954 37.78710888831736),ios,,2019-12-11T17:49:50-08:00,11.018868244613273,7.628669137928348,-11.014672774675939
296,1576115391.0,-122.38792614772278,37.787017938634335,POINT (-122.38792614772278 37.787017938634335),ios,,2019-12-11T17:49:51-08:00,18.64753738254162,-3.3860036367475903,5.037665697376898
297,1576115392.0,-122.3879419,37.7868507,POINT (-122.3879419 37.7868507),android,,2019-12-11T17:49:52-08:00,15.261533745794031,1.6516620606293078,-2.3178050068522875
298,1576115393.0,-122.3879466,37.7867135,POINT (-122.3879466 37.7867135),android,,2019-12-11T17:49:53-08:00,16.91319580642334,-0.6661429462229798,-6.096308180406822
299,1576115394.0,-122.387948,37.7865614,POINT (-122.387948 37.7865614),android,,2019-12-11T17:49:54-08:00,16.24705286020036,-6.762451126629802,8.980291085422117
300,1576115395.0,-122.3879601,37.7864156,POINT (-122.3879601 37.7864156),android,,2019-12-11T17:49:55-08:00,9.484601733570557,2.2178399587923145,-1.7275947574371564
301,1576115396.0,-122.3879691,37.7863306,POINT (-122.3879691 37.7863306),android,,2019-12-11T17:49:56-08:00,11.702441692362871,0.49024520135515814,-0.7346378396544821
302,1576115397.0,-122.3879813,37.7862258,POINT (-122.3879813 37.7862258),android,,2019-12-11T17:49:57-08:00,12.19268689371803,-0.244392638299324,-2.821196544564284
303,1576115398.0,-122.3879924,37.7861165,POINT (-122.3879924 37.7861165),android,,2019-12-11T17:49:58-08:00,11.948294255418705,-3.065589182863608,4.927751417370889
304,1576115399.0,-122.3880201,37.7860113,POINT (-122.3880201 37.7860113),android,,2019-12-11T17:49:59-08:00,8.882705072555098,1.8621622345072808,-1.627490658505831
305,1576115400.0,-122.3880333,37.7859321,POINT (-122.3880333 37.7859321),android,,2019-12-11T17:50:00-08:00,10.744867307062378,0.23467157600144972,0.28731272244776385
306,1576115401.0,-122.3880493,37.7858363,POINT (-122.3880493 37.7858363),android,,2019-12-11T17:50:01-08:00,10.979538883063828,0.5219842984492136,-3.29756940564263
307,1576115402.0,-122.3880611,37.785738,POINT (-122.3880611 37.785738),android,,2019-12-11T17:50:02-08:00,11.501523181513042,-2.7755851071934163,2.8460261459259595
308,1576115403.0,-122.3880731,37.785635,POINT (-122.3880731 37.785635),android,,2019-12-11T17:50:03-08:00,8.725938074319625,0.07044103873254315,-0.31393910444474216
309,1576115404.0,-122.388084,37.785557,POINT (-122.388084 37.785557),android,,2019-12-11T17:50:04-08:00,8.796379113052168,-0.243498065712199,0.12205524263652556
310,1576115405.0,-122.3880854,37.7854779,POINT (-122.3880854 37.7854779),android,,2019-12-11T17:50:05-08:00,8.55288104733997,-0.12144282307567345,0.5701657716382691
311,1576115406.0,-122.3880875,37.785401,POINT (-122.3880875 37.785401),android,,2019-12-11T17:50:06-08:00,8.431438224264296,0.44872294856259565,-3.686365701200291
312,1576115407.0,-122.38809,37.7853252,POINT (-122.38809 37.7853252),android,,2019-12-11T17:50:07-08:00,8.880161172826892,-3.2376427526376954,5.051506072706789
313,1576115408.0,-122.3880996,37.7852457,POINT (-122.3880996 37.7852457),android,,2019-12-11T17:50:08-08:00,5.642518420189196,1.8138633200690935,-2.3696879271874325
314,1576115409.0,-122.3881098,37.7851956,POINT (-122.3881098 37.7851956),android,,2019-12-11T17:50:09-08:00,7.45638174025829,-0.555824607118339,0.7522408514074916
315,1576115410.0,-122.3881156,37.7851287,POINT (-122.3881156 37.7851287),android,,2019-12-11T17:50:10-08:00,6.900557133139951,0.1964162442891526,-2.2700861366228366
316,1576115411.0,-122.388119,37.7850667,POINT (-122.388119 37.7850667),android,,2019-12-11T17:50:11-08:00,7.096973377429103,-2.073669892333684,2.745743742159383
317,1576115412.0,-122.3881283,37.7850033,POINT (-122.3881283 37.7850033),android,,2019-12-11T17:50:12-08:00,5.023303485095419,0.6720738498256988,-0.7171486935809757
318,1576115413.0,-122.3881395,37.784959,POINT (-122.3881395 37.784959),android,,2019-12-11T17:50:13-08:00,5.695377334921118,-0.04507484375527682,-0.018847568901882106
319,1576115414.0,-122.3881413,37.7849078,POINT (-122.3881413 37.7849078),android,,2019-12-11T17:50:14-08:00,5.650302491165841,-0.06392241265715892,1.3351150375127014
320,1576115415.0,-122.3881472,37.7848572,POINT (-122.3881472 37.7848572),android,,2019-12-11T17:50:15-08:00,5.586380078508682,1.2711926248555425,-3.011462501850727
321,1576115416.0,-122.3881534,37.7848072,POINT (-122.3881534 37.7848072),android,,2019-12-11T17:50:16-08:00,6.857572703364225,-1.7402698769951845,3.415892345012609
322,1576115417.0,-122.388164,37.7847461,POINT (-122.388164 37.7847461),android,,2019-12-11T17:50:17-08:00,5.11730282636904,1.6756224680174245,-2.339432544407013
323,1576115418.0,-122.3881697,37.7847003,POINT (-122.3881697 37.7847003),android,,2019-12-11T17:50:18-08:00,6.792925294386465,-0.6638100763895887,1.7966222535216527
324,1576115419.0,-122.3881739,37.7846393,POINT (-122.3881739 37.7846393),android,,2019-12-11T17:50:19-08:00,6.129115217996876,1.132812177132064,-3.8636965418858953
325,1576115420.0,-122.388172,37.7845842,POINT (-122.388172 37.7845842),android,,2019-12-11T17:50:20-08:00,7.26192739512894,-2.7308843647538312,4.329043869884069
326,1576115421.0,-122.3881733,37.7845189,POINT (-122.3881733 37.7845189),android,,2019-12-11T17:50:21-08:00,4.531043030375109,1.598159505130238,-1.6503813512401173
327,1576115422.0,-122.3881777,37.7844783,POINT (-122.3881777 37.7844783),android,,2019-12-11T17:50:22-08:00,6.129202535505347,-0.052221846109879344,0.78363916582936
328,1576115423.0,-122.3881923,37.7844244,POINT (-122.3881923 37.7844244),android,,2019-12-11T17:50:23-08:00,6.076980689395468,0.7314173197194807,-2.5132261615604987
329,1576115424.0,-122.3882021,37.7843703,POINT (-122.3882021 37.7843703),android,,2019-12-11T17:50:24-08:00,6.808398009114948,-1.781808841841018,2.3844713528604506
330,1576115425.0,-122.3882088,37.7843093,POINT (-122.3882088 37.7843093),android,,2019-12-11T17:50:25-08:00,5.02658916727393,0.6026625110194326,-0.6778339466147907
331,1576115426.0,-122.3882127,37.7842642,POINT (-122.3882127 37.7842642),android,,2019-12-11T17:50:26-08:00,5.629251678293363,-0.0751714355953581,0.35035565507940536
332,1576115427.0,-122.3882172,37.7842137,POINT (-122.3882172 37.7842137),android,,2019-12-11T17:50:27-08:00,5.554080242698005,0.27518421948404725,0.4226994288021615
333,1576115428.0,-122.38822,37.7841638,POINT (-122.38822 37.7841638),android,,2019-12-11T17:50:28-08:00,5.829264462182052,0.6978836482862087,-3.084064709100864
334,1576115429.0,-122.388218,37.7841114,POINT (-122.388218 37.7841114),android,,2019-12-11T17:50:29-08:00,6.527148110468261,-2.386181060814655,3.5383551546358385
335,1576115430.0,-122.3882181,37.7840527,POINT (-122.3882181 37.7840527),android,,2019-12-11T17:50:30-08:00,4.1409670496536055,1.1521740938211833,-1.4525392835361046
336,1576115431.0,-122.3882159,37.7840155,POINT (-122.3882159 37.7840155),android,,2019-12-11T17:50:31-08:00,5.293141143474789,-0.3003651897149213,1.4556067812487443
337,1576115432.0,-122.3882153,37.7839679,POINT (-122.3882153 37.7839679),android,,2019-12-11T17:50:32-08:00,4.9927759537598675,1.155241591533823,-3.066723316411217
338,1576115433.0,-122.3882157,37.783923,POINT (-122.3882157 37.783923),android,,2019-12-11T17:50:33-08:00,6.1480175452936905,-1.9114817248773939,2.145534792490376
339,1576115434.0,-122.3882197,37.7838678,POINT (-122.3882197 37.7838678),android,,2019-12-11T17:50:34-08:00,4.236535820416297,0.23405306761298217,-1.4354993008348949
340,1576115435.0,-122.3882198,37.7838297,POINT (-122.3882198 37.7838297),android,,2019-12-11T17:50:35-08:00,4.470588888029279,-1.2014462332219127,0.8721085358395921
341,1576115436.0,-122.388219,37.7837895,POINT (-122.388219 37.7837895),android,,2019-12-11T17:50:36-08:00,3.269142654807366,-0.32933769738232055,0.15586497955467227
342,1576115437.0,-122.3882189,37.7837601,POINT (-122.3882189 37.7837601),android,,2019-12-11T17:50:37-08:00,2.9398049574250456,-0.17347271782764828,-1.2234766972009878
343,1576115438.0,-122.3882171,37.7837337,POINT (-122.3882171 37.7837337),android,,2019-12-11T17:50:38-08:00,2.7663322395973973,-1.3969494150286361,0.7004121672277424
344,1576115439.0,-122.3882098,37.7837095,POINT (-122.3882098 37.7837095),android,,2019-12-11T17:50:39-08:00,1.3693828245687611,-0.6965372478008938,0.47341803349711903
345,1576115440.0,-122.3882069,37.7836974,POINT (-122.3882069 37.7836974),android,,2019-12-11T17:50:40-08:00,0.6728455767678674,-0.22311921430377474,0.2666536400340856
346,1576115441.0,-122.3882086,37.7836915,POINT (-122.3882086 37.7836915),android,,2019-12-11T17:50:41-08:00,0.44972636246409264,0.043534425730310855,-0.2930326974818318
347,1576115442.0,-122.3882133,37.7836899,POINT (-122.3882133 37.7836899),android,,2019-12-11T17:50:42-08:00,0.4932607881944035,-0.24949827175152095,0.4924720492098167
348,1576115443.0,-122.3882189,37.7836896,POINT (-122.3882189 37.7836896),android,,2019-12-11T17:50:43-08:00,0.24376251644288255,0.24297377745829576,0.04920311691087303
369,1576115464.0,-122.3882761,37.7836809,POINT (-122.3882761 37.7836809),android,,2019-12-11T17:51:04-08:00,5.346211843067094,1.2762392325866294,-0.09120381584901605
370,1576115465.0,-122.3882796,37.7836329,POINT (-122.3882796 37.7836329),android,,2019-12-11T17:51:05-08:00,6.622451075653723,1.1850354167376134,0.5749346867373699
371,1576115466.0,-122.3882829,37.7835734,POINT (-122.3882829 37.7835734),android,,2019-12-11T17:51:06-08:00,7.8074864923913365,1.7599701034749833,-3.7003413824047824
372,1576115467.0,-122.3882811,37.7835032,POINT (-122.3882811 37.7835032),android,,2019-12-11T17:51:07-08:00,9.56745659586632,-1.940371278929799,3.968605720656571
373,1576115468.0,-122.3882908,37.7834175,POINT (-122.3882908 37.7834175),android,,2019-12-11T17:51:08-08:00,7.627085316936521,2.028234441726772,-2.1034263820679566
374,1576115469.0,-122.3882988,37.7833492,POINT (-122.3882988 37.7833492),android,,2019-12-11T17:51:09-08:00,9.655319758663293,-0.0751919403411847,0.2979168088597124
375,1576115470.0,-122.3883018,37.7832624,POINT (-122.3883018 37.7832624),android,,2019-12-11T17:51:10-08:00,9.580127818322108,0.22272486851852769,-2.7315812681224676
376,1576115471.0,-122.3883102,37.7831765,POINT (-122.3883102 37.7831765),android,,2019-12-11T17:51:11-08:00,9.802852686840636,-2.50885639960394,3.094004855954185
377,1576115472.0,-122.3883169,37.7830885,POINT (-122.3883169 37.7830885),android,,2019-12-11T17:51:12-08:00,7.293996287236696,0.5851484563502449,-0.05508620020393007
378,1576115473.0,-122.3883214,37.783023,POINT (-122.3883214 37.783023),android,,2019-12-11T17:51:13-08:00,7.879144743586941,0.5300622561463149,-1.6950189805596487
379,1576115474.0,-122.3883274,37.7829523,POINT (-122.3883274 37.7829523),android,,2019-12-11T17:51:14-08:00,8.409206999733255,-1.1649567244133339,2.388552588884176
380,1576115475.0,-122.3883249,37.7828767,POINT (-122.3883249 37.7828767),android,,2019-12-11T17:51:15-08:00,7.244250275319922,1.223595864470842,-4.218104056999168
381,1576115476.0,-122.3883217,37.7828116,POINT (-122.3883217 37.7828116),android,,2019-12-11T17:51:16-08:00,8.467846139790764,-2.9945081925283263,5.05404070106987
382,1576115477.0,-122.3883253,37.7827355,POINT (-122.3883253 37.7827355),android,,2019-12-11T17:51:17-08:00,5.473337947262437,2.059532508541544,-1.6406187967678463
383,1576115478.0,-122.3883272,37.7826863,POINT (-122.3883272 37.7826863),android,,2019-12-11T17:51:18-08:00,7.532870455803981,0.41891371177369763,0.593997160590896
384,1576115479.0,-122.3883328,37.7826187,POINT (-122.3883328 37.7826187),android,,2019-12-11T17:51:19-08:00,7.951784167577679,1.0129108723645937,-3.4485471280424322
385,1576115480.0,-122.3883425,37.7825476,POINT (-122.3883425 37.7825476),android,,2019-12-11T17:51:20-08:00,8.964695039942272,-2.4356362556778386,3.3426278976354924
386,1576115481.0,-122.3883516,37.7824673,POINT (-122.3883516 37.7824673),android,,2019-12-11T17:51:21-08:00,6.529058784264434,0.9069916419576538,-1.0421726141954828
387,1576115482.0,-122.3883498,37.7824086,POINT (-122.3883498 37.7824086),android,,2019-12-11T17:51:22-08:00,7.436050426222088,-0.135180972237829,0.9814949443546466
388,1576115483.0,-122.3883559,37.7823419,POINT (-122.3883559 37.7823419),android,,2019-12-11T17:51:23-08:00,7.300869453984259,0.8463139721168176,-4.33435537613319
389,1576115484.0,-122.3883594,37.7822763,POINT (-122.3883594 37.7822763),android,,2019-12-11T17:51:24-08:00,8.147183426101076,-3.4880414040163723,5.358562264505964
390,1576115485.0,-122.3883657,37.7822032,POINT (-122.3883657 37.7822032),android,,2019-12-11T17:51:25-08:00,4.659142022084704,1.8705208604895915,-0.5682508774199189
391,1576115486.0,-122.388366,37.7821613,POINT (-122.388366 37.7821613),android,,2019-12-11T17:51:26-08:00,6.5296628825742955,1.3022699830696727,-2.1625005694405086
392,1576115487.0,-122.3883708,37.7821027,POINT (-122.3883708 37.7821027),android,,2019-12-11T17:51:27-08:00,7.831932865643968,-0.8602305863708359,2.0728571067153547
393,1576115488.0,-122.3883763,37.7820324,POINT (-122.3883763 37.7820324),android,,2019-12-11T17:51:28-08:00,6.971702279273132,1.2126265203445188,-4.220113941890806
394,1576115489.0,-122.3883826,37.7819699,POINT (-122.3883826 37.7819699),android,,2019-12-11T17:51:29-08:00,8.184328799617651,-3.007487421546287,4.373766539775781
395,1576115490.0,-122.3883817,37.7818963,POINT (-122.3883817 37.7818963),android,,2019-12-11T17:51:30-08:00,5.176841378071364,1.3662791182294942,-1.3597132826392864
396,1576115491.0,-122.3883788,37.7818498,POINT (-122.3883788 37.7818498),android,,2019-12-11T17:51:31-08:00,6.543120496300858,0.006565835590207847,0.9191637325037627
397,1576115492.0,-122.3883736,37.7817911,POINT (-122.3883736 37.7817911),android,,2019-12-11T17:51:32-08:00,6.549686331891066,0.9257295680939706,-2.5186975106050937
398,1576115493.0,-122.3883692,37.7817323,POINT (-122.3883692 37.7817323),android,,2019-12-11T17:51:33-08:00,7.475415899985037,-1.5929679425111232,2.0160134192030332
399,1576115494.0,-122.3883622,37.7816653,POINT (-122.3883622 37.7816653),android,,2019-12-11T17:51:34-08:00,5.8824479574739135,0.42304547669191006,0.9253510566657672
400,1576115495.0,-122.3883628,37.7816124,POINT (-122.3883628 37.7816124),android,,2019-12-11T17:51:35-08:00,6.3054934341658235,1.3483965333576773,0.6958222353193033
401,1576115496.0,-122.3883617,37.7815557,POINT (-122.3883617 37.7815557),android,,2019-12-11T17:51:36-08:00,7.653889967523501,2.0442187686769806,-2.912028429621765
402,1576115497.0,-122.3883644,37.7814869,POINT (-122.3883644 37.7814869),android,,2019-12-11T17:51:37-08:00,9.698108736200481,-0.8678096609447845,-0.35358370321460963
403,1576115498.0,-122.3883902,37.7814021,POINT (-122.3883902 37.7814021),android,,2019-12-11T17:51:38-08:00,8.830299075255697,-1.2213933641593941,1.126280985152099
404,1576115499.0,-122.3884016,37.7813232,POINT (-122.3884016 37.7813232),android,,2019-12-11T17:51:39-08:00,7.608905711096303,-0.09511237900729519,0.4150819300418851
405,1576115500.0,-122.3884041,37.7812548,POINT (-122.3884041 37.7812548),android,,2019-12-11T17:51:40-08:00,7.513793332089008,0.3199695510345899,1.0444272583564187
406,1576115501.0,-122.3884178,37.7811881,POINT (-122.3884178 37.7811881),android,,2019-12-11T17:51:41-08:00,7.8337628831235975,1.3643968093910086,-4.88878595194621
407,1576115502.0,-122.3884429,37.7811205,POINT (-122.3884429 37.7811205),android,,2019-12-11T17:51:42-08:00,9.198159692514606,-3.5243891425552016,5.649109862647158
408,1576115503.0,-122.38847,37.7810406,POINT (-122.38847 37.7810406),android,,2019-12-11T17:51:43-08:00,5.673770549959404,2.1247207200919567,-2.4881453231855577
409,1576115504.0,-122.3884919,37.7809926,POINT (-122.3884919 37.7809926),android,,2019-12-11T17:51:44-08:00,7.798491270051361,-0.36342460309360103,2.0093559243845274
410,1576115505.0,-122.3885212,37.7809264,POINT (-122.3885212 37.7809264),android,,2019-12-11T17:51:45-08:00,7.43506666695776,1.6459313212909263,-4.253296349349811
411,1576115506.0,-122.3885535,37.7808646,POINT (-122.3885535 37.7808646),android,,2019-12-11T17:51:46-08:00,9.080997988248686,-2.6073650280588847,3.6995685569130563
412,1576115507.0,-122.3885935,37.7807893,POINT (-122.3885935 37.7807893),android,,2019-12-11T17:51:47-08:00,6.473632960189802,1.0922035288541716,-0.9142472357529092
413,1576115508.0,-122.3886256,37.7807369,POINT (-122.3886256 37.7807369),android,,2019-12-11T17:51:48-08:00,7.565836489043973,0.17795629310126237,-0.058822000822255305
414,1576115509.0,-122.3886687,37.780678,POINT (-122.3886687 37.780678),android,,2019-12-11T17:51:49-08:00,7.743792782145236,0.11913429227900707,-0.4817590482667491
415,1576115510.0,-122.388713,37.7806178,POINT (-122.388713 37.7806178),android,,2019-12-11T17:51:50-08:00,7.862927074424243,-0.362624755987742,-0.18854647871931451
416,1576115511.0,-122.3887668,37.7805613,POINT (-122.3887668 37.7805613),android,,2019-12-11T17:51:51-08:00,7.500302318436501,-0.5511712347070565,0.8865841759722048
417,1576115512.0,-122.3888291,37.7805152,POINT (-122.3888291 37.7805152),android,,2019-12-11T17:51:52-08:00,6.949131083729444,0.3354129412651483,0.008372362190013583
418,1576115513.0,-122.388885,37.780471,POINT (-122.388885 37.780471),android,,2019-12-11T17:51:53-08:00,7.2845440249945925,0.3437853034551619,1.2283954634951373
419,1576115514.0,-122.3889403,37.7804222,POINT (-122.3889403 37.7804222),android,,2019-12-11T17:51:54-08:00,7.628329328449754,1.5721807669502992,-4.34450071165747
420,1576115515.0,-122.3889975,37.7803706,POINT (-122.3889975 37.7803706),android,,2019-12-11T17:51:55-08:00,9.200510095400054,-2.7723199447071707,4.281847488230736
421,1576115516.0,-122.3890748,37.7803148,POINT (-122.3890748 37.7803148),android,,2019-12-11T17:51:56-08:00,6.428190150692883,1.509527543523565,-1.990438555533042
422,1576115517.0,-122.389131,37.7802778,POINT (-122.389131 37.7802778),android,,2019-12-11T17:51:57-08:00,7.937717694216448,-0.48091101200947683,1.3850951018560638
423,1576115518.0,-122.3892007,37.7802324,POINT (-122.3892007 37.7802324),android,,2019-12-11T17:51:58-08:00,7.456806682206971,0.9041840898465869,-3.090144163309663
424,1576115519.0,-122.3892622,37.7801862,POINT (-122.3892622 37.7801862),android,,2019-12-11T17:51:59-08:00,8.360990772053558,-2.185960073463076,1.4658621171138115
425,1576115520.0,-122.3893349,37.7801377,POINT (-122.3893349 37.7801377),android,,2019-12-11T17:52:00-08:00,6.175030698590482,-0.7200979563492647,1.7269731851406513
426,1576115521.0,-122.3893937,37.7801073,POINT (-122.3893937 37.7801073),android,,2019-12-11T17:52:01-08:00,5.454932742241217,1.0068752287913867,-0.07590112362189227
427,1576115522.0,-122.3894444,37.780079,POINT (-122.3894444 37.780079),android,,2019-12-11T17:52:02-08:00,6.461807971032604,0.9309741051694944,-4.000369685490003
428,1576115523.0,-122.3895043,37.7800453,POINT (-122.3895043 37.7800453),android,,2019-12-11T17:52:03-08:00,7.392782076202098,-3.069395580320508,4.442533657531035
429,1576115524.0,-122.3895713,37.7800051,POINT (-122.3895713 37.7800051),android,,2019-12-11T17:52:04-08:00,4.32338649588159,1.3731380772105268,-0.9054602509002443
430,1576115525.0,-122.3896053,37.779977,POINT (-122.3896053 37.779977),android,,2019-12-11T17:52:05-08:00,5.696524573092117,0.46767782631028254,-0.8707044694504313
431,1576115526.0,-122.389657,37.7799461,POINT (-122.389657 37.7799461),android,,2019-12-11T17:52:06-08:00,6.1642023994024,-0.4030266431401488,0.504865693631432
432,1576115527.0,-122.3897123,37.779912,POINT (-122.3897123 37.779912),android,,2019-12-11T17:52:07-08:00,5.761175756262251,0.10183905049128317,-2.7040333844344024
433,1576115528.0,-122.3897622,37.7798784,POINT (-122.3897622 37.7798784),android,,2019-12-11T17:52:08-08:00,5.863014806753534,-2.6021943339431193,3.7162300565911286
434,1576115529.0,-122.3898101,37.7798417,POINT (-122.3898101 37.7798417),android,,2019-12-11T17:52:09-08:00,3.2608204728104146,1.1140357226480093,-0.9796914393826492
435,1576115530.0,-122.3898316,37.7798178,POINT (-122.3898316 37.7798178),android,,2019-12-11T17:52:10-08:00,4.374856195458424,0.13434428326536008,-1.0304115509554586
436,1576115531.0,-122.3898672,37.7797903,POINT (-122.3898672 37.7797903),android,,2019-12-11T17:52:11-08:00,4.509200478723784,-0.8960672676900985,0.8584549624359195
437,1576115532.0,-122.3899013,37.77976,POINT (-122.3899013 37.77976),android,,2019-12-11T17:52:12-08:00,3.6131332110336856,-0.037612305254179024,0.021174831299226593
438,1576115533.0,-122.3899333,37.7797396,POINT (-122.3899333 37.7797396),android,,2019-12-11T17:52:13-08:00,3.5755209057795065,-0.01643747395495243,0.3530450035951933
439,1576115534.0,-122.389964,37.7797185,POINT (-122.389964 37.7797185),android,,2019-12-11T17:52:14-08:00,3.559083431824554,0.3366075296402409,-0.916449326720155
440,1576115535.0,-122.3899974,37.7797004,POINT (-122.3899974 37.7797004),android,,2019-12-11T17:52:15-08:00,3.895690961464795,-0.5798417970799141,1.0071218046362471
441,1576115536.0,-122.3900323,37.7796788,POINT (-122.3900323 37.7796788),android,,2019-12-11T17:52:16-08:00,3.315849164384881,0.427280007556333,-0.9221392228291707
442,1576115537.0,-122.3900597,37.7796583,POINT (-122.3900597 37.7796583),android,,2019-12-11T17:52:17-08:00,3.743129171941214,-0.4948592152728377,0.1530567226192523
443,1576115538.0,-122.3900885,37.7796335,POINT (-122.3900885 37.7796335),android,,2019-12-11T17:52:18-08:00,3.248269956668376,-0.3418024926535854,0.16519158542696655
444,1576115539.0,-122.390117,37.7796149,POINT (-122.390117 37.7796149),android,,2019-12-11T17:52:19-08:00,2.9064674640147907,-0.17661090722661887,-0.44893928825754514
445,1576115540.0,-122.390147,37.7796039,POINT (-122.390147 37.7796039),android,,2019-12-11T17:52:20-08:00,2.729856556788172,-0.625550195484164,-0.07373641647375995
446,1576115541.0,-122.3901635,37.7795831,POINT (-122.3901635 37.7795831),android,,2019-12-11T17:52:21-08:00,2.104306361304008,-0.699286611957924,-0.1004382102578597
447,1576115542.0,-122.3901723,37.7795655,POINT (-122.3901723 37.7795655),android,,2019-12-11T17:52:22-08:00,1.4050197493460839,-0.7997248222157837,1.4883541017502093
448,1576115543.0,-122.3901735,37.7795529,POINT (-122.3901735 37.7795529),android,,2019-12-11T17:52:23-08:00,0.6052949271303002,0.6886292795344257,-1.1890723069720508
449,1576115544.0,-122.3901765,37.779548,POINT (-122.3901765 37.779548),android,,2019-12-11T17:52:24-08:00,1.2939242066647259,-0.5004430274376251,0.15081871554412418
450,1576115545.0,-122.3901911,37.7795465,POINT (-122.3901911 37.7795465),android,,2019-12-11T17:52:25-08:00,0.7934811792271007,-0.34962431189350096,0.4966267680314736
451,1576115546.0,-122.3902,37.7795453,POINT (-122.3902 37.7795453),android,,2019-12-11T17:52:26-08:00,0.44385686733359975,0.14700245613797264,-0.04941723477624563
453,1576115548.0,-122.3902101,37.7795454,POINT (-122.3902101 37.7795454),android,,2019-12-11T17:52:28-08:00,0.737861779609545,0.04816798658548138,0.060519483479162584
454,1576115549.0,-122.3902166,37.7795412,POINT (-122.3902166 37.7795412),android,,2019-12-11T17:52:29-08:00,0.7860297661950264,0.10868747006464397,-0.6260835849312668
455,1576115550.0,-122.3902236,37.7795368,POINT (-122.3902236 37.7795368),android,,2019-12-11T17:52:30-08:00,0.8947172362596704,-0.5173961148666228,0.28551351973901284
456,1576115551.0,-122.3902261,37.779529,POINT (-122.3902261 37.779529),android,,2019-12-11T17:52:31-08:00,0.37732112139304747,-0.23188259512760998,2.0858259493240956
457,1576115552.0,-122.3902251,37.7795257,POINT (-122.3902251 37.7795257),android,,2019-12-11T17:52:32-08:00,0.1454385262654375,1.8539433541964858,-1.498667439587436
460,1576115555.0,-122.3902219,37.7795227,POINT (-122.3902219 37.7795227),android,,2019-12-11T17:52:35-08:00,5.7072685888548955,-2.642058964565822,1.3210294846113233
462,1576115557.0,-122.39019203011169,37.77942279822918,POINT (-122.39019203011169 37.77942279822918),ios,,2019-12-11T17:52:37-08:00,0.42315065972325183,4.65682464811934e-09,-1.4852774565810023e-10
463,1576115558.0,-122.3901943964531,37.779419484061656,POINT (-122.3901943964531 37.779419484061656),ios,,2019-12-11T17:52:38-08:00,0.4231506643800765,4.50829690246124e-09,7.426359527329396e-11
464,1576115559.0,-122.39019676279449,37.77941616989413,POINT (-122.39019676279449 37.77941616989413),ios,,2019-12-11T17:52:39-08:00,0.4231506688883734,4.5825604977345336e-09,7.42634842509915e-11
465,1576115560.0,-122.3901991291359,37.779412855726605,POINT (-122.3901991291359 37.779412855726605),ios,,2019-12-11T17:52:40-08:00,0.4231506734709339,4.656823981985525e-09,-1.485275236134953e-10
466,1576115561.0,-122.3902014954773,37.77940954155908,POINT (-122.3902014954773 37.77940954155908),ios,,2019-12-11T17:52:41-08:00,0.42315067812775786,4.50829645837203e-09,6.880809810816402e-10
467,1576115562.0,-122.39020386181869,37.779406227391554,POINT (-122.39020386181869 37.779406227391554),ios,,2019-12-11T17:52:42-08:00,0.4231506826360543,5.19637743945367e-09,-5.395541236019596e-10
468,1576115563.0,-122.3902062281601,37.77940291322403,POINT (-122.3902062281601 37.77940291322403),ios,,2019-12-11T17:52:43-08:00,0.42315068783243176,4.65682331585171e-09,-1.3761622952301877e-09
469,1576115564.0,-122.39020859450152,37.77939959905651,POINT (-122.39020859450152 37.77939959905651),ios,,2019-12-11T17:52:44-08:00,0.4231506924892551,3.2806610206215225e-09,1.9157160302540888e-09
470,1576115565.0,-122.39021096084292,37.77939628488898,POINT (-122.39021096084292 37.77939628488898),ios,,2019-12-11T17:52:45-08:00,0.4231506957699161,5.196377050875611e-09,6.88080703525884e-10
471,1576115566.0,-122.39021332718431,37.77939297072146,POINT (-122.39021332718431 37.77939297072146),ios,,2019-12-11T17:52:46-08:00,0.42315070096629315,5.884457754401495e-09,-3.831432726641992e-09
472,1576115567.0,-122.39021569352572,37.77938965655394,POINT (-122.39021569352572 37.77938965655394),ios,,2019-12-11T17:52:47-08:00,0.4231507068507509,2.053025027759503e-09,-0.00015263750213334593
473,1576115568.0,-122.39021805986714,37.77938634238641,POINT (-122.39021805986714 37.77938634238641),ios,,2019-12-11T17:52:48-08:00,0.42315070890377593,-0.00015263544910831817,-0.3314080827830191
474,1576115569.0,-122.39022042620851,37.77938302821889,POINT (-122.39022042620851 37.77938302821889),ios,,2019-12-11T17:52:49-08:00,0.4229980734546676,-0.3315607182321274,0.33156071967918466
475,1576115570.0,-122.39022279169633,37.779379715246876,POINT (-122.39022279169633 37.779379715246876),ios,,2019-12-11T17:52:50-08:00,0.09143735522254023,1.4470572795577397e-09,-1.4134103887286642e-09
476,1576115571.0,-122.39022325690485,37.77937897971448,POINT (-122.39022325690485 37.77937897971448),ios,,2019-12-11T17:52:51-08:00,0.09143735666959751,3.364689082907546e-11,-9.686327157032437e-10
477,1576115572.0,-122.39022372211338,37.77937824418208,POINT (-122.39022372211338 37.77937824418208),ios,,2019-12-11T17:52:52-08:00,0.0914373567032444,-9.349858248741683e-10,1.8235971482871705e-09
478,1576115573.0,-122.39022418732192,37.77937750864968,POINT (-122.39022418732192 37.77937750864968),ios,,2019-12-11T17:52:53-08:00,0.09143735576825858,8.886113234130022e-10,-8.549644325839267e-10
479,1576115574.0,-122.39022465253043,37.779376773117285,POINT (-122.39022465253043 37.779376773117285),ios,,2019-12-11T17:52:54-08:00,0.0914373566568699,3.364689082907546e-11,1.4825922434180683e-10
480,1576115575.0,-122.39022511773895,37.77937603758488,POINT (-122.39022511773895 37.77937603758488),ios,,2019-12-11T17:52:55-08:00,0.0914373566905168,1.819061151708823e-10,7.067052221199077e-10
481,1576115576.0,-122.39022558294748,37.779375302052486,POINT (-122.39022558294748 37.779375302052486),ios,,2019-12-11T17:52:56-08:00,0.09143735687242291,8.8861133729079e-10,-1.9718564420179163e-09
482,1576115577.0,-122.39022604815601,37.77937456652009,POINT (-122.39022604815601 37.77937456652009),ios,,2019-12-11T17:52:57-08:00,0.09143735776103425,-1.0832451047271263e-09,1.2651512060202208e-09
483,1576115578.0,-122.39022651336454,37.77937383098769,POINT (-122.39022651336454 37.77937383098769),ios,,2019-12-11T17:52:58-08:00,0.09143735667778914,1.8190610129309448e-10,1.2651512476535842e-09
484,1576115579.0,-122.39022697857305,37.77937309545529,POINT (-122.39022697857305 37.77937309545529),ios,,2019-12-11T17:52:59-08:00,0.09143735685969524,1.4470573489466787e-09,-1.4134103748508764e-09
485,1576115580.0,-122.39022744378157,37.779372359922895,POINT (-122.39022744378157 37.779372359922895),ios,,2019-12-11T17:53:00-08:00,0.09143735830675259,3.3646974095802307e-11,-9.68632979381212e-10
486,1576115581.0,-122.3902279089901,37.77937162439049,POINT (-122.3902279089901 37.77937162439049),ios,,2019-12-11T17:53:01-08:00,0.09143735834039957,-9.349860052854098e-10,1.8235972870650485e-09
487,1576115582.0,-122.39022837419864,37.7793708888581,POINT (-122.39022837419864 37.7793708888581),ios,,2019-12-11T17:53:02-08:00,0.09143735740541356,8.886112817796388e-10,-8.549642938060487e-10
488,1576115583.0,-122.39022883940716,37.7793701533257,POINT (-122.39022883940716 37.7793701533257),ios,,2019-12-11T17:53:03-08:00,0.09143735829402484,3.3646987973590115e-11,7.067052221199077e-10
489,1576115584.0,-122.39022930461567,37.7793694177933,POINT (-122.39022930461567 37.7793694177933),ios,,2019-12-11T17:53:04-08:00,0.09143735832767183,7.403522100934978e-10,-9.686331181590901e-10
490,1576115585.0,-122.3902297698242,37.7793686822609,POINT (-122.3902297698242 37.7793686822609),ios,,2019-12-11T17:53:05-08:00,0.09143735906802404,-2.2828090806559231e-10,-2.965181850056453e-10
491,1576115586.0,-122.39023023503275,37.779367946728506,POINT (-122.39023023503275 37.779367946728506),ios,,2019-12-11T17:53:06-08:00,0.09143735883974313,-5.247990930712376e-10,1.2651513170425233e-09
492,1576115587.0,-122.39023070024126,37.7793672111961,POINT (-122.39023070024126 37.7793672111961),ios,,2019-12-11T17:53:07-08:00,0.09143735831494404,7.403522239712856e-10,-5.070770773898947e-05
493,1576115588.0,-122.39023116544978,37.77936647566371,POINT (-122.39023116544978 37.77936647566371),ios,,2019-12-11T17:53:08-08:00,0.09143735905529626,-5.07069673867655e-05,1.4113275721484446
494,1576115589.0,-122.3902316306583,37.77936574013131,POINT (-122.3902316306583 37.77936574013131),ios,,2019-12-11T17:53:09-08:00,0.0913866520879095,1.4112768651810579,-1.202298622952892
495,1576115590.0,-122.39023209560885,37.77936500500681,POINT (-122.39023209560885 37.77936500500681),ios,,2019-12-11T17:53:10-08:00,1.5026635172689673,0.20897824222816586,3.1894598957460074
496,1576115591.0,-122.39024374645426,37.77935511436107,POINT (-122.39024374645426 37.77935511436107),ios,,2019-12-11T17:53:11-08:00,1.7116417594971332,3.398438137974173,-4.191631841309396
497,1576115592.0,-122.39025590021386,37.779343086330016,POINT (-122.39025590021386 37.779343086330016),ios,,2019-12-11T17:53:12-08:00,5.110079897471306,-0.7931937033352225,-0.14923255323462215
498,1576115593.0,-122.39029655244424,37.77931022926958,POINT (-122.39029655244424 37.77931022926958),ios,,2019-12-11T17:53:13-08:00,4.316886194136083,-0.9424262565698447,2.8935935084482853
499,1576115594.0,-122.39032932568564,37.77928131170364,POINT (-122.39032932568564 37.77928131170364),ios,,2019-12-11T17:53:14-08:00,3.3744599375662387,1.9511672518784406,-1.5597031335112712
500,1576115595.0,-122.39035514194741,37.77925884820314,POINT (-122.39035514194741 37.77925884820314),ios,,2019-12-11T17:53:15-08:00,5.325627189444679,0.39146411836716943,-0.3652022404622093
501,1576115596.0,-122.39039923075809,37.77922599114271,POINT (-122.39039923075809 37.77922599114271),ios,,2019-12-11T17:53:16-08:00,5.717091307811849,0.02626187790496015,-0.5244768088060558
502,1576115597.0,-122.3904468399681,37.77919095478745,POINT (-122.3904468399681 37.77919095478745),ios,,2019-12-11T17:53:17-08:00,5.743353185716809,-0.4982149309010957,110.14255974551175
503,1576115598.0,-122.39049193460717,37.77915357149931,POINT (-122.39049193460717 37.77915357149931),ios,,2019-12-11T17:53:18-08:00,5.245138254815713,109.64434481461065,-210.895142839262
504,1576115599.0,-122.39051942724957,37.779111703892966,POINT (-122.39051942724957 37.779111703892966),ios,,2019-12-11T17:53:19-08:00,114.88948306942636,-101.25079802465135,95.55619381343176
505,1576115600.0,-122.3914538,37.7783891,POINT (-122.3914538 37.7783891),android,,2019-12-11T17:53:20-08:00,13.63868504477501,-5.6946042112195885,7.589475392419711
506,1576115601.0,-122.3915749,37.7783124,POINT (-122.3915749 37.7783124),android,,2019-12-11T17:53:21-08:00,7.944080833555421,1.8948711812001227,-2.6485753402827763
507,1576115602.0,-122.3916491,37.7782716,POINT (-122.3916491 37.7782716),android,,2019-12-11T17:53:22-08:00,9.838952014755543,-0.7537041590826536,-0.7138673745470534
508,1576115603.0,-122.3917429,37.7782233,POINT (-122.3917429 37.7782233),android,,2019-12-11T17:53:23-08:00,9.08524785567289,-1.467571533629707,-1.627926825434261
509,1576115604.0,-122.3918279,37.7781768,POINT (-122.3918279 37.7781768),android,,2019-12-11T17:53:24-08:00,7.617676322043183,-3.095498359063968,3.112300903549799
510,1576115605.0,-122.3918938,37.7781323,POINT (-122.3918938 37.7781323),android,,2019-12-11T17:53:25-08:00,4.522177962979215,0.01680254448583085,0.612065167632494
511,1576115606.0,-122.3919265,37.7781009,POINT (-122.3919265 37.7781009),android,,2019-12-11T17:53:26-08:00,4.5389805074650456,0.6288677121183248,-0.8800843931942994
512,1576115607.0,-122.3919595,37.7780695,POINT (-122.3919595 37.7780695),android,,2019-12-11T17:53:27-08:00,5.16784821958337,-0.2512166810759746,0.7195258578606305
513,1576115608.0,-122.3919973,37.7780339,POINT (-122.3919973 37.7780339),android,,2019-12-11T17:53:28-08:00,4.916631538507396,0.4683091767846559,-1.995301667202971
514,1576115609.0,-122.3920363,37.7780022,POINT (-122.3920363 37.7780022),android,,2019-12-11T17:53:29-08:00,5.384940715292052,-1.5269924904183152,1.9255770746402412
515,1576115610.0,-122.3920824,37.7779703,POINT (-122.3920824 37.7779703),android,,2019-12-11T17:53:30-08:00,3.8579482248737365,0.398584584221926,2.3207301694431925
516,1576115611.0,-122.3921053,37.7779407,POINT (-122.3921053 37.7779407),android,,2019-12-11T17:53:31-08:00,4.2565328090956625,2.7193147536651185,-4.84150745057878
517,1576115612.0,-122.39212967966223,37.77790762372736,POINT (-122.39212967966223 37.77790762372736),android,,2019-12-11T17:53:32-08:00,6.975847562760781,-2.122192696913661,2.1700857889323792
518,1576115613.0,-122.3921723,37.7778547,POINT (-122.3921723 37.7778547),android,,2019-12-11T17:53:33-08:00,4.85365486584712,0.047893092018718164,-0.9263917801970898
519,1576115614.0,-122.3922053,37.7778197,POINT (-122.3922053 37.7778197),android,,2019-12-11T17:53:34-08:00,4.901547957865838,-0.8784986881783716,-0.3421682701280435
520,1576115615.0,-122.3922411,37.7777859,POINT (-122.3922411 37.7777859),android,,2019-12-11T17:53:35-08:00,4.0230492696874665,-1.2206669583064151,4.734693649226916
521,1576115616.0,-122.3922683,37.7777568,POINT (-122.3922683 37.7777568),android,,2019-12-11T17:53:36-08:00,2.8023823113810513,3.5140266909205007,-5.266547578171472
522,1576115617.0,-122.39228512032882,37.777735389390486,POINT (-122.39228512032882 37.777735389390486),android,,2019-12-11T17:53:37-08:00,6.316409002301552,-1.752520887250971,2.210579010802551
523,1576115618.0,-122.3923309,37.7776916,POINT (-122.3923309 37.7776916),android,,2019-12-11T17:53:38-08:00,4.563888115050581,0.45805812355157993,-1.3235677042466145
524,1576115619.0,-122.3923699,37.7776645,POINT (-122.3923699 37.7776645),android,,2019-12-11T17:53:39-08:00,5.021946238602161,-0.8655095806950346,0.7289207300505618
525,1576115620.0,-122.3924106,37.7776328,POINT (-122.3924106 37.7776328),android,,2019-12-11T17:53:40-08:00,4.156436657907126,-0.1365888506444728,2.276961850743416
526,1576115621.0,-122.3924447,37.7776069,POINT (-122.3924447 37.7776069),android,,2019-12-11T17:53:41-08:00,4.019847807262654,2.1403730000989434,-2.6626660864940277
527,1576115622.0,-122.3924805,37.7775844,POINT (-122.3924805 37.7775844),android,,2019-12-11T17:53:42-08:00,6.160220807361597,-0.5222930863950843,-2.7413327229748368
528,1576115623.0,-122.3925368,37.7775514,POINT (-122.3925368 37.7775514),android,,2019-12-11T17:53:43-08:00,5.637927720966513,-3.263625809369921,2.2627162406038375
529,1576115624.0,-122.3925887,37.7775216,POINT (-122.3925887 37.7775216),android,,2019-12-11T17:53:44-08:00,2.3743019115965915,-1.0009095687660834,19.406898408407017
530,1576115625.0,-122.392606,37.7775052,POINT (-122.392606 37.7775052),android,,2019-12-11T17:53:45-08:00,1.3733923428305082,18.405988839640933,-37.063439588605135
531,1576115626.0,-122.3926023,37.7774932,POINT (-122.3926023 37.7774932),android,,2019-12-11T17:53:46-08:00,19.779381182471443,-18.657450748964205,19.072491955455284
532,1576115627.0,-122.39259922888353,37.77731533631475,POINT (-122.39259922888353 37.77731533631475),ios,,2019-12-11T17:53:47-08:00,1.1219304335072369,0.41504120649107956,-0.32990764304086095
533,1576115628.0,-122.39259528938904,37.77730573903562,POINT (-122.39259528938904 37.77730573903562),ios,,2019-12-11T17:53:48-08:00,1.5369716399983164,0.08513356345021861,-0.46434601719456897
534,1576115629.0,-122.3925920204468,37.77729216035248,POINT (-122.3925920204468 37.77729216035248),ios,,2019-12-11T17:53:49-08:00,1.622105203448535,-0.37921245374435036,0.12640414826638183
537,1576115632.0,-122.39263820473327,37.777316300233615,POINT (-122.39263820473327 37.777316300233615),ios,,2019-12-11T17:53:52-08:00,0.48446784221548406,-8.945204910126847e-09,6.1292420583392015e-09
538,1576115633.0,-122.39264361502102,37.777317134637144,POINT (-122.39264361502102 37.777317134637144),ios,,2019-12-11T17:53:53-08:00,0.48446783327027915,-2.8159628517876456e-09,-5.05470487688342e-09
539,1576115634.0,-122.39264902530871,37.77731796904067,POINT (-122.39264902530871 37.77731796904067),ios,,2019-12-11T17:53:54-08:00,0.4844678304543163,-7.870667728671066e-09,5.94536459157662
540,1576115635.0,-122.39265443559644,37.7773188034442,POINT (-122.39265443559644 37.7773188034442),ios,,2019-12-11T17:53:55-08:00,0.48446782258364857,5.9453645837059526,-9.301298625809896
541,1576115636.0,-122.39265984588414,37.777319637847725,POINT (-122.39265984588414 37.777319637847725),ios,,2019-12-11T17:53:56-08:00,6.429832406289601,-3.355934042103943,3.6915373423827464
542,1576115637.0,-122.3927111,37.7773609,POINT (-122.3927111 37.7773609),android,,2019-12-11T17:53:57-08:00,3.0738983641856583,0.3356033002788035,-0.05394386114203353
543,1576115638.0,-122.3927273,37.7773364,POINT (-122.3927273 37.7773364),android,,2019-12-11T17:53:58-08:00,3.409501664464462,0.28165943913676994,-2.2255803779051773
544,1576115639.0,-122.3927399,37.7773074,POINT (-122.3927399 37.7773074),android,,2019-12-11T17:53:59-08:00,3.6911611036012317,-1.9439209387684073,1.7507780751929383
545,1576115640.0,-122.3927506,37.7772753,POINT (-122.3927506 37.7772753),android,,2019-12-11T17:54:00-08:00,1.7472401648328244,-0.19314286357546906,-0.693726990661704
546,1576115641.0,-122.3927561,37.7772602,POINT (-122.3927561 37.7772602),android,,2019-12-11T17:54:01-08:00,1.5540973012573553,-0.886869854237173,0.4431730128093167
547,1576115642.0,-122.3927589,37.7772464,POINT (-122.3927589 37.7772464),android,,2019-12-11T17:54:02-08:00,0.6672274470201823,-0.4436968414278563,0.48463481609461295
548,1576115643.0,-122.3927588,37.7772404,POINT (-122.3927588 37.7772404),android,,2019-12-11T17:54:03-08:00,0.22353060559232601,0.04093797466675663,-0.022266664591924626
559,1576115654.0,-122.3927797,37.7772551,POINT (-122.3927797 37.7772551),android,,2019-12-11T17:54:14-08:00,0.673848326926649,-0.20399533584441426,-0.02440698045484957
560,1576115655.0,-122.3927873,37.7772543,POINT (-122.3927873 37.7772543),android,,2019-12-11T17:54:15-08:00,0.4698529910822347,-0.22840231629926383,7.763659541435274
561,1576115656.0,-122.3927917,37.7772567,POINT (-122.3927917 37.7772567),android,,2019-12-11T17:54:16-08:00,0.2414506747829709,7.53525722513601,-12.736285257111419
562,1576115657.0,-122.3927938,37.7772581,POINT (-122.3927938 37.7772581),android,,2019-12-11T17:54:17-08:00,7.776707899918981,-5.201028031975409,5.7985079885961115
563,1576115658.0,-122.39284926105513,37.77720360554547,POINT (-122.39284926105513 37.77720360554547),ios,,2019-12-11T17:54:18-08:00,2.575679867943572,0.5974799566207025,-0.47062453953681205
564,1576115659.0,-122.3928737362124,37.77719086505265,POINT (-122.3928737362124 37.77719086505265),ios,,2019-12-11T17:54:19-08:00,3.1731598245642747,0.12685541708389048,-0.6261708702168365
565,1576115660.0,-122.39289100293293,37.77716580316217,POINT (-122.39289100293293 37.77716580316217),ios,,2019-12-11T17:54:20-08:00,3.300015241648165,-0.499315453132946,0.40946020140825734
566,1576115661.0,-122.39290835347249,37.77713948398621,POINT (-122.39290835347249 37.77713948398621),ios,,2019-12-11T17:54:21-08:00,2.800699788515219,-0.08985525172468867,-1.2360245254641815
567,1576115662.0,-122.39292947586848,37.777120624704075,POINT (-122.39292947586848 37.777120624704075),ios,,2019-12-11T17:54:22-08:00,2.7108445367905305,-1.3258797771888702,0.9299280379609918
568,1576115663.0,-122.392949340979,37.77710197496952,POINT (-122.392949340979 37.77710197496952),ios,,2019-12-11T17:54:23-08:00,1.3849647596016603,-0.3959517392278784,0.3958968433788246
569,1576115664.0,-122.39296476368084,37.77709941848905,POINT (-122.39296476368084 37.77709941848905),ios,,2019-12-11T17:54:24-08:00,0.9890130203737819,-5.4895849053826495e-05,0.1501022825599876
570,1576115665.0,-122.39297440313723,37.77709482926959,POINT (-122.39297440313723 37.77709482926959),ios,,2019-12-11T17:54:25-08:00,0.9889581245247281,0.15004738671093376,-0.07681840213768787
571,1576115666.0,-122.39298404205815,37.77709024030508,POINT (-122.39298404205815 37.77709024030508),ios,,2019-12-11T17:54:26-08:00,1.1390055112356618,0.07322898457324589,-0.5142664411200688
572,1576115667.0,-122.3929961119987,37.77708651035817,POINT (-122.3929961119987 37.77708651035817),ios,,2019-12-11T17:54:27-08:00,1.2122344958089077,-0.4410374565468229,0.4410374576604581
573,1576115668.0,-122.39300834957733,37.777081481216264,POINT (-122.39300834957733 37.777081481216264),ios,,2019-12-11T17:54:28-08:00,0.7711970392620848,1.1136351840690395e-09,-6.343601316227687e-05
574,1576115669.0,-122.39300902014799,37.777074565956546,POINT (-122.39300902014799 37.777074565956546),ios,,2019-12-11T17:54:29-08:00,0.77119704037572,-6.34348995270928e-05,-0.15401635135198988
575,1576115670.0,-122.39300969071863,37.77706765069682,POINT (-122.39300969071863 37.77706765069682),ios,,2019-12-11T17:54:30-08:00,0.7711336054761929,-0.15407978625151697,0.1540797970769806
576,1576115671.0,-122.39301036123409,37.777060736005915,POINT (-122.39301036123409 37.777060736005915),ios,,2019-12-11T17:54:31-08:00,0.617053819224676,1.082546363662118e-08,-5.149550807415082e-05
577,1576115672.0,-122.39301726252631,37.77705971617933,POINT (-122.39301726252631 37.77705971617933),ios,,2019-12-11T17:54:32-08:00,0.6170538300501396,-5.14846826105142e-05,-0.6061276821525003
578,1576115673.0,-122.39302416381857,37.77705869635274,POINT (-122.39302416381857 37.77705869635274),ios,,2019-12-11T17:54:33-08:00,0.6170023453675291,-0.6061791668351109,0.6224741420529873
579,1576115674.0,-122.39303106453491,37.77705767661126,POINT (-122.39303106453491 37.77705767661126),ios,,2019-12-11T17:54:34-08:00,0.010823178532418175,0.016294975217876533,0.004744632253815776
751,1576115846.0,-122.3930449,37.777045,POINT (-122.3930449 37.777045),android,,2019-12-11T17:57:26-08:00,2.8135589160071817,0.83237172287419,-0.38536183374412847
752,1576115847.0,-122.3930653,37.7770255,POINT (-122.3930653 37.7770255),android,,2019-12-11T17:57:27-08:00,3.6459306388813717,0.44700988913006157,-0.38860641317454725
753,1576115848.0,-122.3930937,37.7770016,POINT (-122.3930937 37.7770016),android,,2019-12-11T17:57:28-08:00,4.092940528011433,0.05840347595551432,-1.013341776768494
754,1576115849.0,-122.3931289,37.7769775,POINT (-122.3931289 37.7769775),android,,2019-12-11T17:57:29-08:00,4.151344003966948,-0.9549383008129797,0.32193958921977783
755,1576115850.0,-122.3931664,37.7769548,POINT (-122.3931664 37.7769548),android,,2019-12-11T17:57:30-08:00,3.196405703153968,-0.6329987115932019,-0.3572811384715784
756,1576115851.0,-122.3931924,37.7769347,POINT (-122.3931924 37.7769347),android,,2019-12-11T17:57:31-08:00,2.563406991560766,-0.9902798500647803,1.8222663063830722
757,1576115852.0,-122.3932121,37.7769177,POINT (-122.3932121 37.7769177),android,,2019-12-11T17:57:32-08:00,1.5731271414959858,0.8319864563182919,-1.0752996118614153
758,1576115853.0,-122.39322700689623,37.77690986896571,POINT (-122.39322700689623 37.77690986896571),android,,2019-12-11T17:57:33-08:00,2.4051135978142777,-0.24331315554312338,-0.516944390508296
759,1576115854.0,-122.393247,37.7768951,POINT (-122.393247 37.7768951),android,,2019-12-11T17:57:34-08:00,2.1618004422711543,-0.7602575460514194,1.348469186321694
760,1576115855.0,-122.3932647,37.7768816,POINT (-122.3932647 37.7768816),android,,2019-12-11T17:57:35-08:00,1.401542896219735,0.5882116402702746,-0.7120606228286186
761,1576115856.0,-122.3932777,37.7768743,POINT (-122.3932777 37.7768743),android,,2019-12-11T17:57:36-08:00,1.9897545364900096,-0.12384898255834398,0.29450543144615904
762,1576115857.0,-122.3932939,37.7768618,POINT (-122.3932939 37.7768618),android,,2019-12-11T17:57:37-08:00,1.8659055539316656,0.17065644888781506,-0.5439600528441408
763,1576115858.0,-122.3933048,37.7768474,POINT (-122.3933048 37.7768474),android,,2019-12-11T17:57:38-08:00,2.0365620028194806,-0.3733036039563258,-0.19642557751492284
764,1576115859.0,-122.3933131,37.7768303,POINT (-122.3933131 37.7768303),android,,2019-12-11T17:57:39-08:00,1.6632583988631549,-0.5697291814712486,0.16609009338497083
765,1576115860.0,-122.3933166,37.7768156,POINT (-122.3933166 37.7768156),android,,2019-12-11T17:57:40-08:00,1.0935292173919062,-0.4036390880862778,0.28412855302962303
766,1576115861.0,-122.3933139,37.776806,POINT (-122.3933139 37.776806),android,,2019-12-11T17:57:41-08:00,0.6898901293056284,-0.11951053505665477,0.9204695968146371
767,1576115862.0,-122.3933108,37.7768003,POINT (-122.3933108 37.7768003),android,,2019-12-11T17:57:42-08:00,0.5703795942489737,0.8009590617579824,-1.5456491222942097
768,1576115863.0,-122.3933069,37.7767962,POINT (-122.3933069 37.7767962),android,,2019-12-11T17:57:43-08:00,1.371338656006956,-0.7446900605362273,0.6228839952672777
769,1576115864.0,-122.3933033,37.7767842,POINT (-122.3933033 37.7767842),android,,2019-12-11T17:57:44-08:00,0.6266485954707287,-0.12180606526894966,0.5898477517132454
770,1576115865.0,-122.3933025,37.7767786,POINT (-122.3933025 37.7767786),android,,2019-12-11T17:57:45-08:00,0.504842530201779,0.4680416864442958,-0.48506860970795557
771,1576115866.0,-122.393306,37.776775,POINT (-122.393306 37.776775),android,,2019-12-11T17:57:46-08:00,0.9728842166460748,-0.017026923263659805,-0.0332170041907057
774,1576115869.0,-122.3933328,37.7767905,POINT (-122.3933328 37.7767905),android,,2019-12-11T17:57:49-08:00,0.9218034468550954,-0.1166779358357769,-0.15300372071381807
775,1576115870.0,-122.3933428,37.776788,POINT (-122.3933428 37.776788),android,,2019-12-11T17:57:50-08:00,0.8051255110193185,-0.269681656549595,0.5350516754542713
776,1576115871.0,-122.3933513,37.7767907,POINT (-122.3933513 37.7767907),android,,2019-12-11T17:57:51-08:00,0.5354438544697235,0.2653700189046764,-0.10400708547688375
777,1576115872.0,-122.393357,37.776789,POINT (-122.393357 37.776789),android,,2019-12-11T17:57:52-08:00,0.8008138733743999,0.16136293342779262,-0.2642005140819913
778,1576115873.0,-122.39336610592495,37.776789255669215,POINT (-122.39336610592495 37.776789255669215),android,,2019-12-11T17:57:53-08:00,0.9621768068021925,-0.10283758065419868,0.005608126543772518
779,1576115874.0,-122.3933769,37.7767907,POINT (-122.3933769 37.7767907),android,,2019-12-11T17:57:54-08:00,0.8593392261479939,-0.09722945411042616,-0.4314110607083076
780,1576115875.0,-122.3933858,37.7767939,POINT (-122.3933858 37.7767939),android,,2019-12-11T17:57:55-08:00,0.7621097720375677,-0.5286405148187338,0.650089355327629
781,1576115876.0,-122.3933934,37.7767972,POINT (-122.3933934 37.7767972),android,,2019-12-11T17:57:56-08:00,0.23346925721883394,0.12144884050889532,-0.2531973258533676
782,1576115877.0,-122.3933958,37.7767981,POINT (-122.3933958 37.7767981),android,,2019-12-11T17:57:57-08:00,0.35491809772772925,-0.13174848534447234,0.10383003307963172
783,1576115878.0,-122.393393,37.7767958,POINT (-122.393393 37.7767958),android,,2019-12-11T17:57:58-08:00,0.22316961238325692,-0.02791845226484062,0.06339689915507386
786,1576115881.0,-122.3933878,37.7767914,POINT (-122.3933878 37.7767914),android,,2019-12-11T17:58:01-08:00,0.13941425558873505,0.16227224520038097,0.03317009911017385
825,1576115920.0,-122.39344093960001,37.77676636356653,POINT (-122.39344093960001 37.77676636356653),ios,,2019-12-11T17:58:40-08:00,6.468031818403594,1.4559061104971613,-2.5243567656104267
826,1576115921.0,-122.3934895546384,37.776722693851006,POINT (-122.3934895546384 37.776722693851006),ios,,2019-12-11T17:58:41-08:00,7.923937928900755,-1.0684506551132653,0.6913898388348159
827,1576115922.0,-122.3935418577142,37.77666464917154,POINT (-122.3935418577142 37.77666464917154),ios,,2019-12-11T17:58:42-08:00,6.85548727378749,-0.37706081627844945,-1.9390599749986928
828,1576115923.0,-122.39357915718331,37.776610502077055,POINT (-122.39357915718331 37.776610502077055),ios,,2019-12-11T17:58:43-08:00,6.47842645750904,-2.316120791277142,2.353265502494409
829,1576115924.0,-122.39361184660568,37.7765582828203,POINT (-122.39361184660568 37.7765582828203),ios,,2019-12-11T17:58:44-08:00,4.162305666231898,0.037144711217266924,-1.9805698262441598
830,1576115925.0,-122.39363414246812,37.7765252581218,POINT (-122.39363414246812 37.7765252581218),ios,,2019-12-11T17:58:45-08:00,4.199450377449165,-1.9434251150268929,8.9195539500436
831,1576115926.0,-122.39365870144441,37.77649286206604,POINT (-122.39365870144441 37.77649286206604),ios,,2019-12-11T17:58:46-08:00,2.256025262422272,6.976128835016707,-11.698473376073
832,1576115927.0,-122.39368242223038,37.77648510880561,POINT (-122.39368242223038 37.77648510880561),ios,,2019-12-11T17:58:47-08:00,9.232154097438979,-4.722344541056292,7.873351916472953
833,1576115928.0,-122.39376112830116,37.776430123520804,POINT (-122.39376112830116 37.776430123520804),ios,,2019-12-11T17:58:48-08:00,4.509809556382687,3.151007375416661,-6.313568564535869
834,1576115929.0,-122.39379683520868,37.77640099640728,POINT (-122.39379683520868 37.77640099640728),ios,,2019-12-11T17:58:49-08:00,7.660816931799348,-3.1625611891192076,1.707489124486448
835,1576115930.0,-122.39386556681468,37.77635862588675,POINT (-122.39386556681468 37.77635862588675),ios,,2019-12-11T17:58:50-08:00,4.498255742680141,-1.4550720646327595,1.4550724858571082
836,1576115931.0,-122.39390135754122,37.77632970832081,POINT (-122.39390135754122 37.77632970832081),ios,,2019-12-11T17:58:51-08:00,3.0431836780473813,4.2122434873448356e-07,-4.789683760719754e-09
837,1576115932.0,-122.39392729853944,37.77631158113884,POINT (-122.39392729853944 37.77631158113884),ios,,2019-12-11T17:58:52-08:00,3.04318409927173,4.164346649737638e-07,2.394652920401086e-09
838,1576115933.0,-122.39395323953768,37.77629345395687,POINT (-122.39395323953768 37.77629345395687),ios,,2019-12-11T17:58:53-08:00,3.043184515706395,4.188293178941649e-07,1.871341304138241e-09
839,1576115934.0,-122.3939791805359,37.7762753267749,POINT (-122.3939791805359 37.7762753267749),ios,,2019-12-11T17:58:54-08:00,3.043184934535713,4.2070065919830313e-07,-3.2197466914851702e-09
840,1576115935.0,-122.39400512153411,37.77625719959293,POINT (-122.39400512153411 37.77625719959293),ios,,2019-12-11T17:58:55-08:00,3.043185355236372,4.1748091250681796e-07,4.294567797424559
841,1576115936.0,-122.39403106253235,37.77623907241097,POINT (-122.39403106253235 37.77623907241097),ios,,2019-12-11T17:58:56-08:00,3.0431857727172846,4.294568214905471,inf
842,1576115937.0,-122.39405700353056,37.77622094522899,POINT (-122.39405700353056 37.77622094522899),ios,,2019-12-11T17:58:57-08:00,7.337753987622756,inf,-inf
843,1576115938.0,-122.39402281374957,37.776281148130025,POINT (-122.39402281374957 37.776281148130025),midpoint,"[<POINT (-122.394 37.776)>, <POINT (-122.394 37.776)>]",2019-12-11T17:58:58-08:00,inf,-inf,inf
844,1576115938.0,-122.39402268,37.776351893333334,POINT (-122.39402268 37.776351893333334),android,,2019-12-11T17:58:58-08:00,5.178900105576269,inf,-inf
845,1576115939.0,-122.39406595999999,37.77632028666667,POINT (-122.39406595999999 37.77632028666667),android,,2019-12-11T17:58:59-08:00,inf,-inf,inf
846,1576115939.0,-122.394024381001,37.776285778519835,POINT (-122.394024381001 37.776285778519835),midpoint,"[<POINT (-122.394 37.776)>, <POINT (-122.394 37.776)>]",2019-12-11T17:58:59-08:00,1.8815204425870793,-0.21782265352303187,0.30283966315295374
847,1576115940.0,-122.39404176949716,37.77629564865373,POINT (-122.39404176949716 37.77629564865373),midpoint,"[<POINT (-122.394 37.776)>, <POINT (-122.394 37.776)>]",2019-12-11T17:59:00-08:00,1.6636977890640474,0.08501700962992187,0.6251294780269485
849,1576115941.0,-122.39405950293292,37.77629041467614,POINT (-122.39405950293292 37.77629041467614),midpoint,"[<POINT (-122.394 37.776)>, <POINT (-122.394 37.776)>]",2019-12-11T17:59:01-08:00,1.7487147986939693,0.7101464876568704,0.6429243837927365
851,1576115942.0,-122.39407843633022,37.77628558040398,POINT (-122.39407843633022 37.77628558040398),midpoint,"[<POINT (-122.394 37.776)>, <POINT (-122.394 37.776)>]",2019-12-11T17:59:02-08:00,2.4588612863508397,1.353070871449607,1.7804046952100627
853,1576115943.0,-122.39410115366243,37.77627267417309,POINT (-122.39410115366243 37.77627267417309),midpoint,"[<POINT (-122.394 37.776)>, <POINT (-122.394 37.776)>]",2019-12-11T17:59:03-08:00,3.8119321578004466,3.1334755666596696,-4.832627417556944
854,1576115944.0,-122.39413138817395,37.776248095184116,POINT (-122.39413138817395 37.776248095184116),midpoint,"[<POINT (-122.394 37.776)>, <POINT (-122.394 37.776)>]",2019-12-11T17:59:04-08:00,6.945407724460116,-1.699151850897274,3.02456870342385
855,1576115945.0,-122.39418352207377,37.77620115459463,POINT (-122.39418352207377 37.77620115459463),midpoint,"[<POINT (-122.394 37.776)>, <POINT (-122.394 37.776)>]",2019-12-11T17:59:05-08:00,5.246255873562842,1.3254168525265762,-1.4767588666111724
856,1576115946.0,-122.39422375693155,37.776166302750894,POINT (-122.39422375693155 37.776166302750894),midpoint,"[<POINT (-122.394 37.776)>, <POINT (-122.394 37.776)>]",2019-12-11T17:59:06-08:00,6.571672726089418,-0.15134201408459624,-0.3244528422828594
857,1576115947.0,-122.39427446153655,37.77612286699146,POINT (-122.39427446153655 37.77612286699146),midpoint,"[<POINT (-122.394 37.776)>, <POINT (-122.394 37.776)>]",2019-12-11T17:59:07-08:00,6.420330712004822,-0.47579485636745567,-0.10271887441533423
858,1576115948.0,-122.39432571533655,37.77608172509781,POINT (-122.39432571533655 37.77608172509781),midpoint,"[<POINT (-122.394 37.776)>, <POINT (-122.394 37.776)>]",2019-12-11T17:59:08-08:00,5.944535855637366,-0.5785137307827899,0.8766230866805476
859,1576115949.0,-122.39437233044706,37.77604298928212,POINT (-122.39437233044706 37.77604298928212),midpoint,"[<POINT (-122.394 37.776)>, <POINT (-122.394 37.776)>]",2019-12-11T17:59:09-08:00,5.3660221248545765,0.29810935589775767,-5.962240836650092
860,1576115950.0,-122.39441595219097,37.77600922532285,POINT (-122.39441595219097 37.77600922532285),midpoint,"[<POINT (-122.395 37.776)>, <POINT (-122.394 37.776)>]",2019-12-11T17:59:10-08:00,5.664131480752334,-5.664131480752334,5.664131480752334
861,1576115951.0,-122.39446632201901,37.77597744970682,POINT (-122.39446632201901 37.77597744970682),midpoint,"[<POINT (-122.395 37.776)>, <POINT (-122.394 37.776)>]",2019-12-11T17:59:11-08:00,0.0,0.0,0.0
