,ts,longitude,latitude,geometry,source,matching,fmt_time,speed,acceleration,jerk
0,1564017258.0,-122.39057761723296,37.79095430568136,POINT (-122.39057761723296 37.79095430568136),ios,,2019-07-24T18:14:18-07:00,2.1523911273061627,-0.01181533797564908,0.0013066500388317455
28,1564017297.0,-122.3896741673475,37.79070900271739,POINT (-122.3896741673475 37.79070900271739),ios,,2019-07-24T18:14:57-07:00,1.6915929462558486,0.039144013538789,0.2502692057184227
52,1564017321.0,-122.3899772,37.7904334,POINT (-122.3899772 37.7904334),android,,2019-07-24T18:15:21-07:00,2.6310492711867846,6.045604950780934,-10.642869775250762
53,1564017322.0,-122.3899475,37.7904364,POINT (-122.3899475 37.7904364),android,,2019-07-24T18:15:22-07:00,8.676654221967718,-4.597264824469828,6.745136816749431
54,1564017323.0,-122.3898614,37.7903982,POINT (-122.3898614 37.7903982),android,,2019-07-24T18:15:23-07:00,4.07938939749789,2.147871992279603,-4.6445775053362155
55,1564017324.0,-122.3898178,37.7903856,POINT (-122.3898178 37.7903856),android,,2019-07-24T18:15:24-07:00,6.227261389777492,-2.496705513056613,1.6349656347121724
56,1564017325.0,-122.3897533,37.7903624,POINT (-122.3897533 37.7903624),android,,2019-07-24T18:15:25-07:00,3.7305558767208793,-0.8617398783444408,-0.9157140347947759
57,1564017326.0,-122.3897152,37.7903476,POINT (-122.3897152 37.7903476),android,,2019-07-24T18:15:26-07:00,2.8688159983764385,-1.7774539131392166,1.5024182085417292
58,1564017327.0,-122.389687,37.7903346,POINT (-122.389687 37.7903346),android,,2019-07-24T18:15:27-07:00,1.091362085237222,-0.2750357045974874,2.1199333956227826
59,1564017328.0,-122.3896815,37.7903258,POINT (-122.3896815 37.7903258),android,,2019-07-24T18:15:28-07:00,0.8163263806397345,1.8448976910252952,1.130179459935857
60,1564017329.0,-122.3896787,37.7903188,POINT (-122.3896787 37.7903188),android,,2019-07-24T18:15:29-07:00,2.6612240716650297,2.975077150961152,15.235433289783135
61,1564017330.0,-122.3896549,37.790304,POINT (-122.3896549 37.790304),android,,2019-07-24T18:15:30-07:00,5.636301222626182,18.210510440744287,-34.94976514144774
62,1564017331.0,-122.3896003,37.7902774,POINT (-122.3896003 37.7902774),android,,2019-07-24T18:15:31-07:00,23.84681166337047,-16.739254700703455,23.93087570909927
63,1564017332.0,-122.3894216,37.790116,POINT (-122.3894216 37.790116),android,,2019-07-24T18:15:32-07:00,7.107556962667014,7.191621008395814,-12.873550147090164
64,1564017333.0,-122.3893679,37.7900682,POINT (-122.3893679 37.7900682),android,,2019-07-24T18:15:33-07:00,14.299177971062829,-5.681929138694349,0.7880315016967732
65,1564017334.0,-122.3892574,37.7899738,POINT (-122.3892574 37.7899738),android,,2019-07-24T18:15:34-07:00,8.61724883236848,-4.8938976369975755,5.599740682337779
66,1564017335.0,-122.3892332,37.7898987,POINT (-122.3892332 37.7898987),android,,2019-07-24T18:15:35-07:00,3.7233511953709044,0.7058430453402031,-1.7823351804970426
70,1564017339.0,-122.3890638,37.7898944,POINT (-122.3890638 37.7898944),android,,2019-07-24T18:15:39-07:00,6.546723376731717,-6.423497676647967,6.663145189314665
71,1564017340.0,-122.3889984,37.7898662,POINT (-122.3889984 37.7898662),android,,2019-07-24T18:15:40-07:00,0.12322570008374951,0.23964751266669823,0.0525345287888709
109,1564017378.0,-122.389013,37.7898257,POINT (-122.389013 37.7898257),android,,2019-07-24T18:16:18-07:00,9.229831181418282,2.2359596066437923,-2.235957844737891
110,1564017379.0,-122.38893833680379,37.789884082779196,POINT (-122.38893833680379 37.789884082779196),ios,,2019-07-24T18:16:19-07:00,11.465790788062074,1.7619059011764193e-06,-1.1715357572938956e-09
111,1564017380.0,-122.38889368319036,37.789787194629014,POINT (-122.38889368319036 37.789787194629014),ios,,2019-07-24T18:16:20-07:00,11.465792549967976,1.7607343654191254e-06,-7.11020302781427
112,1564017381.0,-122.38884902957692,37.789690306478825,POINT (-122.38884902957692 37.789690306478825),ios,,2019-07-24T18:16:21-07:00,11.465794310702341,-7.110201267079905,6.8648393972296695
113,1564017382.0,-122.38880437596347,37.789593418328636,POINT (-122.38880437596347 37.789593418328636),ios,,2019-07-24T18:16:22-07:00,4.355593043622436,-0.24536186985023534,2.498449291634482
114,1564017383.0,-122.38878741307873,37.78955661274004,POINT (-122.38878741307873 37.78955661274004),ios,,2019-07-24T18:16:23-07:00,4.110231173772201,2.2530874217842465,-5.234743518432564
115,1564017384.0,-122.3888329,37.789548,POINT (-122.3888329 37.789548),android,,2019-07-24T18:16:24-07:00,6.363318595556447,-2.9816560966483183,35.041425808693894
116,1564017385.0,-122.3887857,37.7895046,POINT (-122.3887857 37.7895046),android,,2019-07-24T18:16:25-07:00,3.381662498908129,32.05976971204558,-59.00513547375441
117,1564017386.0,-122.3887824,37.7894743,POINT (-122.3887824 37.7894743),android,,2019-07-24T18:16:26-07:00,35.44143221095371,-26.945365761708832,26.94536797582585
118,1564017387.0,-122.38856144774095,37.78920765205852,POINT (-122.38856144774095 37.78920765205852),ios,,2019-07-24T18:16:27-07:00,8.496066449244875,2.2141170177292224e-06,-6.62135235529604e-10
119,1564017388.0,-122.388508351878,37.78914379774827,POINT (-122.388508351878 37.78914379774827),ios,,2019-07-24T18:16:28-07:00,8.496068663361893,2.213454882493693e-06,1.3697203371521027e-09
120,1564017389.0,-122.38845525601506,37.789079943438004,POINT (-122.38845525601506 37.789079943438004),ios,,2019-07-24T18:16:29-07:00,8.496070876816775,2.214824602830845e-06,-6.876295088886764e-10
121,1564017390.0,-122.38840216015214,37.78901608912774,POINT (-122.38840216015214 37.78901608912774),ios,,2019-07-24T18:16:30-07:00,8.496073091641378,2.2141369733219562e-06,-5.947658008761357
122,1564017391.0,-122.3883490642892,37.78895223481748,POINT (-122.3883490642892 37.78895223481748),ios,,2019-07-24T18:16:31-07:00,8.496075305778351,-5.947655794624383,4.926884461555234
123,1564017392.0,-122.38829596842626,37.78888838050722,POINT (-122.38829596842626 37.78888838050722),ios,,2019-07-24T18:16:32-07:00,2.5484195111539685,-1.0207713330691492,1.0207714425871464
124,1564017393.0,-122.3882747205034,37.78887278254107,POINT (-122.3882747205034 37.78887278254107),ios,,2019-07-24T18:16:33-07:00,1.5276481780848192,1.095179971155602e-07,8.661644734786478e-10
125,1564017394.0,-122.38826018055532,37.7888652517402,POINT (-122.38826018055532 37.7888652517402),ios,,2019-07-24T18:16:34-07:00,1.5276482876028163,1.1038416158903885e-07,-2.521993280879542e-09
126,1564017395.0,-122.38824564060722,37.78885772093933,POINT (-122.38824564060722 37.78885772093933),ios,,2019-07-24T18:16:35-07:00,1.527648397986978,1.0786216830815931e-07,-1.532107773982716e-14
127,1564017396.0,-122.38823110065911,37.78885019013846,POINT (-122.38823110065911 37.78885019013846),ios,,2019-07-24T18:16:36-07:00,1.5276485058491462,1.0786215298708157e-07,-0.11328211974785196
128,1564017397.0,-122.38821656071102,37.78884265933759,POINT (-122.38821656071102 37.78884265933759),ios,,2019-07-24T18:16:37-07:00,1.5276486137112992,-0.11328201188569897,-0.5953040554311312
129,1564017398.0,-122.38820202076293,37.78883512853672,POINT (-122.38820202076293 37.78883512853672),ios,,2019-07-24T18:16:38-07:00,1.4143666018256003,-0.7085860673168302,33.095250164434766
130,1564017399.0,-122.38819562490943,37.78882345621415,POINT (-122.38819562490943 37.78882345621415),ios,,2019-07-24T18:16:39-07:00,0.7057805345087701,32.38666409711794,-64.59897391612625
131,1564017400.0,-122.38819381684044,37.788817271899866,POINT (-122.38819381684044 37.788817271899866),ios,,2019-07-24T18:16:40-07:00,33.092444631626705,-32.212309819008325,32.74748691239166
132,1564017401.0,-122.3882164,37.7885202,POINT (-122.3882164 37.7885202),android,,2019-07-24T18:16:41-07:00,0.8801348126183774,0.5351770933833341,-0.2703432217679574
135,1564017404.0,-122.3881867,37.7885238,POINT (-122.3881867 37.7885238),android,,2019-07-24T18:16:44-07:00,2.48566609276838,-0.275852571920538,0.9767679121876283
136,1564017405.0,-122.3881691,37.7885063,POINT (-122.3881691 37.7885063),android,,2019-07-24T18:16:45-07:00,2.2098135208478418,0.7009153402670902,-0.8469705906116127
137,1564017406.0,-122.388159,37.7884881,POINT (-122.388159 37.7884881),android,,2019-07-24T18:16:46-07:00,2.910728861114932,-0.1460552503445225,-0.7076603906299499
138,1564017407.0,-122.3881646,37.7884623,POINT (-122.3881646 37.7884623),android,,2019-07-24T18:16:47-07:00,2.7646736107704095,-0.8537156409744724,1.5662567475070612
139,1564017408.0,-122.3881682,37.7884376,POINT (-122.3881682 37.7884376),android,,2019-07-24T18:16:48-07:00,1.9109579697959371,0.7125411065325888,-0.30180614775054915
140,1564017409.0,-122.3881617,37.7884212,POINT (-122.3881617 37.7884212),android,,2019-07-24T18:16:49-07:00,2.623499076328526,0.4107349587820397,-1.4519872333092005
141,1564017410.0,-122.3881794,37.7884022,POINT (-122.3881794 37.7884022),android,,2019-07-24T18:16:50-07:00,3.0342340351105657,-1.0412522745271608,0.7286373590262516
142,1564017411.0,-122.3882016,37.7883813,POINT (-122.3882016 37.7883813),android,,2019-07-24T18:16:51-07:00,1.9929817605834048,-0.31261491550090925,0.6051355694885312
143,1564017412.0,-122.3882065,37.7883638,POINT (-122.3882065 37.7883638),android,,2019-07-24T18:16:52-07:00,1.6803668450824956,0.29252065398762195,0.7222163866176612
144,1564017413.0,-122.3882123,37.7883494,POINT (-122.3882123 37.7883494),android,,2019-07-24T18:16:53-07:00,1.9728874990701175,1.0147370406052831,-0.5672932268653035
145,1564017414.0,-122.388216,37.7883319,POINT (-122.388216 37.7883319),android,,2019-07-24T18:16:54-07:00,2.9876245396754006,0.44744381373997966,-1.1609215114430045
146,1564017415.0,-122.3882198,37.7883052,POINT (-122.3882198 37.7883052),android,,2019-07-24T18:16:55-07:00,3.4350683534153803,-0.7134776977030248,5.041035365858598
147,1564017416.0,-122.3882413,37.7882794,POINT (-122.3882413 37.7882794),android,,2019-07-24T18:16:56-07:00,2.7215906557123555,4.327557668155572,-2.947071376414116
151,1564017420.0,-122.3881182402194,37.788290677432435,POINT (-122.3881182402194 37.788290677432435),ios,,2019-07-24T18:17:00-07:00,20.031821328334644,-7.460727837500892,3.6588362643755072
152,1564017421.0,-122.38805036515176,37.78811869804288,POINT (-122.38805036515176 37.78811869804288),ios,,2019-07-24T18:17:01-07:00,12.571093490833752,-3.801891573125385,3.8018925133776946
153,1564017422.0,-122.38800776973999,37.78801077133037,POINT (-122.38800776973999 37.78801077133037),ios,,2019-07-24T18:17:02-07:00,8.769201917708367,9.402523097890025e-07,-7.476526064920108e-10
154,1564017423.0,-122.38797523777744,37.78793621633611,POINT (-122.38797523777744 37.78793621633611),ios,,2019-07-24T18:17:03-07:00,8.769202857960677,9.395046571825105e-07,1.9002239781684693e-09
155,1564017424.0,-122.3879427058149,37.78786166134184,POINT (-122.3879427058149 37.78786166134184),ios,,2019-07-24T18:17:04-07:00,8.769203797465334,9.41404881160679e-07,-1.5618706328268672e-09
156,1564017425.0,-122.38791017385235,37.78778710634759,POINT (-122.38791017385235 37.78778710634759),ios,,2019-07-24T18:17:05-07:00,8.769204738870215,9.398430105278521e-07,4.063789305064347e-10
157,1564017426.0,-122.38787764188979,37.78771255135332,POINT (-122.38787764188979 37.78771255135332),ios,,2019-07-24T18:17:06-07:00,8.769205678713226,9.402493894583586e-07,2.6914556829537695
158,1564017427.0,-122.38784510992724,37.78763799635906,POINT (-122.38784510992724 37.78763799635906),ios,,2019-07-24T18:17:07-07:00,8.769206618962615,2.691456623203159,-5.766764533154337
159,1564017428.0,-122.3878125779647,37.787563441364796,POINT (-122.3878125779647 37.787563441364796),ios,,2019-07-24T18:17:08-07:00,11.460663242165774,-3.075307909951178,3.075307951548309
160,1564017429.0,-122.38780717720803,37.78746046155627,POINT (-122.38780717720803 37.78746046155627),ios,,2019-07-24T18:17:09-07:00,8.385355332214596,4.1597131072990123e-08,1.2249667946662157e-09
161,1564017430.0,-122.38781388738451,37.787385236930035,POINT (-122.38781388738451 37.787385236930035),ios,,2019-07-24T18:17:10-07:00,8.385355373811727,4.282209786765634e-08,-1.2250236380850765e-09
162,1564017431.0,-122.38782059756102,37.787310012303806,POINT (-122.38782059756102 37.787310012303806),ios,,2019-07-24T18:17:11-07:00,8.385355416633825,4.159707422957126e-08,5.246540979442216e-10
163,1564017432.0,-122.3878273077375,37.78723478767757,POINT (-122.3878273077375 37.78723478767757),ios,,2019-07-24T18:17:12-07:00,8.3853554582309,4.2121728327515484e-08,2.557165216691482
164,1564017433.0,-122.387834017914,37.78715956305134,POINT (-122.387834017914 37.78715956305134),ios,,2019-07-24T18:17:13-07:00,8.385355500352627,2.5571652588132103,-12.197983936314108
165,1564017434.0,-122.3878407280905,37.78708433842511,POINT (-122.3878407280905 37.78708433842511),ios,,2019-07-24T18:17:14-07:00,10.942520759165838,-9.640818677500897,15.0471448876513
166,1564017435.0,-122.38796015134363,37.78705646813474,POINT (-122.38796015134363 37.78705646813474),ios,,2019-07-24T18:17:15-07:00,1.3017020816649403,5.406326210150401,-5.406326176138006
167,1564017436.0,-122.38797436062315,37.78705316054131,POINT (-122.38797436062315 37.78705316054131),ios,,2019-07-24T18:17:16-07:00,6.708028291815341,3.401239467848427e-08,-4.907416695232314e-10
168,1564017437.0,-122.38796836141337,37.786993020387484,POINT (-122.38796836141337 37.786993020387484),ios,,2019-07-24T18:17:17-07:00,6.708028325827736,3.352165300896104e-08,9.812683998688954e-11
169,1564017438.0,-122.38796236220355,37.78693288023366,POINT (-122.38796236220355 37.78693288023366),ios,,2019-07-24T18:17:18-07:00,6.708028359349389,3.361977984894793e-08,1.9627055536375337e-10
170,1564017439.0,-122.38795636299376,37.78687274007983,POINT (-122.38795636299376 37.78687274007983),ios,,2019-07-24T18:17:19-07:00,6.708028392969169,3.381605040431168e-08,9.812772816530924e-11
171,1564017440.0,-122.38795036378399,37.786812599926,POINT (-122.38795036378399 37.786812599926),ios,,2019-07-24T18:17:20-07:00,6.708028426785219,3.391417813247699e-08,-3.9260061868162666e-10
172,1564017441.0,-122.3879443645742,37.786752459772174,POINT (-122.3879443645742 37.786752459772174),ios,,2019-07-24T18:17:21-07:00,6.708028460699397,3.3521577513795364e-08,1.9627233172059277e-10
173,1564017442.0,-122.38793836536438,37.786692319618346,POINT (-122.38793836536438 37.786692319618346),ios,,2019-07-24T18:17:22-07:00,6.708028494220975,3.371784984551596e-08,9.812950452214864e-11
174,1564017443.0,-122.38793236615459,37.78663217946452,POINT (-122.38793236615459 37.78663217946452),ios,,2019-07-24T18:17:23-07:00,6.708028527938825,3.3815979350038106e-08,-1.9631229974947928e-10
175,1564017444.0,-122.3879263669448,37.78657203931069,POINT (-122.3879263669448 37.78657203931069),ios,,2019-07-24T18:17:24-07:00,6.708028561754804,3.3619667050288626e-08,9.812950452214864e-11
176,1564017445.0,-122.38792036773499,37.786511899156864,POINT (-122.38792036773499 37.786511899156864),ios,,2019-07-24T18:17:25-07:00,6.708028595374471,3.3717796554810775e-08,-1.865174681370263e-14
177,1564017446.0,-122.3879143685252,37.786451759003036,POINT (-122.3879143685252 37.786451759003036),ios,,2019-07-24T18:17:26-07:00,6.708028629092268,3.371777790306396e-08,41.75961596599371
178,1564017447.0,-122.38790836931541,37.78639161884921,POINT (-122.38790836931541 37.78639161884921),ios,,2019-07-24T18:17:27-07:00,6.708028662810046,41.759615999711485,-81.50129336606241
179,1564017448.0,-122.38790237010562,37.78633147869538,POINT (-122.38790237010562 37.78633147869538),ios,,2019-07-24T18:17:28-07:00,48.46764466252153,-39.741677366350935,40.80222845568584
180,1564017449.0,-122.3881359,37.7859366,POINT (-122.3881359 37.7859366),android,,2019-07-24T18:17:29-07:00,8.725967296170595,1.0605510893349095,2.7269088805997175
181,1564017450.0,-122.3881203,37.7858591,POINT (-122.3881203 37.7858591),android,,2019-07-24T18:17:30-07:00,9.786518385505504,3.787459969934627,-6.537800928509439
182,1564017451.0,-122.3880736,37.7857792,POINT (-122.3880736 37.7857792),android,,2019-07-24T18:17:31-07:00,13.573978355440131,-2.750340958574812,0.22091811474288292
183,1564017452.0,-122.3881221,37.7856633,POINT (-122.3881221 37.7856633),android,,2019-07-24T18:17:32-07:00,10.823637396865319,-2.529422843831929,3.8250841715623825
184,1564017453.0,-122.3881256,37.785566,POINT (-122.3881256 37.785566),android,,2019-07-24T18:17:33-07:00,8.29421455303339,1.2956613277304534,-4.325161844229945
185,1564017454.0,-122.3880849,37.7854987,POINT (-122.3880849 37.7854987),android,,2019-07-24T18:17:34-07:00,9.589875880763843,-3.0295005164994917,4.439561692798323
186,1564017455.0,-122.3880767,37.7854127,POINT (-122.3880767 37.7854127),android,,2019-07-24T18:17:35-07:00,6.560375364264352,1.4100611762988313,3.040456515854294
187,1564017456.0,-122.3880381,37.7853622,POINT (-122.3880381 37.7853622),android,,2019-07-24T18:17:36-07:00,7.970436540563183,4.4505176921531255,-7.407100000064887
188,1564017457.0,-122.38807,37.7852951,POINT (-122.38807 37.7852951),android,,2019-07-24T18:17:37-07:00,12.420954232716308,-2.956582307911761,4.186865687293384
189,1564017458.0,-122.3881376,37.785197,POINT (-122.3881376 37.785197),android,,2019-07-24T18:17:38-07:00,9.464371924804547,1.230283379381623,-1.4570756872726331
190,1564017459.0,-122.3881432,37.785112,POINT (-122.3881432 37.785112),android,,2019-07-24T18:17:39-07:00,10.69465530418617,-0.22679230789101013,-0.8879239024205781
191,1564017460.0,-122.388102,37.7850215,POINT (-122.388102 37.7850215),android,,2019-07-24T18:17:40-07:00,10.46786299629516,-1.1147162103115882,0.9685286703859841
192,1564017461.0,-122.3881135,37.7849278,POINT (-122.3881135 37.7849278),android,,2019-07-24T18:17:41-07:00,9.353146785983572,-0.14618753992560407,-2.892990240828821
193,1564017462.0,-122.3880773,37.7848487,POINT (-122.3880773 37.7848487),android,,2019-07-24T18:17:42-07:00,9.206959246057968,-3.039177780754425,9.904811044256109
194,1564017463.0,-122.3881057,37.784769,POINT (-122.3881057 37.784769),android,,2019-07-24T18:17:43-07:00,6.167781465303543,6.8656332635016835,-7.438881594369757
195,1564017464.0,-122.3880784,37.7847179,POINT (-122.3880784 37.7847179),android,,2019-07-24T18:17:44-07:00,13.033414728805226,-0.5732483308680738,-4.421118530492005
196,1564017465.0,-122.3881576,37.7846188,POINT (-122.3881576 37.7846188),android,,2019-07-24T18:17:45-07:00,12.460166397937153,-4.994366861360079,5.614853537637597
197,1564017466.0,-122.3882419,37.7845287,POINT (-122.3882419 37.7845287),android,,2019-07-24T18:17:46-07:00,7.465799536577074,0.6204866762775181,-0.49403643116340934
198,1564017467.0,-122.38826,37.7844631,POINT (-122.38826 37.7844631),android,,2019-07-24T18:17:47-07:00,8.086286212854592,0.12645024511410874,-0.7228745072333531
199,1564017468.0,-122.3883025,37.7843986,POINT (-122.3883025 37.7843986),android,,2019-07-24T18:17:48-07:00,8.2127364579687,-0.5964242621192444,2.365805251304506
200,1564017469.0,-122.3882603,37.7843327,POINT (-122.3882603 37.7843327),android,,2019-07-24T18:17:49-07:00,7.616312195849456,1.7693809891852617,-3.4925080176776424
201,1564017470.0,-122.3882717,37.7842648,POINT (-122.3882717 37.7842648),android,,2019-07-24T18:17:50-07:00,9.385693185034718,-1.7231270284923808,0.6791642983101474
202,1564017471.0,-122.3883119,37.7841866,POINT (-122.3883119 37.7841866),android,,2019-07-24T18:17:51-07:00,7.662566156542337,-1.0439627301822334,1.6462510708051026
203,1564017472.0,-122.3883225,37.7841182,POINT (-122.3883225 37.7841182),android,,2019-07-24T18:17:52-07:00,6.618603426360104,0.6022883406228692,-2.830404153150339
204,1564017473.0,-122.3883364,37.7840597,POINT (-122.3883364 37.7840597),android,,2019-07-24T18:17:53-07:00,7.220891766982973,-2.22811581252747,1.720707629225708
205,1564017474.0,-122.388353,37.7839961,POINT (-122.388353 37.7839961),android,,2019-07-24T18:17:54-07:00,4.992775954455503,-0.5074081833017621,0.12307237414194638
206,1564017475.0,-122.3883534,37.7839512,POINT (-122.3883534 37.7839512),android,,2019-07-24T18:17:55-07:00,4.485367771153741,-0.3843358091598157,0.694067430900402
207,1564017476.0,-122.3883609,37.7839113,POINT (-122.3883609 37.7839113),android,,2019-07-24T18:17:56-07:00,4.101031961993925,0.3097316217405863,-2.63168037318791
208,1564017477.0,-122.388364,37.7838745,POINT (-122.388364 37.7838745),android,,2019-07-24T18:17:57-07:00,4.410763583734512,-2.321948751447324,2.5739447058263627
209,1564017478.0,-122.3883686,37.783835,POINT (-122.3883686 37.783835),android,,2019-07-24T18:17:58-07:00,2.088814832287188,0.2519959543790389,-1.2423236633248416
210,1564017479.0,-122.3883618,37.783817,POINT (-122.3883618 37.783817),android,,2019-07-24T18:17:59-07:00,2.3408107866662267,-0.9903277089458027,0.796305259499916
211,1564017480.0,-122.3883506,37.7837979,POINT (-122.3883506 37.7837979),android,,2019-07-24T18:18:00-07:00,1.350483077720424,-0.19402244944588665,-0.002678124072196919
212,1564017481.0,-122.3883559,37.7837865,POINT (-122.3883559 37.7837865),android,,2019-07-24T18:18:01-07:00,1.1564606282745373,-0.19670057351808357,22.930482506287753
213,1564017482.0,-122.3883558,37.7837761,POINT (-122.3883558 37.7837761),android,,2019-07-24T18:18:02-07:00,0.9597600547564538,22.73378193276967,-25.59323241368612
214,1564017483.0,-122.3883517,37.7837681,POINT (-122.3883517 37.7837681),android,,2019-07-24T18:18:03-07:00,23.693541987526125,-2.8594504809164505,-4.437610493005586
215,1564017484.0,-122.38810167828271,37.783688362677765,POINT (-122.38810167828271 37.783688362677765),ios,,2019-07-24T18:18:04-07:00,20.834091506609674,-7.2970609739220365,1.0001773677939667
216,1564017485.0,-122.38808113907939,37.78350170169356,POINT (-122.38808113907939 37.78350170169356),ios,,2019-07-24T18:18:05-07:00,13.537030532687638,-6.29688360612807,8.925657110088299
217,1564017486.0,-122.38806773274287,37.783380422204075,POINT (-122.38806773274287 37.783380422204075),ios,,2019-07-24T18:18:06-07:00,7.240146926559568,2.628773503960229,-3.6804779745070437
218,1564017487.0,-122.3880605624964,37.78331555706895,POINT (-122.3880605624964 37.78331555706895),ios,,2019-07-24T18:18:07-07:00,9.868920430519797,-1.0517044705468148,-0.010218671108532362
219,1564017488.0,-122.38804826962735,37.7832273370947,POINT (-122.38804826962735 37.7832273370947),ios,,2019-07-24T18:18:08-07:00,8.817215959972982,-1.0619231416553472,-0.008848283401263757
220,1564017489.0,-122.38803700583401,37.78314854325767,POINT (-122.38803700583401 37.78314854325767),ios,,2019-07-24T18:18:09-07:00,7.755292818317635,-1.070771425056611,-0.016422310402252727
221,1564017490.0,-122.38802678360517,37.783079267733434,POINT (-122.38802678360517 37.783079267733434),ios,,2019-07-24T18:18:10-07:00,6.684521393261024,-1.0871937354588637,-0.01160448146715165
222,1564017491.0,-122.388017630686,37.783019589214355,POINT (-122.388017630686 37.783019589214355),ios,,2019-07-24T18:18:11-07:00,5.59732765780216,-1.0987982169260153,-0.0006687118078030352
223,1564017492.0,-122.38800890486631,37.78296972587652,POINT (-122.38800890486631 37.78296972587652),ios,,2019-07-24T18:18:12-07:00,4.498529440876145,-1.0994669287338183,0.045961449060773596
224,1564017493.0,-122.38800003141806,37.78292988211263,POINT (-122.38800003141806 37.78292988211263),ios,,2019-07-24T18:18:13-07:00,3.3990625121423266,-1.0535054796730448,0.00464437459538769
225,1564017494.0,-122.3879920908428,37.78289996475071,POINT (-122.3879920908428 37.78289996475071),ios,,2019-07-24T18:18:14-07:00,2.345557032469282,-1.048861105077657,0.3929899049308674
226,1564017495.0,-122.38798506549777,37.782879614517555,POINT (-122.38798506549777 37.782879614517555),ios,,2019-07-24T18:18:15-07:00,1.2966959273916248,-0.6558712001467897,0.8149500583655626
227,1564017496.0,-122.38797894236764,37.78286900459019,POINT (-122.38797894236764 37.78286900459019),ios,,2019-07-24T18:18:16-07:00,0.6408247272448351,0.15907885821877285,0.0062641407392389865
283,1564017552.0,-122.3883868,37.7828848,POINT (-122.3883868 37.7828848),android,,2019-07-24T18:19:12-07:00,9.549240787496116,0.5098707396161561,0.20809499261276088
284,1564017553.0,-122.3883938,37.7827991,POINT (-122.3883938 37.7827991),android,,2019-07-24T18:19:13-07:00,10.059111527112272,0.717965732228917,-1.9597880243137809
285,1564017554.0,-122.3884136,37.78271,POINT (-122.3884136 37.78271),android,,2019-07-24T18:19:14-07:00,10.777077259341189,-1.2418222920848638,3.505530601045619
286,1564017555.0,-122.3884397,37.7826153,POINT (-122.3884397 37.7826153),android,,2019-07-24T18:19:15-07:00,9.535254967256325,2.263708308960755,-4.589800741362826
287,1564017556.0,-122.3884435,37.7825296,POINT (-122.3884435 37.7825296),android,,2019-07-24T18:19:16-07:00,11.79896327621708,-2.3260924324020706,1.2307234798683986
288,1564017557.0,-122.3884416,37.7824235,POINT (-122.3884416 37.7824235),android,,2019-07-24T18:19:17-07:00,9.47287084381501,-1.095368952533672,1.767048942882628
289,1564017558.0,-122.3884244,37.7823394,POINT (-122.3884244 37.7823394),android,,2019-07-24T18:19:18-07:00,8.377501891281337,0.6716799903489559,-1.347000096509836
290,1564017559.0,-122.3884358,37.7822646,POINT (-122.3884358 37.7822646),android,,2019-07-24T18:19:19-07:00,9.049181881630293,-0.6753201061608802,2.023470459750392
291,1564017560.0,-122.3884404,37.7821833,POINT (-122.3884404 37.7821833),android,,2019-07-24T18:19:20-07:00,8.373861775469413,1.3481503535895119,-1.086451694653391
292,1564017561.0,-122.3884455,37.7821081,POINT (-122.3884455 37.7821081),android,,2019-07-24T18:19:21-07:00,9.722012129058925,0.26169865893612076,-0.8726268174799916
293,1564017562.0,-122.3884425,37.7820207,POINT (-122.3884425 37.7820207),android,,2019-07-24T18:19:22-07:00,9.983710787995046,-0.6109281585438708,0.613954058886387
294,1564017563.0,-122.3884543,37.7819314,POINT (-122.3884543 37.7819314),android,,2019-07-24T18:19:23-07:00,9.372782629451175,0.0030259003425161524,-0.7509091462631723
295,1564017564.0,-122.3884428,37.7818476,POINT (-122.3884428 37.7818476),android,,2019-07-24T18:19:24-07:00,9.37580852979369,-0.7478832459206561,0.5915430221076523
296,1564017565.0,-122.3884557,37.7817639,POINT (-122.3884557 37.7817639),android,,2019-07-24T18:19:25-07:00,8.627925283873035,-0.15634022381300383,-0.044307139385088234
297,1564017566.0,-122.3884509,37.7816864,POINT (-122.3884509 37.7816864),android,,2019-07-24T18:19:26-07:00,8.47158506006003,-0.20064736319809207,-1.0128718160422574
298,1564017567.0,-122.3884555,37.7816103,POINT (-122.3884555 37.7816103),android,,2019-07-24T18:19:27-07:00,8.270937696861939,-1.2135191792403495,2.0062847444041383
299,1564017568.0,-122.3884729,37.7815372,POINT (-122.3884729 37.7815372),android,,2019-07-24T18:19:28-07:00,7.057418517621589,0.7927655651637888,1.7576645977485787
300,1564017569.0,-122.3884433,37.7814782,POINT (-122.3884433 37.7814782),android,,2019-07-24T18:19:29-07:00,7.850184082785378,2.5504301629123676,-4.8694525324759015
301,1564017570.0,-122.3884622,37.7814092,POINT (-122.3884622 37.7814092),android,,2019-07-24T18:19:30-07:00,10.400614245697746,-2.319022369563534,3.280063426001261
302,1564017571.0,-122.3884736,37.7813161,POINT (-122.3884736 37.7813161),android,,2019-07-24T18:19:31-07:00,8.081591876134212,0.9610410564377272,-2.701481438940138
303,1564017572.0,-122.3884779,37.7812435,POINT (-122.3884779 37.7812435),android,,2019-07-24T18:19:32-07:00,9.042632932571939,-1.7404403825024106,0.446602503213132
304,1564017573.0,-122.3885043,37.7811649,POINT (-122.3885043 37.7811649),android,,2019-07-24T18:19:33-07:00,7.302192550069528,-1.2938378792892786,-0.3779644916281759
305,1564017574.0,-122.3885423,37.7811065,POINT (-122.3885423 37.7811065),android,,2019-07-24T18:19:34-07:00,6.00835467078025,-1.6718023709174545,4.083802453507584
306,1564017575.0,-122.3885574,37.7810538,POINT (-122.3885574 37.7810538),android,,2019-07-24T18:19:35-07:00,4.336552299862795,2.4120000825901293,-3.3186290084011576
307,1564017576.0,-122.3885685,37.7810158,POINT (-122.3885685 37.7810158),android,,2019-07-24T18:19:36-07:00,6.7485523824529245,-0.9066289258110283,2.901944542748211
308,1564017577.0,-122.3885894,37.7809574,POINT (-122.3885894 37.7809574),android,,2019-07-24T18:19:37-07:00,5.841923456641896,1.9953156169371828,-3.569560495868653
309,1564017578.0,-122.3886426,37.7809259,POINT (-122.3886426 37.7809259),android,,2019-07-24T18:19:38-07:00,7.837239073579079,-1.57424487893147,0.65820568046197
310,1564017579.0,-122.3886383,37.7808555,POINT (-122.3886383 37.7808555),android,,2019-07-24T18:19:39-07:00,6.262994194647609,-0.9160391984695,2.9667939291573884
311,1564017580.0,-122.3886362,37.7807992,POINT (-122.3886362 37.7807992),android,,2019-07-24T18:19:40-07:00,5.346954996178109,2.0507547306878884,-4.519158274997891
312,1564017581.0,-122.3886649,37.7807568,POINT (-122.3886649 37.7807568),android,,2019-07-24T18:19:41-07:00,7.3977097268659975,-2.4684035443100028,5.065730400472113
313,1564017582.0,-122.3886951,37.7806947,POINT (-122.3886951 37.7806947),android,,2019-07-24T18:19:42-07:00,4.929306182555995,2.59732685616211,-6.007308341785746
314,1564017583.0,-122.3887425,37.780671,POINT (-122.3887425 37.780671),android,,2019-07-24T18:19:43-07:00,7.526633038718105,-3.4099814856236357,5.385978435647116
315,1564017584.0,-122.3887858,37.7806126,POINT (-122.3887858 37.7806126),android,,2019-07-24T18:19:44-07:00,4.116651553094469,1.9759969500234806,-2.2981251938729104
316,1564017585.0,-122.388808,37.78058,POINT (-122.388808 37.78058),android,,2019-07-24T18:19:45-07:00,6.09264850311795,-0.32212824384942973,0.730295985826797
317,1564017586.0,-122.388847,37.7805347,POINT (-122.388847 37.7805347),android,,2019-07-24T18:19:46-07:00,5.77052025926852,0.40816774197736727,-2.0290821952317932
318,1564017587.0,-122.3888938,37.7804983,POINT (-122.3888938 37.7804983),android,,2019-07-24T18:19:47-07:00,6.178688001245887,-1.620914453254426,8.206350741370528
319,1564017588.0,-122.3889418,37.7804577,POINT (-122.3889418 37.7804577),android,,2019-07-24T18:19:48-07:00,4.557773547991461,6.585436288116103,-6.58543261759022
320,1564017589.0,-122.3889058984398,37.78042812055542,POINT (-122.3889058984398 37.78042812055542),ios,,2019-07-24T18:19:49-07:00,11.143209836107564,3.670525883237019e-06,-2.0108892329062655e-09
321,1564017590.0,-122.3889739262482,37.78034355202016,POINT (-122.3889739262482 37.78034355202016),ios,,2019-07-24T18:19:50-07:00,11.143213506633447,3.668514994004113e-06,-2.8225916887838913
322,1564017591.0,-122.38904195405661,37.780258983484906,POINT (-122.38904195405661 37.780258983484906),ios,,2019-07-24T18:19:51-07:00,11.143217175148441,-2.8225880202688973,-1.4992162292665814
323,1564017592.0,-122.389109981865,37.780174414949656,POINT (-122.389109981865 37.780174414949656),ios,,2019-07-24T18:19:52-07:00,8.320629154879544,-4.321804249535479,4.321804814640598
324,1564017593.0,-122.38916386757101,37.780112888161305,POINT (-122.38916386757101 37.780112888161305),ios,,2019-07-24T18:19:53-07:00,3.998824905344066,5.651051191435386e-07,5.060343255536282e-10
325,1564017594.0,-122.38919132705398,37.780084213040936,POINT (-122.38919132705398 37.780084213040936),ios,,2019-07-24T18:19:54-07:00,3.998825470449185,5.656111534690922e-07,-6.302141031255815e-10
326,1564017595.0,-122.38921878653696,37.780055537920575,POINT (-122.38921878653696 37.780055537920575),ios,,2019-07-24T18:19:55-07:00,3.9988260360603385,5.649809393659666e-07,-2.2604140781368187e-13
327,1564017596.0,-122.38924624601994,37.780026862800206,POINT (-122.38924624601994 37.780026862800206),ios,,2019-07-24T18:19:56-07:00,3.998826601041278,5.649807133245588e-07,-2.519680272913785
328,1564017597.0,-122.38927370550292,37.77999818767984,POINT (-122.38927370550292 37.77999818767984),ios,,2019-07-24T18:19:57-07:00,3.998827166021991,-2.5196797079330717,2.5092393140398435
329,1564017598.0,-122.3893011649859,37.77996951255947,POINT (-122.3893011649859 37.77996951255947),ios,,2019-07-24T18:19:58-07:00,1.4791474580889195,-0.010440393893228261,0.010440468739246311
330,1564017599.0,-122.38931139438891,37.77995894924237,POINT (-122.38931139438891 37.77995894924237),ios,,2019-07-24T18:19:59-07:00,1.4687070641956912,7.484601804996771e-08,3.6638614364647992e-09
331,1564017600.0,-122.38932155209739,37.77994846079376,POINT (-122.38932155209739 37.77994846079376),ios,,2019-07-24T18:20:00-07:00,1.4687071390417092,7.850987948643251e-08,-2.2773749552840172e-09
332,1564017601.0,-122.38933170980583,37.77993797234516,POINT (-122.38933170980583 37.77993797234516),ios,,2019-07-24T18:20:01-07:00,1.4687072175515887,7.623250453114849e-08,2.1456196819258366e-09
333,1564017602.0,-122.3893418675143,37.77992748389656,POINT (-122.3893418675143 37.77992748389656),ios,,2019-07-24T18:20:02-07:00,1.4687072937840933,7.837812421307433e-08,-3.532152570429048e-09
334,1564017603.0,-122.38935202522276,37.779916995447955,POINT (-122.38935202522276 37.779916995447955),ios,,2019-07-24T18:20:03-07:00,1.4687073721622175,7.484597164264528e-08,3.6638641010000583e-09
335,1564017604.0,-122.38936218293124,37.779906506999346,POINT (-122.38936218293124 37.779906506999346),ios,,2019-07-24T18:20:04-07:00,1.4687074470081891,7.850983574364534e-08,-2.4091113548507792e-09
336,1564017605.0,-122.38937234063968,37.779896018550744,POINT (-122.38937234063968 37.779896018550744),ios,,2019-07-24T18:20:05-07:00,1.4687075255180249,7.610072438879456e-08,-0.6567602985531126
337,1564017606.0,-122.38938249834816,37.77988553010214,POINT (-122.38938249834816 37.77988553010214),ios,,2019-07-24T18:20:06-07:00,1.4687076016187492,-0.6567602224523882,3.0048191405941482
338,1564017607.0,-122.3893926560566,37.77987504165353,POINT (-122.3893926560566 37.77987504165353),ios,,2019-07-24T18:20:07-07:00,0.8119473791663611,2.34805891814176,-2.7784864436341374
339,1564017608.0,-122.38939827155448,37.77986924331219,POINT (-122.38939827155448 37.77986924331219),ios,,2019-07-24T18:20:08-07:00,3.160006297308121,-0.4304275254923775,8.796430106210241
340,1564017609.0,-122.38941398725913,37.7798436829716,POINT (-122.38941398725913 37.7798436829716),ios,,2019-07-24T18:20:09-07:00,2.7295787718157434,8.366002580717863,-16.902532023724163
341,1564017610.0,-122.38942755814345,37.77982160263057,POINT (-122.38942755814345 37.77982160263057),ios,,2019-07-24T18:20:10-07:00,11.095581352533607,-8.536529443006302,8.536529749189802
342,1564017611.0,-122.38954932349263,37.779795240914765,POINT (-122.38954932349263 37.779795240914765),ios,,2019-07-24T18:20:11-07:00,2.5590519095273048,3.0618349988742466e-07,3.976328155630426e-09
343,1564017612.0,-122.38957319269164,37.77978205982946,POINT (-122.38957319269164 37.77978205982946),ios,,2019-07-24T18:20:12-07:00,2.5590522157108047,3.101598280430551e-07,-7.047846750651843e-09
344,1564017613.0,-122.38959706189065,37.77976887874416,POINT (-122.38959706189065 37.77976887874416),ios,,2019-07-24T18:20:13-07:00,2.5590525258706327,3.0311198129240324e-07,5.000118985520885e-09
345,1564017614.0,-122.38962093108971,37.77975569765885,POINT (-122.38962093108971 37.77975569765885),ios,,2019-07-24T18:20:14-07:00,2.559052828982614,3.0811210027792413e-07,-2.5001694048398804e-09
346,1564017615.0,-122.38964480028872,37.77974251657355,POINT (-122.38964480028872 37.77974251657355),ios,,2019-07-24T18:20:15-07:00,2.5590531370947143,3.0561193087308425e-07,1.5949952469895834e-09
347,1564017616.0,-122.38966866948775,37.77972933548824,POINT (-122.38966866948775 37.77972933548824),ios,,2019-07-24T18:20:16-07:00,2.559053442706645,3.0720692612007383e-07,2.2719824315065305
348,1564017617.0,-122.38969253868676,37.779716154402934,POINT (-122.38969253868676 37.779716154402934),ios,,2019-07-24T18:20:17-07:00,2.5590537499135713,2.2719827387134566,-4.2570139148811705
349,1564017618.0,-122.38971640788579,37.77970297331763,POINT (-122.38971640788579 37.77970297331763),ios,,2019-07-24T18:20:18-07:00,4.831036488627028,-1.9850311761677135,1.9850311306683701
350,1564017619.0,-122.38976977256654,37.779692551077886,POINT (-122.38976977256654 37.779692551077886),ios,,2019-07-24T18:20:19-07:00,2.8460053124593143,-4.5499343404031833e-08,7.30553395555944e-11
351,1564017620.0,-122.3898021210872,37.779693734413954,POINT (-122.3898021210872 37.779693734413954),ios,,2019-07-24T18:20:20-07:00,2.846005266959971,-4.542628806447624e-08,-3.65294461346366e-11
352,1564017621.0,-122.38983446960786,37.779694917750014,POINT (-122.38983446960786 37.779694917750014),ios,,2019-07-24T18:20:21-07:00,2.846005221533683,-4.5462817510610876e-08,-8.881784197001252e-16
353,1564017622.0,-122.38986681812852,37.77969610108608,POINT (-122.38986681812852 37.77969610108608),ios,,2019-07-24T18:20:22-07:00,2.8460051760708653,-4.5462818398789295e-08,-2.186174584653077
354,1564017623.0,-122.38989916664919,37.77969728442215,POINT (-122.38989916664919 37.77969728442215),ios,,2019-07-24T18:20:23-07:00,2.846005130608047,-2.1861746301158953,2.107578518756045
355,1564017624.0,-122.38993151516985,37.779698467758216,POINT (-122.38993151516985 37.779698467758216),ios,,2019-07-24T18:20:24-07:00,0.6598305004921516,-0.07859611135985034,0.07859611758226481
356,1564017625.0,-122.38993616051867,37.779693805996345,POINT (-122.38993616051867 37.779693805996345),ios,,2019-07-24T18:20:25-07:00,0.5812343891323013,6.22241447256755e-09,1.5969846556274092e-09
357,1564017626.0,-122.38993897940374,37.7796890774209,POINT (-122.38993897940374 37.7796890774209),ios,,2019-07-24T18:20:26-07:00,0.5812343953547158,7.81939912819496e-09,-2.1293139473854694e-09
358,1564017627.0,-122.38994179828879,37.77968434884545,POINT (-122.38994179828879 37.77968434884545),ios,,2019-07-24T18:20:27-07:00,0.5812344031741149,5.69008518080949e-09,1.5969848776720141e-09
359,1564017628.0,-122.38994461717387,37.77967962027,POINT (-122.38994461717387 37.77967962027),ios,,2019-07-24T18:20:28-07:00,0.5812344088642001,7.287070058481504e-09,-1.0646572512484909e-09
360,1564017629.0,-122.38994743605892,37.779674891694555,POINT (-122.38994743605892 37.779674891694555),ios,,2019-07-24T18:20:29-07:00,0.5812344161512701,6.222412807233013e-09,5.323279594904307e-10
361,1564017630.0,-122.38995025494398,37.77967016311911,POINT (-122.38995025494398 37.77967016311911),ios,,2019-07-24T18:20:30-07:00,0.581234422373683,6.754740766723444e-09,5.32328514601943e-10
362,1564017631.0,-122.38995307382903,37.77966543454366,POINT (-122.38995307382903 37.77966543454366),ios,,2019-07-24T18:20:31-07:00,0.5812344291284237,7.287069281325387e-09,-5.323291807357577e-10
363,1564017632.0,-122.38995589271408,37.77966070596821,POINT (-122.38995589271408 37.77966070596821),ios,,2019-07-24T18:20:32-07:00,0.581234436415493,6.754740100589629e-09,-2.220446049250313e-16
364,1564017633.0,-122.38995871159915,37.779655977392764,POINT (-122.38995871159915 37.779655977392764),ios,,2019-07-24T18:20:33-07:00,0.5812344431702331,6.754739878545024e-09,-5.323292917580602e-10
365,1564017634.0,-122.38996153048421,37.779651248817316,POINT (-122.38996153048421 37.779651248817316),ios,,2019-07-24T18:20:34-07:00,0.581234449924973,6.222410586786964e-09,5.323284035796405e-10
366,1564017635.0,-122.38996434936928,37.77964652024187,POINT (-122.38996434936928 37.77964652024187),ios,,2019-07-24T18:20:35-07:00,0.5812344561473836,6.754738990366604e-09,5.323287366465479e-10
367,1564017636.0,-122.38996716825433,37.77964179166642,POINT (-122.38996716825433 37.77964179166642),ios,,2019-07-24T18:20:36-07:00,0.5812344629021226,7.287067727013152e-09,-1.064658472493818e-09
368,1564017637.0,-122.38996998713938,37.77963706309097,POINT (-122.38996998713938 37.77963706309097),ios,,2019-07-24T18:20:37-07:00,0.5812344701891903,6.222409254519334e-09,1.596986987095761e-09
369,1564017638.0,-122.38997280602445,37.779632334515526,POINT (-122.38997280602445 37.779632334515526),ios,,2019-07-24T18:20:38-07:00,0.5812344764115995,7.819396241615095e-09,-2.129316944987636e-09
370,1564017639.0,-122.3899756249095,37.77962760594008,POINT (-122.3899756249095 37.77962760594008),ios,,2019-07-24T18:20:39-07:00,0.5812344842309958,5.690079296627459e-09,1.0646579173823056e-09
371,1564017640.0,-122.38997844379458,37.77962287736463,POINT (-122.38997844379458 37.77962287736463),ios,,2019-07-24T18:20:40-07:00,0.5812344899210751,6.754737214009765e-09,5.323289586911528e-10
372,1564017641.0,-122.38998126267963,37.77961814878918,POINT (-122.38998126267963 37.77961814878918),ios,,2019-07-24T18:20:41-07:00,0.5812344966758123,7.287066172700918e-09,-0.42111365437017534
373,1564017642.0,-122.38998408156468,37.779613420213735,POINT (-122.38998408156468 37.779613420213735),ios,,2019-07-24T18:20:42-07:00,0.5812345039628785,-0.42111364708310917,0.8016103516441994
374,1564017643.0,-122.38998690044974,37.77960869163829,POINT (-122.38998690044974 37.77960869163829),ios,,2019-07-24T18:20:43-07:00,0.16012085687976932,0.3804967045610902,0.1430440049695666
375,1564017644.0,-122.38998767700771,37.779607388991,POINT (-122.38998767700771 37.779607388991),ios,,2019-07-24T18:20:44-07:00,0.5406175614408595,0.5235407095306568,-0.0249302611602277
396,1564017665.0,-122.39003635621138,37.77951281604569,POINT (-122.39003635621138 37.77951281604569),ios,,2019-07-24T18:21:05-07:00,11.534972461584651,5.225165875089033e-06,-6.059153179194254e-12
397,1564017666.0,-122.39012202878416,37.7794342275346,POINT (-122.39012202878416 37.7794342275346),ios,,2019-07-24T18:21:06-07:00,11.534977686750526,5.225159815935854e-06,8.091802783383173e-10
398,1564017667.0,-122.39020770135694,37.779355639023514,POINT (-122.39020770135694 37.779355639023514),ios,,2019-07-24T18:21:07-07:00,11.534982911910342,5.225968996214192e-06,-1.6365326871436991e-09
399,1564017668.0,-122.39029337392972,37.77927705051243,POINT (-122.39029337392972 37.77927705051243),ios,,2019-07-24T18:21:08-07:00,11.534988137879338,5.224332463527048e-06,-6.0609295360336546e-12
400,1564017669.0,-122.39037904650252,37.77919846200134,POINT (-122.39037904650252 37.77919846200134),ios,,2019-07-24T18:21:09-07:00,11.534993362211802,5.224326402597512e-06,-3.4469703560629217
401,1564017670.0,-122.3904647190753,37.77911987349025,POINT (-122.3904647190753 37.77911987349025),ios,,2019-07-24T18:21:10-07:00,11.534998586538205,-3.446965131736519,0.6253695040456009
402,1564017671.0,-122.39055039164806,37.779041284979165,POINT (-122.39055039164806 37.779041284979165),ios,,2019-07-24T18:21:11-07:00,8.088033454801685,-2.821595627690918,2.821596860535755
403,1564017672.0,-122.39061046294869,37.77898618083181,POINT (-122.39061046294869 37.77898618083181),ios,,2019-07-24T18:21:12-07:00,5.266437827110767,1.2328448368847944e-06,-3.817989480126016e-09
404,1564017673.0,-122.39065427113873,37.778953865498984,POINT (-122.39065427113873 37.778953865498984),ios,,2019-07-24T18:21:13-07:00,5.266439059955604,1.2290268474046684e-06,2.3645609914524357e-09
405,1564017674.0,-122.3906980793288,37.77892155016615,POINT (-122.3906980793288 37.77892155016615),ios,,2019-07-24T18:21:14-07:00,5.2664402889824515,1.2313914083961208e-06,-2.2007604627560795e-09
406,1564017675.0,-122.39074188751886,37.77888923483333,POINT (-122.39074188751886 37.77888923483333),ios,,2019-07-24T18:21:15-07:00,5.26644152037386,1.2291906479333647e-06,2.573457891230646e-09
407,1564017676.0,-122.39078569570893,37.778856919500505,POINT (-122.39078569570893 37.778856919500505),ios,,2019-07-24T18:21:16-07:00,5.266442749564508,1.2317641058245954e-06,-2.200762239112919e-09
408,1564017677.0,-122.39082950389897,37.778824604167674,POINT (-122.39082950389897 37.778824604167674),ios,,2019-07-24T18:21:17-07:00,5.266443981328614,1.2295633435854825e-06,3.7073145469281563
409,1564017678.0,-122.39087331208904,37.77879228883485,POINT (-122.39087331208904 37.77879228883485),ios,,2019-07-24T18:21:18-07:00,5.266445210891957,3.7073157764915,-11.348829515298647
410,1564017679.0,-122.3909171202791,37.77875997350203,POINT (-122.3909171202791 37.77875997350203),ios,,2019-07-24T18:21:19-07:00,8.973760987383457,-7.641513738807147,15.654571646079868
411,1564017680.0,-122.39098402367672,37.77869900833205,POINT (-122.39098402367672 37.77869900833205),ios,,2019-07-24T18:21:20-07:00,1.3322472485763108,8.01305790727272,-8.013054025297338
412,1564017681.0,-122.39099346500012,37.77868963477766,POINT (-122.39099346500012 37.77868963477766),ios,,2019-07-24T18:21:21-07:00,9.345305155849031,3.881975382924452e-06,1.5685941434639972e-10
413,1564017682.0,-122.39107136918447,37.77863243272128,POINT (-122.39107136918447 37.77863243272128),ios,,2019-07-24T18:21:22-07:00,9.345309037824414,3.882132242338798e-06,-1.6407497582804353e-10
414,1564017683.0,-122.39114927336884,37.778575230664906,POINT (-122.39114927336884 37.778575230664906),ios,,2019-07-24T18:21:23-07:00,9.345312919956656,3.88196816736297e-06,-1.6731966923089203e-09
415,1564017684.0,-122.3912271775532,37.778518028608524,POINT (-122.3912271775532 37.778518028608524),ios,,2019-07-24T18:21:24-07:00,9.345316801924824,3.880294970670661e-06,1.665982907184116e-09
416,1564017685.0,-122.39130508173758,37.77846082655215,POINT (-122.39130508173758 37.77846082655215),ios,,2019-07-24T18:21:25-07:00,9.345320682219795,3.8819609535778454e-06,-9.319468905798766
417,1564017686.0,-122.39138298592194,37.778403624495766,POINT (-122.39138298592194 37.778403624495766),ios,,2019-07-24T18:21:26-07:00,9.345324564180748,-9.319465023837813,9.32291203214137
418,1564017687.0,-122.3914608901063,37.77834642243939,POINT (-122.3914608901063 37.77834642243939),ios,,2019-07-24T18:21:27-07:00,0.025859540342934476,0.003447008303557193,-9.316242184771349e-05
455,1564017724.0,-122.39145408188283,37.77833970790773,POINT (-122.39145408188283 37.77833970790773),ios,,2019-07-24T18:22:04-07:00,0.1533988475745506,-1.3048082059263777e-09,2.819301098133664e-09
456,1564017725.0,-122.39145520859442,37.77833865429596,POINT (-122.39145520859442 37.77833865429596),ios,,2019-07-24T18:22:05-07:00,0.1533988462697424,1.5144928922072864e-09,-6.034185928704972e-10
457,1564017726.0,-122.39145633530599,37.77833760068419,POINT (-122.39145633530599 37.77833760068419),ios,,2019-07-24T18:22:06-07:00,0.1533988477842353,9.110742993367893e-10,-6.034185373593459e-10
458,1564017727.0,-122.39145746201756,37.77833654707241,POINT (-122.39145746201756 37.77833654707241),ios,,2019-07-24T18:22:07-07:00,0.1533988486953096,3.076557619774434e-10,2.8193012091559666e-09
459,1564017728.0,-122.39145858872912,37.77833549346064,POINT (-122.39145858872912 37.77833549346064),ios,,2019-07-24T18:22:08-07:00,0.15339884900296535,3.12695697113341e-09,-3.828346833989471e-09
460,1564017729.0,-122.39145971544069,37.77833443984887,POINT (-122.39145971544069 37.77833443984887),ios,,2019-07-24T18:22:09-07:00,0.15339885212992233,-7.013898628560611e-10,1.0090455415667776e-09
461,1564017730.0,-122.39146084215228,37.778333386237094,POINT (-122.39146084215228 37.778333386237094),ios,,2019-07-24T18:22:10-07:00,0.15339885142853246,3.0765567871071653e-10,1.2068371024742675e-09
462,1564017731.0,-122.39146196886385,37.77833233262532,POINT (-122.39146196886385 37.77833233262532),ios,,2019-07-24T18:22:11-07:00,0.15339885173618814,1.514492781184984e-09,2.028135992482305e-10
463,1564017732.0,-122.39146309557542,37.77833127901355,POINT (-122.39146309557542 37.77833127901355),ios,,2019-07-24T18:22:12-07:00,0.15339885325068092,1.7173063804332145e-09,-2.21588286608565e-09
464,1564017733.0,-122.39146422228698,37.778330225401774,POINT (-122.39146422228698 37.778330225401774),ios,,2019-07-24T18:22:13-07:00,0.1533988549679873,-4.985764856524355e-10,2.013069239081844e-09
465,1564017734.0,-122.39146534899857,37.77832917179,POINT (-122.39146534899857 37.77832917179),ios,,2019-07-24T18:22:14-07:00,0.15339885446941082,1.5144927534294084e-09,2.028135992482305e-10
466,1564017735.0,-122.39146647571013,37.77832811817823,POINT (-122.39146647571013 37.77832811817823),ios,,2019-07-24T18:22:15-07:00,0.15339885598390357,1.7173063526776389e-09,-2.2158828938412256e-09
467,1564017736.0,-122.3914676024217,37.778327064566454,POINT (-122.3914676024217 37.778327064566454),ios,,2019-07-24T18:22:16-07:00,0.15339885770120992,-4.985765411635867e-10,2.8193014312005715e-09
468,1564017737.0,-122.39146872913328,37.77832601095468,POINT (-122.39146872913328 37.77832601095468),ios,,2019-07-24T18:22:17-07:00,0.15339885720263338,2.3207248900369848e-09,-2.8193014867117228e-09
469,1564017738.0,-122.39146985584485,37.77832495734291,POINT (-122.39146985584485 37.77832495734291),ios,,2019-07-24T18:22:18-07:00,0.15339885952335827,-4.98576596674738e-10,2.013069239081844e-09
470,1564017739.0,-122.39147098255643,37.778323903731135,POINT (-122.39147098255643 37.778323903731135),ios,,2019-07-24T18:22:19-07:00,0.15339885902478168,1.514492642407106e-09,-6.034185373593459e-10
471,1564017740.0,-122.391472109268,37.778322850119366,POINT (-122.391472109268 37.778322850119366),ios,,2019-07-24T18:22:20-07:00,0.15339886053927432,9.1107410504776e-10,1.00904609667829e-09
472,1564017741.0,-122.39147323597956,37.77832179650759,POINT (-122.39147323597956 37.77832179650759),ios,,2019-07-24T18:22:21-07:00,0.15339886145034842,1.92012020172605e-09,-2.0180922211121555e-09
473,1564017742.0,-122.39147436269113,37.778320742895815,POINT (-122.39147436269113 37.778320742895815),ios,,2019-07-24T18:22:22-07:00,0.15339886337046862,-9.797201938610556e-11,1.0090460689227143e-09
474,1564017743.0,-122.39147548940272,37.77831968928405,POINT (-122.39147548940272 37.77831968928405),ios,,2019-07-24T18:22:23-07:00,0.1533988632724966,9.110740495366088e-10,-6.034184818481947e-10
475,1564017744.0,-122.39147661611429,37.77831863567227,POINT (-122.39147661611429 37.77831863567227),ios,,2019-07-24T18:22:24-07:00,0.15339886418357065,3.0765556768841407e-10,1.2068369636963894e-09
476,1564017745.0,-122.39147774282586,37.778317582060495,POINT (-122.39147774282586 37.778317582060495),ios,,2019-07-24T18:22:25-07:00,0.15339886449122622,1.5144925313848034e-09,1.0090462909673192e-09
477,1564017746.0,-122.39147886953742,37.77831652844873,POINT (-122.39147886953742 37.77831652844873),ios,,2019-07-24T18:22:26-07:00,0.15339886600571875,2.5235388223521227e-09,-3.828348082990374e-09
478,1564017747.0,-122.39147999624899,37.77831547483695,POINT (-122.39147999624899 37.77831547483695),ios,,2019-07-24T18:22:27-07:00,0.15339886852925758,-1.304809260638251e-09,2.8193017365119033e-09
479,1564017748.0,-122.39148112296058,37.778314421225176,POINT (-122.39148112296058 37.778314421225176),ios,,2019-07-24T18:22:28-07:00,0.15339886722444832,1.5144924758736522e-09,-6.034185096037703e-10
480,1564017749.0,-122.39148224967215,37.77831336761341,POINT (-122.39148224967215 37.77831336761341),ios,,2019-07-24T18:22:29-07:00,0.1533988687389408,9.110739662698819e-10,-6.034184263370435e-10
481,1564017750.0,-122.39148337638372,37.77831231400163,POINT (-122.39148337638372 37.77831231400163),ios,,2019-07-24T18:22:30-07:00,0.15339886965001476,3.0765553993283845e-10,2.81930181977863e-09
482,1564017751.0,-122.39148450309528,37.778311260389856,POINT (-122.39148450309528 37.778311260389856),ios,,2019-07-24T18:22:31-07:00,0.1533988699576703,3.1269573597114686e-09,-3.82834836054613e-09
483,1564017752.0,-122.39148562980685,37.77831020677809,POINT (-122.39148562980685 37.77831020677809),ios,,2019-07-24T18:22:32-07:00,0.15339887308462766,-7.013910008346613e-10,1.009046457500773e-09
484,1564017753.0,-122.39148675651845,37.77830915316631,POINT (-122.39148675651845 37.77830915316631),ios,,2019-07-24T18:22:33-07:00,0.15339887238323666,3.076554566661116e-10,-0.00016300453161358086
485,1564017754.0,-122.39148788323001,37.778308099554536,POINT (-122.39148788323001 37.778308099554536),ios,,2019-07-24T18:22:34-07:00,0.1533988726908921,-0.0001630042239581242,1.9877329408042885
486,1564017755.0,-122.39148900994158,37.77830704594277,POINT (-122.39148900994158 37.77830704594277),ios,,2019-07-24T18:22:35-07:00,0.153235868466934,1.9875699365803303,-1.9875697545375286
487,1564017756.0,-122.39149013545588,37.778305993450594,POINT (-122.39149013545588 37.778305993450594),ios,,2019-07-24T18:22:36-07:00,2.1408058050472643,1.8204280172184895e-07,-1.8528223399982835e-09
488,1564017757.0,-122.39150606621187,37.77829142902087,POINT (-122.39150606621187 37.77829142902087),ios,,2019-07-24T18:22:37-07:00,2.140805987090066,1.8018997938185066e-07,4.382298968153009e-10
489,1564017758.0,-122.3915219969679,37.77827686459114,POINT (-122.3915219969679 37.77827686459114),ios,,2019-07-24T18:22:38-07:00,2.1408061672800454,1.8062820927866596e-07,-0.0002649020091780585
490,1564017759.0,-122.3915379277239,37.77826230016141,POINT (-122.3915379277239 37.77826230016141),ios,,2019-07-24T18:22:39-07:00,2.1408063479082546,-0.00026472138096877984,6.81787132309659
491,1564017760.0,-122.39155385847992,37.77824773573168,POINT (-122.39155385847992 37.77824773573168),ios,,2019-07-24T18:22:40-07:00,2.140541626527286,6.817606601715621,-7.960002285358636
492,1564017761.0,-122.39156978726469,37.77823317310415,POINT (-122.39156978726469 37.77823317310415),ios,,2019-07-24T18:22:41-07:00,8.958148228242907,-1.1423956836430147,0.8083924111031697
493,1564017762.0,-122.39163566653882,37.77817169936063,POINT (-122.39163566653882 37.77817169936063),ios,,2019-07-24T18:22:42-07:00,7.815752544599892,-0.33400327253984496,-4.061850276387643
494,1564017763.0,-122.39169296873197,37.77811794777363,POINT (-122.39169296873197 37.77811794777363),ios,,2019-07-24T18:22:43-07:00,7.481749272060047,-4.395853548927488,4.250185844743221
495,1564017764.0,-122.39175930277024,37.77807577675342,POINT (-122.39175930277024 37.77807577675342),ios,,2019-07-24T18:22:44-07:00,3.085895723132559,-0.1456677041842669,0.5820720805213662
496,1564017765.0,-122.39178392929887,37.77805599515153,POINT (-122.39178392929887 37.77805599515153),ios,,2019-07-24T18:22:45-07:00,2.940228018948292,0.4364043763370993,-0.33582072497606186
497,1564017766.0,-122.39180850584059,37.778038054903924,POINT (-122.39180850584059 37.778038054903924),ios,,2019-07-24T18:22:46-07:00,3.3766323952853914,0.10058365136103742,25.639370950709342
498,1564017767.0,-122.39183558136462,37.77801651025153,POINT (-122.39183558136462 37.77801651025153),ios,,2019-07-24T18:22:47-07:00,3.477216046646429,25.73995460207038,-34.61612980493612
499,1564017768.0,-122.39186393564302,37.77799470091381,POINT (-122.39186393564302 37.77799470091381),ios,,2019-07-24T18:22:48-07:00,29.21717064871681,-8.876175202865742,2.9541961710078635
500,1564017769.0,-122.39211349606603,37.77782111181577,POINT (-122.39211349606603 37.77782111181577),ios,,2019-07-24T18:22:49-07:00,20.340995445851068,-5.921979031857878,4.510690115246652
501,1564017770.0,-122.39229606179664,37.777708676763176,POINT (-122.39229606179664 37.777708676763176),ios,,2019-07-24T18:22:50-07:00,14.41901641399319,-1.4112889166112268,-0.6962047047042219
502,1564017771.0,-122.39243201129045,37.77763608965342,POINT (-122.39243201129045 37.77763608965342),ios,,2019-07-24T18:22:51-07:00,13.007727497381962,-2.1074936213154487,-3.5550583238942357
503,1564017772.0,-122.39254447145294,37.777560039893764,POINT (-122.39254447145294 37.777560039893764),ios,,2019-07-24T18:22:52-07:00,10.900233876066514,-5.662551945209684,3.1592119547901736
504,1564017773.0,-122.3926417947876,37.77749927615348,POINT (-122.3926417947876 37.77749927615348),ios,,2019-07-24T18:22:53-07:00,5.237681930856829,-2.503339990419511,0.937996804422284
505,1564017774.0,-122.39269833626471,37.777484391905276,POINT (-122.39269833626471 37.777484391905276),ios,,2019-07-24T18:22:54-07:00,2.7343419404373184,-1.5653431859972269,0.9176758912870899
506,1564017775.0,-122.39272876849162,37.77747928084472,POINT (-122.39272876849162 37.77747928084472),ios,,2019-07-24T18:22:55-07:00,1.1689987544400915,-0.647667294710137,0.6476421986564596
507,1564017776.0,-122.39274079713987,37.77747479376836,POINT (-122.39274079713987 37.77747479376836),ios,,2019-07-24T18:22:56-07:00,0.5213314597299545,-2.509605367739809e-05,-0.16373848818660874
508,1564017777.0,-122.39274481044785,37.77747134133484,POINT (-122.39274481044785 37.77747134133484),ios,,2019-07-24T18:22:57-07:00,0.5213063636762771,-0.16376358424028614,0.16376358906737265
509,1564017778.0,-122.39274882356256,37.77746788906758,POINT (-122.39274882356256 37.77746788906758),ios,,2019-07-24T18:22:58-07:00,0.357542779435991,4.827086508285561e-09,-2.335032722733388e-09
510,1564017779.0,-122.3927526264316,37.777466746915394,POINT (-122.3927526264316 37.777466746915394),ios,,2019-07-24T18:22:59-07:00,0.3575427842630775,2.492053785552173e-09,4.670065112399868e-09
511,1564017780.0,-122.39275642930065,37.77746560476321,POINT (-122.39275642930065 37.77746560476321),ios,,2019-07-24T18:23:00-07:00,0.3575427867551313,7.162118897952041e-09,-1.1675163058555427e-09
512,1564017781.0,-122.39276023216966,37.77746446261102,POINT (-122.39276023216966 37.77746446261102),ios,,2019-07-24T18:23:01-07:00,0.3575427939172502,5.9946025920964985e-09,-5.319599211683901e-05
513,1564017782.0,-122.39276403503871,37.777463320458835,POINT (-122.39276403503871 37.777463320458835),ios,,2019-07-24T18:23:02-07:00,0.3575427999118528,-5.318999751424691e-05,4.490872494528355
514,1564017783.0,-122.39276783790777,37.77746217830665,POINT (-122.39276783790777 37.77746217830665),ios,,2019-07-24T18:23:03-07:00,0.35748960991433854,4.490819304530841,-6.8006812631237565
515,1564017784.0,-122.39277164021104,37.77746103632438,POINT (-122.39277164021104 37.77746103632438),ios,,2019-07-24T18:23:04-07:00,4.848308914445179,-2.309861958592916,2.1332433444639487
516,1564017785.0,-122.39282358046222,37.77744634805429,POINT (-122.39282358046222 37.77744634805429),ios,,2019-07-24T18:23:05-07:00,2.5384469558522635,-0.17661861412896718,-0.8245972286382928
517,1564017786.0,-122.39285038062361,37.77743783656708,POINT (-122.39285038062361 37.77743783656708),ios,,2019-07-24T18:23:06-07:00,2.3618283417232964,-1.00121584276726,0.2391956828523777
518,1564017787.0,-122.39287528864226,37.77742986349624,POINT (-122.39287528864226 37.77742986349624),ios,,2019-07-24T18:23:07-07:00,1.3606124989560364,-0.7620201599148823,0.7619904903865199
519,1564017788.0,-122.39288963696498,37.777425268778416,POINT (-122.39288963696498 37.777425268778416),ios,,2019-07-24T18:23:08-07:00,0.5985923390411542,-2.9669528362363806e-05,0.27917220571278945
520,1564017789.0,-122.3928959494069,37.77742324735125,POINT (-122.3928959494069 37.77742324735125),ios,,2019-07-24T18:23:09-07:00,0.5985626695127918,0.2791425361844271,-0.27914251327421047
521,1564017790.0,-122.39290226153581,37.77742122602434,POINT (-122.39290226153581 37.77742122602434),ios,,2019-07-24T18:23:10-07:00,0.8777052056972189,2.2910216612714862e-08,6.874764091335805e-10
522,1564017791.0,-122.39290764200047,37.77741457619846,POINT (-122.39290764200047 37.77741457619846),ios,,2019-07-24T18:23:11-07:00,0.8777052286074355,2.3597693021848443e-08,-1.3603819182250732e-09
523,1564017792.0,-122.39291302246511,37.777407926372575,POINT (-122.39291302246511 37.777407926372575),ios,,2019-07-24T18:23:12-07:00,0.8777052522051285,2.223731110362337e-08,6.874768532227904e-10
524,1564017793.0,-122.39291840292978,37.7774012765467,POINT (-122.39291840292978 37.7774012765467),ios,,2019-07-24T18:23:13-07:00,0.8777052744424396,2.292478795684616e-08,-1.4579559781680018e-11
525,1564017794.0,-122.39292378339442,37.77739462672081,POINT (-122.39292378339442 37.77739462672081),ios,,2019-07-24T18:23:14-07:00,0.8777052973672276,2.291020839706448e-08,6.874775193566052e-10
526,1564017795.0,-122.39292916385908,37.777387976894936,POINT (-122.39292916385908 37.777387976894936),ios,,2019-07-24T18:23:15-07:00,0.877705320277436,2.3597685916421085e-08,-1.36038358355961e-09
527,1564017796.0,-122.39293454432372,37.77738132706905,POINT (-122.39293454432372 37.77738132706905),ios,,2019-07-24T18:23:16-07:00,0.8777053438751219,2.2237302332861475e-08,-0.00019523973107160586
528,1564017797.0,-122.3929399247884,37.77737467724317,POINT (-122.3929399247884 37.77737467724317),ios,,2019-07-24T18:23:17-07:00,0.8777053661124242,-0.000195217493769273,3.3031921883452657
529,1564017798.0,-122.39294530525304,37.77736802741729,POINT (-122.39294530525304 37.77736802741729),ios,,2019-07-24T18:23:18-07:00,0.877510148618655,3.3029969708514964,-5.141349815736694
530,1564017799.0,-122.39295068452084,37.777361379070626,POINT (-122.39295068452084 37.777361379070626),ios,,2019-07-24T18:23:19-07:00,4.1805071194701515,-1.8383528448851973,0.8079614725304858
531,1564017800.0,-122.39297458404239,37.777328873101794,POINT (-122.39297458404239 37.777328873101794),ios,,2019-07-24T18:23:20-07:00,2.342154274584954,-1.0303913723547116,0.2914177410438401
532,1564017801.0,-122.392987973892,37.77731066143868,POINT (-122.392987973892 37.77731066143868),ios,,2019-07-24T18:23:21-07:00,1.3117629022302426,-0.7389736313108715,0.7389455083758135
533,1564017802.0,-122.39299547310218,37.77730046169089,POINT (-122.39299547310218 37.77730046169089),ios,,2019-07-24T18:23:22-07:00,0.5727892709193712,-2.812293505793928e-05,0.9570289226266309
534,1564017803.0,-122.39299874767794,37.77729600790892,POINT (-122.39299874767794 37.77729600790892),ios,,2019-07-24T18:23:23-07:00,0.5727611479843132,0.9570007996915729,-0.9570758709122887
535,1564017804.0,-122.39300202209289,37.7772915543457,POINT (-122.39300202209289 37.7772915543457),ios,,2019-07-24T18:23:24-07:00,1.5297619476758861,-7.507122071581662e-05,0.050847185848415855
536,1564017805.0,-122.39301075032687,37.77727965161034,POINT (-122.39301075032687 37.77727965161034),ios,,2019-07-24T18:23:25-07:00,1.5296868764551703,0.05077211462770004,0.8370892548564195
537,1564017806.0,-122.39301947813217,37.77726774945958,POINT (-122.39301947813217 37.77726774945958),ios,,2019-07-24T18:23:26-07:00,1.5804589910828704,0.8878613694841195,-0.1056998346836917
538,1564017807.0,-122.39302849417516,37.77725545159955,POINT (-122.39302849417516 37.77725545159955),ios,,2019-07-24T18:23:27-07:00,2.46832036056699,0.7821615348004278,3.1576556230696156
539,1564017808.0,-122.39304546183402,37.77723776271031,POINT (-122.39304546183402 37.77723776271031),ios,,2019-07-24T18:23:28-07:00,3.2504818953674177,3.9398171578700434,2.4738157681693607
540,1564017809.0,-122.39306767924064,37.77721439282269,POINT (-122.39306767924064 37.77721439282269),ios,,2019-07-24T18:23:29-07:00,7.190299053237461,6.413632926039404,-18.074987779822678
541,1564017810.0,-122.39313759885643,37.777180817990896,POINT (-122.39313759885643 37.777180817990896),ios,,2019-07-24T18:23:30-07:00,13.603931979276865,-11.661354853783275,12.30072470023062
542,1564017811.0,-122.39328855660035,37.77715377513112,POINT (-122.39328855660035 37.77715377513112),ios,,2019-07-24T18:23:31-07:00,1.94257712549359,0.6393698464473465,-3.010513567326048
543,1564017812.0,-122.39330984663441,37.777158468996895,POINT (-122.39330984663441 37.777158468996895),ios,,2019-07-24T18:23:32-07:00,2.5819469719409365,-2.371143720878701,2.371143718660007
544,1564017813.0,-122.39333909947648,37.7771606063822,POINT (-122.39333909947648 37.7771606063822),ios,,2019-07-24T18:23:33-07:00,0.21080325106223524,-2.218694089561879e-09,-3.6679678738771315e-10
545,1564017814.0,-122.39334143249692,37.77716104644294,POINT (-122.39334143249692 37.77716104644294),ios,,2019-07-24T18:23:34-07:00,0.21080324884354115,-2.585490876949592e-09,2.613108396332109e-09
546,1564017815.0,-122.39334376551736,37.77716148650369,POINT (-122.39334376551736 37.77716148650369),ios,,2019-07-24T18:23:35-07:00,0.21080324625805028,2.7617519382516775e-11,1.8339829654934192e-10
547,1564017816.0,-122.39334609853778,37.777161926564425,POINT (-122.39334609853778 37.777161926564425),ios,,2019-07-24T18:23:36-07:00,0.2108032462856678,2.110158159318587e-10,-3.111377818021399e-05
548,1564017817.0,-122.39334843155821,37.77716236662516,POINT (-122.39334843155821 37.77716236662516),ios,,2019-07-24T18:23:37-07:00,0.2108032464966836,-3.111356716439806e-05,3.8577224209999015
549,1564017818.0,-122.39335076457866,37.77716280668591,POINT (-122.39335076457866 37.77716280668591),ios,,2019-07-24T18:23:38-07:00,0.2107721329295192,3.857691307432737,-1.8471300138985507
550,1564017819.0,-122.39335309725477,37.7771632466817,POINT (-122.39335309725477 37.7771632466817),ios,,2019-07-24T18:23:39-07:00,4.068463440362256,2.0105612935341863,-6.530331130400507
551,1564017820.0,-122.3933724594511,37.77713001243563,POINT (-122.3933724594511 37.77713001243563),ios,,2019-07-24T18:23:40-07:00,6.079024733896443,-4.51976983686632,3.448395775594303
552,1564017821.0,-122.39340347249284,37.77708114594014,POINT (-122.39340347249284 37.77708114594014),ios,,2019-07-24T18:23:41-07:00,1.5592548970301223,-1.0713740612720175,1.071374065399473
553,1564017822.0,-122.39341143530085,37.777068614994896,POINT (-122.39341143530085 37.777068614994896),ios,,2019-07-24T18:23:42-07:00,0.4878808357581048,4.127455377478384e-09,1.9638558002021966e-09
554,1564017823.0,-122.39341382420234,37.77706465444768,POINT (-122.39341382420234 37.77706465444768),ios,,2019-07-24T18:23:43-07:00,0.4878808398855602,6.091311177680581e-09,-1.7881602865088553e-09
555,1564017824.0,-122.39341621310383,37.77706069390047,POINT (-122.39341621310383 37.77706069390047),ios,,2019-07-24T18:23:44-07:00,0.48788084597687137,4.303150891171725e-09,5.374877765085273e-10
556,1564017825.0,-122.39341860200534,37.77705673335325,POINT (-122.39341860200534 37.77705673335325),ios,,2019-07-24T18:23:45-07:00,0.48788085028002226,4.840638667680253e-09,-7.131841228691371e-10
557,1564017826.0,-122.39342099090683,37.77705277280603,POINT (-122.39342099090683 37.77705277280603),ios,,2019-07-24T18:23:46-07:00,0.48788085512066093,4.1274545448111155e-09,1.426367690626762e-09
558,1564017827.0,-122.39342337980833,37.77704881225881,POINT (-122.39342337980833 37.77704881225881),ios,,2019-07-24T18:23:47-07:00,0.4878808592481155,5.5538222354378775e-09,-9.6545342424037e-05
559,1564017828.0,-122.39342576870982,37.7770448517116,POINT (-122.39342576870982 37.7770448517116),ios,,2019-07-24T18:23:48-07:00,0.4878808648019377,-9.653978860180157e-05,2.6403294107267357
560,1564017829.0,-122.39342815761131,37.77704089116438,POINT (-122.39342815761131 37.77704089116438),ios,,2019-07-24T18:23:49-07:00,0.4877843250133359,2.6402328709381337,-2.6403860440173457
561,1564017830.0,-122.3934305460401,37.77703693140091,POINT (-122.3934305460401 37.77703693140091),ios,,2019-07-24T18:23:50-07:00,3.1280171959514695,-0.00015317307921192125,0.3629321895299378
562,1564017831.0,-122.39345908712127,37.77702012527234,POINT (-122.39345908712127 37.77702012527234),ios,,2019-07-24T18:23:51-07:00,3.1278640228722576,0.36277901645072586,0.4519357687116141
563,1564017832.0,-122.39348762680068,37.77700331996919,POINT (-122.39348762680068 37.77700331996919),ios,,2019-07-24T18:23:52-07:00,3.4906430393229835,0.81471478516234,-2.4037719812833096
564,1564017833.0,-122.39352660265043,37.776997284998906,POINT (-122.39352660265043 37.776997284998906),ios,,2019-07-24T18:23:53-07:00,4.3053578244853234,-1.5890571961209696,0.5488839787132807
565,1564017834.0,-122.39355987880602,37.776968870347154,POINT (-122.39355987880602 37.776968870347154),ios,,2019-07-24T18:23:54-07:00,2.716300628364354,-1.040173217407689,0.9896337903124768
566,1564017835.0,-122.39358225848748,37.77695202272178,POINT (-122.39358225848748 37.77695202272178),ios,,2019-07-24T18:23:55-07:00,1.6761274109566648,-0.0505394270952122,0.05045853931957378
567,1564017836.0,-122.3935973459132,37.77694280262829,POINT (-122.3935973459132 37.77694280262829),ios,,2019-07-24T18:23:56-07:00,1.6255879838614526,-8.088777563841631e-05,-1.1257931002805854
568,1564017837.0,-122.39361058965018,37.77693259740692,POINT (-122.39361058965018 37.77693259740692),ios,,2019-07-24T18:23:57-07:00,1.6255070960858142,-1.1258739880562239,1.1258739856694895
569,1564017838.0,-122.39362383272723,37.77692239269407,POINT (-122.39362383272723 37.77692239269407),ios,,2019-07-24T18:23:58-07:00,0.4996331080295904,-2.3867344767225518e-09,-3.65752384821616e-05
570,1564017839.0,-122.39362939285863,37.77692332869609,POINT (-122.39362939285863 37.77692332869609),ios,,2019-07-24T18:23:59-07:00,0.4996331056428559,-3.657762521663832e-05,1.719355463643693
571,1564017840.0,-122.39363495299007,37.77692426469812,POINT (-122.39363495299007 37.77692426469812),ios,,2019-07-24T18:24:00-07:00,0.49959652801763926,1.7193188860184763,-2.4158130569106815
572,1564017841.0,-122.39364051271453,37.77692520063163,POINT (-122.39364051271453 37.77692520063163),ios,,2019-07-24T18:24:01-07:00,2.2189154140361156,-0.6964941708922052,0.26873950518813094
573,1564017842.0,-122.39363615412488,37.77690554506869,POINT (-122.39363615412488 37.77690554506869),ios,,2019-07-24T18:24:02-07:00,1.5224212431439104,-0.4277546657040743,1.3028131078311527
574,1564017843.0,-122.39363439392521,37.77689192447604,POINT (-122.39363439392521 37.77689192447604),ios,,2019-07-24T18:24:03-07:00,1.094666577439836,0.8750584421270784,-1.6062927962652223
575,1564017844.0,-122.3936333042778,37.77688211764933,POINT (-122.3936333042778 37.77688211764933),ios,,2019-07-24T18:24:04-07:00,1.9697250195669145,-0.7312343541381439,2.293718707260088
576,1564017845.0,-122.39365543250217,37.77687930971177,POINT (-122.39365543250217 37.77687930971177),ios,,2019-07-24T18:24:05-07:00,1.2384906654287706,1.562484353121944,-1.4977081942337804
577,1564017846.0,-122.3936695140995,37.77687889061661,POINT (-122.3936695140995 37.77687889061661),ios,,2019-07-24T18:24:06-07:00,2.8009750185507145,0.0647761588881635,-0.0048044532838197335
585,1564017868.0,-122.39421609699049,37.77653180636276,POINT (-122.39421609699049 37.77653180636276),ios,,2019-07-24T18:24:28-07:00,4.2260505140903115,-0.04092181335587064,0.013640731854337377
588,1564017871.0,-122.39417580048993,37.776422328074744,POINT (-122.39417580048993 37.776422328074744),ios,,2019-07-24T18:24:31-07:00,4.1032850740227,3.822071414916195e-07,-2.5912161305541304e-10
589,1564017872.0,-122.39415439444674,37.776389533740534,POINT (-122.39415439444674 37.776389533740534),ios,,2019-07-24T18:24:32-07:00,4.103285456229841,3.819480198785641e-07,1.4041452445212599e-09
590,1564017873.0,-122.39413298840358,37.77635673940632,POINT (-122.39413298840358 37.77635673940632),ios,,2019-07-24T18:24:33-07:00,4.103285838177861,3.8335216512308534e-07,-1.4044418961134397e-09
591,1564017874.0,-122.39411158236042,37.77632394507211,POINT (-122.39411158236042 37.77632394507211),ios,,2019-07-24T18:24:34-07:00,4.103286221530026,3.819477232269719e-07,23.251700406282723
592,1564017875.0,-122.39409017631726,37.77629115073789,POINT (-122.39409017631726 37.77629115073789),ios,,2019-07-24T18:24:35-07:00,4.103286603477749,23.251700788230444,-46.73950705709945
593,1564017876.0,-122.3940687702741,37.77625835640368,POINT (-122.3940687702741 37.77625835640368),ios,,2019-07-24T18:24:36-07:00,27.354987391708192,-23.487806268869008,30.123116237301307
594,1564017877.0,-122.3942017,37.7764808,POINT (-122.3942017 37.7764808),android,,2019-07-24T18:24:37-07:00,3.8671811228391855,6.6353099684323,-8.20627154496033
595,1564017878.0,-122.39418300555553,37.77644931666667,POINT (-122.39418300555553 37.77644931666667),android,,2019-07-24T18:24:38-07:00,10.502491091271486,-1.5709615765280303,0.8775668519499922
598,1564017881.0,-122.39402079951927,37.77619662778601,POINT (-122.39402079951927 37.77619662778601),midpoint,"[<POINT (-122.394 37.776)>, <POINT (-122.394 37.776)>]",2019-07-24T18:24:41-07:00,5.789606361687395,1.0617389793219463,-3.694544806659204
601,1564017882.0,-122.39397699946889,37.77615773758495,POINT (-122.39397699946889 37.77615773758495),midpoint,"[<POINT (-122.394 37.776)>, <POINT (-122.394 37.776)>]",2019-07-24T18:24:42-07:00,6.851345341009341,-2.6328058273372577,1.1356642127764078
602,1564017883.0,-122.39392876065314,37.77610933606951,POINT (-122.39392876065314 37.77610933606951),midpoint,"[<POINT (-122.394 37.776)>, <POINT (-122.394 37.776)>]",2019-07-24T18:24:43-07:00,4.218539513672083,-1.4971416145608498,-1.2242562845503837
605,1564017884.0,-122.393908868225,37.776074809395595,POINT (-122.393908868225 37.776074809395595),midpoint,"[<POINT (-122.394 37.776)>, <POINT (-122.394 37.776)>]",2019-07-24T18:24:44-07:00,2.7213978991112335,-2.7213978991112335,2.7213978991112335
607,1564017885.0,-122.39389551745718,37.77605272715654,POINT (-122.39389551745718 37.77605272715654),midpoint,"[<POINT (-122.394 37.776)>, <POINT (-122.394 37.776)>]",2019-07-24T18:24:45-07:00,0.0,0.0,0.0
