,ts,longitude,latitude,geometry,source,matching,fmt_time,speed,acceleration,jerk
0,1575936810.0,-122.25762593677825,37.869471211095714,POINT (-122.25762593677825 37.869471211095714),midpoint,"[<POINT (-122.258 37.869)>, <POINT (-122.258 37.869)>]",2019-12-09T16:13:30-08:00,0.36575915515974755,-0.04505988352245072,0.19633582409130101
1,1575936811.0,-122.25762981536883,37.86947000893433,POINT (-122.25762981536883 37.86947000893433),midpoint,"[<POINT (-122.258 37.869)>, <POINT (-122.258 37.869)>]",2019-12-09T16:13:31-08:00,0.32069927163729683,0.1512759405688503,0.2455813917029832
2,1575936812.0,-122.25763346875789,37.86947003187734,POINT (-122.25763346875789 37.86947003187734),midpoint,"[<POINT (-122.258 37.869)>, <POINT (-122.258 37.869)>]",2019-12-09T16:13:32-08:00,0.47197521220614713,0.3968573322718335,-0.43327804692492433
3,1575936813.0,-122.25763800234753,37.86946774974479,POINT (-122.25763800234753 37.86946774974479),midpoint,"[<POINT (-122.258 37.869)>, <POINT (-122.258 37.869)>]",2019-12-09T16:13:33-08:00,0.8688325444779806,-0.036420714653090824,0.7097540660856702
4,1575936814.0,-122.25763616331614,37.8694754272927,POINT (-122.25763616331614 37.8694754272927),midpoint,"[<POINT (-122.258 37.869)>, <POINT (-122.258 37.869)>]",2019-12-09T16:13:34-08:00,0.8324118298248898,0.6733333514325793,-0.28044087075597723
5,1575936815.0,-122.25763424958626,37.86948275933277,POINT (-122.25763424958626 37.86948275933277),midpoint,"[<POINT (-122.258 37.869)>, <POINT (-122.258 37.869)>]",2019-12-09T16:13:35-08:00,1.5057451812574691,0.3928924806766021,-0.6736793985697651
6,1575936816.0,-122.25762361848811,37.86949338671174,POINT (-122.25762361848811 37.86949338671174),midpoint,"[<POINT (-122.258 37.869)>, <POINT (-122.258 37.87)>]",2019-12-09T16:13:36-08:00,1.8986376619340712,-0.280786917893163,0.5018510553344897
7,1575936817.0,-122.25760646076606,37.869503783705234,POINT (-122.25760646076606 37.869503783705234),midpoint,"[<POINT (-122.258 37.869)>, <POINT (-122.258 37.87)>]",2019-12-09T16:13:37-08:00,1.6178507440409082,0.2210641374413267,-1.4334203860503274
8,1575936818.0,-122.25759046599228,37.86951101322943,POINT (-122.25759046599228 37.86951101322943),midpoint,"[<POINT (-122.258 37.869)>, <POINT (-122.258 37.87)>]",2019-12-09T16:13:38-08:00,1.838914881482235,-1.2123562486090007,1.3449545448844618
9,1575936819.0,-122.25757245027008,37.86951945347267,POINT (-122.25757245027008 37.86951945347267),midpoint,"[<POINT (-122.258 37.869)>, <POINT (-122.258 37.87)>]",2019-12-09T16:13:39-08:00,0.6265586328732342,0.13259829627546105,0.604911083244674
10,1575936820.0,-122.25756867890738,37.86952423753647,POINT (-122.25756867890738 37.86952423753647),midpoint,"[<POINT (-122.258 37.869)>, <POINT (-122.258 37.87)>]",2019-12-09T16:13:40-08:00,0.7591569291486953,0.7375093795201351,-0.09534555161355351
12,1575936821.0,-122.25756770754468,37.86953102160028,POINT (-122.25756770754468 37.86953102160028),midpoint,"[<POINT (-122.258 37.869)>, <POINT (-122.258 37.87)>]",2019-12-09T16:13:41-08:00,1.4966663086688303,0.6421638279065816,-1.2858013990929937
15,1575936822.0,-122.25757143618199,37.86954415566407,POINT (-122.25757143618199 37.86954415566407),midpoint,"[<POINT (-122.258 37.869)>, <POINT (-122.258 37.87)>]",2019-12-09T16:13:42-08:00,2.138830136575412,-0.6436375711864122,0.4624827047409328
16,1575936823.0,-122.25758056481929,37.869561989727885,POINT (-122.25758056481929 37.869561989727885),midpoint,"[<POINT (-122.258 37.87)>, <POINT (-122.258 37.87)>]",2019-12-09T16:13:43-08:00,1.4951925653889997,-0.1811548664454794,0.005221731470716362
19,1575936824.0,-122.2575868934566,37.86957447379169,POINT (-122.2575868934566 37.86957447379169),midpoint,"[<POINT (-122.258 37.87)>, <POINT (-122.258 37.87)>]",2019-12-09T16:13:44-08:00,1.3140376989435203,-0.17593313497476304,0.05311825928817582
20,1575936825.0,-122.25759287209391,37.86958530785549,POINT (-122.25759287209391 37.86958530785549),midpoint,"[<POINT (-122.258 37.87)>, <POINT (-122.258 37.87)>]",2019-12-09T16:13:45-08:00,1.1381045639687573,-0.12281487568658722,0.10049380942466546
23,1575936826.0,-122.25759790073121,37.869594741919286,POINT (-122.25759790073121 37.869594741919286),midpoint,"[<POINT (-122.258 37.87)>, <POINT (-122.258 37.87)>]",2019-12-09T16:13:46-08:00,1.01528968828217,-0.022321066261921763,-0.301777178627298
24,1575936827.0,-122.25760302936851,37.869602925983095,POINT (-122.25760302936851 37.869602925983095),midpoint,"[<POINT (-122.258 37.87)>, <POINT (-122.258 37.87)>]",2019-12-09T16:13:47-08:00,0.9929686220202483,-0.3240982448892198,0.0450149221633836
27,1575936828.0,-122.25760725759594,37.869611208713906,POINT (-122.25760725759594 37.869611208713906),midpoint,"[<POINT (-122.258 37.87)>, <POINT (-122.258 37.87)>]",2019-12-09T16:13:48-08:00,0.6688703771310285,-0.2790833227258362,0.7116375069427744
28,1575936829.0,-122.25761407910912,37.869613889365176,POINT (-122.25761407910912 37.869613889365176),midpoint,"[<POINT (-122.258 37.87)>, <POINT (-122.258 37.87)>]",2019-12-09T16:13:49-08:00,0.3897870544051923,0.4325541842169382,-0.08685580126181497
30,1575936830.0,-122.2576166080951,37.869611007965155,POINT (-122.2576166080951 37.869611007965155),midpoint,"[<POINT (-122.258 37.87)>, <POINT (-122.258 37.87)>]",2019-12-09T16:13:50-08:00,0.8223412386221305,0.34569838295512323,0.30924378270062025
32,1575936831.0,-122.25762403776743,37.86961551289893,POINT (-122.25762403776743 37.86961551289893),midpoint,"[<POINT (-122.258 37.87)>, <POINT (-122.258 37.87)>]",2019-12-09T16:13:51-08:00,1.1680396215772537,0.6549421656557435,-0.8497339098698773
35,1575936832.0,-122.25763321718392,37.869623117762316,POINT (-122.25763321718392 37.869623117762316),midpoint,"[<POINT (-122.258 37.87)>, <POINT (-122.258 37.87)>]",2019-12-09T16:13:52-08:00,1.8229817872329972,-0.1947917442141338,-0.4051381685341351
37,1575936833.0,-122.2576469276743,37.86963543186478,POINT (-122.2576469276743 37.86963543186478),midpoint,"[<POINT (-122.258 37.87)>, <POINT (-122.258 37.87)>]",2019-12-09T16:13:53-08:00,1.6281900430188634,-0.5999299127482689,0.47935750429222823
38,1575936834.0,-122.25765983777659,37.869645945849626,POINT (-122.25765983777659 37.869645945849626),midpoint,"[<POINT (-122.258 37.87)>, <POINT (-122.258 37.87)>]",2019-12-09T16:13:54-08:00,1.0282601302705945,-0.12057240845604067,2.2178052203375636
41,1575936835.0,-122.25767001239427,37.86965052861407,POINT (-122.25767001239427 37.86965052861407),midpoint,"[<POINT (-122.258 37.87)>, <POINT (-122.258 37.87)>]",2019-12-09T16:13:55-08:00,0.9076877218145538,2.097232811881523,-2.1145699216622402
42,1575936836.0,-122.25767909445037,37.869654431681184,POINT (-122.25767909445037 37.869654431681184),midpoint,"[<POINT (-122.258 37.87)>, <POINT (-122.258 37.87)>]",2019-12-09T16:13:56-08:00,3.004920533696077,-0.01733710978071734,-0.3301071695334099
44,1575936837.0,-122.2576769,37.8696814,POINT (-122.2576769 37.8696814),android,,2019-12-09T16:13:57-08:00,2.9875834239153596,-0.34744427931412725,-1.536518415835435
45,1575936838.0,-122.2576731,37.8697081,POINT (-122.2576731 37.8697081),android,,2019-12-09T16:13:58-08:00,2.6401391446012323,-1.8839626951495623,2.801612691091329
46,1575936839.0,-122.2576698,37.8697317,POINT (-122.2576698 37.8697317),android,,2019-12-09T16:13:59-08:00,0.75617644945167,0.9176499959417667,-0.5894866197851859
47,1575936840.0,-122.2576699,37.8697385,POINT (-122.2576699 37.8697385),android,,2019-12-09T16:14:00-08:00,1.6738264453934366,0.32816337615658075,0.8936426659884609
48,1575936841.0,-122.2576683,37.8697535,POINT (-122.2576683 37.8697535),android,,2019-12-09T16:14:01-08:00,2.0019898215500174,1.2218060421450416,-3.722223204558428
49,1575936842.0,-122.2576688,37.8697715,POINT (-122.2576688 37.8697715),android,,2019-12-09T16:14:02-08:00,3.223795863695059,-2.5004171624133864,3.1364534655526843
50,1575936843.0,-122.25767944308372,37.86979924822327,POINT (-122.25767944308372 37.86979924822327),android,,2019-12-09T16:14:03-08:00,0.7233787012816727,0.636036303139298,-0.7697585383296707
51,1575936844.0,-122.2576805,37.8698057,POINT (-122.2576805 37.8698057),android,,2019-12-09T16:14:04-08:00,1.3594150044209707,-0.13372223519037263,1.013182131289667
52,1575936845.0,-122.2576815,37.8698179,POINT (-122.2576815 37.8698179),android,,2019-12-09T16:14:05-08:00,1.2256927692305981,0.8794598960992943,-2.3786371849347177
53,1575936846.0,-122.2576806,37.8698289,POINT (-122.2576806 37.8698289),android,,2019-12-09T16:14:06-08:00,2.1051526653298924,-1.4991772888354236,1.708914202459777
54,1575936847.0,-122.25767368719272,37.86984702857025,POINT (-122.25767368719272 37.86984702857025),android,,2019-12-09T16:14:07-08:00,0.6059753764944688,0.20973691362435343,1.3000607258226098
55,1575936848.0,-122.2576694,37.8698513,POINT (-122.2576694 37.8698513),android,,2019-12-09T16:14:08-08:00,0.8157122901188222,1.5097976394469632,-1.2866904327122555
56,1575936849.0,-122.2576626,37.8698563,POINT (-122.2576626 37.8698563),android,,2019-12-09T16:14:09-08:00,2.3255099295657855,0.22310720673470774,-0.5776332579425483
57,1575936850.0,-122.25763860170008,37.869847440196075,POINT (-122.25763860170008 37.869847440196075),ios,,2019-12-09T16:14:10-08:00,2.5486171363004932,-0.35452605120784053,0.18849728920278475
58,1575936851.0,-122.25762150261761,37.869865964202084,POINT (-122.25762150261761 37.869865964202084),ios,,2019-12-09T16:14:11-08:00,2.1940910850926527,-0.16602876200505579,0.29147870959207545
59,1575936852.0,-122.25760742102028,37.86988226700375,POINT (-122.25760742102028 37.86988226700375),ios,,2019-12-09T16:14:12-08:00,2.028062323087597,0.12544994758701966,-0.1261242799448099
60,1575936853.0,-122.25759459670843,37.86989743824849,POINT (-122.25759459670843 37.86989743824849),ios,,2019-12-09T16:14:13-08:00,2.1535122706746166,-0.0006743323577902416,-0.26482822907336256
61,1575936854.0,-122.25758160475851,37.86991386677871,POINT (-122.25758160475851 37.86991386677871),ios,,2019-12-09T16:14:14-08:00,2.1528379383168263,-0.2655025614311528,0.15371022180858818
62,1575936855.0,-122.25756584678055,37.86992870274732,POINT (-122.25756584678055 37.86992870274732),ios,,2019-12-09T16:14:15-08:00,1.8873353768856735,-0.11179233962256463,0.21437176000432245
63,1575936856.0,-122.25755360920192,37.869942658616104,POINT (-122.25755360920192 37.869942658616104),ios,,2019-12-09T16:14:16-08:00,1.775543037263109,0.10257942038175782,-0.32200797472242204
64,1575936857.0,-122.2575427127278,37.869956111570694,POINT (-122.2575427127278 37.869956111570694),ios,,2019-12-09T16:14:17-08:00,1.8781224576448667,-0.21942855434066422,0.10480238587355228
65,1575936858.0,-122.25753097806336,37.86997023507754,POINT (-122.25753097806336 37.86997023507754),ios,,2019-12-09T16:14:18-08:00,1.6586939033042025,-0.11462616846711193,0.03585835130196635
66,1575936859.0,-122.2575202492273,37.869982514565685,POINT (-122.2575202492273 37.869982514565685),ios,,2019-12-09T16:14:19-08:00,1.5440677348370906,-0.07876781716514558,0.3582951382840047
67,1575936860.0,-122.25751035858156,37.86999399777303,POINT (-122.25751035858156 37.86999399777303),ios,,2019-12-09T16:14:20-08:00,1.465299917671945,0.27952732111885914,0.23148414977397547
68,1575936861.0,-122.25750189285935,37.87000535525183,POINT (-122.25750189285935 37.87000535525183),ios,,2019-12-09T16:14:21-08:00,1.7448272387908041,0.5110114708928346,-0.3572645319147403
69,1575936862.0,-122.25749770190777,37.87002069413463,POINT (-122.25749770190777 37.87002069413463),ios,,2019-12-09T16:14:22-08:00,2.2558387096836388,0.15374693897809433,-0.17225612217096575
70,1575936863.0,-122.25748387176753,37.8700377932171,POINT (-122.25748387176753 37.8700377932171),ios,,2019-12-09T16:14:23-08:00,2.409585648661733,-0.018509183192871426,-0.9941974653877896
71,1575936864.0,-122.25746886816086,37.870055940037474,POINT (-122.25746886816086 37.870055940037474),ios,,2019-12-09T16:14:24-08:00,2.3910764654688617,-1.012706648580661,-0.3365638759788414
72,1575936865.0,-122.25744724285067,37.87006901580642,POINT (-122.25744724285067 37.87006901580642),ios,,2019-12-09T16:14:25-08:00,1.3783698168882006,-1.3492705245595025,1.3746540138998635
73,1575936866.0,-122.25743215542497,37.87007245238672,POINT (-122.25743215542497 37.87007245238672),ios,,2019-12-09T16:14:26-08:00,0.029099292328698182,0.025383489340361005,-0.0024654395684341563
126,1575936919.0,-122.25741547543765,37.87006809379707,POINT (-122.25741547543765 37.87006809379707),ios,,2019-12-09T16:15:19-08:00,1.3744242273678313,-0.10528480778664928,0.19095138613531648
127,1575936920.0,-122.25740675825836,37.87005782596569,POINT (-122.25740675825836 37.87005782596569),ios,,2019-12-09T16:15:20-08:00,1.269139419581182,0.0856665783486672,-0.345218651059801
128,1575936921.0,-122.25739619706036,37.87005003079574,POINT (-122.25739619706036 37.87005003079574),ios,,2019-12-09T16:15:21-08:00,1.3548059979298492,-0.2595520727111338,0.3498287954609436
129,1575936922.0,-122.25738479767205,37.87004181653063,POINT (-122.25738479767205 37.87004181653063),ios,,2019-12-09T16:15:22-08:00,1.0952539252187155,0.0902767227498098,0.24075634371442267
130,1575936923.0,-122.25737532612146,37.8700354043747,POINT (-122.25737532612146 37.8700354043747),ios,,2019-12-09T16:15:23-08:00,1.1855306479685253,0.3310330664642325,-0.38159436497658716
131,1575936924.0,-122.25736518401862,37.87002836357603,POINT (-122.25736518401862 37.87002836357603),ios,,2019-12-09T16:15:24-08:00,1.5165637144327577,-0.05056129851235469,0.11046640735964042
132,1575936925.0,-122.25735194061161,37.87001960448722,POINT (-122.25735194061161 37.87001960448722),ios,,2019-12-09T16:15:25-08:00,1.466002415920403,0.059905108847285726,-0.04389421614873945
133,1575936926.0,-122.25733802665235,37.87001231223146,POINT (-122.25733802665235 37.87001231223146),ios,,2019-12-09T16:15:26-08:00,1.5259075247676888,0.016010892698546275,-0.0034587825564520447
134,1575936927.0,-122.25732394505502,37.870004265604415,POINT (-122.25732394505502 37.870004265604415),ios,,2019-12-09T16:15:27-08:00,1.541918417466235,0.01255211014209423,-0.07461846502239111
135,1575936928.0,-122.25731019873382,37.86999563224415,POINT (-122.25731019873382 37.86999563224415),ios,,2019-12-09T16:15:28-08:00,1.5544705276083293,-0.06206635488029688,-0.15897820082415182
136,1575936929.0,-122.25729670386971,37.86998657978872,POINT (-122.25729670386971 37.86998657978872),ios,,2019-12-09T16:15:29-08:00,1.4924041727280324,-0.2210445557044487,0.23818346321289385
137,1575936930.0,-122.25728429865302,37.86997740160475,POINT (-122.25728429865302 37.86997740160475),ios,,2019-12-09T16:15:30-08:00,1.2713596170235837,0.017138907508445156,-0.1403881186696163
138,1575936931.0,-122.25727365363599,37.869969648344316,POINT (-122.25727365363599 37.869969648344316),ios,,2019-12-09T16:15:31-08:00,1.2884985245320288,-0.12324921116117116,0.21679394600386592
139,1575936932.0,-122.2572628409809,37.86996181126485,POINT (-122.2572628409809 37.86996181126485),ios,,2019-12-09T16:15:32-08:00,1.1652493133708577,0.09354473484269477,-0.1269426460951344
140,1575936933.0,-122.25725286651613,37.869954896194734,POINT (-122.25725286651613 37.869954896194734),ios,,2019-12-09T16:15:33-08:00,1.2587940482135525,-0.03339791125243963,-0.15353229562722048
141,1575936934.0,-122.2572422214991,37.869947310572364,POINT (-122.2572422214991 37.869947310572364),ios,,2019-12-09T16:15:34-08:00,1.2253961369611128,-0.1869302068796601,0.44573291559657324
142,1575936935.0,-122.25723090592982,37.86994085650692,POINT (-122.25723090592982 37.86994085650692),ios,,2019-12-09T16:15:35-08:00,1.0384659300814527,0.25880270871691313,-0.017655213033661132
143,1575936936.0,-122.25721967417957,37.86993792284081,POINT (-122.25721967417957 37.86993792284081),ios,,2019-12-09T16:15:36-08:00,1.2972686387983658,0.241147495683252,0.03901508452773017
144,1575936937.0,-122.25720500584902,37.86993649791727,POINT (-122.25720500584902 37.86993649791727),ios,,2019-12-09T16:15:37-08:00,1.5384161344816178,0.28016258021098217,-0.6333530189862115
145,1575936938.0,-122.25718748767139,37.86993691701243,POINT (-122.25718748767139 37.86993691701243),ios,,2019-12-09T16:15:38-08:00,1.8185787146926,-0.3531904387752294,0.22067688211981107
146,1575936939.0,-122.25716686818959,37.869938509574034,POINT (-122.25716686818959 37.869938509574034),ios,,2019-12-09T16:15:39-08:00,1.4653882759173706,-0.1325135566554183,0.013807572821072922
147,1575936940.0,-122.25715018820227,37.86993905439774,POINT (-122.25715018820227 37.86993905439774),ios,,2019-12-09T16:15:40-08:00,1.3328747192619523,-0.11870598383434539,0.10312892212925617
148,1575936941.0,-122.25713501695753,37.86993955731193,POINT (-122.25713501695753 37.86993955731193),ios,,2019-12-09T16:15:41-08:00,1.214168735427607,-0.015577061705089212,0.07304098756607513
149,1575936942.0,-122.25712127063633,37.86994077268789,POINT (-122.25712127063633 37.86994077268789),ios,,2019-12-09T16:15:42-08:00,1.1985916737225177,0.05746392586098592,-0.008575675710996045
150,1575936943.0,-122.25710794341029,37.86994311962078,POINT (-122.25710794341029 37.86994311962078),ios,,2019-12-09T16:15:43-08:00,1.2560555995835037,0.048888250149989876,-0.4860253248069478
151,1575936944.0,-122.25709453236522,37.86994705911527,POINT (-122.25709453236522 37.86994705911527),ios,,2019-12-09T16:15:44-08:00,1.3049438497334935,-0.43713707465695795,0.4370873856447902
152,1575936945.0,-122.25708095368208,37.86995183680008,POINT (-122.25708095368208 37.86995183680008),ios,,2019-12-09T16:15:45-08:00,0.8678067750765356,-4.9689012167730695e-05,0.0038994174073321286
153,1575936946.0,-122.25707240389625,37.869955755451926,POINT (-122.25707240389625 37.869955755451926),ios,,2019-12-09T16:15:46-08:00,0.8677570860643679,0.003849728395164398,-0.003900261289619622
154,1575936947.0,-122.25706385459961,37.86995967387954,POINT (-122.25706385459961 37.86995967387954),ios,,2019-12-09T16:15:47-08:00,0.8716068144595323,-5.053289445522413e-05,0.2646108477260737
155,1575936948.0,-122.25705551436435,37.86996392781863,POINT (-122.25705551436435 37.86996392781863),ios,,2019-12-09T16:15:48-08:00,0.871556281565077,0.26456031483161846,-0.10849119272619978
156,1575936949.0,-122.2570471746123,37.86996818151126,POINT (-122.2570471746123 37.86996818151126),ios,,2019-12-09T16:15:49-08:00,1.1361165963966955,0.15606912210541868,-0.09367153537595496
157,1575936950.0,-122.25703518849076,37.86997203718672,POINT (-122.25703518849076 37.86997203718672),ios,,2019-12-09T16:15:50-08:00,1.2921857185021142,0.06239758672946372,-0.04567707750665018
158,1575936951.0,-122.25702135835053,37.86997601859073,POINT (-122.25702135835053 37.86997601859073),ios,,2019-12-09T16:15:51-08:00,1.3545833052315779,0.01672050922281354,0.03134468155251069
159,1575936952.0,-122.25700652238191,37.869979371351995,POINT (-122.25700652238191 37.869979371351995),ios,,2019-12-09T16:15:52-08:00,1.3713038144543914,0.04806519077532423,-0.11344956416604912
160,1575936953.0,-122.25699151877524,37.869982807932296,POINT (-122.25699151877524 37.869982807932296),ios,,2019-12-09T16:15:53-08:00,1.4193690052297157,-0.06538437339072489,-0.14748517035751618
161,1575936954.0,-122.25697626371146,37.8699870407934,POINT (-122.25697626371146 37.8699870407934),ios,,2019-12-09T16:15:54-08:00,1.3539846318389908,-0.21286954374824107,0.28194529064269824
162,1575936955.0,-122.2569620982951,37.86999186038772,POINT (-122.2569620982951 37.86999186038772),ios,,2019-12-09T16:15:55-08:00,1.1411150880907497,0.06907574689445717,-0.1432953370825294
163,1575936956.0,-122.25695027981163,37.86999613515834,POINT (-122.25695027981163 37.86999613515834),ios,,2019-12-09T16:15:56-08:00,1.2101908349852069,-0.07421959018807223,0.18383480038733224
164,1575936957.0,-122.25693779077591,37.87000074520508,POINT (-122.25693779077591 37.87000074520508),ios,,2019-12-09T16:15:57-08:00,1.1359712447971346,0.10961521019926002,-0.12672523113364753
165,1575936958.0,-122.25692602556585,37.8700050007066,POINT (-122.25692602556585 37.8700050007066),ios,,2019-12-09T16:15:58-08:00,1.2455864549963946,-0.017110020934387515,-0.09001026057480588
166,1575936959.0,-122.25691298562165,37.87000941868677,POINT (-122.25691298562165 37.87000941868677),ios,,2019-12-09T16:15:59-08:00,1.2284764340620071,-0.1071202815091934,0.16814533327984105
167,1575936960.0,-122.25689991035088,37.87001335822876,POINT (-122.25689991035088 37.87001335822876),ios,,2019-12-09T16:16:00-08:00,1.1213561525528137,0.061025051770647654,-0.15227515722194962
168,1575936961.0,-122.25688767210164,37.87001625051923,POINT (-122.25688767210164 37.87001625051923),ios,,2019-12-09T16:16:01-08:00,1.1823812043234614,-0.09125010545130197,0.16956621331412958
169,1575936962.0,-122.25687468012298,37.87001905856602,POINT (-122.25687468012298 37.87001905856602),ios,,2019-12-09T16:16:02-08:00,1.0911310988721594,0.07831610786282761,-0.01434157657247348
170,1575936963.0,-122.2568626932999,37.870021657104765,POINT (-122.2568626932999 37.870021657104765),ios,,2019-12-09T16:16:03-08:00,1.169447206734987,0.06397453129035413,-0.28748449444222035
171,1575936964.0,-122.25684986893968,37.87002450693879,POINT (-122.25684986893968 37.87002450693879),ios,,2019-12-09T16:16:04-08:00,1.2334217380253412,-0.22350996315186622,0.246371741904569
172,1575936965.0,-122.25683645780505,37.87002781770595,POINT (-122.25683645780505 37.87002781770595),ios,,2019-12-09T16:16:05-08:00,1.009911774873475,0.022861778752702788,-0.005206402808583199
173,1575936966.0,-122.25682564408656,37.87003091914582,POINT (-122.25682564408656 37.87003091914582),ios,,2019-12-09T16:16:06-08:00,1.0327735536261777,0.01765537594411959,-0.01793679912959334
174,1575936967.0,-122.25681441224526,37.87003368532504,POINT (-122.25681441224526 37.87003368532504),ios,,2019-12-09T16:16:07-08:00,1.0504289295702973,-0.00028142318547375034,0.18394538109077807
175,1575936968.0,-122.25680263535787,37.87003536207079,POINT (-122.25680263535787 37.87003536207079),ios,,2019-12-09T16:16:08-08:00,1.0501475063848236,0.18366395790530432,-0.2633617292614301
176,1575936969.0,-122.2567908615545,37.870037038057035,POINT (-122.2567908615545 37.870037038057035),ios,,2019-12-09T16:16:09-08:00,1.233811464290128,-0.07969777135612577,0.09216988774293666
177,1575936970.0,-122.25677702882028,37.87003900817331,POINT (-122.25677702882028 37.87003900817331),ios,,2019-12-09T16:16:10-08:00,1.1541136929340021,0.012472116386810894,-0.04887188941030063
178,1575936971.0,-122.25676403641928,37.87004060084869,POINT (-122.25676403641928 37.87004060084869),ios,,2019-12-09T16:16:11-08:00,1.166585809320813,-0.036399773023489734,0.10792974056689486
179,1575936972.0,-122.25675087675688,37.87004206771779,POINT (-122.25675087675688 37.87004206771779),ios,,2019-12-09T16:16:12-08:00,1.1301860362973233,0.07152996754340513,-0.0041535609243397165
180,1575936973.0,-122.25673813601995,37.87004353457007,POINT (-122.25673813601995 37.87004353457007),ios,,2019-12-09T16:16:13-08:00,1.2017160038407284,0.06737640661906541,-0.11921937509018155
181,1575936974.0,-122.25672480870041,37.870046007095546,POINT (-122.25672480870041 37.870046007095546),ios,,2019-12-09T16:16:14-08:00,1.2690924104597938,-0.051842968471116135,-0.07288386348656672
182,1575936975.0,-122.25671089467372,37.87004910833689,POINT (-122.25671089467372 37.87004910833689),ios,,2019-12-09T16:16:15-08:00,1.2172494419886777,-0.12472683195768286,0.12637880991660255
183,1575936976.0,-122.25669731578985,37.87005132969368,POINT (-122.25669731578985 37.87005132969368),ios,,2019-12-09T16:16:16-08:00,1.0925226100309948,0.0016519779589196926,0.09077363089967161
184,1575936977.0,-122.25668491030093,37.870052126172446,POINT (-122.25668491030093 37.870052126172446),ios,,2019-12-09T16:16:17-08:00,1.0941745879899145,0.0924256088585913,-0.2534458573057301
185,1575936978.0,-122.25667250495412,37.87005116246251,POINT (-122.25667250495412 37.87005116246251),ios,,2019-12-09T16:16:18-08:00,1.1866001968485058,-0.1610202484471388,0.14552933567098525
186,1575936979.0,-122.25665909390536,37.87004982138915,POINT (-122.25665909390536 37.87004982138915),ios,,2019-12-09T16:16:19-08:00,1.025579948401367,-0.015490912776153554,0.12027737641361069
187,1575936980.0,-122.25664752658862,37.87004852217891,POINT (-122.25664752658862 37.87004852217891),ios,,2019-12-09T16:16:20-08:00,1.0100890356252135,0.10478646363745714,-0.13682176486282827
188,1575936981.0,-122.25663604328832,37.8700479353724,POINT (-122.25663604328832 37.8700479353724),ios,,2019-12-09T16:16:21-08:00,1.1148754992626706,-0.03203530122537113,0.056389782269536504
189,1575936982.0,-122.25662338663194,37.87004877344113,POINT (-122.25662338663194 37.87004877344113),ios,,2019-12-09T16:16:22-08:00,1.0828401980372995,0.024354481044165377,-0.1264579293000101
190,1575936983.0,-122.25661131654228,37.870050785017874,POINT (-122.25661131654228 37.870050785017874),ios,,2019-12-09T16:16:23-08:00,1.1071946790814648,-0.10210344825584472,-0.10959486361468895
191,1575936984.0,-122.25659933033452,37.87005388626196,POINT (-122.25659933033452 37.87005388626196),ios,,2019-12-09T16:16:24-08:00,1.0050912308256201,-0.21169831187053367,0.21163399406052097
192,1575936985.0,-122.25658885281881,37.87005753236525,POINT (-122.25658885281881 37.87005753236525),ios,,2019-12-09T16:16:25-08:00,0.7933929189550865,-6.431781001270398e-05,-0.12333054657186471
193,1575936986.0,-122.25658034528081,37.87005994217937,POINT (-122.25658034528081 37.87005994217937),ios,,2019-12-09T16:16:26-08:00,0.7933286011450738,-0.12339486438187741,0.12328806968746908
194,1575936987.0,-122.25657183841473,37.870062351759664,POINT (-122.25657183841473 37.870062351759664),ios,,2019-12-09T16:16:27-08:00,0.6699337367631963,-0.00010679469440832978,0.626755513566138
195,1575936988.0,-122.25656475423435,37.87006011005301,POINT (-122.25656475423435 37.87006011005301),ios,,2019-12-09T16:16:28-08:00,0.669826942068788,0.6266487188717297,-0.7644455993652094
196,1575936989.0,-122.25655767158527,37.87005786791262,POINT (-122.25655767158527 37.87005786791262),ios,,2019-12-09T16:16:29-08:00,1.2964756609405177,-0.1377968804934797,0.04256796546655561
197,1575936990.0,-122.25654308750494,37.87005602392597,POINT (-122.25654308750494 37.87005602392597),ios,,2019-12-09T16:16:30-08:00,1.158678780447038,-0.0952289150269241,0.09519214745700588
198,1575936991.0,-122.25653017924937,37.87005820307963,POINT (-122.25653017924937 37.87005820307963),ios,,2019-12-09T16:16:31-08:00,1.0634498654201139,-3.6767569918216836e-05,0.6936374802888252
199,1575936992.0,-122.25651945028532,37.87006264543715,POINT (-122.25651945028532 37.87006264543715),ios,,2019-12-09T16:16:32-08:00,1.0634130978501957,0.693600712718907,-0.886685668349279
200,1575936993.0,-122.25650872174599,37.87006708772297,POINT (-122.25650872174599 37.87006708772297),ios,,2019-12-09T16:16:33-08:00,1.7570138105691027,-0.19308495563037198,0.23939586565380977
201,1575936994.0,-122.25649162246145,37.8700753020458,POINT (-122.25649162246145 37.8700753020458),ios,,2019-12-09T16:16:34-08:00,1.5639288549387307,0.04631091002343779,0.031053503015671335
202,1575936995.0,-122.25647552913063,37.8700813370861,POINT (-122.25647552913063 37.8700813370861),ios,,2019-12-09T16:16:35-08:00,1.6102397649621685,0.07736441303910913,-0.31143130917841266
203,1575936996.0,-122.25645834618489,37.87008640817571,POINT (-122.25645834618489 37.87008640817571),ios,,2019-12-09T16:16:36-08:00,1.6876041780012776,-0.23406689613930354,0.21878959241442564
204,1575936997.0,-122.25644099562312,37.870092946046455,POINT (-122.25644099562312 37.870092946046455),ios,,2019-12-09T16:16:37-08:00,1.453537281861974,-0.0152773037248779,-0.054479137356298946
205,1575936998.0,-122.25642582428932,37.870098184774506,POINT (-122.25642582428932 37.870098184774506),ios,,2019-12-09T16:16:38-08:00,1.4382599781370962,-0.06975644108117685,0.04375203757901125
206,1575936999.0,-122.25641098829246,37.870103674927606,POINT (-122.25641098829246 37.870103674927606),ios,,2019-12-09T16:16:39-08:00,1.3685035370559193,-0.026004403502165596,0.03879492175718502
207,1575937000.0,-122.2563962360929,37.87010765635821,POINT (-122.2563962360929 37.87010765635821),ios,,2019-12-09T16:16:40-08:00,1.3424991335537537,0.012790518255019423,-0.11602719170727327
208,1575937001.0,-122.25638240592451,37.87011281123083,POINT (-122.25638240592451 37.87011281123083),ios,,2019-12-09T16:16:41-08:00,1.3552896518087731,-0.10323667345225385,0.02638343557225009
209,1575937002.0,-122.25636991686582,37.870119977760616,POINT (-122.25636991686582 37.870119977760616),ios,,2019-12-09T16:16:42-08:00,1.2520529783565193,-0.07685323788000376,-0.08852760822617944
210,1575937003.0,-122.2563582659962,37.870126473749565,POINT (-122.2563582659962 37.870126473749565),ios,,2019-12-09T16:16:43-08:00,1.1751997404765155,-0.1653808461061832,0.16537216163291069
211,1575937004.0,-122.25634720187844,37.870132424903915,POINT (-122.25634720187844 37.870132424903915),ios,,2019-12-09T16:16:44-08:00,1.0098188943703323,-8.684473272513316e-06,-0.19623393385951016
212,1575937005.0,-122.25633584435091,37.870133870788415,POINT (-122.25633584435091 37.870133870788415),ios,,2019-12-09T16:16:45-08:00,1.0098102098970598,-0.19624261833278267,0.19623098130722205
213,1575937006.0,-122.25632448692085,37.87013531666051,POINT (-122.25632448692085 37.87013531666051),ios,,2019-12-09T16:16:46-08:00,0.8135675915642772,-1.1637025560617964e-05,0.27390281826597074
214,1575937007.0,-122.25631522485159,37.87013504424671,POINT (-122.25631522485159 37.87013504424671),ios,,2019-12-09T16:16:47-08:00,0.8135559545387165,0.2738911812404101,-0.23172140035606303
215,1575937008.0,-122.25630596291485,37.8701347718368,POINT (-122.25630596291485 37.8701347718368),ios,,2019-12-09T16:16:48-08:00,1.0874471357791267,0.042169780884347086,0.13516510504232393
216,1575937009.0,-122.2562939767933,37.87013724449824,POINT (-122.2562939767933 37.87013724449824),ios,,2019-12-09T16:16:49-08:00,1.1296169166634737,0.17733488592667102,-0.20167958339280223
217,1575937010.0,-122.25628173921467,37.87014038771193,POINT (-122.25628173921467 37.87014038771193),ios,,2019-12-09T16:16:50-08:00,1.3069518025901448,-0.024344697466131215,-0.2188697791951031
218,1575937011.0,-122.25626874726476,37.8701461293156,POINT (-122.25626874726476 37.8701461293156),ios,,2019-12-09T16:16:51-08:00,1.2826071051240135,-0.2432144766612343,0.4470965488743135
219,1575937012.0,-122.25625701260032,37.8701530024762,POINT (-122.25625701260032 37.8701530024762),ios,,2019-12-09T16:16:52-08:00,1.0393926284627792,0.2038820722130792,2.9585840395761114
220,1575937013.0,-122.2562472057736,37.87015824116568,POINT (-122.2562472057736 37.87015824116568),ios,,2019-12-09T16:16:53-08:00,1.2432747006758584,3.1624661117891906,-6.719740769479397
221,1575937014.0,-122.25623748276593,37.87016637161176,POINT (-122.25623748276593 37.87016637161176),ios,,2019-12-09T16:16:54-08:00,4.405740812465049,-3.5572746576902063,3.9722562162134745
222,1575937015.0,-122.2562159,37.8701306,POINT (-122.2562159 37.8701306),android,,2019-12-09T16:16:55-08:00,0.8484661547748424,0.4149815585232681,-0.5868999096729492
223,1575937016.0,-122.2562092,37.8701361,POINT (-122.2562092 37.8701361),android,,2019-12-09T16:16:56-08:00,1.2634477132981106,-0.17191835114968113,0.005466079399576995
224,1575937017.0,-122.2561985,37.8701437,POINT (-122.2561985 37.8701437),android,,2019-12-09T16:16:57-08:00,1.0915293621484294,-0.16645227175010413,0.3510219660230611
225,1575937018.0,-122.2561882,37.8701492,POINT (-122.2561882 37.8701492),android,,2019-12-09T16:16:58-08:00,0.9250770903983253,0.184569694272957,-0.015858612447707254
226,1575937019.0,-122.25617858759661,37.87015261085281,POINT (-122.25617858759661 37.87015261085281),android,,2019-12-09T16:16:59-08:00,1.1096467846712823,0.16871108182524974,0.15166342668356325
227,1575937020.0,-122.256167,37.8701566,POINT (-122.256167 37.8701566),android,,2019-12-09T16:17:00-08:00,1.278357866496532,0.320374508508813,-0.5599292020394468
228,1575937021.0,-122.2561533,37.8701605,POINT (-122.2561533 37.8701605),android,,2019-12-09T16:17:01-08:00,1.598732375005345,-0.23955469353063386,-0.013348692225860548
229,1575937022.0,-122.2561357,37.8701642,POINT (-122.2561357 37.8701642),android,,2019-12-09T16:17:02-08:00,1.3591776814747112,-0.2529033857564944,-0.2757653919783001
230,1575937023.0,-122.25612061484233,37.87016695750194,POINT (-122.25612061484233 37.87016695750194),android,,2019-12-09T16:17:03-08:00,1.1062742957182168,-0.5286687777347945,1.0475909732365647
231,1575937024.0,-122.2561085,37.8701697,POINT (-122.2561085 37.8701697),android,,2019-12-09T16:17:04-08:00,0.5776055179834223,0.5189221955017702,-0.7135322621958098
232,1575937025.0,-122.2561022,37.8701712,POINT (-122.2561022 37.8701712),android,,2019-12-09T16:17:05-08:00,1.0965277134851925,-0.19461006669403957,0.3926766106475643
233,1575937026.0,-122.2560903,37.8701742,POINT (-122.2560903 37.8701742),android,,2019-12-09T16:17:06-08:00,0.9019176467911529,0.19806654395352474,-0.08389310129841787
234,1575937027.0,-122.25608056039597,37.87017678415843,POINT (-122.25608056039597 37.87017678415843),android,,2019-12-09T16:17:07-08:00,1.0999841907446777,0.11417344265510687,-0.7221025959310858
235,1575937028.0,-122.25606922017269,37.87018099378195,POINT (-122.25606922017269 37.87018099378195),android,,2019-12-09T16:17:08-08:00,1.2141576333997846,-0.607929153275979,1.5409695836867265
236,1575937029.0,-122.2560568,37.8701858,POINT (-122.2560568 37.8701858),android,,2019-12-09T16:17:09-08:00,0.6062284801238056,0.9330404304107476,-1.1977050589272493
237,1575937030.0,-122.2560508,37.8701885,POINT (-122.2560508 37.8701885),android,,2019-12-09T16:17:10-08:00,1.5392689105345532,-0.26466462851650174,0.21474039973935666
238,1575937031.0,-122.2560364,37.8701964,POINT (-122.2560364 37.8701964),android,,2019-12-09T16:17:11-08:00,1.2746042820180514,-0.049924228777145085,-0.5066157734097516
239,1575937032.0,-122.256025,37.8702035,POINT (-122.256025 37.8702035),android,,2019-12-09T16:17:12-08:00,1.2246800532409063,-0.5565400021868967,1.1196616154233838
240,1575937033.0,-122.2560133,37.8702095,POINT (-122.2560133 37.8702095),android,,2019-12-09T16:17:13-08:00,0.6681400510540096,0.5631216132364871,-0.9557074128584865
241,1575937034.0,-122.2560065,37.8702122,POINT (-122.2560065 37.8702122),android,,2019-12-09T16:17:14-08:00,1.2312616642904968,-0.39258579962199935,0.47715810117964497
242,1575937035.0,-122.25599450298068,37.870217937704886,POINT (-122.25599450298068 37.870217937704886),android,,2019-12-09T16:17:15-08:00,0.8386758646684974,0.08457230155764561,0.182001547253143
243,1575937036.0,-122.2559868,37.8702224,POINT (-122.2559868 37.8702224),android,,2019-12-09T16:17:16-08:00,0.923248166226143,0.2665738488107886,-0.3872767635009836
244,1575937037.0,-122.2559785,37.8702275,POINT (-122.2559785 37.8702275),android,,2019-12-09T16:17:17-08:00,1.1898220150369316,-0.120702914690195,0.04578451718539045
245,1575937038.0,-122.2559701386763,37.8702359220531,POINT (-122.2559701386763 37.8702359220531),android,,2019-12-09T16:17:18-08:00,1.0691191003467366,-0.07491839750480456,-0.40160669379063463
246,1575937039.0,-122.2559615,37.8702427,POINT (-122.2559615 37.8702427),android,,2019-12-09T16:17:19-08:00,0.9942007028419321,-0.4765250912954392,1.1908991382395837
247,1575937040.0,-122.255954,37.8702494,POINT (-122.255954 37.8702494),android,,2019-12-09T16:17:20-08:00,0.5176756115464929,0.7143740469441446,-1.5294957206416862
248,1575937041.0,-122.2559496,37.8702525,POINT (-122.2559496 37.8702525),android,,2019-12-09T16:17:21-08:00,1.2320496584906375,-0.8151216736975415,1.6607266334463886
249,1575937042.0,-122.2559378,37.8702585,POINT (-122.2559378 37.8702585),android,,2019-12-09T16:17:22-08:00,0.41692798479309595,0.8456049597488471,-1.7139914430009928
250,1575937043.0,-122.2559333,37.8702597,POINT (-122.2559333 37.8702597),android,,2019-12-09T16:17:23-08:00,1.262532944541943,-0.8683864832521457,1.3157518549174188
251,1575937044.0,-122.25591915590581,37.87026176220465,POINT (-122.25591915590581 37.87026176220465),android,,2019-12-09T16:17:24-08:00,0.3941464612897974,0.44736537166527296,-0.36542401827776144
252,1575937045.0,-122.2559147,37.8702622,POINT (-122.2559147 37.8702622),android,,2019-12-09T16:17:25-08:00,0.8415118329550704,0.08194135338751152,-0.5426551157898479
253,1575937046.0,-122.2559062,37.8702657,POINT (-122.2559062 37.8702657),android,,2019-12-09T16:17:26-08:00,0.9234531863425819,-0.4607137624023364,1.615544262862684
254,1575937047.0,-122.2558978,37.8702707,POINT (-122.2558978 37.8702707),android,,2019-12-09T16:17:27-08:00,0.4627394239402455,1.1548305004603474,-1.615628262536651
255,1575937048.0,-122.2558939,37.8702735,POINT (-122.2558939 37.8702735),android,,2019-12-09T16:17:28-08:00,1.617569924400593,-0.4607977620763035,-0.08974652746358969
256,1575937049.0,-122.255877,37.8702793,POINT (-122.255877 37.8702793),android,,2019-12-09T16:17:29-08:00,1.1567721623242895,-0.5505442895398932,1.4006980524727335
257,1575937050.0,-122.255865,37.8702836,POINT (-122.255865 37.8702836),android,,2019-12-09T16:17:30-08:00,0.6062278727843963,0.8501537629328403,-1.099877427326026
258,1575937051.0,-122.255859,37.8702863,POINT (-122.255859 37.8702863),android,,2019-12-09T16:17:31-08:00,1.4563816357172366,-0.24972366439318572,-0.1344918142421937
259,1575937052.0,-122.25584485585755,37.87029314684602,POINT (-122.25584485585755 37.87029314684602),android,,2019-12-09T16:17:32-08:00,1.2066579713240508,-0.3842154786353794,0.011925763665908917
260,1575937053.0,-122.2558332,37.8702989,POINT (-122.2558332 37.8702989),android,,2019-12-09T16:17:33-08:00,0.8224424926886714,-0.3722897149694705,1.048319731278852
261,1575937054.0,-122.2558239,37.870298,POINT (-122.2558239 37.870298),android,,2019-12-09T16:17:34-08:00,0.4501527777192009,0.6760300163093813,-0.7489520515759702
262,1575937055.0,-122.2558189,37.8702989,POINT (-122.2558189 37.8702989),android,,2019-12-09T16:17:35-08:00,1.1261827940285822,-0.07292203526658891,-0.873085312981498
263,1575937056.0,-122.2558065,37.8703015,POINT (-122.2558065 37.8703015),android,,2019-12-09T16:17:36-08:00,1.0532607587619933,-0.946007348248087,1.7734725313454986
264,1575937057.0,-122.25579496485797,37.87030410878551,POINT (-122.25579496485797 37.87030410878551),android,,2019-12-09T16:17:37-08:00,0.1072534105139064,0.8274651830974117,-0.435996875019676
265,1575937058.0,-122.2557938,37.8703044,POINT (-122.2557938 37.8703044),android,,2019-12-09T16:17:38-08:00,0.934718593611318,0.3914683080777357,-1.3213220731117756
266,1575937059.0,-122.2557833,37.870303,POINT (-122.2557833 37.870303),android,,2019-12-09T16:17:39-08:00,1.3261869016890537,-0.9298537650340399,1.3175844079646652
267,1575937060.0,-122.2557682,37.8703026,POINT (-122.2557682 37.8703026),android,,2019-12-09T16:17:40-08:00,0.39633313665501385,0.38773064293062526,-0.5382329575894813
268,1575937061.0,-122.2557638,37.8703018,POINT (-122.2557638 37.8703018),android,,2019-12-09T16:17:41-08:00,0.7840637795856391,-0.1505023146588561,0.8354186924347438
269,1575937062.0,-122.2557549,37.8703012,POINT (-122.2557549 37.8703012),android,,2019-12-09T16:17:42-08:00,0.633561464926783,0.6849163777758877,-1.265727562988893
270,1575937063.0,-122.2557477,37.8703016,POINT (-122.2557477 37.8703016),android,,2019-12-09T16:17:43-08:00,1.3184778427026707,-0.5808111852130055,0.9593908721106219
271,1575937064.0,-122.2557328,37.8703001,POINT (-122.2557328 37.8703001),android,,2019-12-09T16:17:44-08:00,0.7376666574896652,0.37857968689761645,-0.30471249517074617
272,1575937065.0,-122.2557244,37.8702999,POINT (-122.2557244 37.8702999),android,,2019-12-09T16:17:45-08:00,1.1162463443872817,0.07386719172687028,-0.22476827306457814
273,1575937066.0,-122.25571168323538,37.8702999,POINT (-122.25571168323538 37.8702999),android,,2019-12-09T16:17:46-08:00,1.190113536114152,-0.15090108133770785,0.48452575463837433
274,1575937067.0,-122.2556985,37.8703024,POINT (-122.2556985 37.8703024),android,,2019-12-09T16:17:47-08:00,1.039212454776444,0.3336246733006665,-1.0899730353784962
275,1575937068.0,-122.2556878,37.8703064,POINT (-122.2556878 37.8703064),android,,2019-12-09T16:17:48-08:00,1.3728371280771106,-0.7563483620778298,1.1992399186793188
276,1575937069.0,-122.2556735,37.8703114,POINT (-122.2556735 37.8703114),android,,2019-12-09T16:17:49-08:00,0.6164887659992807,0.44289155660148893,-0.370823971994407
277,1575937070.0,-122.255667,37.8703135,POINT (-122.255667 37.8703135),android,,2019-12-09T16:17:50-08:00,1.0593803226007696,0.07206758460708196,-0.10399812526722485
278,1575937071.0,-122.2556552,37.8703155,POINT (-122.2556552 37.8703155),android,,2019-12-09T16:17:51-08:00,1.1314479072078516,-0.03193054066014289,-0.27823094097747436
279,1575937072.0,-122.2556424,37.8703167,POINT (-122.2556424 37.8703167),android,,2019-12-09T16:17:52-08:00,1.0995173665477087,-0.31016148163761725,0.6215345478490251
280,1575937073.0,-122.25563,37.8703181,POINT (-122.25563 37.8703181),android,,2019-12-09T16:17:53-08:00,0.7893558849100915,0.3113730662114078,-0.6279619794779261
281,1575937074.0,-122.25562142072764,37.87032022765955,POINT (-122.25562142072764 37.87032022765955),android,,2019-12-09T16:17:54-08:00,1.1007289511214993,-0.3165889132665183,0.4961348803649446
282,1575937075.0,-122.2556095,37.8703233,POINT (-122.2556095 37.8703233),android,,2019-12-09T16:17:55-08:00,0.784140037854981,0.1795459670984263,-0.46764521216767985
283,1575937076.0,-122.2556011,37.8703257,POINT (-122.2556011 37.8703257),android,,2019-12-09T16:17:56-08:00,0.9636860049534073,-0.28809924506925355,0.4272521963507344
284,1575937077.0,-122.2555908,37.8703287,POINT (-122.2555908 37.8703287),android,,2019-12-09T16:17:57-08:00,0.6755867598841537,0.13915295128148086,1.0093212793591384
285,1575937078.0,-122.2555846,37.8703323,POINT (-122.2555846 37.8703323),android,,2019-12-09T16:17:58-08:00,0.8147397111656346,1.1484742306406193,-2.6392438186189437
286,1575937079.0,-122.25557565520612,37.870334256673665,POINT (-122.25557565520612 37.870334256673665),android,,2019-12-09T16:17:59-08:00,1.9632139418062537,-1.4907695879783247,2.2599534642062244
287,1575937080.0,-122.2555533,37.8703348,POINT (-122.2555533 37.8703348),android,,2019-12-09T16:18:00-08:00,0.472444353827929,0.7691838762278997,-0.9319095913257729
288,1575937081.0,-122.25554792846962,37.870335068576516,POINT (-122.25554792846962 37.870335068576516),android,,2019-12-09T16:18:01-08:00,1.2416282300558288,-0.16272571509787315,0.4751580744306887
289,1575937082.0,-122.2555339,37.8703365,POINT (-122.2555339 37.8703365),android,,2019-12-09T16:18:02-08:00,1.0789025149579556,0.31243235933281555,-0.18322305209562062
290,1575937083.0,-122.2555219,37.8703386,POINT (-122.2555219 37.8703386),android,,2019-12-09T16:18:03-08:00,1.3913348742907712,0.12920930723719493,0.5682498845299755
291,1575937084.0,-122.2555061,37.8703396,POINT (-122.2555061 37.8703396),android,,2019-12-09T16:18:04-08:00,1.520544181527966,0.6974591917671704,-2.3102443380491624
292,1575937085.0,-122.2554888,37.8703403,POINT (-122.2554888 37.8703403),android,,2019-12-09T16:18:05-08:00,2.2180033732951365,-1.612785146281992,2.2371822809340554
293,1575937086.0,-122.2554638,37.8703432,POINT (-122.2554638 37.8703432),android,,2019-12-09T16:18:06-08:00,0.6052182270131445,0.6243971346520634,-0.1755616905862496
294,1575937087.0,-122.255457,37.8703441,POINT (-122.255457 37.8703441),android,,2019-12-09T16:18:07-08:00,1.229615361665208,0.44883544406581377,-0.8231843226634157
295,1575937088.0,-122.2554432,37.870346,POINT (-122.2554432 37.870346),android,,2019-12-09T16:18:08-08:00,1.6784508057310217,-0.3743488785976019,-0.3245348710590439
296,1575937089.0,-122.2554242,37.8703477,POINT (-122.2554242 37.8703477),android,,2019-12-09T16:18:09-08:00,1.3041019271334198,-0.6988837496566458,1.4457045957974877
297,1575937090.0,-122.2554095,37.8703494,POINT (-122.2554095 37.8703494),android,,2019-12-09T16:18:10-08:00,0.605218177476774,0.7468208461408419,-0.7293300257191757
298,1575937091.0,-122.2554027,37.8703503,POINT (-122.2554027 37.8703503),android,,2019-12-09T16:18:11-08:00,1.3520390236176159,0.017490820421666164,-0.06470022808950127
299,1575937092.0,-122.2553876,37.8703527,POINT (-122.2553876 37.8703527),android,,2019-12-09T16:18:12-08:00,1.369529844039282,-0.0472094076678351,-0.060519979807420965
300,1575937093.0,-122.2553725,37.8703558,POINT (-122.2553725 37.8703558),android,,2019-12-09T16:18:13-08:00,1.322320436371447,-0.10772938747525607,0.2897315770277473
301,1575937094.0,-122.2553578,37.8703584,POINT (-122.2553578 37.8703584),android,,2019-12-09T16:18:14-08:00,1.2145910488961909,0.18200218955249126,-0.42779605352476113
302,1575937095.0,-122.255344,37.8703576,POINT (-122.255344 37.8703576),android,,2019-12-09T16:18:15-08:00,1.396593238448682,-0.24579386397226988,0.4027480946112394
303,1575937096.0,-122.25532823228373,37.870355920472484,POINT (-122.25532823228373 37.870355920472484),android,,2019-12-09T16:18:16-08:00,1.1507993744764122,0.15695423063896952,-0.12514065826208332
304,1575937097.0,-122.2553154,37.8703538,POINT (-122.2553154 37.8703538),android,,2019-12-09T16:18:17-08:00,1.3077536051153817,0.0318135723768862,0.0663267046318956
305,1575937098.0,-122.2553011,37.8703505,POINT (-122.2553011 37.8703505),android,,2019-12-09T16:18:18-08:00,1.339567177492268,0.0981402770087818,6.812806602846567
306,1575937099.0,-122.255286945589,37.87034599632378,POINT (-122.255286945589 37.87034599632378),android,,2019-12-09T16:18:19-08:00,1.4377074545010498,6.910946879855349,-14.141097874548777
307,1575937100.0,-122.25527143667738,37.870341838244585,POINT (-122.25527143667738 37.870341838244585),android,,2019-12-09T16:18:20-08:00,8.348654334356398,-7.230150994693428,7.2149484597893085
308,1575937101.0,-122.255225451777,37.87040756087552,POINT (-122.255225451777 37.87040756087552),ios,,2019-12-09T16:18:21-08:00,1.1185033396629707,-0.015202534904119824,-0.06051824124337579
309,1575937102.0,-122.25521614786447,37.87040068771492,POINT (-122.25521614786447 37.87040068771492),ios,,2019-12-09T16:18:22-08:00,1.1033008047588508,-0.07572077614749562,-0.018999631827175456
310,1575937103.0,-122.25520768214227,37.870393353549645,POINT (-122.25520768214227 37.870393353549645),ios,,2019-12-09T16:18:23-08:00,1.0275800286113552,-0.09472040797467107,0.09466750703904281
311,1575937104.0,-122.25520131189586,37.87038560028921,POINT (-122.25520131189586 37.87038560028921),ios,,2019-12-09T16:18:24-08:00,0.9328596206366842,-5.290093562826392e-05,0.1477055849708353
312,1575937105.0,-122.25519439662953,37.87037922986206,POINT (-122.25519439662953 37.87037922986206),ios,,2019-12-09T16:18:25-08:00,0.9328067197010559,0.14765268403520704,0.054756905476588624
313,1575937106.0,-122.25518748175563,37.87037285979639,POINT (-122.25518748175563 37.87037285979639),ios,,2019-12-09T16:18:26-08:00,1.080459403736263,0.20240958951179566,5.221774526223635
314,1575937107.0,-122.25517574709119,37.87036992613028,POINT (-122.25517574709119 37.87036992613028),ios,,2019-12-09T16:18:27-08:00,1.2828689932480586,5.4241841157354305,-11.420535795382012
315,1575937108.0,-122.25516191695095,37.87036619618337,POINT (-122.25516191695095 37.87036619618337),ios,,2019-12-09T16:18:28-08:00,6.707053108983489,-5.9963516796465814,6.676813000608889
316,1575937109.0,-122.2551289,37.8703118,POINT (-122.2551289 37.8703118),android,,2019-12-09T16:18:29-08:00,0.7107014293369074,0.6804613209623078,-0.8668671847928711
317,1575937110.0,-122.255121,37.8703104,POINT (-122.255121 37.8703104),android,,2019-12-09T16:18:30-08:00,1.3911627502992152,-0.18640586383056323,0.2063958215828703
318,1575937111.0,-122.2551059,37.8703066,POINT (-122.2551059 37.8703066),android,,2019-12-09T16:18:31-08:00,1.204756886468652,0.019989957752307053,-0.6344215374808679
319,1575937112.0,-122.255093,37.8703029,POINT (-122.255093 37.8703029),android,,2019-12-09T16:18:32-08:00,1.224746844220959,-0.6144315797285609,0.6423873336500607
320,1575937113.0,-122.2550807,37.8702977,POINT (-122.2550807 37.8702977),android,,2019-12-09T16:18:33-08:00,0.6103152644923981,0.02795575392149985,0.24374369384320282
321,1575937114.0,-122.25507746190459,37.87029284285692,POINT (-122.25507746190459 37.87029284285692),android,,2019-12-09T16:18:34-08:00,0.638271018413898,0.2716994477647027,0.5906256298083439
322,1575937115.0,-122.2550723,37.8702888,POINT (-122.2550723 37.8702888),android,,2019-12-09T16:18:35-08:00,0.9099704661786007,0.8623250775730466,-1.6594507050863272
323,1575937116.0,-122.25506587664181,37.870282376641796,POINT (-122.25506587664181 37.870282376641796),android,,2019-12-09T16:18:36-08:00,1.7722955437516472,-0.7971256275132806,1.318354142374758
324,1575937117.0,-122.2550527,37.8702703,POINT (-122.2550527 37.8702703),android,,2019-12-09T16:18:37-08:00,0.9751699162383666,0.5212285148614774,-1.0137593130660538
325,1575937118.0,-122.2550513,37.8702616,POINT (-122.2550513 37.8702616),android,,2019-12-09T16:18:38-08:00,1.496398431099844,-0.49253079820457635,1.470733697864336
326,1575937119.0,-122.2550539,37.8702483,POINT (-122.2550539 37.8702483),android,,2019-12-09T16:18:39-08:00,1.0038676328952676,0.9782028996597596,-1.491844373457997
327,1575937120.0,-122.2550548,37.8702393,POINT (-122.2550548 37.8702393),android,,2019-12-09T16:18:40-08:00,1.9820705325550272,-0.5136414737982373,0.09224918276201066
328,1575937121.0,-122.2550536,37.8702215,POINT (-122.2550536 37.8702215),android,,2019-12-09T16:18:41-08:00,1.4684290587567899,-0.42139229103622666,0.520417273242364
329,1575937122.0,-122.2550541,37.8702083,POINT (-122.2550541 37.8702083),android,,2019-12-09T16:18:42-08:00,1.0470367677205632,0.09902498220613731,-0.05128535888235941
330,1575937123.0,-122.2550534,37.8701989,POINT (-122.2550534 37.8701989),android,,2019-12-09T16:18:43-08:00,1.1460617499267005,0.0477396233237779,-0.5734481809831087
331,1575937124.0,-122.2550537780719,37.870188597541066,POINT (-122.2550537780719 37.870188597541066),android,,2019-12-09T16:18:44-08:00,1.1938013732504784,-0.5257085576593308,2.2427216734175417
332,1575937125.0,-122.2550516,37.870178,POINT (-122.2550516 37.870178),android,,2019-12-09T16:18:45-08:00,0.6680928155911476,1.7170131157582111,-4.024720386387433
333,1575937126.0,-122.2550512,37.870172,POINT (-122.2550512 37.870172),android,,2019-12-09T16:18:46-08:00,2.3851059313493588,-2.3077072706292214,3.414703502245912
334,1575937127.0,-122.25504263745354,37.87015164307185,POINT (-122.25504263745354 37.87015164307185),android,,2019-12-09T16:18:47-08:00,0.07739866072013725,1.1069962316166904,-0.781861991568835
335,1575937128.0,-122.2550423,37.870151,POINT (-122.2550423 37.870151),android,,2019-12-09T16:18:48-08:00,1.1843948923368277,0.3251342400478554,-0.6005111324183672
336,1575937129.0,-122.2550355,37.8701418,POINT (-122.2550355 37.8701418),android,,2019-12-09T16:18:49-08:00,1.5095291323846831,-0.27537689237051177,0.2943799746008391
337,1575937130.0,-122.2550285,37.8701294,POINT (-122.2550285 37.8701294),android,,2019-12-09T16:18:50-08:00,1.2341522400141713,0.019003082230327317,-0.13992200341696504
338,1575937131.0,-122.2550224,37.8701194,POINT (-122.2550224 37.8701194),android,,2019-12-09T16:18:51-08:00,1.2531553222444987,-0.12091892118663772,-0.19173545763195754
339,1575937132.0,-122.2550169,37.870109,POINT (-122.2550169 37.870109),android,,2019-12-09T16:18:52-08:00,1.132236401057861,-0.31265437881859526,0.6442467198338593
340,1575937133.0,-122.2550126,37.8700994,POINT (-122.2550126 37.8700994),android,,2019-12-09T16:18:53-08:00,0.8195820222392657,0.331592341015264,-0.09513198591728467
341,1575937134.0,-122.25501187953891,37.87009205129689,POINT (-122.25501187953891 37.87009205129689),android,,2019-12-09T16:18:54-08:00,1.1511743632545297,0.23646035509797936,-0.5173304539779104
342,1575937135.0,-122.2550121,37.8700817,POINT (-122.2550121 37.8700817),android,,2019-12-09T16:18:55-08:00,1.387634718352509,-0.2808700988799311,3.6901320968714177
343,1575937136.0,-122.25501249292736,37.87006922455658,POINT (-122.25501249292736 37.87006922455658),android,,2019-12-09T16:18:56-08:00,1.106764619472578,3.4092619979914867,-6.613401105369464
344,1575937137.0,-122.25501327958894,37.870059290574154,POINT (-122.25501327958894 37.870059290574154),android,,2019-12-09T16:18:57-08:00,4.516026617464065,-3.2041391073779772,3.262227528538599
345,1575937138.0,-122.25500986922742,37.8700187662969,POINT (-122.25500986922742 37.8700187662969),ios,,2019-12-09T16:18:58-08:00,1.3118875100860876,0.05808842116062163,-0.1848105355306322
346,1575937139.0,-122.25501079116204,37.8700069906775,POINT (-122.25501079116204 37.8700069906775),ios,,2019-12-09T16:18:59-08:00,1.3699759312467092,-0.12672211437001057,0.3261335921888371
347,1575937140.0,-122.25501204852225,37.8699947102348,POINT (-122.25501204852225 37.8699947102348),ios,,2019-12-09T16:19:00-08:00,1.2432538168766987,0.1994114778188265,-0.040690830477964735
348,1575937141.0,-122.25500911485614,37.86998377185116,POINT (-122.25500911485614 37.86998377185116),ios,,2019-12-09T16:19:01-08:00,1.4426652946955252,0.15872064734086178,-0.40757875779497543
349,1575937142.0,-122.25499964330555,37.86997316874365,POINT (-122.25499964330555 37.86997316874365),ios,,2019-12-09T16:19:02-08:00,1.601385942036387,-0.24885811045411366,0.22068319042960471
350,1575937143.0,-122.2549870704508,37.8699627332742,POINT (-122.2549870704508 37.8699627332742),ios,,2019-12-09T16:19:03-08:00,1.3525278315822733,-0.028174920024508943,-0.14775000483883427
351,1575937144.0,-122.25497600633861,37.869954267552,POINT (-122.25497600633861 37.869954267552),ios,,2019-12-09T16:19:04-08:00,1.3243529115577644,-0.1759249248633432,0.15884395299059673
352,1575937145.0,-122.25496561277868,37.86994563419173,POINT (-122.25496561277868 37.86994563419173),ios,,2019-12-09T16:19:05-08:00,1.1484279866944211,-0.017080971872746487,0.11708463400729596
353,1575937146.0,-122.25496167328419,37.8699357854555,POINT (-122.25496167328419 37.8699357854555),ios,,2019-12-09T16:19:06-08:00,1.1313470148216747,0.10000366213454948,-0.00978474437573662
354,1575937147.0,-122.25495941017033,37.86992576908121,POINT (-122.25495941017033 37.86992576908121),ios,,2019-12-09T16:19:07-08:00,1.2313506769562241,0.09021891775881286,-0.21491404338286157
355,1575937148.0,-122.25495999690355,37.86991470496903,POINT (-122.25495999690355 37.86991470496903),ios,,2019-12-09T16:19:08-08:00,1.321569594715037,-0.12469512562404872,0.33182259099192035
356,1575937149.0,-122.25496158946515,37.869902886485555,POINT (-122.25496158946515 37.869902886485555),ios,,2019-12-09T16:19:09-08:00,1.1968744690909883,0.20712746536787163,-0.3256574381815758
357,1575937150.0,-122.25496393639804,37.86989228337804,POINT (-122.25496393639804 37.86989228337804),ios,,2019-12-09T16:19:10-08:00,1.40400193445886,-0.11852997281370414,0.23483826575619848
358,1575937151.0,-122.25496896553994,37.86988029725651,POINT (-122.25496896553994 37.86988029725651),ios,,2019-12-09T16:19:11-08:00,1.2854719616451558,0.11630829294249434,-0.20010049765952687
359,1575937152.0,-122.25497609015764,37.869870197063186,POINT (-122.25497609015764 37.869870197063186),ios,,2019-12-09T16:19:12-08:00,1.40178025458765,-0.08379220471703253,0.11133067045892076
360,1575937153.0,-122.25498489115597,37.869859677774706,POINT (-122.25498489115597 37.869859677774706),ios,,2019-12-09T16:19:13-08:00,1.3179880498706176,0.02753846574188823,0.03460060958546607
361,1575937154.0,-122.25499067466916,37.86984873939107,POINT (-122.25499067466916 37.86984873939107),ios,,2019-12-09T16:19:14-08:00,1.3455265156125058,0.0621390753273543,-0.20211978674114794
362,1575937155.0,-122.2549923510498,37.869836711360016,POINT (-122.2549923510498 37.869836711360016),ios,,2019-12-09T16:19:15-08:00,1.40766559093986,-0.13998071141379365,0.08345907400728603
363,1575937156.0,-122.25499201577367,37.86982405468623,POINT (-122.25499201577367 37.86982405468623),ios,,2019-12-09T16:19:16-08:00,1.2676848795260665,-0.05652163740650762,0.11842480530418276
364,1575937157.0,-122.25499377597333,37.869812739116945,POINT (-122.25499377597333 37.869812739116945),ios,,2019-12-09T16:19:17-08:00,1.2111632421195588,0.06190316789767514,-0.08843123057697988
365,1575937158.0,-122.25499754782976,37.86980226173798,POINT (-122.25499754782976 37.86980226173798),ios,,2019-12-09T16:19:18-08:00,1.273066410017234,-0.026528062679304742,-0.01761141280707279
366,1575937159.0,-122.25500165496231,37.869791281444826,POINT (-122.25500165496231 37.869791281444826),ios,,2019-12-09T16:19:19-08:00,1.2465383473379292,-0.04413947548637753,-0.07404626745384402
367,1575937160.0,-122.25500735465647,37.86978101361344,POINT (-122.25500735465647 37.86978101361344),ios,,2019-12-09T16:19:20-08:00,1.2023988718515517,-0.11818574294022155,0.33695475990739254
368,1575937161.0,-122.25501238379837,37.869770955329635,POINT (-122.25501238379837 37.869770955329635),ios,,2019-12-09T16:19:21-08:00,1.0842131289113301,0.218769016967171,-0.19753948083474193
369,1575937162.0,-122.25501531746448,37.86976148377905,POINT (-122.25501531746448 37.86976148377905),ios,,2019-12-09T16:19:22-08:00,1.3029821458785011,0.02122953613242906,-0.2266239511057131
370,1575937163.0,-122.2550179996735,37.86974995866219,POINT (-122.2550179996735 37.86974995866219),ios,,2019-12-09T16:19:23-08:00,1.3242116820109302,-0.20539441497328403,0.17707134514643208
371,1575937164.0,-122.25501850258769,37.86973805635969,POINT (-122.25501850258769 37.86973805635969),ios,,2019-12-09T16:19:24-08:00,1.1188172670376462,-0.028323069826851954,0.01183506621289765
372,1575937165.0,-122.25501883786382,37.86972799807588,POINT (-122.25501883786382 37.86972799807588),ios,,2019-12-09T16:19:25-08:00,1.0904941972107942,-0.016488003613954305,0.016426551711679505
373,1575937166.0,-122.25501892168285,37.86971819124917,POINT (-122.25501892168285 37.86971819124917),ios,,2019-12-09T16:19:26-08:00,1.07400619359684,-6.145190227480057e-05,0.26611189753200937
374,1575937167.0,-122.25501732907568,37.86970861465081,POINT (-122.25501732907568 37.86970861465081),ios,,2019-12-09T16:19:27-08:00,1.073944741694565,0.26605044562973457,-0.43163769533260576
375,1575937168.0,-122.25501573655964,37.86969903860042,POINT (-122.25501573655964 37.86969903860042),ios,,2019-12-09T16:19:28-08:00,1.3399951873242997,-0.1655872497028712,0.2815325314019266
376,1575937169.0,-122.25501020450355,37.86968780685017,POINT (-122.25501020450355 37.86968780685017),ios,,2019-12-09T16:19:29-08:00,1.1744079376214285,0.11594528169905538,-0.11610128658533547
377,1575937170.0,-122.25500450480939,37.86967825148056,POINT (-122.25500450480939 37.86967825148056),ios,,2019-12-09T16:19:30-08:00,1.2903532193204839,-0.00015600488628009224,-0.037202019875031134
378,1575937171.0,-122.25499796692492,37.869667857920625,POINT (-122.25499796692492 37.869667857920625),ios,,2019-12-09T16:19:31-08:00,1.2901972144342038,-0.037358024761311226,-0.13126793295486316
379,1575937172.0,-122.25499176431657,37.869657338632145,POINT (-122.25499176431657 37.869657338632145),ios,,2019-12-09T16:19:32-08:00,1.2528391896728925,-0.1686259577161744,0.1849074063256515
380,1575937173.0,-122.25498665135564,37.869646819343664,POINT (-122.25498665135564 37.869646819343664),ios,,2019-12-09T16:19:33-08:00,1.0842132319567181,0.01628144860947711,0.020835598102140862
381,1575937174.0,-122.25498371768953,37.86963734779308,POINT (-122.25498371768953 37.86963734779308),ios,,2019-12-09T16:19:34-08:00,1.1004946805661953,0.037117046711617974,0.08638892406441068
382,1575937175.0,-122.25497944291891,37.86962804388056,POINT (-122.25497944291891 37.86962804388056),ios,,2019-12-09T16:19:35-08:00,1.1376117272778132,0.12350597077602865,0.10887489173605225
383,1575937176.0,-122.25497525196732,37.8696183627824,POINT (-122.25497525196732 37.8696183627824),ios,,2019-12-09T16:19:36-08:00,1.2611176980538419,0.2323808625120809,-0.44048520390323564
384,1575937177.0,-122.25496812734963,37.86960851404617,POINT (-122.25496812734963 37.86960851404617),ios,,2019-12-09T16:19:37-08:00,1.4934985605659228,-0.20810434139115475,0.17609879093298542
385,1575937178.0,-122.25495840434195,37.8695974918435,POINT (-122.25495840434195 37.8695974918435),ios,,2019-12-09T16:19:38-08:00,1.285394219174768,-0.03200555045816933,0.22039447030618398
386,1575937179.0,-122.25494910042943,37.86958856511662,POINT (-122.25494910042943 37.86958856511662),ios,,2019-12-09T16:19:39-08:00,1.2533886687165987,0.18838891984801465,-0.34729004313724543
387,1575937180.0,-122.25494088616432,37.86957934502313,POINT (-122.25494088616432 37.86957934502313),ios,,2019-12-09T16:19:40-08:00,1.4417775885646134,-0.15890112328923078,0.04224208894255321
388,1575937181.0,-122.25493258808018,37.8695681551824,POINT (-122.25493258808018 37.8695681551824),ios,,2019-12-09T16:19:41-08:00,1.2828764652753826,-0.11665903434667757,0.049097164038265806
389,1575937182.0,-122.25492646929087,37.869557677803435,POINT (-122.25492646929087 37.869557677803435),ios,,2019-12-09T16:19:42-08:00,1.166217430928705,-0.06756187030841176,0.01748751939894677
390,1575937183.0,-122.25492252979637,37.869547661429145,POINT (-122.25492252979637 37.869547661429145),ios,,2019-12-09T16:19:43-08:00,1.0986555606202932,-0.05007435090946499,0.20080157734359094
391,1575937184.0,-122.25491817120673,37.86953839942614,POINT (-122.25491817120673 37.86953839942614),ios,,2019-12-09T16:19:44-08:00,1.0485812097108282,0.15072722643412595,-0.08965892702739331
392,1575937185.0,-122.2549123038745,37.86953018516103,POINT (-122.2549123038745 37.86953018516103),ios,,2019-12-09T16:19:45-08:00,1.1993084361449542,0.06106829940673264,0.043530353421938006
393,1575937186.0,-122.2549038381523,37.86952171943883,POINT (-122.2549038381523 37.86952171943883),ios,,2019-12-09T16:19:46-08:00,1.2603767355516868,0.10459865282867065,-0.031981173467241275
394,1575937187.0,-122.25489579152526,37.86951233170728,POINT (-122.25489579152526 37.86951233170728),ios,,2019-12-09T16:19:47-08:00,1.3649753883803575,0.07261747936142937,-0.12589512079363652
395,1575937188.0,-122.25488833163143,37.8695015609617,POINT (-122.25488833163143 37.8695015609617),ios,,2019-12-09T16:19:48-08:00,1.4375928677417869,-0.053277641432207146,0.0395895652273246
396,1575937189.0,-122.2548811231947,37.86948995202581,POINT (-122.2548811231947 37.86948995202581),ios,,2019-12-09T16:19:49-08:00,1.3843152263095797,-0.013688076204882549,0.15113204153707027
397,1575937190.0,-122.25487349566282,37.869479055551686,POINT (-122.25487349566282 37.869479055551686),ios,,2019-12-09T16:19:50-08:00,1.3706271501046972,0.13744396533218772,-0.2625118565370571
398,1575937191.0,-122.25486553285481,37.869468452444174,POINT (-122.25486553285481 37.869468452444174),ios,,2019-12-09T16:19:51-08:00,1.5080711154368849,-0.12506789120486936,0.07902236702339846
399,1575937196.0,-122.25488031136364,37.86940165146733,POINT (-122.25488031136364 37.86940165146733),midpoint,"[<POINT (-122.255 37.869)>, <POINT (-122.255 37.869)>]",2019-12-09T16:19:56-08:00,0.8827316594125381,0.27004394391212294,-0.22633316471815457
400,1575937197.0,-122.25487722834961,37.86939409513978,POINT (-122.25487722834961 37.86939409513978),midpoint,"[<POINT (-122.255 37.869)>, <POINT (-122.255 37.869)>]",2019-12-09T16:19:57-08:00,1.152775603324661,0.043710779193968374,0.0866945053261794
401,1575937198.0,-122.25487260342607,37.869384392128936,POINT (-122.25487260342607 37.869384392128936),midpoint,"[<POINT (-122.255 37.869)>, <POINT (-122.255 37.869)>]",2019-12-09T16:19:58-08:00,1.1964863825186294,0.13040528452014777,-1.457296951558925
402,1575937199.0,-122.25486548655121,37.86937521500427,POINT (-122.25486548655121 37.86937521500427),midpoint,"[<POINT (-122.255 37.869)>, <POINT (-122.255 37.869)>]",2019-12-09T16:19:59-08:00,1.3268916670387771,-1.3268916670387771,1.3268916670387771
403,1575937200.0,-122.25485681975996,37.8693654380635,POINT (-122.25485681975996 37.8693654380635),midpoint,"[<POINT (-122.255 37.869)>, <POINT (-122.255 37.869)>]",2019-12-09T16:20:00-08:00,0.0,0.0,0.0
