,ts,longitude,latitude,geometry,source,matching,fmt_time,speed,acceleration,jerk
0,1564016388.0,-122.39386406432087,37.79007841169396,POINT (-122.39386406432087 37.79007841169396),midpoint,"[<POINT (-122.394 37.79)>, <POINT (-122.394 37.79)>]",2019-07-24T17:59:48-07:00,1.7748277494055325,0.15920241690690662,-0.650838808354729
1,1564016389.0,-122.39386048437396,37.790094120380274,POINT (-122.39386048437396 37.790094120380274),midpoint,"[<POINT (-122.394 37.79)>, <POINT (-122.394 37.79)>]",2019-07-24T17:59:49-07:00,1.934030166312439,-0.49163639144782234,-0.12615201518217656
2,1564016390.0,-122.39385858161268,37.790111448411324,POINT (-122.39385858161268 37.790111448411324),midpoint,"[<POINT (-122.394 37.79)>, <POINT (-122.394 37.79)>]",2019-07-24T17:59:50-07:00,1.4423937748646167,-0.6177884066299989,2.195218748044461
3,1564016391.0,-122.39385538759399,37.79012417222401,POINT (-122.39385538759399 37.79012417222401),midpoint,"[<POINT (-122.394 37.79)>, <POINT (-122.394 37.79)>]",2019-07-24T17:59:51-07:00,0.8246053682346178,1.5774303414144621,-1.5732275701585685
4,1564016392.0,-122.39385082237095,37.790130651365914,POINT (-122.39385082237095 37.790130651365914),midpoint,"[<POINT (-122.394 37.79)>, <POINT (-122.394 37.79)>]",2019-07-24T17:59:52-07:00,2.40203570964908,0.004202771255893634,-0.5606031549068307
5,1564016393.0,-122.39383957735392,37.79015034090081,POINT (-122.39383957735392 37.79015034090081),midpoint,"[<POINT (-122.394 37.79)>, <POINT (-122.394 37.79)>]",2019-07-24T17:59:53-07:00,2.4062384809049737,-0.556400383650937,-0.391770646745772
6,1564016394.0,-122.39382571419966,37.79016900259796,POINT (-122.39382571419966 37.79016900259796),midpoint,"[<POINT (-122.394 37.79)>, <POINT (-122.394 37.79)>]",2019-07-24T17:59:54-07:00,1.8498380972540367,-0.948171030396709,0.9505284615443013
7,1564016395.0,-122.39381241350718,37.790181897365414,POINT (-122.39381241350718 37.790181897365414),midpoint,"[<POINT (-122.394 37.79)>, <POINT (-122.394 37.79)>]",2019-07-24T17:59:55-07:00,0.9016670668573277,0.0023574311475922202,0.0027581496524816153
8,1564016448.0,-122.3934549701833,37.790505799152655,POINT (-122.3934549701833 37.790505799152655),midpoint,"[<POINT (-122.394 37.79)>, <POINT (-122.393 37.791)>]",2019-07-24T18:00:48-07:00,1.0266109176797154,0.14853936272911783,-0.2299423275469632
9,1564016449.0,-122.39346504628679,37.79050112636176,POINT (-122.39346504628679 37.79050112636176),midpoint,"[<POINT (-122.394 37.79)>, <POINT (-122.393 37.791)>]",2019-07-24T18:00:49-07:00,1.1751502804088332,-0.08140296481784537,0.12075651746224958
10,1564016450.0,-122.3934770723903,37.79049650357087,POINT (-122.3934770723903 37.79049650357087),midpoint,"[<POINT (-122.394 37.79)>, <POINT (-122.393 37.791)>]",2019-07-24T18:00:50-07:00,1.0937473155909878,0.03935355264440421,-0.10851741535438886
11,1564016451.0,-122.39348749849378,37.790491130779984,POINT (-122.39348749849378 37.790491130779984),midpoint,"[<POINT (-122.394 37.79)>, <POINT (-122.393 37.791)>]",2019-07-24T18:00:51-07:00,1.133100868235392,-0.06916386270998465,-0.1207295407612905
12,1564016452.0,-122.3934981245973,37.790485357989084,POINT (-122.3934981245973 37.790485357989084),midpoint,"[<POINT (-122.394 37.79)>, <POINT (-122.393 37.791)>]",2019-07-24T18:00:52-07:00,1.0639370055254074,-0.18989340347127515,0.15872191934790258
13,1564016453.0,-122.3935090507008,37.79048123519819,POINT (-122.3935090507008 37.79048123519819),midpoint,"[<POINT (-122.394 37.79)>, <POINT (-122.393 37.79)>]",2019-07-24T18:00:53-07:00,0.8740436020541322,-0.03117148412337256,0.04543558063596265
14,1564016454.0,-122.39351777680429,37.7904774624073,POINT (-122.39351777680429 37.7904774624073),midpoint,"[<POINT (-122.394 37.79)>, <POINT (-122.393 37.79)>]",2019-07-24T18:00:54-07:00,0.8428721179307597,0.014264096512590085,1.954231752016733
15,1564016455.0,-122.39352630290779,37.790473989616416,POINT (-122.39352630290779 37.790473989616416),midpoint,"[<POINT (-122.394 37.79)>, <POINT (-122.394 37.79)>]",2019-07-24T18:00:55-07:00,0.8571362144433498,1.9684958485293231,-2.597978265282547
16,1564016456.0,-122.39353497901129,37.79047046682552,POINT (-122.39353497901129 37.79047046682552),midpoint,"[<POINT (-122.394 37.79)>, <POINT (-122.394 37.79)>]",2019-07-24T18:00:56-07:00,2.825632062972673,-0.6294824167532238,0.616053546052374
17,1564016457.0,-122.39356339251859,37.79045856874082,POINT (-122.39356339251859 37.79045856874082),midpoint,"[<POINT (-122.394 37.79)>, <POINT (-122.394 37.79)>]",2019-07-24T18:00:57-07:00,2.196149646219449,-0.01342887070084986,-1.070705055033613
18,1564016458.0,-122.3935858693537,37.790449933085,POINT (-122.3935858693537 37.790449933085),midpoint,"[<POINT (-122.394 37.791)>, <POINT (-122.394 37.79)>]",2019-07-24T18:00:58-07:00,2.1827207755185993,-1.0841339257344629,1.0949547445644587
19,1564016459.0,-122.3936084461888,37.790441747429185,POINT (-122.3936084461888 37.790441747429185),midpoint,"[<POINT (-122.394 37.791)>, <POINT (-122.394 37.79)>]",2019-07-24T18:00:59-07:00,1.0985868497841365,0.010820818829995957,-0.012492487352043845
20,1564016484.0,-122.3935308,37.790681,POINT (-122.3935308 37.790681),android,,2019-07-24T18:01:24-07:00,1.3691073205340354,-0.3014913649711002,0.15506742757713532
21,1564016485.0,-122.3935348,37.7906929,POINT (-122.3935348 37.7906929),android,,2019-07-24T18:01:25-07:00,1.0676159555629352,-0.14642393739396486,0.2837144785886947
22,1564016486.0,-122.3935346,37.7907025,POINT (-122.3935346 37.7907025),android,,2019-07-24T18:01:26-07:00,0.9211920181689703,0.13729054119472983,-0.25136156555651523
23,1564016487.0,-122.3935368,37.7907106,POINT (-122.3935368 37.7907106),android,,2019-07-24T18:01:27-07:00,1.0584825593637002,-0.1140710243617854,0.1924576524031747
24,1564016488.0,-122.3935387,37.79072,POINT (-122.3935387 37.79072),android,,2019-07-24T18:01:28-07:00,0.9444115350019148,0.0783866280413893,0.6017666929089153
25,1564016489.0,-122.3935415,37.7907282,POINT (-122.3935415 37.7907282),android,,2019-07-24T18:01:29-07:00,1.022798163043304,0.6801533209503046,-0.027134237622276736
26,1564016490.0,-122.3935489,37.7907353,POINT (-122.3935489 37.7907353),android,,2019-07-24T18:01:30-07:00,1.7029514839936086,0.6530190833280278,0.26422889816194517
27,1564016491.0,-122.3935642,37.7907447,POINT (-122.3935642 37.7907447),android,,2019-07-24T18:01:31-07:00,2.3559705673216365,0.917247981489973,-1.440531568750146
28,1564016492.0,-122.3935877,37.7907549,POINT (-122.3935877 37.7907549),android,,2019-07-24T18:01:32-07:00,3.2732185488116095,-0.5232835872601731,-0.12302103352761806
29,1564016493.0,-122.3936216,37.7907671,POINT (-122.3936216 37.7907671),android,,2019-07-24T18:01:33-07:00,2.7499349615514364,-0.6463046207877912,0.773328489245388
30,1564016494.0,-122.3936483,37.79078,POINT (-122.3936483 37.79078),android,,2019-07-24T18:01:34-07:00,2.103630340763645,0.12702386845759683,-0.1563826508521844
31,1564016495.0,-122.3936675,37.7907913,POINT (-122.3936675 37.7907913),android,,2019-07-24T18:01:35-07:00,2.230654209221242,-0.029358782394587557,0.15874766560676212
32,1564016496.0,-122.3936883,37.7908028,POINT (-122.3936883 37.7908028),android,,2019-07-24T18:01:36-07:00,2.2012954268266545,0.12938888321217457,-0.4864322496465687
33,1564016497.0,-122.3937086,37.7908144,POINT (-122.3937086 37.7908144),android,,2019-07-24T18:01:37-07:00,2.330684310038829,-0.35704336643439416,0.6300227347433327
34,1564016498.0,-122.3937291,37.7908277,POINT (-122.3937291 37.7908277),android,,2019-07-24T18:01:38-07:00,1.9736409436044349,0.27297936830893854,-0.4536823919258357
35,1564016499.0,-122.3937461,37.7908393,POINT (-122.3937461 37.7908393),android,,2019-07-24T18:01:39-07:00,2.2466203119133734,-0.18070302361689716,0.12091032440805183
36,1564016500.0,-122.3937625,37.7908548,POINT (-122.3937625 37.7908548),android,,2019-07-24T18:01:40-07:00,2.0659172882964763,-0.059792699208845335,-0.19847794814209951
37,1564016501.0,-122.3937781,37.7908687,POINT (-122.3937781 37.7908687),android,,2019-07-24T18:01:41-07:00,2.006124589087631,-0.25827064735094485,0.2974148315897933
38,1564016502.0,-122.3937925,37.7908827,POINT (-122.3937925 37.7908827),android,,2019-07-24T18:01:42-07:00,1.747853941736686,0.03914418423884847,0.3151722577149014
39,1564016503.0,-122.3938033,37.7908959,POINT (-122.3938033 37.7908959),android,,2019-07-24T18:01:43-07:00,1.7869981259755345,0.3543164419537499,-0.6400347585574595
40,1564016504.0,-122.3938149,37.7909091,POINT (-122.3938149 37.7909091),android,,2019-07-24T18:01:44-07:00,2.1413145679292844,-0.2857183166037096,0.26252623118117757
41,1564016505.0,-122.3938245,37.7909268,POINT (-122.3938245 37.7909268),android,,2019-07-24T18:01:45-07:00,1.8555962513255748,-0.02319208542253204,-0.11503861705692997
42,1564016506.0,-122.3938305,37.7909428,POINT (-122.3938305 37.7909428),android,,2019-07-24T18:01:46-07:00,1.8324041659030428,-0.138230702479462,-0.1454096390407058
43,1564016507.0,-122.3938415,37.7909568,POINT (-122.3938415 37.7909568),android,,2019-07-24T18:01:47-07:00,1.6941734634235808,-0.2836403415201678,0.08288392579068593
44,1564016508.0,-122.393854,37.7909684,POINT (-122.393854 37.7909684),android,,2019-07-24T18:01:48-07:00,1.410533121903413,-0.20075641572948189,0.11392576722552938
45,1564016509.0,-122.3938658,37.790977,POINT (-122.3938658 37.790977),android,,2019-07-24T18:01:49-07:00,1.209776706173931,-0.0868306485039525,0.09455147619354731
46,1564016510.0,-122.3938772,37.7909831,POINT (-122.3938772 37.7909831),android,,2019-07-24T18:01:50-07:00,1.1229460576699786,0.007720827689594811,0.3174152725791628
47,1564016511.0,-122.3938897,37.7909852,POINT (-122.3938897 37.7909852),android,,2019-07-24T18:01:51-07:00,1.1306668853595734,0.3251361002687576,-0.25670841626594365
48,1564016512.0,-122.3938998,37.7909915,POINT (-122.3938998 37.7909915),android,,2019-07-24T18:01:52-07:00,1.455802985628331,0.06842768400281396,0.06683982572817504
49,1564016513.0,-122.3939112,37.791001,POINT (-122.3939112 37.791001),android,,2019-07-24T18:01:53-07:00,1.524230669631145,0.135267509730989,-0.2891488042487056
50,1564016514.0,-122.3939225,37.7910114,POINT (-122.3939225 37.7910114),android,,2019-07-24T18:01:54-07:00,1.659498179362134,-0.1538812945177166,-0.0326411778245248
51,1564016515.0,-122.3939354,37.7910223,POINT (-122.3939354 37.7910223),android,,2019-07-24T18:01:55-07:00,1.5056168848444174,-0.1865224723422414,0.1898364015765841
52,1564016516.0,-122.3939459,37.791033,POINT (-122.3939459 37.791033),android,,2019-07-24T18:01:56-07:00,1.319094412502176,0.003313929234342705,0.019903538192760806
53,1564016517.0,-122.3939565,37.7910414,POINT (-122.3939565 37.7910414),android,,2019-07-24T18:01:57-07:00,1.3224083417365187,0.02321746742710351,-0.058216690782009195
54,1564016518.0,-122.3939674,37.7910496,POINT (-122.3939674 37.7910496),android,,2019-07-24T18:01:58-07:00,1.3456258091636222,-0.034999223354905684,0.13122977712501194
55,1564016519.0,-122.3939783,37.7910581,POINT (-122.3939783 37.7910581),android,,2019-07-24T18:01:59-07:00,1.3106265858087165,0.09623055377010625,-0.03696993028944218
56,1564016520.0,-122.3939903,37.7910651,POINT (-122.3939903 37.7910651),android,,2019-07-24T18:02:00-07:00,1.4068571395788227,0.059260623480664076,-0.042423396062982954
57,1564016521.0,-122.3940031,37.7910727,POINT (-122.3940031 37.7910727),android,,2019-07-24T18:02:01-07:00,1.4661177630594868,0.016837227417681122,0.16906146648452158
58,1564016522.0,-122.3940148,37.7910821,POINT (-122.3940148 37.7910821),android,,2019-07-24T18:02:02-07:00,1.482954990477168,0.1858986939022027,-0.44161035093393464
59,1564016523.0,-122.3940229,37.7910938,POINT (-122.3940229 37.7910938),android,,2019-07-24T18:02:03-07:00,1.6688536843793706,-0.25571165703173193,0.07873176208220145
60,1564016524.0,-122.3940317,37.7911071,POINT (-122.3940317 37.7911071),android,,2019-07-24T18:02:04-07:00,1.4131420273476387,-0.17697989494953048,0.22834821929061988
61,1564016525.0,-122.3940393,37.7911183,POINT (-122.3940393 37.7911183),android,,2019-07-24T18:02:05-07:00,1.2361621323981082,0.0513683243410894,-0.28215910112175546
62,1564016526.0,-122.3940457,37.7911282,POINT (-122.3940457 37.7911282),android,,2019-07-24T18:02:06-07:00,1.2875304567391976,-0.23079077678066606,0.5621463174836236
63,1564016527.0,-122.3940513,37.7911389,POINT (-122.3940513 37.7911389),android,,2019-07-24T18:02:07-07:00,1.0567396799585316,0.3313555407029576,-0.5233200671606844
64,1564016528.0,-122.394059,37.7911462,POINT (-122.394059 37.7911462),android,,2019-07-24T18:02:08-07:00,1.3880952206614892,-0.19196452645772677,0.15348614698366325
65,1564016529.0,-122.3940667,37.7911571,POINT (-122.3940667 37.7911571),android,,2019-07-24T18:02:09-07:00,1.1961306942037624,-0.03847837947406352,-0.019931121483229175
66,1564016530.0,-122.3940758,37.7911651,POINT (-122.3940758 37.7911651),android,,2019-07-24T18:02:10-07:00,1.1576523147296989,-0.05840950095729269,0.0017385888292889007
67,1564016531.0,-122.3940822,37.7911742,POINT (-122.3940822 37.7911742),android,,2019-07-24T18:02:11-07:00,1.0992428137724062,-0.05667091212800379,0.015177446502030456
68,1564016532.0,-122.3940902,37.7911818,POINT (-122.3940902 37.7911818),android,,2019-07-24T18:02:12-07:00,1.0425719016444024,-0.041493465625973336,0.05354898273059594
69,1564016533.0,-122.3940978,37.791189,POINT (-122.3940978 37.791189),android,,2019-07-24T18:02:13-07:00,1.001078436018429,0.012055517104622604,1.3498729059647703
70,1564016534.0,-122.3941071,37.7911942,POINT (-122.3941071 37.7911942),android,,2019-07-24T18:02:14-07:00,1.0131339531230517,1.3619284230693929,-2.1101240123692033
71,1564016535.0,-122.3941169,37.791199,POINT (-122.3941169 37.791199),android,,2019-07-24T18:02:15-07:00,2.3750623761924445,-0.7481955892998107,0.2563677217666127
72,1564016536.0,-122.3941211,37.7912201,POINT (-122.3941211 37.7912201),android,,2019-07-24T18:02:16-07:00,1.6268667868926339,-0.49182786753319796,0.24764023202966978
73,1564016537.0,-122.3941223,37.7912347,POINT (-122.3941223 37.7912347),android,,2019-07-24T18:02:17-07:00,1.135038919359436,-0.24418763550352818,0.07718075569817273
74,1564016538.0,-122.3941228,37.7912449,POINT (-122.3941228 37.7912449),android,,2019-07-24T18:02:18-07:00,0.8908512838559077,-0.16700687980535545,0.031430233325795975
75,1564016539.0,-122.39412,37.7912526,POINT (-122.39412 37.7912526),android,,2019-07-24T18:02:19-07:00,0.7238444040505523,-0.13557664647955947,0.23088188027208412
76,1564016540.0,-122.3941158,37.7912582,POINT (-122.3941158 37.7912582),android,,2019-07-24T18:02:20-07:00,0.5882677575709928,0.09530523379252465,-0.2915191744885891
77,1564016541.0,-122.3941119,37.7912625,POINT (-122.3941119 37.7912625),android,,2019-07-24T18:02:21-07:00,0.6835729913635175,-0.19621394069606446,0.2546780671613247
78,1564016542.0,-122.3941066,37.791267,POINT (-122.3941066 37.791267),android,,2019-07-24T18:02:22-07:00,0.487359050667453,0.058464126465260224,-0.16920500363041469
79,1564016543.0,-122.3941031,37.7912704,POINT (-122.3941031 37.7912704),android,,2019-07-24T18:02:23-07:00,0.5458231771327132,-0.11074087716515446,-0.04414082489833532
80,1564016544.0,-122.3941018,37.7912752,POINT (-122.3941018 37.7912752),android,,2019-07-24T18:02:24-07:00,0.43508229996755876,-0.15488170206348978,0.5203206828054628
81,1564016545.0,-122.3941022,37.7912791,POINT (-122.3941022 37.7912791),android,,2019-07-24T18:02:25-07:00,0.280200597904069,0.36543898074197306,-0.38615894432712655
82,1564016546.0,-122.3941026,37.7912816,POINT (-122.3941026 37.7912816),android,,2019-07-24T18:02:26-07:00,0.645639578646042,-0.02071996358515349,0.08801899904870869
83,1564016547.0,-122.394104,37.7912873,POINT (-122.394104 37.7912873),android,,2019-07-24T18:02:27-07:00,0.6249196150608886,0.0672990354635552,-0.0788709564396487
84,1564016548.0,-122.3941046,37.7912929,POINT (-122.3941046 37.7912929),android,,2019-07-24T18:02:28-07:00,0.6922186505244438,-0.011571920976093497,0.024854932995281853
85,1564016549.0,-122.3941067,37.7912989,POINT (-122.3941067 37.7912989),android,,2019-07-24T18:02:29-07:00,0.6806467295483503,0.013283012019188356,-0.05846230179385059
86,1564016550.0,-122.3941101,37.7913044,POINT (-122.3941101 37.7913044),android,,2019-07-24T18:02:30-07:00,0.6939297415675386,-0.045179289774662235,0.01936837909410094
87,1564016551.0,-122.394111,37.7913106,POINT (-122.394111 37.7913106),android,,2019-07-24T18:02:31-07:00,0.6487504517928764,-0.025810910680561294,0.04786180329914347
88,1564016552.0,-122.3941118,37.7913164,POINT (-122.3941118 37.7913164),android,,2019-07-24T18:02:32-07:00,0.6229395411123151,0.022050892618582174,-0.06248774713461802
89,1564016553.0,-122.394112,37.791322,POINT (-122.394112 37.791322),android,,2019-07-24T18:02:33-07:00,0.6449904337308973,-0.04043685451603585,-0.0957772278264884
90,1564016554.0,-122.3941119,37.7913278,POINT (-122.3941119 37.7913278),android,,2019-07-24T18:02:34-07:00,0.6045535792148614,-0.13621408234252425,0.19395707944223384
91,1564016555.0,-122.3941127,37.7913332,POINT (-122.3941127 37.7913332),android,,2019-07-24T18:02:35-07:00,0.46833949687233717,0.05774299709970959,-0.08483443199143187
92,1564016556.0,-122.3941131,37.7913374,POINT (-122.3941131 37.7913374),android,,2019-07-24T18:02:36-07:00,0.5260824939720468,-0.027091434891722277,0.8291106927295275
93,1564016557.0,-122.3941145,37.791342,POINT (-122.3941145 37.791342),android,,2019-07-24T18:02:37-07:00,0.4989910590803245,0.8020192578378053,-0.9666648944544397
94,1564016558.0,-122.3941165,37.7913462,POINT (-122.3941165 37.7913462),android,,2019-07-24T18:02:38-07:00,1.3010103169181297,-0.16464563661663445,-0.2155424850948634
95,1564016559.0,-122.3941166,37.7913579,POINT (-122.3941166 37.7913579),android,,2019-07-24T18:02:39-07:00,1.1363646803014953,-0.38018812171149785,0.2165459508035007
96,1564016560.0,-122.3941158,37.7913681,POINT (-122.3941158 37.7913681),android,,2019-07-24T18:02:40-07:00,0.7561765585899974,-0.16364217090799715,0.2948586728491086
97,1564016561.0,-122.3941159,37.7913749,POINT (-122.3941159 37.7913749),android,,2019-07-24T18:02:41-07:00,0.5925343876820003,0.13121650194111145,-0.2982661412206643
98,1564016562.0,-122.3941166,37.7913802,POINT (-122.3941166 37.7913802),android,,2019-07-24T18:02:42-07:00,0.7237508896231117,-0.16704963927955285,0.052821637014835554
99,1564016563.0,-122.3941181,37.7913866,POINT (-122.3941181 37.7913866),android,,2019-07-24T18:02:43-07:00,0.5567012503435589,-0.1142280022647173,0.09902083885981056
100,1564016564.0,-122.3941194,37.7913915,POINT (-122.3941194 37.7913915),android,,2019-07-24T18:02:44-07:00,0.4424732480788416,-0.015207163404906743,0.3320669735500732
101,1564016565.0,-122.3941204,37.7913954,POINT (-122.3941204 37.7913954),android,,2019-07-24T18:02:45-07:00,0.42726608467393484,0.31685981014516645,-0.30855447491481397
102,1564016566.0,-122.3941221,37.791399,POINT (-122.3941221 37.791399),android,,2019-07-24T18:02:46-07:00,0.7441258948191013,0.008305335230352484,0.03722134906866559
103,1564016567.0,-122.3941235,37.7914056,POINT (-122.3941235 37.7914056),android,,2019-07-24T18:02:47-07:00,0.7524312300494538,0.04552668429901807,61.99148188754866
104,1564016568.0,-122.3941247,37.7914123,POINT (-122.3941247 37.7914123),android,,2019-07-24T18:02:48-07:00,0.7979579143484719,62.03700857184768,-124.1495414614254
105,1564016569.0,-122.3941267,37.7914193,POINT (-122.3941267 37.7914193),android,,2019-07-24T18:02:49-07:00,62.83496648619615,-62.112532889577714,62.82099959449193
106,1564016570.0,-122.39483049142994,37.791519307418035,POINT (-122.39483049142994 37.791519307418035),ios,,2019-07-24T18:02:50-07:00,0.7224335966184338,0.7084667049142125,-0.42933572452182067
107,1564016571.0,-122.39483074280918,37.79152580138178,POINT (-122.39483074280918 37.79152580138178),ios,,2019-07-24T18:02:51-07:00,1.4309003015326462,0.2791309803923918,-0.26628697298356885
108,1564016572.0,-122.39482940223884,37.791538626096944,POINT (-122.39482940223884 37.791538626096944),ios,,2019-07-24T18:02:52-07:00,1.710031281925038,0.012844007408822966,-0.20395861664559245
109,1564016573.0,-122.39482563097762,37.7915537132471,POINT (-122.39482563097762 37.7915537132471),ios,,2019-07-24T18:02:53-07:00,1.722875289333861,-0.19111460923676948,0.4011510626963275
110,1564016574.0,-122.39482286462203,37.79156905244148,POINT (-122.39482286462203 37.79156905244148),ios,,2019-07-24T18:02:54-07:00,1.5317606800970915,0.21003645345955801,0.13921672134638663
111,1564016575.0,-122.39482110415763,37.791582757466855,POINT (-122.39482110415763 37.791582757466855),ios,,2019-07-24T18:02:55-07:00,1.7417971335566496,0.34925317480594464,-0.15105699490858115
112,1564016576.0,-122.39482303122429,37.79159834762476,POINT (-122.39482303122429 37.79159834762476),ios,,2019-07-24T18:02:56-07:00,2.091050308362594,0.1981961798973635,-0.21498054399825506
113,1564016577.0,-122.39482965207365,37.79161641038457,POINT (-122.39482965207365 37.79161641038457),ios,,2019-07-24T18:02:57-07:00,2.2892464882599577,-0.01678436410089157,0.061559061424979244
114,1564016578.0,-122.39484079926628,37.79163501829353,POINT (-122.39484079926628 37.79163501829353),ios,,2019-07-24T18:02:58-07:00,2.272462124159066,0.044774697324087676,0.16229276595834063
115,1564016579.0,-122.39485328822425,37.79165291401382,POINT (-122.39485328822425 37.79165291401382),ios,,2019-07-24T18:02:59-07:00,2.317236821483154,0.2070674632824283,-0.5485658853324069
116,1564016580.0,-122.39485412834807,37.7916737428472,POINT (-122.39485412834807 37.7916737428472),ios,,2019-07-24T18:03:00-07:00,2.524304284765582,-0.3414984220499786,0.06566382112142799
117,1564016581.0,-122.3948518656808,37.79169637393456,POINT (-122.3948518656808 37.79169637393456),ios,,2019-07-24T18:03:01-07:00,2.1828058627156035,-0.2758346009285506,0.30604624365134625
118,1564016582.0,-122.39485287106146,37.791715988295046,POINT (-122.39485287106146 37.791715988295046),ios,,2019-07-24T18:03:02-07:00,1.906971261787053,0.03021164272279564,-0.04583266784472295
119,1564016583.0,-122.3948559721223,37.79173296210987,POINT (-122.3948559721223 37.79173296210987),ios,,2019-07-24T18:03:03-07:00,1.9371829045098485,-0.015621025121927312,0.061508875110527494
120,1564016584.0,-122.39485991154652,37.791750103212536,POINT (-122.39485991154652 37.791750103212536),ios,,2019-07-24T18:03:04-07:00,1.9215618793879212,0.04588784998860018,-0.17962360416680978
121,1564016585.0,-122.39486401868966,37.79176707670662,POINT (-122.39486401868966 37.79176707670662),ios,,2019-07-24T18:03:05-07:00,1.9674497293765214,-0.1337357541782096,-0.40479935776412135
122,1564016586.0,-122.39486996969289,37.791784134000885,POINT (-122.39486996969289 37.791784134000885),ios,,2019-07-24T18:03:06-07:00,1.8337139751983118,-0.538535111942331,-0.03451440494780211
123,1564016587.0,-122.39487776475781,37.79179943129124,POINT (-122.39487776475781 37.79179943129124),ios,,2019-07-24T18:03:07-07:00,1.2951788632559809,-0.5730495168901331,0.5729444106131816
124,1564016588.0,-122.39487332339519,37.79181053774945,POINT (-122.39487332339519 37.79181053774945),ios,,2019-07-24T18:03:08-07:00,0.7221293463658478,-0.00010510627695148322,-0.1619920183929302
125,1564016589.0,-122.39487009623183,37.79181651033241,POINT (-122.39487009623183 37.79181651033241),ios,,2019-07-24T18:03:09-07:00,0.7220242400888963,-0.1620971246698817,0.1620837769362804
126,1564016590.0,-122.39486686943067,37.79182248200987,POINT (-122.39486686943067 37.79182248200987),ios,,2019-07-24T18:03:10-07:00,0.5599271154190146,-1.3347733601287715e-05,0.8214172893917873
127,1564016591.0,-122.39487235878168,37.79182503919263,POINT (-122.39487235878168 37.79182503919263),ios,,2019-07-24T18:03:11-07:00,0.5599137676854133,0.821403941658186,-0.6089321753859314
128,1564016592.0,-122.3948778485958,37.79182759551829,POINT (-122.3948778485958 37.79182759551829),ios,,2019-07-24T18:03:12-07:00,1.3813177093435993,0.21247176627225461,-1.679691525616978
129,1564016593.0,-122.39489343879033,37.79182600334907,POINT (-122.39489343879033 37.79182600334907),ios,,2019-07-24T18:03:13-07:00,1.593789475615854,-1.4672197593447234,1.4694994824019085
130,1564016594.0,-122.3949088615303,37.79181845993113,POINT (-122.3949088615303 37.79181845993113),ios,,2019-07-24T18:03:14-07:00,0.12656971627113053,0.002279723057185114,-0.00020724761718723055
141,1564016605.0,-122.39489852101276,37.791827946800176,POINT (-122.39489852101276 37.791827946800176),ios,,2019-07-24T18:03:25-07:00,0.1516466699001668,-7.318744221773699e-10,1.6691933946155757e-10
142,1564016606.0,-122.39490020784746,37.79182823492412,POINT (-122.39490020784746 37.79182823492412),ios,,2019-07-24T18:03:26-07:00,0.15164666916829236,-5.649550827158123e-10,0.42990308007465916
143,1564016607.0,-122.39490189468215,37.79182852304805,POINT (-122.39490189468215 37.79182852304805),ios,,2019-07-24T18:03:27-07:00,0.15164666860333728,0.4299030795097041,-0.42991475221651276
144,1564016608.0,-122.39490358151684,37.79182881117199,POINT (-122.39490358151684 37.79182881117199),ios,,2019-07-24T18:03:28-07:00,0.5815497481130414,-1.1672706808685263e-05,1.1662298764147927e-05
145,1564016609.0,-122.39490707415311,37.79183325359983,POINT (-122.39490707415311 37.79183325359983),ios,,2019-07-24T18:03:29-07:00,0.5815380754062327,-1.040804453733557e-08,0.082560008395125
146,1564016610.0,-122.39491056660277,37.79183769599581,POINT (-122.39491056660277 37.79183769599581),ios,,2019-07-24T18:03:30-07:00,0.5815380649981882,0.08255999798708047,-0.08256571938890334
147,1564016611.0,-122.39491405905244,37.79184213839178,POINT (-122.39491405905244 37.79184213839178),ios,,2019-07-24T18:03:31-07:00,0.6640980629852686,-5.721401822866845e-06,0.17927819638554832
148,1564016612.0,-122.39492097416077,37.79184454822994,POINT (-122.39492097416077 37.79184454822994),ios,,2019-07-24T18:03:32-07:00,0.6640923415834458,0.17927247498372545,-0.17927250282656781
149,1564016613.0,-122.39492788922264,37.79184695802423,POINT (-122.39492788922264 37.79184695802423),ios,,2019-07-24T18:03:33-07:00,0.8433648165671712,-2.7842842365011222e-08,-1.0056806379332706e-05
150,1564016614.0,-122.39493445507287,37.79185249010231,POINT (-122.39493445507287 37.79185249010231),ios,,2019-07-24T18:03:34-07:00,0.8433647887243289,-1.0084649221697717e-05,0.9369463044471028
151,1564016615.0,-122.39494102092313,37.791858022180385,POINT (-122.39494102092313 37.791858022180385),ios,,2019-07-24T18:03:35-07:00,0.8433547040751072,0.9369362197978811,-1.2823265002577116
152,1564016616.0,-122.3949475866951,37.79186355419251,POINT (-122.3949475866951 37.79186355419251),ios,,2019-07-24T18:03:36-07:00,1.7802909238729883,-0.34539028045983033,0.2811088825933221
153,1564016617.0,-122.39495957281663,37.791876462323394,POINT (-122.39495957281663 37.791876462323394),ios,,2019-07-24T18:03:37-07:00,1.434900643413158,-0.06428139786650822,0.027785381959608557
154,1564016618.0,-122.39497088838591,37.791885766235914,POINT (-122.39497088838591 37.791885766235914),ios,,2019-07-24T18:03:38-07:00,1.3706192455466497,-0.03649601590689966,-0.1435291688268252
155,1564016619.0,-122.39497943792715,37.791896075976815,POINT (-122.39497943792715 37.791896075976815),ios,,2019-07-24T18:03:39-07:00,1.33412322963975,-0.18002518473372486,-0.34489966317348153
156,1564016620.0,-122.3949888256587,37.79190550561788,POINT (-122.3949888256587 37.79190550561788),ios,,2019-07-24T18:03:40-07:00,1.1540980449060252,-0.5249248479072064,0.5249110284366334
157,1564016621.0,-122.39499737519994,37.791913384606865,POINT (-122.39499737519994 37.791913384606865),ios,,2019-07-24T18:03:41-07:00,0.6291731969988188,-1.3819470572995485e-05,-0.46213038134252277
158,1564016622.0,-122.39500320068653,37.79191667453994,POINT (-122.39500320068653 37.79191667453994),ios,,2019-07-24T18:03:42-07:00,0.6291593775282458,-0.46214420081309576,0.4621442013984719
159,1564016623.0,-122.39500902604534,37.791919964400854,POINT (-122.39500902604534 37.791919964400854),ios,,2019-07-24T18:03:43-07:00,0.16701517671515004,5.853761086971332e-10,-1.829544571396724e-09
160,1564016624.0,-122.39500947308629,37.79192142426894,POINT (-122.39500947308629 37.79192142426894),ios,,2019-07-24T18:03:44-07:00,0.16701517730052615,-1.2441684626995908e-09,2.1232426372641555e-09
161,1564016625.0,-122.39500992012724,37.79192288413704,POINT (-122.39500992012724 37.79192288413704),ios,,2019-07-24T18:03:45-07:00,0.16701517605635768,8.790741745645647e-10,-1.8295446269078752e-09
162,1564016626.0,-122.39501036716817,37.791924344005125,POINT (-122.39501036716817 37.791924344005125),ios,,2019-07-24T18:03:46-07:00,0.16701517693543186,-9.504704523433105e-10,-1.3696186398598487e-05
163,1564016627.0,-122.39501081420912,37.79192580387322,POINT (-122.39501081420912 37.79192580387322),ios,,2019-07-24T18:03:47-07:00,0.1670151759849614,-1.369713686905083e-05,0.38656453326685203
164,1564016628.0,-122.39501126125006,37.79192726374131,POINT (-122.39501126125006 37.79192726374131),ios,,2019-07-24T18:03:48-07:00,0.16700147884809236,0.386550836129983,-0.3865673364964257
165,1564016629.0,-122.39501170825436,37.79192872348967,POINT (-122.39501170825436 37.79192872348967),ios,,2019-07-24T18:03:49-07:00,0.5535523149780753,-1.650036644273989e-05,2.932878961655561
166,1564016630.0,-122.39501003184874,37.79193352220074,POINT (-122.39501003184874 37.79193352220074),ios,,2019-07-24T18:03:50-07:00,0.5535358146116326,2.932862461289118,-5.0351264820341575
167,1564016631.0,-122.39500835549309,37.7919383207688,POINT (-122.39500835549309 37.7919383207688),ios,,2019-07-24T18:03:51-07:00,3.4863982759007506,-2.1022640207450394,2.2381756073850347
168,1564016632.0,-122.3950364,37.7919605,POINT (-122.3950364 37.7919605),android,,2019-07-24T18:03:52-07:00,1.384134255155711,0.13591158663999514,-0.2094628189182537
169,1564016633.0,-122.3950514,37.7919643,POINT (-122.3950514 37.7919643),android,,2019-07-24T18:03:53-07:00,1.5200458417957061,-0.07355123227825855,-0.2129958577722495
170,1564016634.0,-122.3950675,37.7919693,POINT (-122.3950675 37.7919693),android,,2019-07-24T18:03:54-07:00,1.4464946095174476,-0.28654709005050805,0.7118053580213557
171,1564016635.0,-122.3950828,37.7919741,POINT (-122.3950828 37.7919741),android,,2019-07-24T18:03:55-07:00,1.1599475194669395,0.42525826797084765,-0.9867005770302038
172,1564016636.0,-122.395096,37.7919742,POINT (-122.395096 37.7919742),android,,2019-07-24T18:03:56-07:00,1.5852057874377872,-0.5614423090593561,0.3416183064867203
173,1564016637.0,-122.3951132,37.7919785,POINT (-122.3951132 37.7919785),android,,2019-07-24T18:03:57-07:00,1.023763478378431,-0.2198240025726358,0.24585784860949755
174,1564016638.0,-122.3951246,37.7919804,POINT (-122.3951246 37.7919804),android,,2019-07-24T18:03:58-07:00,0.8039394758057953,0.026033846036861763,1.5172025055760252
175,1564016639.0,-122.3951336,37.7919817,POINT (-122.3951336 37.7919817),android,,2019-07-24T18:03:59-07:00,0.829973321842657,1.5432363516128869,-0.9136807228198285
176,1564016640.0,-122.3951427,37.7919837,POINT (-122.3951427 37.7919837),android,,2019-07-24T18:04:00-07:00,2.373209673455544,0.6295556287930584,-0.5155869129803157
177,1564016641.0,-122.3951624,37.7919983,POINT (-122.3951624 37.7919983),android,,2019-07-24T18:04:01-07:00,3.0027653022486023,0.1139687158127427,-0.16685777786024936
178,1564016642.0,-122.3951909,37.7920132,POINT (-122.3951909 37.7920132),android,,2019-07-24T18:04:02-07:00,3.116734018061345,-0.05288906204750665,-0.06327556922050581
179,1564016643.0,-122.3951859680213,37.792040957173135,POINT (-122.3951859680213 37.792040957173135),ios,,2019-07-24T18:04:03-07:00,3.0638449560138383,-0.11616463126801246,0.05343860593433103
180,1564016644.0,-122.39521974709108,37.79204778842422,POINT (-122.39521974709108 37.79204778842422),ios,,2019-07-24T18:04:04-07:00,2.947680324745826,-0.06272602533368143,-0.10201712275123764
181,1564016645.0,-122.39525243651345,37.79205373957547,POINT (-122.39525243651345 37.79205373957547),ios,,2019-07-24T18:04:05-07:00,2.8849542994121444,-0.16474314808491908,-1.763122200584541
182,1564016646.0,-122.3952840362884,37.792060780374136,POINT (-122.3952840362884 37.792060780374136),ios,,2019-07-24T18:04:06-07:00,2.7202111513272254,-1.9278653486694601,2.5531630013331874
183,1564016647.0,-122.39531328913047,37.792068785091665,POINT (-122.39531328913047 37.792068785091665),ios,,2019-07-24T18:04:07-07:00,0.7923458026577651,0.6252976526637274,-0.8739526685565172
184,1564016648.0,-122.3953219,37.7920709,POINT (-122.3953219 37.7920709),android,,2019-07-24T18:04:08-07:00,1.4176434553214925,-0.24865501589278982,0.6725424421818726
185,1564016649.0,-122.3953353,37.792078,POINT (-122.3953353 37.792078),android,,2019-07-24T18:04:09-07:00,1.1689884394287027,0.4238874262890828,-0.712888777438025
186,1564016650.0,-122.3953472,37.7920827,POINT (-122.3953472 37.7920827),android,,2019-07-24T18:04:10-07:00,1.5928758657177855,-0.2890013511489422,0.6445773616286945
187,1564016651.0,-122.3953612,37.7920918,POINT (-122.3953612 37.7920918),android,,2019-07-24T18:04:11-07:00,1.3038745145688433,0.3555760104797523,-0.39958672589223765
188,1564016652.0,-122.3953725,37.7920994,POINT (-122.3953725 37.7920994),android,,2019-07-24T18:04:12-07:00,1.6594505250485956,-0.04401071541248536,-0.10824364636154149
189,1564016653.0,-122.3953889,37.7921068,POINT (-122.3953889 37.7921068),android,,2019-07-24T18:04:13-07:00,1.6154398096361102,-0.15225436177402685,-0.08759827080918048
190,1564016654.0,-122.3954057,37.7921127,POINT (-122.3954057 37.7921127),android,,2019-07-24T18:04:14-07:00,1.4631854478620834,-0.23985263258320733,0.3076219691235045
191,1564016655.0,-122.3954198,37.7921197,POINT (-122.3954198 37.7921197),android,,2019-07-24T18:04:15-07:00,1.223332815278876,0.06776933654029715,-0.5453346496375732
192,1564016656.0,-122.395432,37.792125,POINT (-122.395432 37.792125),android,,2019-07-24T18:04:16-07:00,1.2911021518191732,-0.477565313097276,1.190842415966058
193,1564016657.0,-122.3954452,37.7921301,POINT (-122.3954452 37.7921301),android,,2019-07-24T18:04:17-07:00,0.8135368387218972,0.713277102868782,-0.8593371360540952
194,1564016658.0,-122.3954525,37.7921346,POINT (-122.3954525 37.7921346),android,,2019-07-24T18:04:18-07:00,1.5268139415906792,-0.14606003318531324,0.1794784403228895
195,1564016659.0,-122.3954668,37.7921424,POINT (-122.3954668 37.7921424),android,,2019-07-24T18:04:19-07:00,1.380753908405366,0.03341840713757627,-0.46707852894315016
196,1564016660.0,-122.3954786,37.7921506,POINT (-122.3954786 37.7921506),android,,2019-07-24T18:04:20-07:00,1.4141723155429422,-0.4336601218055739,0.8246587969306203
197,1564016661.0,-122.3954893,37.7921601,POINT (-122.3954893 37.7921601),android,,2019-07-24T18:04:21-07:00,0.9805121937373683,0.3909986751250464,-0.24670822317303764
198,1564016662.0,-122.3954967,37.7921667,POINT (-122.3954967 37.7921667),android,,2019-07-24T18:04:22-07:00,1.3715108688624147,0.14429045195200874,-0.4966668645634733
199,1564016663.0,-122.3955065,37.7921763,POINT (-122.3955065 37.7921763),android,,2019-07-24T18:04:23-07:00,1.5158013208144234,-0.3523764126114646,1.0206171617268296
200,1564016664.0,-122.3955178,37.7921866,POINT (-122.3955178 37.7921866),android,,2019-07-24T18:04:24-07:00,1.1634249082029589,0.668240749115365,-0.017428939787053066
201,1564016665.0,-122.3955269,37.7921942,POINT (-122.3955269 37.7921942),android,,2019-07-24T18:04:25-07:00,1.8316656573183239,0.650811809328312,-1.7455655318400902
202,1564016666.0,-122.3955417,37.7922058,POINT (-122.3955417 37.7922058),android,,2019-07-24T18:04:26-07:00,2.482477466646636,-1.0947537225117783,0.9325111379264834
203,1564016667.0,-122.3955577,37.7922242,POINT (-122.3955577 37.7922242),android,,2019-07-24T18:04:27-07:00,1.3877237441348576,-0.16224258458529484,1.1851053466092112
204,1564016668.0,-122.3955668,37.7922344,POINT (-122.3955668 37.7922344),android,,2019-07-24T18:04:28-07:00,1.2254811595495627,1.0228627620239163,-0.454058087031024
205,1564016669.0,-122.3955769,37.792242,POINT (-122.3955769 37.792242),android,,2019-07-24T18:04:29-07:00,2.248343921573479,0.5688046749928923,-1.1353754641077622
206,1564016670.0,-122.3955888,37.7922599,POINT (-122.3955888 37.7922599),android,,2019-07-24T18:04:30-07:00,2.8171485965663714,-0.5665707891148699,0.23499567006717959
207,1564016671.0,-122.3956047,37.7922819,POINT (-122.3956047 37.7922819),android,,2019-07-24T18:04:31-07:00,2.2505778074515015,-0.3315751190476903,0.7570162303853181
208,1564016672.0,-122.3956186,37.7922989,POINT (-122.3956186 37.7922989),android,,2019-07-24T18:04:32-07:00,1.9190026884038112,0.42544111133762774,-1.3922865132567104
209,1564016673.0,-122.3956294,37.7923139,POINT (-122.3956294 37.7923139),android,,2019-07-24T18:04:33-07:00,2.344443799741439,-0.9668454019190826,0.8978581556511782
210,1564016674.0,-122.3956437,37.7923317,POINT (-122.3956437 37.7923317),android,,2019-07-24T18:04:34-07:00,1.3775983978223563,-0.06898724626790442,0.1569806163491756
211,1564016675.0,-122.3956542,37.7923409,POINT (-122.3956542 37.7923409),android,,2019-07-24T18:04:35-07:00,1.3086111515544518,0.08799337008127117,0.16295156016782486
212,1564016676.0,-122.3956645,37.7923494,POINT (-122.3956645 37.7923494),android,,2019-07-24T18:04:36-07:00,1.396604521635723,0.25094493024909603,-0.4647676759760686
213,1564016677.0,-122.3956781,37.7923559,POINT (-122.3956781 37.7923559),android,,2019-07-24T18:04:37-07:00,1.647549451884819,-0.21382274572697257,-0.1348542311271863
214,1564016678.0,-122.3956938,37.792364,POINT (-122.3956938 37.792364),android,,2019-07-24T18:04:38-07:00,1.4337267061578465,-0.3486769768541589,0.42822614753187804
215,1564016679.0,-122.3957041,37.792374,POINT (-122.3957041 37.792374),android,,2019-07-24T18:04:39-07:00,1.0850497293036876,0.07954917067771916,-0.10615593266589807
216,1564016680.0,-122.3957143,37.7923795,POINT (-122.3957143 37.7923795),android,,2019-07-24T18:04:40-07:00,1.1645988999814068,-0.026606761988178906,0.4469461185649739
217,1564016681.0,-122.3957255,37.7923851,POINT (-122.3957255 37.7923851),android,,2019-07-24T18:04:41-07:00,1.1379921379932278,0.420339356576795,0.11880389692588644
218,1564016682.0,-122.3957368,37.7923901,POINT (-122.3957368 37.7923901),android,,2019-07-24T18:04:42-07:00,1.5583314945700228,0.5391432535026814,-0.8882720874453551
219,1564016683.0,-122.3957496,37.7923998,POINT (-122.3957496 37.7923998),android,,2019-07-24T18:04:43-07:00,2.0974747480727043,-0.3491288339426737,-0.029610641769515222
220,1564016684.0,-122.3957594,37.792417,POINT (-122.3957594 37.792417),android,,2019-07-24T18:04:44-07:00,1.7483459141300306,-0.3787394757121889,0.7102964440818953
221,1564016685.0,-122.3957687,37.7924309,POINT (-122.3957687 37.7924309),android,,2019-07-24T18:04:45-07:00,1.3696064384178417,0.3315569683697064,-0.8823714729688292
222,1564016686.0,-122.3957778,37.7924409,POINT (-122.3957778 37.7924409),android,,2019-07-24T18:04:46-07:00,1.701163406787548,-0.5508145045991228,0.4701662131825126
223,1564016687.0,-122.3957878,37.792454,POINT (-122.3957878 37.792454),android,,2019-07-24T18:04:47-07:00,1.1503489021884252,-0.08064829141661023,0.46866950429681853
224,1564016688.0,-122.3957964,37.7924618,POINT (-122.3957964 37.7924618),android,,2019-07-24T18:04:48-07:00,1.069700610771815,0.3880212128802083,-0.8307603191433544
225,1564016689.0,-122.3958056,37.7924681,POINT (-122.3958056 37.7924681),android,,2019-07-24T18:04:49-07:00,1.4577218236520233,-0.44273910626314605,0.33433635637102344
226,1564016690.0,-122.3958106,37.7924806,POINT (-122.3958106 37.7924806),android,,2019-07-24T18:04:50-07:00,1.0149827173888772,-0.10840274989212262,0.3066975198199713
227,1564016691.0,-122.3958177,37.7924878,POINT (-122.3958177 37.7924878),android,,2019-07-24T18:04:51-07:00,0.9065799674967546,0.19829476992784867,-0.2662118022066674
228,1564016692.0,-122.3958244,37.792494,POINT (-122.3958244 37.792494),android,,2019-07-24T18:04:52-07:00,1.1048747374246033,-0.06791703227881873,-0.13242091313224258
229,1564016693.0,-122.3958325,37.7925016,POINT (-122.3958325 37.7925016),android,,2019-07-24T18:04:53-07:00,1.0369577051457846,-0.2003379454110613,0.1841384650969975
230,1564016694.0,-122.39584,37.7925088,POINT (-122.39584 37.7925088),android,,2019-07-24T18:04:54-07:00,0.8366197597347232,-0.01619948031406382,-0.16906656938572417
231,1564016695.0,-122.395847,37.7925139,POINT (-122.395847 37.7925139),android,,2019-07-24T18:04:55-07:00,0.8204202794206594,-0.185266049699788,0.7961815535663452
232,1564016696.0,-122.3958543,37.7925185,POINT (-122.3958543 37.7925185),android,,2019-07-24T18:04:56-07:00,0.6351542297208714,0.6109155038665572,-0.9079301306131005
233,1564016697.0,-122.3958602,37.7925218,POINT (-122.3958602 37.7925218),android,,2019-07-24T18:04:57-07:00,1.2460697335874287,-0.2970146267465432,0.44087630212533435
234,1564016698.0,-122.3958666,37.7925318,POINT (-122.3958666 37.7925318),android,,2019-07-24T18:04:58-07:00,0.9490551068408855,0.14386167537879113,-0.16510804562729242
235,1564016699.0,-122.3958724,37.792539,POINT (-122.3958724 37.792539),android,,2019-07-24T18:04:59-07:00,1.0929167822196766,-0.02124637024850129,0.08783579928726959
236,1564016700.0,-122.3958798,37.7925469,POINT (-122.3958798 37.7925469),android,,2019-07-24T18:05:00-07:00,1.0716704119711753,0.0665894290387683,-0.3753488993453785
237,1564016701.0,-122.3958873,37.7925545,POINT (-122.3958873 37.7925545),android,,2019-07-24T18:05:01-07:00,1.1382598410099436,-0.3087594703066102,0.46789117975355365
238,1564016702.0,-122.3958937,37.7925634,POINT (-122.3958937 37.7925634),android,,2019-07-24T18:05:02-07:00,0.8295003707033334,0.15913170944694344,-0.3249622788090669
239,1564016703.0,-122.3958981,37.79257,POINT (-122.3958981 37.79257),android,,2019-07-24T18:05:03-07:00,0.9886320801502768,-0.16583056936212348,-0.07378190002981733
240,1564016704.0,-122.3959035,37.7925778,POINT (-122.3959035 37.7925778),android,,2019-07-24T18:05:04-07:00,0.8228015107881533,-0.2396124693919408,0.4166081544043162
241,1564016705.0,-122.3959082,37.7925842,POINT (-122.3959082 37.7925842),android,,2019-07-24T18:05:05-07:00,0.5831890413962125,0.1769956850123754,-0.14787036198494707
242,1564016706.0,-122.395912,37.7925885,POINT (-122.395912 37.7925885),android,,2019-07-24T18:05:06-07:00,0.7601847264085879,0.029125323027428318,-0.21976307665992956
243,1564016707.0,-122.3959179,37.7925935,POINT (-122.3959179 37.7925935),android,,2019-07-24T18:05:07-07:00,0.7893100494360162,-0.19063775363250124,0.5598046077170026
244,1564016708.0,-122.3959227,37.7925995,POINT (-122.3959227 37.7925995),android,,2019-07-24T18:05:08-07:00,0.598672295803515,0.36916685408450134,-0.3345691545569377
245,1564016709.0,-122.3959268,37.7926038,POINT (-122.3959268 37.7926038),android,,2019-07-24T18:05:09-07:00,0.9678391498880163,0.03459769952756364,-0.24321272957109963
246,1564016710.0,-122.3959344,37.7926101,POINT (-122.3959344 37.7926101),android,,2019-07-24T18:05:10-07:00,1.00243684941558,-0.208615030043536,0.6316865054543439
247,1564016711.0,-122.3959428,37.7926162,POINT (-122.3959428 37.7926162),android,,2019-07-24T18:05:11-07:00,0.793821819372044,0.4230714754108079,-0.49827392296315176
248,1564016712.0,-122.3959496,37.7926209,POINT (-122.3959496 37.7926209),android,,2019-07-24T18:05:12-07:00,1.216893294782852,-0.07520244755234384,-0.25682801329475013
249,1564016713.0,-122.3959571,37.7926301,POINT (-122.3959571 37.7926301),android,,2019-07-24T18:05:13-07:00,1.141690847230508,-0.332030460847094,0.26052568587601455
250,1564016714.0,-122.395964,37.7926388,POINT (-122.395964 37.7926388),android,,2019-07-24T18:05:14-07:00,0.8096603863834141,-0.07150477497107943,-0.04306910160958255
251,1564016715.0,-122.3959694,37.7926447,POINT (-122.3959694 37.7926447),android,,2019-07-24T18:05:15-07:00,0.7381556114123347,-0.11457387658066198,0.13423116008308078
252,1564016716.0,-122.3959758,37.792649,POINT (-122.3959758 37.792649),android,,2019-07-24T18:05:16-07:00,0.6235817348316727,0.0196572835024188,-0.19504282347679464
253,1564016717.0,-122.3959802,37.7926534,POINT (-122.3959802 37.7926534),android,,2019-07-24T18:05:17-07:00,0.6432390183340915,-0.17538553997437584,0.11887157473515314
254,1564016718.0,-122.3959848,37.7926579,POINT (-122.3959848 37.7926579),android,,2019-07-24T18:05:18-07:00,0.46785347835971564,-0.0565139652392227,0.08129560389803597
255,1564016719.0,-122.3959884,37.792661,POINT (-122.3959884 37.792661),android,,2019-07-24T18:05:19-07:00,0.41133951312049294,0.024781638658813276,2.3305685711796493
256,1564016720.0,-122.3959916,37.7926637,POINT (-122.3959916 37.7926637),android,,2019-07-24T18:05:20-07:00,0.4361211517793062,2.3553502098384627,-3.1561321266742146
257,1564016721.0,-122.3959952,37.7926664,POINT (-122.3959952 37.7926664),android,,2019-07-24T18:05:21-07:00,2.791471361617769,-0.8007819168357522,1.015432764956429
258,1564016722.0,-122.3960223,37.7926795,POINT (-122.3960223 37.7926795),android,,2019-07-24T18:05:22-07:00,1.990689444782017,0.2146508481206768,7.637558901698188
259,1564016723.0,-122.3960421,37.7926882,POINT (-122.3960421 37.7926882),android,,2019-07-24T18:05:23-07:00,2.2053402929026937,7.852209749818865,-6.996261287328267
260,1564016724.0,-122.3960644,37.7926973,POINT (-122.3960644 37.7926973),android,,2019-07-24T18:05:24-07:00,10.057550042721559,0.8559484624905984,-8.873972123781734
261,1564016725.0,-122.3961436,37.7927626,POINT (-122.3961436 37.7927626),android,,2019-07-24T18:05:25-07:00,10.913498505212157,-8.018023661291135,7.134844024112947
262,1564016726.0,-122.3962304,37.7928328,POINT (-122.3962304 37.7928328),android,,2019-07-24T18:05:26-07:00,2.8954748439210216,-0.8831796371781877,0.2818219495336023
263,1564016727.0,-122.3962532,37.7928516,POINT (-122.3962532 37.7928516),android,,2019-07-24T18:05:27-07:00,2.012295206742834,-0.6013576876445854,1.7039716106666525
264,1564016728.0,-122.396269,37.7928647,POINT (-122.396269 37.7928647),android,,2019-07-24T18:05:28-07:00,1.4109375190982485,1.102613923022067,-2.6504820118732475
265,1564016729.0,-122.3962795,37.7928743,POINT (-122.3962795 37.7928743),android,,2019-07-24T18:05:29-07:00,2.5135514421203156,-1.5478680888511804,1.3061319335979311
266,1564016730.0,-122.3963035,37.7928866,POINT (-122.3963035 37.7928866),android,,2019-07-24T18:05:30-07:00,0.965683353269135,-0.2417361552532492,-0.14339439543710403
267,1564016731.0,-122.3963119,37.7928922,POINT (-122.3963119 37.7928922),android,,2019-07-24T18:05:31-07:00,0.7239471980158858,-0.38513055069035323,0.3510956510941272
268,1564016732.0,-122.3963183,37.7928963,POINT (-122.3963183 37.7928963),android,,2019-07-24T18:05:32-07:00,0.33881664732553257,-0.03403489959622602,0.026435112536707217
269,1564016733.0,-122.3963215,37.792898,POINT (-122.3963215 37.792898),android,,2019-07-24T18:05:33-07:00,0.30478174772930655,-0.007599787059518803,0.3007021948854186
270,1564016734.0,-122.396324,37.7928999,POINT (-122.396324 37.7928999),android,,2019-07-24T18:05:34-07:00,0.29718196066978775,0.2931024078258998,-0.2761552955149523
271,1564016735.0,-122.3963265,37.7928981,POINT (-122.3963265 37.7928981),android,,2019-07-24T18:05:35-07:00,0.5902843684956876,0.016947112310947483,-0.006088255292113389
284,1564016748.0,-122.3963924593478,37.792852870294475,POINT (-122.3963924593478 37.792852870294475),ios,,2019-07-24T18:05:48-07:00,0.8105968285380049,-0.06220020648652658,0.06216665777019026
285,1564016749.0,-122.39640075724795,37.79285605534705,POINT (-122.39640075724795 37.79285605534705),ios,,2019-07-24T18:05:49-07:00,0.7483966220514783,-3.354871633631795e-05,-0.0934177731344712
286,1564016750.0,-122.39640926507033,37.79285636967546,POINT (-122.39640926507033 37.79285636967546),ios,,2019-07-24T18:05:50-07:00,0.748363073335142,-0.09345132185080751,0.09342195706058509
287,1564016751.0,-122.39641777251137,37.79285668398979,POINT (-122.39641777251137 37.79285668398979),ios,,2019-07-24T18:05:51-07:00,0.6549117514843344,-2.9364790222419224e-05,-0.09676321710971048
288,1564016752.0,-122.39642510684104,37.79285773175117,POINT (-122.39642510684104 37.79285773175117),ios,,2019-07-24T18:05:52-07:00,0.654882386694112,-0.0967925818999329,0.09676783299501535
289,1564016753.0,-122.39643244084195,37.79285877946558,POINT (-122.39643244084195 37.79285877946558),ios,,2019-07-24T18:05:53-07:00,0.5580898047941791,-2.4748904917548664e-05,1.0123581414195986
290,1564016754.0,-122.3964331533195,37.79286376680855,POINT (-122.3964331533195 37.79286376680855),ios,,2019-07-24T18:05:54-07:00,0.5580650558892616,1.0123333925146811,-0.9195856325489788
291,1564016755.0,-122.39643386576547,37.79286875393036,POINT (-122.39643386576547 37.79286875393036),ios,,2019-07-24T18:05:55-07:00,1.5703984484039428,0.09274775996570228,-0.4896846489838298
292,1564016756.0,-122.39642933953776,37.792882416432526,POINT (-122.39642933953776 37.792882416432526),ios,,2019-07-24T18:05:56-07:00,1.663146208369645,-0.3969368890181275,-0.43949337074509387
293,1564016757.0,-122.39642187964394,37.79289616275373,POINT (-122.39642187964394 37.79289616275373),ios,,2019-07-24T18:05:57-07:00,1.2662093193515176,-0.8364302597632214,0.836430256956037
294,1564016758.0,-122.39641576085462,37.79290647249463,POINT (-122.39641576085462 37.79290647249463),ios,,2019-07-24T18:05:58-07:00,0.42977905958829626,-2.8071843738430857e-09,17.332609949592285
295,1564016759.0,-122.39641396918316,37.792910068934596,POINT (-122.39641396918316 37.792910068934596),ios,,2019-07-24T18:05:59-07:00,0.4297790567811119,17.3326099467851,-34.6377468883378
296,1564016760.0,-122.39641217751169,37.79291366537456,POINT (-122.39641217751169 37.79291366537456),ios,,2019-07-24T18:06:00-07:00,17.762389003566213,-17.305136941552696,17.403928945704866
297,1564016761.0,-122.396266,37.793024,POINT (-122.396266 37.793024),android,,2019-07-24T18:06:01-07:00,0.45725206201351537,0.09879200415217065,-0.15253379631127734
298,1564016762.0,-122.3962664,37.7930281,POINT (-122.3962664 37.7930281),android,,2019-07-24T18:06:02-07:00,0.556044066165686,-0.05374179215910668,-0.06795345837030942
299,1564016763.0,-122.3962663,37.7930331,POINT (-122.3962663 37.7930331),android,,2019-07-24T18:06:03-07:00,0.5023022740065793,-0.1216952505294161,0.11470410724492686
300,1564016764.0,-122.3962658,37.7930376,POINT (-122.3962658 37.7930376),android,,2019-07-24T18:06:04-07:00,0.38060702347716324,-0.006991143284489243,0.025029550116665855
301,1564016765.0,-122.3962653,37.793041,POINT (-122.3962653 37.793041),android,,2019-07-24T18:06:05-07:00,0.373615880192674,0.018038406832176612,0.0515941487565863
302,1564016766.0,-122.3962645,37.7930443,POINT (-122.3962645 37.7930443),android,,2019-07-24T18:06:06-07:00,0.3916542870248506,0.06963255558876291,-0.18442783522387085
303,1564016767.0,-122.396265,37.7930478,POINT (-122.396265 37.7930478),android,,2019-07-24T18:06:07-07:00,0.4612868426136135,-0.11479527963510794,0.09124752485653159
304,1564016768.0,-122.3962658,37.7930519,POINT (-122.3962658 37.7930519),android,,2019-07-24T18:06:08-07:00,0.3464915629785056,-0.023547754778576346,-0.009755605363235054
305,1564016769.0,-122.3962662,37.793055,POINT (-122.3962662 37.793055),android,,2019-07-24T18:06:09-07:00,0.32294380819992924,-0.0333033601418114,0.022897297324047883
306,1564016770.0,-122.3962664,37.7930579,POINT (-122.3962664 37.7930579),android,,2019-07-24T18:06:10-07:00,0.28964044805811784,-0.010406062817763517,-0.0006617139391852933
307,1564016771.0,-122.3962666,37.7930605,POINT (-122.3962666 37.7930605),android,,2019-07-24T18:06:11-07:00,0.2792343852403543,-0.01106777675694881,-0.03315209564236879
308,1564016772.0,-122.3962669,37.793063,POINT (-122.3962669 37.793063),android,,2019-07-24T18:06:12-07:00,0.2681666084834055,-0.0442198723993176,0.6578284487693188
309,1564016773.0,-122.3962672,37.7930654,POINT (-122.3962672 37.7930654),android,,2019-07-24T18:06:13-07:00,0.2239467360840879,0.6136085763700012,-0.3855873302804129
310,1564016774.0,-122.3962675,37.7930674,POINT (-122.3962675 37.7930674),android,,2019-07-24T18:06:14-07:00,0.8375553124540891,0.2280212460895883,-0.9555747666592167
311,1564016775.0,-122.3962647,37.7930746,POINT (-122.3962647 37.7930746),android,,2019-07-24T18:06:15-07:00,1.0655765585436774,-0.7275535205696284,1.0291963918060083
312,1564016776.0,-122.3962591,37.7930831,POINT (-122.3962591 37.7930831),android,,2019-07-24T18:06:16-07:00,0.338023037974049,0.3016428712363798,-0.43790826887131273
313,1564016777.0,-122.396256,37.7930849,POINT (-122.396256 37.7930849),android,,2019-07-24T18:06:17-07:00,0.6396659092104288,-0.13626539763493295,0.13664927528066595
314,1564016778.0,-122.3962524,37.7930899,POINT (-122.3962524 37.7930899),android,,2019-07-24T18:06:18-07:00,0.5034005115754958,0.00038387764573299954,0.11609075155184215
315,1564016779.0,-122.3962472,37.7930918,POINT (-122.3962472 37.7930918),android,,2019-07-24T18:06:19-07:00,0.5037843892212288,0.11647462919757515,-0.025469542817062544
323,1564016787.0,-122.39629145723059,37.79308228291365,POINT (-122.39629145723059 37.79308228291365),ios,,2019-07-24T18:06:27-07:00,1.43558142280183,-0.0872817133389252,-0.08739039342431965
324,1564016788.0,-122.39628500316515,37.79309414330664,POINT (-122.39628500316515 37.79309414330664),ios,,2019-07-24T18:06:28-07:00,1.3482997094629048,-0.17467210676324485,0.13459781466283527
325,1564016789.0,-122.39627838146164,37.79310508169028,POINT (-122.39627838146164 37.79310508169028),ios,,2019-07-24T18:06:29-07:00,1.17362760269966,-0.04007429210040958,0.019139440989496714
326,1564016790.0,-122.39627318468168,37.79311480469796,POINT (-122.39627318468168 37.79311480469796),ios,,2019-07-24T18:06:30-07:00,1.1335533105992504,-0.020934851110912867,0.008974456182939683
327,1564016791.0,-122.39626815553977,37.79312419242951,POINT (-122.39626815553977 37.79312419242951),ios,,2019-07-24T18:06:31-07:00,1.1126184594883375,-0.011960394927973184,0.19949918032862124
328,1564016792.0,-122.39626287494077,37.79313328679445,POINT (-122.39626287494077 37.79313328679445),ios,,2019-07-24T18:06:32-07:00,1.1006580645603643,0.18753878540064806,-0.19587273521612558
329,1564016793.0,-122.3962579296179,37.79314238115939,POINT (-122.3962579296179 37.79314238115939),ios,,2019-07-24T18:06:33-07:00,1.2881968499610124,-0.008333949815477526,0.3203476021150531
330,1564016794.0,-122.39625114027633,37.79315264899078,POINT (-122.39625114027633 37.79315264899078),ios,,2019-07-24T18:06:34-07:00,1.2798629001455348,0.31201365229957556,-0.35943977795686566
331,1564016795.0,-122.39624334510638,37.793162371998456,POINT (-122.39624334510638 37.793162371998456),ios,,2019-07-24T18:06:35-07:00,1.5918765524451104,-0.0474261256572901,-0.029532522230121705
332,1564016796.0,-122.3962359690316,37.7931754477674,POINT (-122.3962359690316 37.7931754477674),ios,,2019-07-24T18:06:36-07:00,1.5444504267878203,-0.0769586478874118,0.0954399770557326
333,1564016797.0,-122.39622934732809,37.79318831398877,POINT (-122.39622934732809 37.79318831398877),ios,,2019-07-24T18:06:37-07:00,1.4674917789004085,0.018481329168320793,-0.034682507298996024
334,1564016798.0,-122.39622247416749,37.79320034201982,POINT (-122.39622247416749 37.79320034201982),ios,,2019-07-24T18:06:38-07:00,1.4859731080687293,-0.01620117813067523,-1.4535707518073788
335,1564016799.0,-122.39621283497884,37.79321132231298,POINT (-122.39621283497884 37.79321132231298),ios,,2019-07-24T18:06:39-07:00,1.469771929938054,-1.469771929938054,1.469771929938054
336,1564016800.0,-122.39620277669503,37.793221883510974,POINT (-122.39620277669503 37.793221883510974),ios,,2019-07-24T18:06:40-07:00,0.0,0.0,0.0
