,ts,longitude,latitude,geometry,source,matching,fmt_time,speed,acceleration,jerk
0,1568156975.0,-122.25757581778694,37.86939344243478,POINT (-122.25757581778694 37.86939344243478),midpoint,"[<POINT (-122.258 37.869)>, <POINT (-122.258 37.869)>]",2019-09-10T16:09:35-07:00,0.5358951666642228,1.7265168412759695,-2.6036214972644114
1,1568156976.0,-122.2575817608477,37.86939233952059,POINT (-122.2575817608477 37.86939233952059),midpoint,"[<POINT (-122.258 37.869)>, <POINT (-122.258 37.869)>]",2019-09-10T16:09:36-07:00,2.2624120079401924,-0.8771046559884419,0.5749934227975049
2,1568156977.0,-122.25759854340296,37.86940778152676,POINT (-122.25759854340296 37.86940778152676),midpoint,"[<POINT (-122.258 37.869)>, <POINT (-122.258 37.869)>]",2019-09-10T16:09:37-07:00,1.3853073519517505,-0.302111233190937,0.16985125620484098
3,1568156978.0,-122.257605358626,37.869419018356645,POINT (-122.257605358626 37.869419018356645),midpoint,"[<POINT (-122.258 37.869)>, <POINT (-122.258 37.869)>]",2019-09-10T16:09:38-07:00,1.0831961187608135,-0.13225997698609604,0.4213420163598012
4,1568156979.0,-122.25759633370247,37.86941237468419,POINT (-122.25759633370247 37.86941237468419),midpoint,"[<POINT (-122.258 37.869)>, <POINT (-122.258 37.869)>]",2019-09-10T16:09:39-07:00,0.9509361417747174,0.28908203937370514,-0.9988852235198203
5,1568156980.0,-122.25758554355639,37.86941313767602,POINT (-122.25758554355639 37.86941313767602),midpoint,"[<POINT (-122.258 37.869)>, <POINT (-122.258 37.869)>]",2019-09-10T16:09:40-07:00,1.2400181811484225,-0.7098031841461152,0.7830270611584788
6,1568156981.0,-122.25757776265104,37.8694224453735,POINT (-122.25757776265104 37.8694224453735),midpoint,"[<POINT (-122.258 37.869)>, <POINT (-122.258 37.869)>]",2019-09-10T16:09:41-07:00,0.5302149970023073,0.07322387701236355,0.8359935028023069
7,1568156982.0,-122.25757238334504,37.869424614334235,POINT (-122.25757238334504 37.869424614334235),midpoint,"[<POINT (-122.258 37.869)>, <POINT (-122.258 37.869)>]",2019-09-10T16:09:42-07:00,0.6034388740146709,0.9092173798146704,-1.3161645111983087
9,1568156983.0,-122.257572754039,37.869430033294975,POINT (-122.257572754039 37.869430033294975),midpoint,"[<POINT (-122.258 37.869)>, <POINT (-122.258 37.869)>]",2019-09-10T16:09:43-07:00,1.5126562538293413,-0.40694713138363836,0.25543895492792135
11,1568156984.0,-122.257562224733,37.8694408022557,POINT (-122.257562224733 37.8694408022557),midpoint,"[<POINT (-122.258 37.869)>, <POINT (-122.258 37.869)>]",2019-09-10T16:09:44-07:00,1.105709122445703,-0.15150817645571701,0.5958944001288258
14,1568156985.0,-122.25755229542696,37.869446921216436,POINT (-122.25755229542696 37.869446921216436),midpoint,"[<POINT (-122.258 37.869)>, <POINT (-122.258 37.87)>]",2019-09-10T16:09:45-07:00,0.954200945989986,0.44438622367310876,-0.8583205575804362
15,1568156986.0,-122.25754896612094,37.86945509017717,POINT (-122.25754896612094 37.86945509017717),midpoint,"[<POINT (-122.258 37.869)>, <POINT (-122.258 37.87)>]",2019-09-10T16:09:46-07:00,1.3985871696630947,-0.4139343339073275,2.2568646147234395
17,1568156987.0,-122.25754493681492,37.869467259137906,POINT (-122.25754493681492 37.869467259137906),midpoint,"[<POINT (-122.258 37.869)>, <POINT (-122.258 37.87)>]",2019-09-10T16:09:47-07:00,0.9846528357557672,1.842930280816112,-3.045665165074805
20,1568156988.0,-122.25754578986908,37.869476088691066,POINT (-122.25754578986908 37.869476088691066),midpoint,"[<POINT (-122.258 37.869)>, <POINT (-122.258 37.87)>]",2019-09-10T16:09:48-07:00,2.8275831165718794,-1.2027348842586927,0.6121829880354357
22,1568156989.0,-122.25754876088544,37.86950140936859,POINT (-122.25754876088544 37.86950140936859),midpoint,"[<POINT (-122.258 37.869)>, <POINT (-122.258 37.87)>]",2019-09-10T16:09:49-07:00,1.6248482323131868,-0.590551896223257,1.4785905480719284
24,1568156990.0,-122.25755334889686,37.8695155660201,POINT (-122.25755334889686 37.8695155660201),midpoint,"[<POINT (-122.258 37.869)>, <POINT (-122.258 37.87)>]",2019-09-10T16:09:50-07:00,1.0342963360899298,0.8880386518486714,-1.3732007054643898
25,1568156991.0,-122.25755653723067,37.86952452067753,POINT (-122.25755653723067 37.86952452067753),midpoint,"[<POINT (-122.258 37.869)>, <POINT (-122.258 37.87)>]",2019-09-10T16:09:51-07:00,1.9223349879386011,-0.4851620536157184,-0.09286111336819602
28,1568156992.0,-122.25756179028483,37.869541303941574,POINT (-122.25756179028483 37.869541303941574),midpoint,"[<POINT (-122.258 37.869)>, <POINT (-122.258 37.87)>]",2019-09-10T16:09:52-07:00,1.4371729343228827,-0.5780231669839144,1.7279242151327197
30,1568156993.0,-122.25756586097881,37.869553822902304,POINT (-122.25756586097881 37.869553822902304),midpoint,"[<POINT (-122.258 37.87)>, <POINT (-122.258 37.87)>]",2019-09-10T16:09:53-07:00,0.8591497673389683,1.1499010481488052,-0.4800775655639171
32,1568156994.0,-122.25756840367126,37.86956128414484,POINT (-122.25756840367126 37.86956128414484),midpoint,"[<POINT (-122.258 37.87)>, <POINT (-122.258 37.87)>]",2019-09-10T16:09:54-07:00,2.0090508154877735,0.6698234825848881,-2.2150285707960036
34,1568156995.0,-122.25757343427654,37.86957891014529,POINT (-122.25757343427654 37.86957891014529),midpoint,"[<POINT (-122.258 37.87)>, <POINT (-122.258 37.87)>]",2019-09-10T16:09:55-07:00,2.6788742980726616,-1.5452050882111152,1.867473599648571
36,1568156996.0,-122.25758298071615,37.86960179283878,POINT (-122.25758298071615 37.86960179283878),midpoint,"[<POINT (-122.258 37.87)>, <POINT (-122.258 37.87)>]",2019-09-10T16:09:56-07:00,1.1336692098615464,0.3222685114374557,-0.3884881792135322
37,1568156997.0,-122.25759127514593,37.86960960771968,POINT (-122.25759127514593 37.86960960771968),midpoint,"[<POINT (-122.258 37.87)>, <POINT (-122.258 37.87)>]",2019-09-10T16:09:57-07:00,1.4559377212990021,-0.06621966777607646,-0.5105372009183592
39,1568156998.0,-122.25759707464663,37.869621874814925,POINT (-122.25759707464663 37.869621874814925),midpoint,"[<POINT (-122.258 37.87)>, <POINT (-122.258 37.87)>]",2019-09-10T16:09:58-07:00,1.3897180535229257,-0.5767568686944357,1.0627107278052645
42,1568156999.0,-122.25760582232434,37.869632291864875,POINT (-122.25760582232434 37.869632291864875),midpoint,"[<POINT (-122.258 37.87)>, <POINT (-122.258 37.87)>]",2019-09-10T16:09:59-07:00,0.81296118482849,0.4859538591108289,-0.7530919919445122
43,1568157000.0,-122.25761305602633,37.86963685745013,POINT (-122.25761305602633 37.86963685745013),midpoint,"[<POINT (-122.258 37.87)>, <POINT (-122.258 37.87)>]",2019-09-10T16:10:00-07:00,1.298915043939319,-0.26713813283368326,-0.1896892677288451
46,1568157001.0,-122.25762460621965,37.869644159559314,POINT (-122.25762460621965 37.869644159559314),midpoint,"[<POINT (-122.258 37.87)>, <POINT (-122.258 37.87)>]",2019-09-10T16:10:01-07:00,1.0317769111056356,-0.45682740056252835,0.8498581585274163
48,1568157002.0,-122.25763633731782,37.869644742879174,POINT (-122.25763633731782 37.869644742879174),midpoint,"[<POINT (-122.258 37.87)>, <POINT (-122.258 37.87)>]",2019-09-10T16:10:02-07:00,0.5749495105431073,0.39303075796488796,1.845314720454584
49,1568157003.0,-122.25764288712168,37.86964478459704,POINT (-122.25764288712168 37.86964478459704),midpoint,"[<POINT (-122.258 37.87)>, <POINT (-122.258 37.87)>]",2019-09-10T16:10:03-07:00,0.9679802685079952,2.238345478419472,-3.3182171794184745
52,1568157004.0,-122.257651104292,37.86965059011612,POINT (-122.257651104292 37.86965059011612),midpoint,"[<POINT (-122.258 37.87)>, <POINT (-122.258 37.87)>]",2019-09-10T16:10:04-07:00,3.206325746927467,-1.0798717009990026,0.6317058516935278
54,1568157006.0,-122.25770666274433,37.86968803761946,POINT (-122.25770666274433 37.86968803761946),ios,,2019-09-10T16:10:06-07:00,1.0465823449294618,0.1835400023880529,-0.16679995032637707
55,1568157007.0,-122.25770632747769,37.86969744603882,POINT (-122.25770632747769 37.86969744603882),ios,,2019-09-10T16:10:07-07:00,1.2301223473175147,0.016740052061675836,0.2425552389125618
56,1568157008.0,-122.2577084229535,37.86970838442246,POINT (-122.2577084229535 37.86970838442246),ios,,2019-09-10T16:10:08-07:00,1.2468623993791905,0.25929529097423765,-0.34492153863408315
57,1568157009.0,-122.25771177571477,37.86971928089658,POINT (-122.25771177571477 37.86971928089658),ios,,2019-09-10T16:10:09-07:00,1.5061576903534282,-0.0856262476598455,0.2224080416213814
58,1568157010.0,-122.2577171401328,37.86973214711795,POINT (-122.2577171401328 37.86973214711795),ios,,2019-09-10T16:10:10-07:00,1.4205314426935827,0.1367817939615359,-0.2385826393994417
59,1568157011.0,-122.25772141490341,37.86974446851561,POINT (-122.25772141490341 37.86974446851561),ios,,2019-09-10T16:10:11-07:00,1.5573132366551186,-0.1018008454379058,0.0331643370563528
60,1568157012.0,-122.25772652786435,37.86975787956069,POINT (-122.25772652786435 37.86975787956069),ios,,2019-09-10T16:10:12-07:00,1.4555123912172128,-0.068636508381553,-0.08995711786149285
61,1568157013.0,-122.25773055117787,37.86977057814399,POINT (-122.25773055117787 37.86977057814399),ios,,2019-09-10T16:10:13-07:00,1.3868758828356598,-0.15859362624304585,0.20300383112780307
62,1568157014.0,-122.2577343230343,37.869782689994075,POINT (-122.2577343230343 37.869782689994075),ios,,2019-09-10T16:10:14-07:00,1.228282256592614,0.04441020488475722,-0.17779540316425657
63,1568157015.0,-122.25773524504365,37.869793712196746,POINT (-122.25773524504365 37.869793712196746),ios,,2019-09-10T16:10:15-07:00,1.2726924614773711,-0.13338519827949935,-0.06075533100252262
64,1568157016.0,-122.25773742433847,37.86980502776603,POINT (-122.25773742433847 37.86980502776603),ios,,2019-09-10T16:10:16-07:00,1.1393072631978718,-0.19414052928202197,0.19408757275825927
65,1568157017.0,-122.25773926835717,37.869815169868865,POINT (-122.25773926835717 37.869815169868865),ios,,2019-09-10T16:10:17-07:00,0.9451667339158498,-5.2956523762692775e-05,9.678904193129114
66,1568157018.0,-122.2577383044113,37.86982363582823,POINT (-122.2577383044113 37.86982363582823),ios,,2019-09-10T16:10:18-07:00,0.9451137773920871,9.67885123660535,-18.774102265897497
67,1568157019.0,-122.25773734051944,37.86983210131327,POINT (-122.25773734051944 37.86983210131327),ios,,2019-09-10T16:10:19-07:00,10.623965013997438,-9.095251029292145,8.285923558094067
68,1568157020.0,-122.2576257,37.8697952,POINT (-122.2576257 37.8697952),android,,2019-09-10T16:10:20-07:00,1.5287139847052937,-0.8093274711980774,1.0293456069152065
69,1568157021.0,-122.2576156,37.8698064,POINT (-122.2576156 37.8698064),android,,2019-09-10T16:10:21-07:00,0.7193865135072164,0.22001813571712914,0.9385227555329982
70,1568157022.0,-122.2576109,37.8698117,POINT (-122.2576109 37.8698117),android,,2019-09-10T16:10:22-07:00,0.9394046492243455,1.1585408912501274,-3.0434061825378698
71,1568157023.0,-122.2576051,37.8698188,POINT (-122.2576051 37.8698188),android,,2019-09-10T16:10:23-07:00,2.097945540474473,-1.8848652912877424,2.3494953468444657
72,1568157024.0,-122.25759103819404,37.86983405625044,POINT (-122.25759103819404 37.86983405625044),android,,2019-09-10T16:10:24-07:00,0.2130802491867304,0.4646300555567233,1.923295803247186
73,1568157025.0,-122.2575896,37.8698356,POINT (-122.2575896 37.8698356),android,,2019-09-10T16:10:25-07:00,0.6777103047434537,2.3879258588039094,-4.858361056592765
74,1568157026.0,-122.25758513314125,37.86984057118151,POINT (-122.25758513314125 37.86984057118151),android,,2019-09-10T16:10:26-07:00,3.0656361635473632,-2.4704351977888557,2.9406222718723396
75,1568157027.0,-122.2575638,37.8698624,POINT (-122.2575638 37.8698624),android,,2019-09-10T16:10:27-07:00,0.5952009657585078,0.4701870740834839,-1.091177196659782
76,1568157028.0,-122.2575589,37.8698661,POINT (-122.2575589 37.8698661),android,,2019-09-10T16:10:28-07:00,1.0653880398419917,-0.6209901225762982,0.9251281947526941
77,1568157029.0,-122.257549342432,37.86987200562941,POINT (-122.257549342432 37.86987200562941),android,,2019-09-10T16:10:29-07:00,0.4443979172656935,0.30413807217639605,0.23033458301603743
78,1568157030.0,-122.2575447,37.8698736,POINT (-122.2575447 37.8698736),android,,2019-09-10T16:10:30-07:00,0.7485359894420895,0.5344726551924335,-1.2845747483770724
79,1568157031.0,-122.25753634813734,37.86987495959891,POINT (-122.25753634813734 37.86987495959891),android,,2019-09-10T16:10:31-07:00,1.283008644634523,-0.750102093184639,0.4488234090173838
80,1568157032.0,-122.2575232,37.86988,POINT (-122.2575232 37.86988),android,,2019-09-10T16:10:32-07:00,0.532906551449884,-0.30127868416725523,1.0653715000069195
81,1568157033.0,-122.2575181,37.8698826,POINT (-122.2575181 37.8698826),android,,2019-09-10T16:10:33-07:00,0.23162786728262874,0.7640928158396643,-1.3139062776939219
82,1568157034.0,-122.25751599915975,37.86988386050414,POINT (-122.25751599915975 37.86988386050414),android,,2019-09-10T16:10:34-07:00,0.995720683122293,-0.5498134618542576,0.6308297257113312
83,1568157035.0,-122.2575068,37.8698891,POINT (-122.2575068 37.8698891),android,,2019-09-10T16:10:35-07:00,0.4459072212680354,0.08101626385707361,0.23316997615267854
84,1568157036.0,-122.25750306829828,37.86989182090138,POINT (-122.25750306829828 37.86989182090138),android,,2019-09-10T16:10:36-07:00,0.526923485125109,0.31418624000975215,-0.9566142143420306
85,1568157037.0,-122.2574984,37.8698948,POINT (-122.2574984 37.8698948),android,,2019-09-10T16:10:37-07:00,0.8411097251348612,-0.6424279743322785,1.9603023670331678
86,1568157038.0,-122.2574911,37.8698997,POINT (-122.2574911 37.8698997),android,,2019-09-10T16:10:38-07:00,0.19868175080258266,1.3178743927008894,-1.642257463674652
87,1568157039.0,-122.25748960746259,37.86990104328367,POINT (-122.25748960746259 37.86990104328367),android,,2019-09-10T16:10:39-07:00,1.516556143503472,-0.32438307097376273,1.2114188174358584
88,1568157040.0,-122.2574749,37.8699082,POINT (-122.2574749 37.8699082),android,,2019-09-10T16:10:40-07:00,1.1921730725297093,0.8870357464620957,-2.536684577617092
89,1568157041.0,-122.2574622,37.869912,POINT (-122.2574622 37.869912),android,,2019-09-10T16:10:41-07:00,2.079208818991805,-1.6496488311549966,1.7592299172475865
90,1568157042.0,-122.2574426,37.8699225,POINT (-122.2574426 37.8699225),android,,2019-09-10T16:10:42-07:00,0.4295599878368083,0.10958108609258982,-0.07240648096178032
91,1568157043.0,-122.2574391,37.8699252,POINT (-122.2574391 37.8699252),android,,2019-09-10T16:10:43-07:00,0.5391410739293981,0.0371746051308095,0.15459431877133312
92,1568157044.0,-122.2574346,37.8699285,POINT (-122.2574346 37.8699285),android,,2019-09-10T16:10:44-07:00,0.5763156790602076,0.19176892390214262,-0.43222000601772326
93,1568157045.0,-122.2574286377285,37.869930670293954,POINT (-122.2574286377285 37.869930670293954),android,,2019-09-10T16:10:45-07:00,0.7680846029623503,-0.24045108211558064,-0.17576088956171027
94,1568157046.0,-122.2574199,37.8699303,POINT (-122.2574199 37.8699303),android,,2019-09-10T16:10:46-07:00,0.5276335208467696,-0.4162119716772909,1.0654264275375516
95,1568157047.0,-122.2574163,37.8699265,POINT (-122.2574163 37.8699265),android,,2019-09-10T16:10:47-07:00,0.11142154916947872,0.6492144558602606,-1.1535898420424253
96,1568157048.0,-122.25741537975455,37.8699271901841,POINT (-122.25741537975455 37.8699271901841),android,,2019-09-10T16:10:48-07:00,0.7606360050297394,-0.5043753861821647,1.5287831108062053
97,1568157049.0,-122.25741195466995,37.869933473723655,POINT (-122.25741195466995 37.869933473723655),android,,2019-09-10T16:10:49-07:00,0.2562606188475747,1.0244077246240406,-2.086854946471564
98,1568157050.0,-122.25741120000002,37.8699357,POINT (-122.25741120000002 37.8699357),android,,2019-09-10T16:10:50-07:00,1.2806683434716153,-1.0624472218475236,1.393119468830864
99,1568157051.0,-122.2574104,37.8699472,POINT (-122.2574104 37.8699472),android,,2019-09-10T16:10:51-07:00,0.21822112162409166,0.3306722469833403,-0.6873315872858624
100,1568157052.0,-122.25741071152652,37.86994914704062,POINT (-122.25741071152652 37.86994914704062),android,,2019-09-10T16:10:52-07:00,0.548893368607432,-0.3566593403025221,1.4647532235816199
101,1568157053.0,-122.2574124,37.8699539,POINT (-122.2574124 37.8699539),android,,2019-09-10T16:10:53-07:00,0.19223402830490985,1.1080938832790976,13.319816696590031
102,1568157054.0,-122.25741205846992,37.86995560765029,POINT (-122.25741205846992 37.86995560765029),android,,2019-09-10T16:10:54-07:00,1.3003279115840074,14.42791057986913,-17.76652281161521
103,1568157055.0,-122.2574118,37.8699673,POINT (-122.2574118 37.8699673),android,,2019-09-10T16:10:55-07:00,15.728238491453137,-3.3386122317460813,-9.011716684379385
104,1568157056.0,-122.25737046461762,37.87010493226151,POINT (-122.25737046461762 37.87010493226151),ios,,2019-09-10T16:10:56-07:00,12.389626259707056,-12.350328916125466,12.369981408173064
105,1568157057.0,-122.2574079,37.8699975,POINT (-122.2574079 37.8699975),android,,2019-09-10T16:10:57-07:00,0.03929734358158894,0.01965249204759773,0.005575742996154194
154,1568157106.0,-122.25739250902296,37.870009839570024,POINT (-122.25739250902296 37.870009839570024),ios,,2019-09-10T16:11:46-07:00,1.0022694539138777,0.2928638988591532,-0.23948995371771975
155,1568157107.0,-122.25738873716654,37.870001331938305,POINT (-122.25738873716654 37.870001331938305),ios,,2019-09-10T16:11:47-07:00,1.2951333527730309,0.053373945141433454,-0.0738612437910513
156,1568157108.0,-122.25738312129141,37.86999056119273,POINT (-122.25738312129141 37.86999056119273),ios,,2019-09-10T16:11:48-07:00,1.3485072979144643,-0.020487298649617847,0.06268937753726544
157,1568157109.0,-122.25737616431178,37.86997974853764,POINT (-122.25737616431178 37.86997974853764),ios,,2019-09-10T16:11:49-07:00,1.3280199992648465,0.0422020788876476,0.1316772822753678
158,1568157110.0,-122.25736635748507,37.8699706541727,POINT (-122.25736635748507 37.8699706541727),ios,,2019-09-10T16:11:50-07:00,1.370222078152494,0.1738793611630154,-0.31545909101965464
159,1568157111.0,-122.25735822703899,37.86996013488422,POINT (-122.25735822703899 37.86996013488422),ios,,2019-09-10T16:11:51-07:00,1.5441014393155095,-0.14157972985663925,0.12172725570038367
160,1568157112.0,-122.25735001277388,37.86994785539607,POINT (-122.25735001277388 37.86994785539607),ios,,2019-09-10T16:11:52-07:00,1.4025217094588702,-0.019852474156255573,0.05108014163307284
161,1568157113.0,-122.25734096031846,37.86993746183614,POINT (-122.25734096031846 37.86993746183614),ios,,2019-09-10T16:11:53-07:00,1.3826692353026147,0.031227667476817267,0.053237260393100394
162,1568157114.0,-122.25733299751045,37.86992673300008,POINT (-122.25733299751045 37.86992673300008),ios,,2019-09-10T16:11:54-07:00,1.413896902779432,0.08446492786991766,-0.4087785197339122
163,1568157115.0,-122.25732184957923,37.869917554816105,POINT (-122.25732184957923 37.869917554816105),ios,,2019-09-10T16:11:55-07:00,1.4983618306493496,-0.32431359186399455,-0.6170269218356857
164,1568157116.0,-122.25731003109576,37.869907831808426,POINT (-122.25731003109576 37.869907831808426),ios,,2019-09-10T16:11:56-07:00,1.174048238785355,-0.9413405136996803,0.9413405156972923
165,1568157117.0,-122.2573008948213,37.86990012045751,POINT (-122.2573008948213 37.86990012045751),ios,,2019-09-10T16:11:57-07:00,0.23270772508567472,1.9976119369768952e-09,6.000933638894423e-10
166,1568157118.0,-122.25729905075137,37.86989861691187,POINT (-122.25729905075137 37.86989861691187),ios,,2019-09-10T16:11:58-07:00,0.23270772708328666,2.5977053008663376e-09,-6.00093530422896e-10
167,1568157119.0,-122.25729720668146,37.86989711336622,POINT (-122.25729720668146 37.86989711336622),ios,,2019-09-10T16:11:59-07:00,0.23270772968099196,1.9976117704434415e-09,6.000935026673204e-10
168,1568157120.0,-122.25729536261153,37.86989560982058,POINT (-122.25729536261153 37.86989560982058),ios,,2019-09-10T16:12:00-07:00,0.23270773167860373,2.597705273110762e-09,-6.000936692007741e-10
169,1568157121.0,-122.25729351854162,37.869894106274934,POINT (-122.25729351854162 37.869894106274934),ios,,2019-09-10T16:12:01-07:00,0.232707734276309,1.997611603909988e-09,6.000936414451985e-10
170,1568157122.0,-122.25729167447169,37.869892602729294,POINT (-122.25729167447169 37.869892602729294),ios,,2019-09-10T16:12:02-07:00,0.2327077362739206,2.5977052453551863e-09,-5.1710085766654146e-05
171,1568157123.0,-122.25728983040177,37.86989109918365,POINT (-122.25728983040177 37.86989109918365),ios,,2019-09-10T16:12:03-07:00,0.23270773887162585,-5.170748806140879e-05,0.3899408386356168
172,1568157124.0,-122.25728798633185,37.86988959563801,POINT (-122.25728798633185 37.86988959563801),ios,,2019-09-10T16:12:04-07:00,0.23265603138356444,0.38988913114755536,0.40380533463208984
173,1568157125.0,-122.2572861426717,37.86988809242646,POINT (-122.2572861426717 37.86988809242646),ios,,2019-09-10T16:12:05-07:00,0.6225451625311198,0.7936944657796452,-1.7658209107682157
174,1568157126.0,-122.25727943696053,37.86988626931123,POINT (-122.25727943696053 37.86988626931123),ios,,2019-09-10T16:12:06-07:00,1.416239628310765,-0.9721264449885705,2.8526466427155848
175,1568157127.0,-122.25727,37.8698966,POINT (-122.25727 37.8698966),android,,2019-09-10T16:12:07-07:00,0.4441131833221945,1.8805201977270145,-2.1511478164236015
176,1568157128.0,-122.25726494134929,37.869896673313775,POINT (-122.25726494134929 37.869896673313775),android,,2019-09-10T16:12:08-07:00,2.324633381049209,-0.270627618696587,-1.4277427974339143
177,1568157129.0,-122.2572385,37.8698955,POINT (-122.2572385 37.8698955),android,,2019-09-10T16:12:09-07:00,2.054005762352622,-1.6983704161305013,2.51494644990018
178,1568157130.0,-122.2572151,37.8698955,POINT (-122.2572151 37.8698955),android,,2019-09-10T16:12:10-07:00,0.3556353462221207,0.8165760337696786,-0.699240730777037
179,1568157131.0,-122.25721313629509,37.8698927024732,POINT (-122.25721313629509 37.8698927024732),ios,,2019-09-10T16:12:11-07:00,1.1722113799917993,0.11733530299264161,0.43518351774763353
180,1568157132.0,-122.25719980906905,37.869893373025455,POINT (-122.25719980906905 37.869893373025455),ios,,2019-09-10T16:12:12-07:00,1.2895466829844409,0.5525188207402751,-0.6017639980539229
181,1568157133.0,-122.25718581129075,37.86989689342479,POINT (-122.25718581129075 37.86989689342479),ios,,2019-09-10T16:12:13-07:00,1.842065503724716,-0.04924517731364775,-1.1941533033269711
182,1568157134.0,-122.25716681371603,37.869903931255145,POINT (-122.25716681371603 37.869903931255145),android,,2019-09-10T16:12:14-07:00,1.7928203264110683,-1.2433984806406189,2.133420069715278
183,1568157135.0,-122.2571476,37.8699094,POINT (-122.2571476 37.8699094),android,,2019-09-10T16:12:15-07:00,0.5494218457704495,0.8900215890746593,-0.7288833217709106
184,1568157136.0,-122.25714184514226,37.869911343198716,POINT (-122.25714184514226 37.869911343198716),android,,2019-09-10T16:12:16-07:00,1.4394434348451088,0.1611382673037487,-1.441646121047586
185,1568157137.0,-122.25712692430947,37.86991671380244,POINT (-122.25712692430947 37.86991671380244),android,,2019-09-10T16:12:17-07:00,1.6005817021488575,-1.2805078537438372,2.03223691442781
186,1568157138.0,-122.2571104,37.8699228,POINT (-122.2571104 37.8699228),android,,2019-09-10T16:12:18-07:00,0.32007384840502023,0.7517290606839728,-1.005186344767795
187,1568157139.0,-122.25710701798647,37.869923876095214,POINT (-122.25710701798647 37.869923876095214),android,,2019-09-10T16:12:19-07:00,1.0718029090889931,-0.2534572840838222,-0.22363032772785746
188,1568157140.0,-122.25709513578553,37.86992609582502,POINT (-122.25709513578553 37.86992609582502),android,,2019-09-10T16:12:20-07:00,0.8183456250051709,-0.47708761181167963,1.0784860665337879
189,1568157141.0,-122.2570868,37.8699228,POINT (-122.2570868 37.8699228),android,,2019-09-10T16:12:21-07:00,0.3412580131934913,0.6013984547221083,-0.553217264760195
190,1568157142.0,-122.25708291814328,37.86992263122362,POINT (-122.25708291814328 37.86992263122362),android,,2019-09-10T16:12:22-07:00,0.9426564679155995,0.04818118996191334,-0.1704045982055007
191,1568157143.0,-122.2570723,37.8699239,POINT (-122.2570723 37.8699239),android,,2019-09-10T16:12:23-07:00,0.9908376578775129,-0.12222340824358735,0.8285584312975154
192,1568157144.0,-122.2570613,37.8699259,POINT (-122.2570613 37.8699259),android,,2019-09-10T16:12:24-07:00,0.8686142496339255,0.706335023053928,-0.1459771358517452
193,1568157145.0,-122.25705186082489,37.86992824501716,POINT (-122.25705186082489 37.86992824501716),android,,2019-09-10T16:12:25-07:00,1.5749492726878536,0.5603578872021828,-1.8761937923757348
194,1568157146.0,-122.2570351,37.8699333,POINT (-122.2570351 37.8699333),android,,2019-09-10T16:12:26-07:00,2.1353071598900364,-1.315835905173552,2.1422006405994556
195,1568157147.0,-122.2570126,37.8699406,POINT (-122.2570126 37.8699406),android,,2019-09-10T16:12:27-07:00,0.8194712547164843,0.8263647354259037,-1.9724253423423184
196,1568157148.0,-122.25700348495668,37.86994219292019,POINT (-122.25700348495668 37.86994219292019),android,,2019-09-10T16:12:28-07:00,1.645835990142388,-1.1460606069164145,1.8900012361639316
197,1568157149.0,-122.2569854,37.8699461,POINT (-122.2569854 37.8699461),android,,2019-09-10T16:12:29-07:00,0.4997753832259734,0.743940629247517,-0.6532565556998604
198,1568157150.0,-122.25697995882311,37.86994742352952,POINT (-122.25697995882311 37.86994742352952),android,,2019-09-10T16:12:30-07:00,1.2437160124734905,0.09068407354765662,-0.5481017534156114
199,1568157151.0,-122.25696586428514,37.86994856785717,POINT (-122.25696586428514 37.86994856785717),android,,2019-09-10T16:12:31-07:00,1.3344000860211471,-0.4574176798679548,0.944689351410976
200,1568157152.0,-122.25695072777812,37.86994968055551,POINT (-122.25695072777812 37.86994968055551),android,,2019-09-10T16:12:32-07:00,0.8769824061531923,0.4872716715430212,0.2802839134281907
201,1568157153.0,-122.2569409,37.8699511,POINT (-122.2569409 37.8699511),android,,2019-09-10T16:12:33-07:00,1.3642540776962135,0.7675555849712119,-2.039653617814284
202,1568157154.0,-122.25692550769175,37.86995279930075,POINT (-122.25692550769175 37.86995279930075),android,,2019-09-10T16:12:34-07:00,2.1318096626674254,-1.2720980328430722,2.8141776142059367
203,1568157155.0,-122.2569019,37.8699573,POINT (-122.2569019 37.8699573),android,,2019-09-10T16:12:35-07:00,0.8597116298243532,1.5420795813628645,-3.4923231850356373
204,1568157156.0,-122.25689251224416,37.869959504081805,POINT (-122.25689251224416 37.869959504081805),android,,2019-09-10T16:12:36-07:00,2.4017912111872177,-1.950243603672773,2.849427913533139
205,1568157157.0,-122.2568663,37.8699657,POINT (-122.2568663 37.8699657),android,,2019-09-10T16:12:37-07:00,0.45154760751444456,0.8991843098603657,-1.2127718738654139
206,1568157158.0,-122.25686138856723,37.86996690772936,POINT (-122.25686138856723 37.86996690772936),android,,2019-09-10T16:12:38-07:00,1.3507319173748102,-0.3135875640050483,1.9438052510949084
207,1568157159.0,-122.2568469,37.869971,POINT (-122.2568469 37.869971),android,,2019-09-10T16:12:39-07:00,1.037144353369762,1.6302176870898601,-3.561131040146665
208,1568157160.0,-122.256836,37.8699746,POINT (-122.256836 37.8699746),android,,2019-09-10T16:12:40-07:00,2.667362040459622,-1.9309133530568048,3.1142851686678945
209,1568157161.0,-122.2568103,37.8699874,POINT (-122.2568103 37.8699874),android,,2019-09-10T16:12:41-07:00,0.7364486874028173,1.1833718156110895,-2.095919243970833
210,1568157162.0,-122.2568031,37.8699908,POINT (-122.2568031 37.8699908),android,,2019-09-10T16:12:42-07:00,1.9198205030139068,-0.9125474283597435,0.5889623183442152
211,1568157163.0,-122.2567834,37.8699983,POINT (-122.2567834 37.8699983),android,,2019-09-10T16:12:43-07:00,1.0072730746541634,-0.32358511001552825,0.30033975451112005
212,1568157164.0,-122.2567733,37.8700026,POINT (-122.2567733 37.8700026),android,,2019-09-10T16:12:44-07:00,0.6836879646386351,-0.023245355504408205,1.0051573448819118
213,1568157165.0,-122.2567663315364,37.87000534669368,POINT (-122.2567663315364 37.87000534669368),android,,2019-09-10T16:12:45-07:00,0.6604426091342269,0.9819119893775036,-1.5901559619157482
214,1568157166.0,-122.2567596,37.870008,POINT (-122.2567596 37.870008),android,,2019-09-10T16:12:46-07:00,1.6423545985117305,-0.6082439725382447,0.20731815822239896
215,1568157167.0,-122.25674299641541,37.87001480896072,POINT (-122.25674299641541 37.87001480896072),android,,2019-09-10T16:12:47-07:00,1.0341106259734858,-0.40092581431584573,0.5908975773131779
216,1568157168.0,-122.25673233651906,37.870018768473685,POINT (-122.25673233651906 37.870018768473685),android,,2019-09-10T16:12:48-07:00,0.6331848116576401,0.1899717629973322,-0.5840830527356502
217,1568157169.0,-122.2567257,37.870021,POINT (-122.2567257 37.870021),android,,2019-09-10T16:12:49-07:00,0.8231565746549723,-0.39411128973831805,1.0240178541230895
218,1568157170.0,-122.25671720239266,37.87002413110037,POINT (-122.25671720239266 37.87002413110037),android,,2019-09-10T16:12:50-07:00,0.4290452849166542,0.6299065643847714,-0.9678477267488818
219,1568157171.0,-122.2567129,37.8700223,POINT (-122.2567129 37.8700223),android,,2019-09-10T16:12:51-07:00,1.0589518493014256,-0.3379411623641103,0.49336629509683394
220,1568157172.0,-122.25670720439051,37.87001390479306,POINT (-122.25670720439051 37.87001390479306),ios,,2019-09-10T16:12:52-07:00,0.7210106869373153,0.15542513273272363,-0.1554744751364855
221,1568157173.0,-122.25669899035455,37.87001390479306,POINT (-122.25669899035455 37.87001390479306),ios,,2019-09-10T16:12:53-07:00,0.8764358196700389,-4.934240376186505e-05,0.2546941910954742
222,1568157174.0,-122.25668951853748,37.870016398479414,POINT (-122.25668951853748 37.870016398479414),ios,,2019-09-10T16:12:54-07:00,0.876386477266277,0.25464484869171233,-0.11829796757520916
223,1568157175.0,-122.25668004725338,37.87001889202545,POINT (-122.25668004725338 37.87001889202545),ios,,2019-09-10T16:12:55-07:00,1.1310313259579894,0.13634688111650317,0.012285438356982814
224,1568157176.0,-122.25666906696023,37.87002421453396,POINT (-122.25666906696023 37.87002421453396),ios,,2019-09-10T16:12:56-07:00,1.2673782070744926,0.14863231947348599,2.17408371067731
225,1568157177.0,-122.25665833812417,37.87003184206585,POINT (-122.25665833812417 37.87003184206585),ios,,2019-09-10T16:12:57-07:00,1.4160105265479785,2.322716030150796,-3.1166761130602314
226,1568157178.0,-122.25664693873586,37.870040852611766,POINT (-122.25664693873586 37.870040852611766),ios,,2019-09-10T16:12:58-07:00,3.7387265566987744,-0.7939600829094355,-0.20562646310736254
227,1568157179.0,-122.25660660877251,37.87005166666651,POINT (-122.25660660877251 37.87005166666651),android,,2019-09-10T16:12:59-07:00,2.944766473789339,-0.9995865460167981,-0.14237417396877938
228,1568157180.0,-122.25657544171554,37.87006146545724,POINT (-122.25657544171554 37.87006146545724),android,,2019-09-10T16:13:00-07:00,1.9451799277725408,-1.1419607199855775,2.5280230480621007
229,1568157181.0,-122.2565567,37.8700708,POINT (-122.2565567 37.8700708),android,,2019-09-10T16:13:01-07:00,0.8032192077869634,1.3860623280765232,-2.7238461444158206
230,1568157182.0,-122.2565486451589,37.87007422759195,POINT (-122.2565486451589 37.87007422759195),android,,2019-09-10T16:13:02-07:00,2.1892815358634867,-1.3377838163392974,0.9672497605752388
231,1568157183.0,-122.2565248,37.87008,POINT (-122.2565248 37.87008),android,,2019-09-10T16:13:03-07:00,0.8514977195241892,-0.3705340557640586,2.140359785768748
232,1568157184.0,-122.2565152,37.8700789,POINT (-122.2565152 37.8700789),android,,2019-09-10T16:13:04-07:00,0.48096366376013056,1.7698257300046896,-2.0950433255615284
233,1568157185.0,-122.25650972554722,37.87007908248176,POINT (-122.25650972554722 37.87007908248176),android,,2019-09-10T16:13:05-07:00,2.25078939376482,-0.3252175955568386,-0.9127081975693994
234,1568157186.0,-122.25648618811798,37.870087113345136,POINT (-122.25648618811798 37.870087113345136),android,,2019-09-10T16:13:06-07:00,1.9255717982079814,-1.237925793126238,2.1829670755880373
235,1568157187.0,-122.2564659,37.8700937,POINT (-122.2564659 37.8700937),android,,2019-09-10T16:13:07-07:00,0.6876460050817434,0.9450412824617993,-2.4419018402026547
236,1568157188.0,-122.2564583,37.8700952,POINT (-122.2564583 37.8700952),android,,2019-09-10T16:13:08-07:00,1.6326872875435428,-1.4968605577408556,1.9406162384178038
237,1568157189.0,-122.2564403,37.8700989,POINT (-122.2564403 37.8700989),android,,2019-09-10T16:13:09-07:00,0.13582672980268728,0.44375568067694826,0.7277546788469944
238,1568157190.0,-122.2564388,37.8700992,POINT (-122.2564388 37.8700992),android,,2019-09-10T16:13:10-07:00,0.5795824104796355,1.1715103595239427,-1.9466914880823598
239,1568157191.0,-122.25643409163771,37.870102854251336,POINT (-122.25643409163771 37.870102854251336),android,,2019-09-10T16:13:11-07:00,1.751092770003578,-0.7751811285584173,0.45613915738745314
240,1568157192.0,-122.25641938536022,37.870113494954246,POINT (-122.25641938536022 37.870113494954246),android,,2019-09-10T16:13:12-07:00,0.9759116414451608,-0.3190419711709641,0.38375137804607706
241,1568157193.0,-122.25641,37.8701182,POINT (-122.25641 37.8701182),android,,2019-09-10T16:13:13-07:00,0.6568696702741967,0.06470940687511295,1.3188697716528304
242,1568157194.0,-122.2564029288203,37.870120133412506,POINT (-122.2564029288203 37.870120133412506),android,,2019-09-10T16:13:14-07:00,0.7215790771493097,1.3835791785279432,-2.6045795351464145
243,1568157195.0,-122.2563948,37.8701211,POINT (-122.2563948 37.8701211),android,,2019-09-10T16:13:15-07:00,2.105158255677253,-1.2210003566184713,0.770439687106445
244,1568157196.0,-122.25637277427366,37.87012859074266,POINT (-122.25637277427366 37.87012859074266),android,,2019-09-10T16:13:16-07:00,0.8841578990587816,-0.4505606695120263,1.3518006252468109
245,1568157197.0,-122.25636340000001,37.8701315,POINT (-122.25636340000001 37.8701315),android,,2019-09-10T16:13:17-07:00,0.43359722954675534,0.9012399557347845,-1.9095598825783426
246,1568157198.0,-122.2563587,37.8701327,POINT (-122.2563587 37.8701327),android,,2019-09-10T16:13:18-07:00,1.33483718528154,-1.008319926843558,1.5016676301829786
247,1568157199.0,-122.2563438,37.8701351,POINT (-122.2563438 37.8701351),android,,2019-09-10T16:13:19-07:00,0.32651725843798185,0.49334770333942035,0.9105139005882444
248,1568157200.0,-122.25634015036508,37.87013566772099,POINT (-122.25634015036508 37.87013566772099),android,,2019-09-10T16:13:20-07:00,0.8198649617774022,1.4038616039276648,-2.6804354067420775
249,1568157201.0,-122.25633101316062,37.87013719670985,POINT (-122.25633101316062 37.87013719670985),android,,2019-09-10T16:13:21-07:00,2.223726565705067,-1.2765738028144127,0.7156430797252058
250,1568157202.0,-122.2563057,37.870138,POINT (-122.2563057 37.870138),android,,2019-09-10T16:13:22-07:00,0.9471527628906541,-0.5609307230892069,1.580736246300681
251,1568157203.0,-122.256295,37.8701369,POINT (-122.256295 37.8701369),android,,2019-09-10T16:13:23-07:00,0.38622203980144726,1.0198055232114742,-1.0027516922839206
252,1568157204.0,-122.2562906,37.8701369,POINT (-122.2562906 37.8701369),android,,2019-09-10T16:13:24-07:00,1.4060275630129215,0.017053830927553637,-0.895459039952102
253,1568157205.0,-122.2562746,37.8701363,POINT (-122.2562746 37.8701363),android,,2019-09-10T16:13:25-07:00,1.4230813939404752,-0.8784052090245483,0.6851017019018188
254,1568157206.0,-122.2562587,37.8701338,POINT (-122.2562587 37.8701338),android,,2019-09-10T16:13:26-07:00,0.5446761849159268,-0.19330350712272953,0.8874697706582302
255,1568157207.0,-122.2562525,37.8701336,POINT (-122.2562525 37.8701336),android,,2019-09-10T16:13:27-07:00,0.3513726777931973,0.6941662635355006,-0.21221069197395281
256,1568157208.0,-122.2562485682494,37.870134193471785,POINT (-122.2562485682494 37.870134193471785),android,,2019-09-10T16:13:28-07:00,1.045538941328698,0.4819555715615478,-1.0786229652216734
257,1568157209.0,-122.2562372,37.870137,POINT (-122.2562372 37.870137),android,,2019-09-10T16:13:29-07:00,1.5274945128902457,-0.5966673936601257,0.0919158005459394
258,1568157210.0,-122.2562198,37.8701368,POINT (-122.2562198 37.8701368),android,,2019-09-10T16:13:30-07:00,0.9308271192301201,-0.5047515931141863,1.9930096789971525
259,1568157211.0,-122.2562099,37.8701338,POINT (-122.2562099 37.8701338),android,,2019-09-10T16:13:31-07:00,0.4260755261159338,1.4882580858829662,-3.1472768958403163
260,1568157212.0,-122.25620512807001,37.87013309824559,POINT (-122.25620512807001 37.87013309824559),android,,2019-09-10T16:13:32-07:00,1.9143336119988998,-1.6590188099573504,1.9606151973058585
261,1568157213.0,-122.25618335807005,37.87013207079419,POINT (-122.25618335807005 37.87013207079419),android,,2019-09-10T16:13:33-07:00,0.2553148020415495,0.3015963873485082,-0.3222020806333504
262,1568157214.0,-122.2561806,37.8701328,POINT (-122.2561806 37.8701328),android,,2019-09-10T16:13:34-07:00,0.5569111893900577,-0.020605693284842186,0.37981991920489133
263,1568157215.0,-122.25617489444744,37.87013499052464,POINT (-122.25617489444744 37.87013499052464),android,,2019-09-10T16:13:35-07:00,0.5363054961052155,0.35921422592004915,-0.17572763987200501
264,1568157216.0,-122.25616939999999,37.8701371,POINT (-122.25616939999999 37.8701371),android,,2019-09-10T16:13:36-07:00,0.8955197220252646,0.18348658604804413,-1.060854635150264
265,1568157217.0,-122.25616019684747,37.87014057565678,POINT (-122.25616019684747 37.87014057565678),android,,2019-09-10T16:13:37-07:00,1.0790063080733088,-0.8773680491022198,1.1371991196983382
266,1568157218.0,-122.2561481,37.8701423,POINT (-122.2561481 37.8701423),android,,2019-09-10T16:13:38-07:00,0.20163825897108906,0.2598310705961185,-0.14437311640750888
267,1568157219.0,-122.2561458104876,37.87014244771048,POINT (-122.2561458104876 37.87014244771048),android,,2019-09-10T16:13:39-07:00,0.46146932956720754,0.1154579541886096,0.6982450179166936
268,1568157220.0,-122.2561406,37.870143,POINT (-122.2561406 37.870143),android,,2019-09-10T16:13:40-07:00,0.5769272837558171,0.8137029721053032,-1.0238835817453293
269,1568157221.0,-122.25613402764235,37.87014295609756,POINT (-122.25613402764235 37.87014295609756),android,,2019-09-10T16:13:41-07:00,1.3906302558611203,-0.21018060964002605,-0.6656529324486758
270,1568157222.0,-122.2561182,37.8701435,POINT (-122.2561182 37.8701435),android,,2019-09-10T16:13:42-07:00,1.1804496462210943,-0.8758335420887019,0.8105378767797995
271,1568157223.0,-122.2561051,37.8701459,POINT (-122.2561051 37.8701459),android,,2019-09-10T16:13:43-07:00,0.3046161041323924,-0.06529566530890238,1.2812454405757832
272,1568157224.0,-122.2561026,37.8701478,POINT (-122.2561026 37.8701478),android,,2019-09-10T16:13:44-07:00,0.23932043882349,1.2159497752668809,-1.5112209503248895
273,1568157225.0,-122.256100120661,37.870148695316864,POINT (-122.256100120661 37.870148695316864),android,,2019-09-10T16:13:45-07:00,1.4552702140903708,-0.2952711750580086,-0.46795974681179175
274,1568157226.0,-122.2560837,37.8701505,POINT (-122.2560837 37.8701505),android,,2019-09-10T16:13:46-07:00,1.1599990390323622,-0.7632309218698003,0.6414946775088362
275,1568157227.0,-122.2560705,37.87015,POINT (-122.2560705 37.87015),android,,2019-09-10T16:13:47-07:00,0.3967681171625619,-0.12173624436096414,0.8788804757396629
276,1568157228.0,-122.2560662,37.8701511,POINT (-122.2560662 37.8701511),android,,2019-09-10T16:13:48-07:00,0.27503187280159774,0.7571442313786987,-1.1456045179957879
277,1568157229.0,-122.25606313430632,37.87015161094895,POINT (-122.25606313430632 37.87015161094895),android,,2019-09-10T16:13:49-07:00,1.0321761041802964,-0.3884602866170892,1.465668870977622
278,1568157230.0,-122.2560533,37.8701567,POINT (-122.2560533 37.8701567),android,,2019-09-10T16:13:50-07:00,0.6437158175632072,1.0772085843605328,-2.423913355926702
279,1568157231.0,-122.25604668695242,37.870159202234234,POINT (-122.25604668695242 37.870159202234234),android,,2019-09-10T16:13:51-07:00,1.72092440192374,-1.3467047715661695,2.413785416355706
280,1568157232.0,-122.2560292,37.8701662,POINT (-122.2560292 37.8701662),android,,2019-09-10T16:13:52-07:00,0.37421963035757044,1.067080644789537,-2.151853967103233
281,1568157233.0,-122.25602569708055,37.87016811826541,POINT (-122.25602569708055 37.87016811826541),android,,2019-09-10T16:13:53-07:00,1.4413002751471073,-1.084773322313696,1.8646907846022538
282,1568157234.0,-122.2560122,37.8701755,POINT (-122.2560122 37.8701755),android,,2019-09-10T16:13:54-07:00,0.3565269528334115,0.7799174622885577,-1.097852684134224
283,1568157235.0,-122.25600962907805,37.87017798226946,POINT (-122.25600962907805 37.87017798226946),android,,2019-09-10T16:13:55-07:00,1.1364444151219693,-0.31793522184566625,0.3121258351545222
284,1568157236.0,-122.2560046,37.8701874,POINT (-122.2560046 37.8701874),android,,2019-09-10T16:13:56-07:00,0.818509193276303,-0.005809386691144058,-0.3323589200669461
285,1568157237.0,-122.255998,37.8701926,POINT (-122.255998 37.8701926),android,,2019-09-10T16:13:57-07:00,0.812699806585159,-0.3381683067580902,1.105421421991294
286,1568157238.0,-122.2559929,37.8701987,POINT (-122.2559929 37.8701987),android,,2019-09-10T16:13:58-07:00,0.47453149982706877,0.7672531152332037,-1.7109532781672225
287,1568157239.0,-122.2559914,37.8702028,POINT (-122.2559914 37.8702028),android,,2019-09-10T16:13:59-07:00,1.2417846150602725,-0.9437001629340189,2.015224932186052
288,1568157240.0,-122.2559878,37.8702136,POINT (-122.2559878 37.8702136),android,,2019-09-10T16:14:00-07:00,0.2980844521262536,1.0715247692520327,-1.6935506491312604
289,1568157241.0,-122.2559854245212,37.870215515708715,POINT (-122.2559854245212 37.870215515708715),android,,2019-09-10T16:14:01-07:00,1.3696092213782862,-0.6220258798792277,0.4775777086163777
290,1568157242.0,-122.25597399714877,37.87022390250107,POINT (-122.25597399714877 37.87022390250107),android,,2019-09-10T16:14:02-07:00,0.7475833414990585,-0.14444817126285003,-0.14899894350405968
291,1568157243.0,-122.2559683,37.8702289,POINT (-122.2559683 37.8702289),android,,2019-09-10T16:14:03-07:00,0.6031351702362084,-0.2934471147669097,0.9699342627754668
292,1568157244.0,-122.2559651,37.8702337,POINT (-122.2559651 37.8702337),android,,2019-09-10T16:14:04-07:00,0.30968805546929873,0.676487148008557,-0.8144636189464367
293,1568157245.0,-122.2559631952381,37.87023604432233,POINT (-122.2559631952381 37.87023604432233),android,,2019-09-10T16:14:05-07:00,0.9861752034778558,-0.13797647093787968,0.7553012192495779
294,1568157246.0,-122.2559538577407,37.87024097633889,POINT (-122.2559538577407 37.87024097633889),android,,2019-09-10T16:14:06-07:00,0.8481987325399761,0.6173247483116983,-1.5658345234158775
295,1568157247.0,-122.2559451,37.8702442,POINT (-122.2559451 37.8702442),android,,2019-09-10T16:14:07-07:00,1.4655234808516744,-0.9485097751041792,0.8944267464436664
296,1568157248.0,-122.2559303,37.8702503,POINT (-122.2559303 37.8702503),android,,2019-09-10T16:14:08-07:00,0.5170137057474952,-0.054083028660512844,0.9386056243161919
297,1568157249.0,-122.2559258,37.8702533,POINT (-122.2559258 37.8702533),android,,2019-09-10T16:14:09-07:00,0.4629306770869823,0.884522595655679,-0.7200140461275972
298,1568157250.0,-122.25592192590825,37.87025612485857,POINT (-122.25592192590825 37.87025612485857),android,,2019-09-10T16:14:10-07:00,1.3474532727426614,0.1645085495280818,-1.1365721153336459
299,1568157251.0,-122.2559085,37.870262,POINT (-122.2559085 37.870262),android,,2019-09-10T16:14:11-07:00,1.5119618222707432,-0.9720635658055642,1.4288406773531304
300,1568157252.0,-122.25589242868489,37.87026689243037,POINT (-122.25589242868489 37.87026689243037),android,,2019-09-10T16:14:12-07:00,0.539898256465179,0.4567771115475662,-0.26614253781489594
301,1568157253.0,-122.2558876,37.8702699,POINT (-122.2558876 37.8702699),android,,2019-09-10T16:14:13-07:00,0.9966753680127451,0.19063457373267023,0.067697084127887
302,1568157254.0,-122.2558794,37.8702761,POINT (-122.2558794 37.8702761),android,,2019-09-10T16:14:14-07:00,1.1873099417454154,0.25833165786055723,-0.776163241547788
303,1568157255.0,-122.25587226946794,37.87028517358526,POINT (-122.25587226946794 37.87028517358526),android,,2019-09-10T16:14:15-07:00,1.4456415996059726,-0.5178315836872308,0.708929862041088
304,1568157256.0,-122.2558612,37.8702948,POINT (-122.2558612 37.8702948),android,,2019-09-10T16:14:16-07:00,0.9278100159187418,0.19109827835385718,-0.9035112388372466
305,1568157257.0,-122.25585145492227,37.87029803160623,POINT (-122.25585145492227 37.87029803160623),android,,2019-09-10T16:14:17-07:00,1.118908294272599,-0.7124129604833894,2.137836923868793
306,1568157258.0,-122.2558411,37.8703039,POINT (-122.2558411 37.8703039),android,,2019-09-10T16:14:18-07:00,0.40649533378920955,1.4254239633854038,-1.9051578904650834
307,1568157259.0,-122.25583723095266,37.87030590892842,POINT (-122.25583723095266 37.87030590892842),android,,2019-09-10T16:14:19-07:00,1.8319192971746134,-0.47973392707967966,-0.1855861376056145
308,1568157260.0,-122.2558224,37.8703175,POINT (-122.2558224 37.8703175),android,,2019-09-10T16:14:20-07:00,1.3521853700949338,-0.6653200646852941,0.34031691073512466
309,1568157261.0,-122.255807,37.8703172,POINT (-122.255807 37.8703172),android,,2019-09-10T16:14:21-07:00,0.6868653054096396,-0.3250031539501695,1.03999488866497
310,1568157262.0,-122.2557993,37.8703161,POINT (-122.2557993 37.8703161),android,,2019-09-10T16:14:22-07:00,0.36186215145947015,0.7149917347148005,-1.1987266967834842
311,1568157263.0,-122.25579521129615,37.87031651580039,POINT (-122.25579521129615 37.87031651580039),android,,2019-09-10T16:14:23-07:00,1.0768538861742707,-0.4837349620686837,1.6539562150746823
312,1568157264.0,-122.2557835,37.8703194,POINT (-122.2557835 37.8703194),android,,2019-09-10T16:14:24-07:00,0.593118924105587,1.1702212530059986,-2.325147991742977
313,1568157265.0,-122.2557776,37.870322,POINT (-122.2557776 37.870322),android,,2019-09-10T16:14:25-07:00,1.7633401771115855,-1.1549267387369784,0.8451848989746877
314,1568157266.0,-122.2557583,37.8703176,POINT (-122.2557583 37.8703176),android,,2019-09-10T16:14:26-07:00,0.6084134383746073,-0.3097418397622906,1.1957399249762768
315,1568157267.0,-122.2557518,37.8703157,POINT (-122.2557518 37.8703157),android,,2019-09-10T16:14:27-07:00,0.2986715986123167,0.8859980852139862,-0.5513361754200086
316,1568157268.0,-122.25574840194153,37.870315838696264,POINT (-122.25574840194153 37.870315838696264),android,,2019-09-10T16:14:28-07:00,1.1846696838263029,0.3346619097939776,-1.0242419021806786
317,1568157269.0,-122.25573525350765,37.8703182419249,POINT (-122.25573525350765 37.8703182419249),android,,2019-09-10T16:14:29-07:00,1.5193315936202805,-0.6895799923867011,0.6895799788690709
318,1568157270.0,-122.25572,37.8703247,POINT (-122.25572 37.8703247),android,,2019-09-10T16:14:30-07:00,0.8297516012335794,-1.3517630237380729e-08,0.1283983074980275
319,1568157271.0,-122.25571070397146,37.87032605379056,POINT (-122.25571070397146 37.87032605379056),android,,2019-09-10T16:14:31-07:00,0.8297515877159491,0.12839829398039726,-0.6779759402215512
320,1568157272.0,-122.25570140794291,37.87032740758113,POINT (-122.25570140794291 37.87032740758113),android,,2019-09-10T16:14:32-07:00,0.9581498816963464,-0.5495776462411539,1.2611003955899927
321,1568157273.0,-122.2556906,37.8703262,POINT (-122.2556906 37.8703262),android,,2019-09-10T16:14:33-07:00,0.4085722354551925,0.7115227493488389,-1.261548524689089
322,1568157274.0,-122.2556867881591,37.870328308677955,POINT (-122.2556867881591 37.870328308677955),android,,2019-09-10T16:14:34-07:00,1.1200949848040314,-0.5500257753402501,1.2843264376970447
323,1568157275.0,-122.2556787,37.8703361,POINT (-122.2556787 37.8703361),android,,2019-09-10T16:14:35-07:00,0.5700692094637813,0.7343006623567946,-1.688628868349202
324,1568157276.0,-122.25567428201867,37.870339857728716,POINT (-122.25567428201867 37.870339857728716),android,,2019-09-10T16:14:36-07:00,1.3043698718205758,-0.9543282059924072,1.2952914301197198
325,1568157277.0,-122.25565947657539,37.87034086160469,POINT (-122.25565947657539 37.87034086160469),android,,2019-09-10T16:14:37-07:00,0.35004166582816865,0.3409632241273126,0.2525533843845904
326,1568157278.0,-122.2556556,37.8703416,POINT (-122.2556556 37.8703416),android,,2019-09-10T16:14:38-07:00,0.6910048899554813,0.593516608511903,-1.5375524165745136
327,1568157279.0,-122.25565010279735,37.87034604825167,POINT (-122.25565010279735 37.87034604825167),android,,2019-09-10T16:14:39-07:00,1.2845214984673843,-0.9440358080626106,1.7841611564685063
328,1568157280.0,-122.2556407,37.8703549,POINT (-122.2556407 37.8703549),android,,2019-09-10T16:14:40-07:00,0.3404856904047738,0.8401253484058957,-1.0547021546564863
329,1568157281.0,-122.25563710228963,37.87035375527396,POINT (-122.25563710228963 37.87035375527396),android,,2019-09-10T16:14:41-07:00,1.1806110388106694,-0.2145768062505906,0.7049882728743109
330,1568157282.0,-122.2556243,37.8703505,POINT (-122.2556243 37.8703505),android,,2019-09-10T16:14:42-07:00,0.9660342325600788,0.49041146662372026,-1.287861854110203
331,1568157283.0,-122.2556134,37.8703517,POINT (-122.2556134 37.8703517),android,,2019-09-10T16:14:43-07:00,1.456445699183799,-0.7974503874864828,0.9779599597382396
332,1568157284.0,-122.25559755016607,37.87035557475084,POINT (-122.25559755016607 37.87035557475084),android,,2019-09-10T16:14:44-07:00,0.6589953116973163,0.1805095722517568,0.23929981947504897
333,1568157285.0,-122.2555907,37.870358,POINT (-122.2555907 37.870358),android,,2019-09-10T16:14:45-07:00,0.8395048839490731,0.41980939172680576,-0.5657407760773903
334,1568157286.0,-122.25558309766097,37.87035341910342,POINT (-122.25558309766097 37.87035341910342),android,,2019-09-10T16:14:46-07:00,1.2593142756758788,-0.1459313843505845,0.6716989075108133
335,1568157287.0,-122.2555705,37.870348,POINT (-122.2555705 37.870348),android,,2019-09-10T16:14:47-07:00,1.1133828913252943,0.5257675231602288,-1.3167069685589068
336,1568157288.0,-122.255558,37.8703463,POINT (-122.255558 37.8703463),android,,2019-09-10T16:14:48-07:00,1.6391504144855231,-0.7909394453986779,0.21509882572482342
337,1568157289.0,-122.2555398,37.8703496,POINT (-122.2555398 37.8703496),android,,2019-09-10T16:14:49-07:00,0.8482109690868452,-0.5758406196738545,1.1254728645739696
338,1568157290.0,-122.25553014381838,37.87034930941722,POINT (-122.25553014381838 37.87034930941722),android,,2019-09-10T16:14:50-07:00,0.27237034941299076,0.5496322449001152,-0.07339547274718106
339,1568157291.0,-122.25552769999999,37.8703478,POINT (-122.25552769999999 37.8703478),android,,2019-09-10T16:14:51-07:00,0.822002594313106,0.47623677215293414,-1.4516206962877303
340,1568157292.0,-122.2555226,37.8703416,POINT (-122.2555226 37.8703416),android,,2019-09-10T16:14:52-07:00,1.29823936646604,-0.9753839241347961,1.9024924219416486
341,1568157293.0,-122.2555088,37.8703374,POINT (-122.2555088 37.8703374),android,,2019-09-10T16:14:53-07:00,0.32285544233124397,0.9271084978068524,-1.2386821392168295
342,1568157294.0,-122.25550513385355,37.87033716599065,POINT (-122.25550513385355 37.87033716599065),android,,2019-09-10T16:14:54-07:00,1.2499639401380964,-0.311573641409977,0.5736134934940917
343,1568157295.0,-122.2554909,37.8703375,POINT (-122.2554909 37.8703375),android,,2019-09-10T16:14:55-07:00,0.9383902987281194,0.26203985208411473,-0.8659316983795465
344,1568157296.0,-122.2554809458412,37.87033442206932,POINT (-122.2554809458412 37.87033442206932),android,,2019-09-10T16:14:56-07:00,1.2004301508122341,-0.6038918462954318,0.7892852522561529
345,1568157297.0,-122.25546827452585,37.87033036097564,POINT (-122.25546827452585 37.87033036097564),android,,2019-09-10T16:14:57-07:00,0.5965383045168023,0.18539340596072107,-0.5979560067851084
346,1568157298.0,-122.255462,37.8703283,POINT (-122.255462 37.8703283),android,,2019-09-10T16:14:58-07:00,0.7819317104775234,-0.4125626008243874,1.1813103160635376
347,1568157299.0,-122.2554531,37.8703286,POINT (-122.2554531 37.8703286),android,,2019-09-10T16:14:59-07:00,0.369369109653136,0.7687477152391502,-0.9633652987325668
348,1568157300.0,-122.25544889759824,37.87032877152661,POINT (-122.25544889759824 37.87032877152661),android,,2019-09-10T16:15:00-07:00,1.1381168248922862,-0.19461758349341662,0.96600209573021
349,1568157301.0,-122.2554362,37.8703267,POINT (-122.2554362 37.8703267),android,,2019-09-10T16:15:01-07:00,0.9434992413988695,0.7713845122367934,-2.1468721352820372
350,1568157302.0,-122.25542628476798,37.870323423841015,POINT (-122.25542628476798 37.870323423841015),android,,2019-09-10T16:15:02-07:00,1.714883753635663,-1.3754876230452437,2.2702861031252595
351,1568157303.0,-122.2554068,37.8703223,POINT (-122.2554068 37.8703223),android,,2019-09-10T16:15:03-07:00,0.33939613059041923,0.8947984800800157,-0.7317230529453222
352,1568157304.0,-122.25540305187438,37.87032304962513,POINT (-122.25540305187438 37.87032304962513),android,,2019-09-10T16:15:04-07:00,1.234194610670435,0.16307542713469347,-1.1326819481982908
353,1568157305.0,-122.2553903428566,37.87032779774452,POINT (-122.2553903428566 37.87032779774452),android,,2019-09-10T16:15:05-07:00,1.3972700378051284,-0.9696065210635972,1.0450767157932819
354,1568157306.0,-122.25537571313112,37.87033275050509,POINT (-122.25537571313112 37.87033275050509),android,,2019-09-10T16:15:06-07:00,0.42766351674153114,0.07547019472968464,0.4704493524399901
355,1568157307.0,-122.25537102626225,37.87033380101018,POINT (-122.25537102626225 37.87033380101018),android,,2019-09-10T16:15:07-07:00,0.5031337114712158,0.5459195471696747,0.16136398628548054
356,1568157308.0,-122.2553653,37.8703336,POINT (-122.2553653 37.8703336),android,,2019-09-10T16:15:08-07:00,1.0490532586408905,0.7072835334551553,-1.6048654700349632
357,1568157309.0,-122.25535367792952,37.87033579909167,POINT (-122.25535367792952 37.87033579909167),android,,2019-09-10T16:15:09-07:00,1.7563367920960458,-0.8975819365798078,0.8778305517585936
358,1568157310.0,-122.2553355,37.8703424,POINT (-122.2553355 37.8703424),android,,2019-09-10T16:15:10-07:00,0.858754855516238,-0.01975138482121419,0.5251962874659363
359,1568157311.0,-122.25532604122407,37.87034437268589,POINT (-122.25532604122407 37.87034437268589),android,,2019-09-10T16:15:11-07:00,0.8390034706950238,0.5054449026447221,0.12113665830700926
360,1568157312.0,-122.2553168,37.8703463,POINT (-122.2553168 37.8703463),android,,2019-09-10T16:15:12-07:00,1.3444483733397459,0.6265815609517313,-1.5168994563392904
361,1568157313.0,-122.25530179671392,37.870348732863796,POINT (-122.25530179671392 37.870348732863796),android,,2019-09-10T16:15:13-07:00,1.9710299342914772,-0.890317895387559,0.1973033922725631
362,1568157314.0,-122.2552801,37.8703533,POINT (-122.2552801 37.8703533),android,,2019-09-10T16:15:14-07:00,1.0807120389039182,-0.6930145031149959,0.7833024505604815
363,1568157315.0,-122.2552679235856,37.87035473815918,POINT (-122.2552679235856 37.87035473815918),android,,2019-09-10T16:15:15-07:00,0.38769753578892235,0.09028794744548568,0.5503726697235065
364,1568157316.0,-122.2552639,37.8703533,POINT (-122.2552639 37.8703533),android,,2019-09-10T16:15:16-07:00,0.47798548323440804,0.6406606171689923,-1.2709106256431386
365,1568157317.0,-122.25526,37.8703503,POINT (-122.25526 37.8703503),android,,2019-09-10T16:15:17-07:00,1.1186461004034003,-0.6302500084741464,1.259719611753067
366,1568157318.0,-122.2552482,37.8703465,POINT (-122.2552482 37.8703465),android,,2019-09-10T16:15:18-07:00,0.48839609192925393,0.6294696032789205,-1.0317413607301713
367,1568157319.0,-122.25524273703664,37.87034566666661,POINT (-122.25524273703664 37.87034566666661),android,,2019-09-10T16:15:19-07:00,1.1178656952081745,-0.40227175745125066,2.4878259797836666
368,1568157320.0,-122.2552302,37.8703439,POINT (-122.2552302 37.8703439),android,,2019-09-10T16:15:20-07:00,0.7155939377569238,2.0855542223324157,-4.133114011598304
369,1568157321.0,-122.25522872071923,37.87035022865783,POINT (-122.25522872071923 37.87035022865783),ios,,2019-09-10T16:15:21-07:00,2.8011481600893395,-2.047559789265888,2.045725563281844
370,1568157322.0,-122.2552033,37.870335,POINT (-122.2552033 37.870335),android,,2019-09-10T16:15:22-07:00,0.7535883708234514,-0.0018342259840441466,0.32784124628872435
371,1568157323.0,-122.25519535607427,37.870332429906384,POINT (-122.25519535607427 37.870332429906384),android,,2019-09-10T16:15:23-07:00,0.7517541448394073,0.3260070203046802,-1.0641136715894834
372,1568157324.0,-122.2551877,37.8703294,POINT (-122.2551877 37.8703294),android,,2019-09-10T16:15:24-07:00,1.0777611651440875,-0.7381066512848032,3.448565203424426
373,1568157325.0,-122.2551763,37.8703258,POINT (-122.2551763 37.8703258),android,,2019-09-10T16:15:25-07:00,0.33965451385928425,2.710458552139623,-5.474342944538229
374,1568157326.0,-122.25517269999999,37.87032468,POINT (-122.25517269999999 37.87032468),android,,2019-09-10T16:15:26-07:00,3.0501130659989073,-2.763884392398606,2.74586940626655
375,1568157327.0,-122.2551412,37.8703131,POINT (-122.2551412 37.8703131),android,,2019-09-10T16:15:27-07:00,0.28622867360030135,-0.01801498613205621,0.5535852810744759
376,1568157328.0,-122.255139,37.8703112,POINT (-122.255139 37.8703112),android,,2019-09-10T16:15:28-07:00,0.26821368746824514,0.5355702949424197,-0.9936940680375594
377,1568157329.0,-122.2551363214283,37.8703100392856,POINT (-122.2551363214283 37.8703100392856),android,,2019-09-10T16:15:29-07:00,0.8037839824106648,-0.4581237730951397,1.3116105680170562
378,1568157330.0,-122.2551282,37.8703067,POINT (-122.2551282 37.8703067),android,,2019-09-10T16:15:30-07:00,0.34566020931552516,0.8534867949219165,-1.2119234204967715
379,1568157331.0,-122.25512491874991,37.870304981249966,POINT (-122.25512491874991 37.870304981249966),android,,2019-09-10T16:15:31-07:00,1.1991470042374417,-0.358436625574855,0.27372558137331104
380,1568157332.0,-122.255114,37.8702985,POINT (-122.255114 37.8702985),android,,2019-09-10T16:15:32-07:00,0.8407103786625867,-0.08471104420154396,0.23634111366767407
381,1568157333.0,-122.2551066,37.8702937,POINT (-122.2551066 37.8702937),android,,2019-09-10T16:15:33-07:00,0.7559993344610427,0.1516300694661301,-0.6788087036435415
382,1568157334.0,-122.25510192284668,37.870287991011445,POINT (-122.25510192284668 37.870287991011445),android,,2019-09-10T16:15:34-07:00,0.9076294039271728,-0.5271786341774114,1.5204849319804994
383,1568157335.0,-122.2550949,37.870282,POINT (-122.2550949 37.870282),android,,2019-09-10T16:15:35-07:00,0.3804507697497614,0.993306297803088,-2.0292004067722313
384,1568157336.0,-122.2550926,37.8702791,POINT (-122.2550926 37.8702791),android,,2019-09-10T16:15:36-07:00,1.3737570675528494,-1.0358941089691436,1.986981596738306
385,1568157337.0,-122.255085,37.8702683,POINT (-122.255085 37.8702683),android,,2019-09-10T16:15:37-07:00,0.3378629585837058,0.9510874877691624,-1.1311152383445169
386,1568157338.0,-122.25508235294097,37.870266094117476,POINT (-122.25508235294097 37.870266094117476),android,,2019-09-10T16:15:38-07:00,1.2889504463528683,-0.18002775057535447,5.296973827671386
387,1568157339.0,-122.2550716,37.8702582,POINT (-122.2550716 37.8702582),android,,2019-09-10T16:15:39-07:00,1.1089226957775138,5.116946077096031,-10.238047550007552
388,1568157340.0,-122.2550659,37.8702493,POINT (-122.2550659 37.8702493),android,,2019-09-10T16:15:40-07:00,6.225868772873545,-5.121101472911521,5.112646252136886
389,1568157341.0,-122.25503241654695,37.87019994113396,POINT (-122.25503241654695 37.87019994113396),ios,,2019-09-10T16:15:41-07:00,1.1047672999620242,-0.008455220774634453,0.12859793843772804
390,1568157342.0,-122.25502369936765,37.87019277460675,POINT (-122.25502369936765 37.87019277460675),ios,,2019-09-10T16:15:42-07:00,1.0963120791873897,0.12014271766309359,0.07326626257839575
391,1568157343.0,-122.25501506600739,37.870185649989054,POINT (-122.25501506600739 37.870185649989054),ios,,2019-09-10T16:15:43-07:00,1.2164547968504833,0.19340898024148934,-0.46128980827205934
392,1568157344.0,-122.255006097371,37.8701773099954,POINT (-122.255006097371 37.8701773099954),ios,,2019-09-10T16:15:44-07:00,1.4098637770919726,-0.26788082803057,0.3456712328699827
393,1568157345.0,-122.25499645818235,37.87016716789256,POINT (-122.25499645818235 37.87016716789256),ios,,2019-09-10T16:15:45-07:00,1.1419829490614026,0.07779040483941269,-0.42032432610741355
394,1568157346.0,-122.25498924974562,37.870158618351326,POINT (-122.25498924974562 37.870158618351326),ios,,2019-09-10T16:15:46-07:00,1.2197733539008153,-0.34253392126800086,0.3424851887293754
395,1568157347.0,-122.25498346623243,37.87014864388655,POINT (-122.25498346623243 37.87014864388655),ios,,2019-09-10T16:15:47-07:00,0.8772394326328145,-4.873253862547333e-05,0.8314536610084035
396,1568157348.0,-122.25498296330427,37.870140764678716,POINT (-122.25498296330427 37.870140764678716),ios,,2019-09-10T16:15:48-07:00,0.877190700094189,0.831404928469778,-0.5094433455441694
397,1568157349.0,-122.25498246040407,37.87013288590859,POINT (-122.25498246040407 37.87013288590859),ios,,2019-09-10T16:15:49-07:00,1.708595628563967,0.3219615829256086,-0.9034086944905306
398,1568157350.0,-122.25499629054428,37.8701220732535,POINT (-122.25499629054428 37.8701220732535),ios,,2019-09-10T16:15:50-07:00,2.0305572114895756,-0.581447111564922,0.32976764717796225
399,1568157351.0,-122.25501204852225,37.87010870411794,POINT (-122.25501204852225 37.87010870411794),ios,,2019-09-10T16:15:51-07:00,1.4491100999246536,-0.25167946438695976,0.20551144591098325
400,1568157352.0,-122.25501900550188,37.87009688563447,POINT (-122.25501900550188 37.87009688563447),ios,,2019-09-10T16:15:52-07:00,1.1974306355376938,-0.04616801847597651,0.16350275614413845
401,1568157353.0,-122.25501783203543,37.87008615679841,POINT (-122.25501783203543 37.87008615679841),ios,,2019-09-10T16:15:53-07:00,1.1512626170617173,0.11733473766816194,-0.15064820138727986
402,1568157354.0,-122.25501808349253,37.87007580514799,POINT (-122.25501808349253 37.87007580514799),ios,,2019-09-10T16:15:54-07:00,1.2685973547298792,-0.03331346371911792,0.16376348058482493
403,1568157355.0,-122.25502219062508,37.87006486676435,POINT (-122.25502219062508 37.87006486676435),ios,,2019-09-10T16:15:55-07:00,1.2352838910107613,0.130450016865707,-0.012898190553907396
404,1568157356.0,-122.25502252590121,37.87005376074265,POINT (-122.25502252590121 37.87005376074265),ios,,2019-09-10T16:15:56-07:00,1.3657339078764683,0.11755182631179961,-0.13406754588522318
405,1568157357.0,-122.25502286117734,37.8700414812545,POINT (-122.25502286117734 37.8700414812545),ios,,2019-09-10T16:15:57-07:00,1.483285734188268,-0.01651571957342357,0.2206014535762173
406,1568157358.0,-122.25502009514929,37.87002832166652,POINT (-122.25502009514929 37.87002832166652),ios,,2019-09-10T16:15:58-07:00,1.4667700146148444,0.20408573400279373,-0.3729207451624983
407,1568157359.0,-122.2550145630932,37.87001587454031,POINT (-122.2550145630932 37.87001587454031),ios,,2019-09-10T16:15:59-07:00,1.670855748617638,-0.16883501115970456,0.16862832315122
408,1568157360.0,-122.25501229997934,37.87000095475266,POINT (-122.25501229997934 37.87000095475266),ios,,2019-09-10T16:16:00-07:00,1.5020207374579335,-0.00020668800848455682,0.15353868261509307
409,1568157361.0,-122.25501154560806,37.869987459888556,POINT (-122.25501154560806 37.869987459888556),ios,,2019-09-10T16:16:01-07:00,1.501814049449449,0.1533319946066085,-0.4511047404730859
410,1568157362.0,-122.25501397635998,37.869974090753,POINT (-122.25501397635998 37.869974090753),ios,,2019-09-10T16:16:02-07:00,1.6551460440560575,-0.2977727458664774,0.32981832290339175
411,1568157363.0,-122.2550145630932,37.86995921287487,POINT (-122.2550145630932 37.86995921287487),ios,,2019-09-10T16:16:03-07:00,1.35737329818958,0.03204557703691435,-0.032409939418506006
412,1568157364.0,-122.25501389254094,37.86994701720575,POINT (-122.25501389254094 37.86994701720575),ios,,2019-09-10T16:16:04-07:00,1.3894188752264944,-0.00036436238159165413,-0.25391956017603445
413,1568157365.0,-122.25501338962675,37.86993452817003,POINT (-122.25501338962675 37.86993452817003),ios,,2019-09-10T16:16:05-07:00,1.3890545128449028,-0.2542839225576261,0.14155212666625205
414,1568157366.0,-122.25501204852225,37.86992208104382,POINT (-122.25501204852225 37.86992208104382),ios,,2019-09-10T16:16:06-07:00,1.1347705902872767,-0.11273179589137405,0.20255379267058427
415,1568157367.0,-122.25500886339904,37.869912190398075,POINT (-122.25500886339904 37.869912190398075),ios,,2019-09-10T16:16:07-07:00,1.0220387943959026,0.08982199677921021,-0.08988455712721777
416,1568157368.0,-122.25500458862842,37.86990364085684,POINT (-122.25500458862842 37.86990364085684),ios,,2019-09-10T16:16:08-07:00,1.1118607911751128,-6.25603480075565e-05,0.06409009809877442
417,1568157369.0,-122.25500492391397,37.8698936451561,POINT (-122.25500492391397 37.8698936451561),ios,,2019-09-10T16:16:09-07:00,1.1117982308271053,0.06402753775076686,-0.021781913860923874
418,1568157370.0,-122.25500525918068,37.869883650017776,POINT (-122.25500525918068 37.869883650017776),ios,,2019-09-10T16:16:10-07:00,1.1758257685778721,0.04224562388984299,-0.03959610043239348
419,1568157371.0,-122.25500592973293,37.86987308881978,POINT (-122.25500592973293 37.86987308881978),ios,,2019-09-10T16:16:11-07:00,1.2180713924677151,0.0026495234574495097,-0.179060755347761
420,1568157372.0,-122.25500450480939,37.86986219234566,POINT (-122.25500450480939 37.86986219234566),ios,,2019-09-10T16:16:12-07:00,1.2207209159251646,-0.1764112318903115,-0.015984649717101007
421,1568157373.0,-122.25500090059103,37.869851589238145,POINT (-122.25500090059103 37.869851589238145),ios,,2019-09-10T16:16:13-07:00,1.0443096840348531,-0.1923958816074125,0.19234917287287923
422,1568157374.0,-122.25499704491557,37.86984270442078,POINT (-122.25499704491557 37.86984270442078),ios,,2019-09-10T16:16:14-07:00,0.8519138024274406,-4.6708734533273955e-05,-0.12219527465616942
423,1568157375.0,-122.25499406925834,37.86983541196508,POINT (-122.25499406925834 37.86983541196508),ios,,2019-09-10T16:16:15-07:00,0.8518670936929074,-0.12224198339070269,0.1222014655924607
424,1568157376.0,-122.25499109376432,37.869828119909265,POINT (-122.25499109376432 37.869828119909265),ios,,2019-09-10T16:16:16-07:00,0.7296251103022047,-4.05177982419902e-05,-0.02284830333506882
425,1568157377.0,-122.25498707033904,37.86982237814611,POINT (-122.25498707033904 37.86982237814611),ios,,2019-09-10T16:16:17-07:00,0.7295845925039627,-0.02288882113331081,0.022849746484190914
426,1568157378.0,-122.25498304713726,37.86981663670192,POINT (-122.25498304713726 37.86981663670192),ios,,2019-09-10T16:16:18-07:00,0.7066957713706519,-3.9074649119896776e-05,0.02204041762850728
427,1568157379.0,-122.25497877224842,37.86981125118019,POINT (-122.25497877224842 37.86981125118019),ios,,2019-09-10T16:16:19-07:00,0.706656696721532,0.022001342979387384,-0.022041632885794527
428,1568157380.0,-122.25497449759604,37.869805865956344,POINT (-122.25497449759604 37.869805865956344),ios,,2019-09-10T16:16:20-07:00,0.7286580397009194,-4.0289906407142695e-05,0.09602005366076849
429,1568157381.0,-122.25497026461787,37.86980022897056,POINT (-122.25497026461787 37.86980022897056),ios,,2019-09-10T16:16:21-07:00,0.7286177497945122,0.09597976375436135,-0.09602497831512546
430,1568157382.0,-122.25496603187383,37.86979459229658,POINT (-122.25496603187383 37.86979459229658),ios,,2019-09-10T16:16:22-07:00,0.8245975135488736,-4.521456076411745e-05,0.07328178117360751
431,1568157383.0,-122.25496418780457,37.869787320796206,POINT (-122.25496418780457 37.869787320796206),ios,,2019-09-10T16:16:23-07:00,0.8245522989881094,0.07323656661284339,-0.07328622549705555
432,1568157384.0,-122.25496234383643,37.869780049694576,POINT (-122.25496234383643 37.869780049694576),ios,,2019-09-10T16:16:24-07:00,0.8977888656009528,-4.965888421215592e-05,0.027437050268973584
433,1568157385.0,-122.25496150562294,37.86977200284498,POINT (-122.25496150562294 37.86977200284498),ios,,2019-09-10T16:16:25-07:00,0.8977392067167407,0.027387391384761428,-0.02743900316918524
434,1568157386.0,-122.2549606674558,37.86976395644049,POINT (-122.2549606674558 37.86976395644049),ios,,2019-09-10T16:16:26-07:00,0.9251265981015021,-5.161178442381065e-05,0.12443375040962967
435,1568157387.0,-122.25495936822458,37.86975570003555,POINT (-122.25495936822458 37.86975570003555),ios,,2019-09-10T16:16:27-07:00,0.9250749863170783,0.12438213862520586,-0.2114336698665078
436,1568157388.0,-122.25495806906582,37.86974744409124,POINT (-122.25495806906582 37.86974744409124),ios,,2019-09-10T16:16:28-07:00,1.0494571249422842,-0.08705153124130194,0.08699875623721176
437,1568157389.0,-122.25495756615163,37.86973801445017,POINT (-122.25495756615163 37.86973801445017),ios,,2019-09-10T16:16:29-07:00,0.9624055937009822,-5.2775004090177546e-05,0.15028380238011596
438,1568157390.0,-122.25495744041963,37.86972935989785,POINT (-122.25495744041963 37.86972935989785),ios,,2019-09-10T16:16:30-07:00,0.962352818696892,0.15023102737602578,-0.46522438631939933
439,1568157391.0,-122.25495731469455,37.86972070582012,POINT (-122.25495731469455 37.86972070582012),ios,,2019-09-10T16:16:31-07:00,1.1125838460729178,-0.31499335894337355,0.3149496278341992
440,1568157392.0,-122.25495480012358,37.86971089899341,POINT (-122.25495480012358 37.86971089899341),ios,,2019-09-10T16:16:32-07:00,0.7975904871295443,-4.373110917432754e-05,0.06733844181875115
441,1568157393.0,-122.25495220166236,37.86970402564435,POINT (-122.25495220166236 37.86970402564435),ios,,2019-09-10T16:16:33-07:00,0.79754675602037,0.06729471070957682,-0.0673425154102184
442,1568157394.0,-122.25494960334362,37.86969715267221,POINT (-122.25494960334362 37.86969715267221),ios,,2019-09-10T16:16:34-07:00,0.8648414667299468,-4.780470064158493e-05,-0.18758183351167224
443,1568157395.0,-122.2549566862477,37.86969174619514,POINT (-122.2549566862477 37.86969174619514),ios,,2019-09-10T16:16:35-07:00,0.8647936620293052,-0.18762963821231382,0.18759187224882212
444,1568157396.0,-122.25496376875999,37.86968634001712,POINT (-122.25496376875999 37.86968634001712),ios,,2019-09-10T16:16:36-07:00,0.6771640238169914,-3.776596349169825e-05,0.477554706028553
445,1568157397.0,-122.25496787600711,37.86968118500287,POINT (-122.25496787600711 37.86968118500287),ios,,2019-09-10T16:16:37-07:00,0.6771262578534997,0.4775169400650613,-0.4136490053318155
446,1568157398.0,-122.25497198302509,37.86967603027622,POINT (-122.25497198302509 37.86967603027622),ios,,2019-09-10T16:16:38-07:00,1.154643197918561,0.06386793473324581,-0.12428507186370141
447,1568157399.0,-122.25496544514061,37.86966701973031,POINT (-122.25496544514061 37.86966701973031),ios,,2019-09-10T16:16:39-07:00,1.2185111326518068,-0.0604171371304556,0.19131490109281413
448,1568157400.0,-122.25495689559938,37.86965838637004,POINT (-122.25495689559938 37.86965838637004),ios,,2019-09-10T16:16:40-07:00,1.1580939955213512,0.13089776396235853,-0.0688972678079891
449,1568157401.0,-122.2549474240488,37.8696511360238,POINT (-122.2549474240488 37.8696511360238),ios,,2019-09-10T16:16:41-07:00,1.2889917594837097,0.06200049615436942,-0.08359517898966873
450,1568157402.0,-122.25493744958402,37.86964262839208,POINT (-122.25493744958402 37.86964262839208),ios,,2019-09-10T16:16:42-07:00,1.3509922556380791,-0.021594682835299306,-0.20278233064840867
451,1568157403.0,-122.25492881622375,37.86963257010827,POINT (-122.25492881622375 37.86963257010827),ios,,2019-09-10T16:16:43-07:00,1.3293975728027798,-0.22437701348370798,0.1552676876858914
452,1568157404.0,-122.25492202688218,37.86962188318173,POINT (-122.25492202688218 37.86962188318173),ios,,2019-09-10T16:16:44-07:00,1.1050205593190718,-0.06910932579781659,0.1327174731554257
453,1568157405.0,-122.25491649482609,37.86961295645485,POINT (-122.25491649482609 37.86961295645485),ios,,2019-09-10T16:16:45-07:00,1.0359112335212552,0.06360814735760911,-0.12139891711029915
454,1568157406.0,-122.25491113040806,37.86960465837071,POINT (-122.25491113040806 37.86960465837071),ios,,2019-09-10T16:16:46-07:00,1.0995193808788644,-0.05779076975269004,-0.10705739281655668
455,1568157407.0,-122.25490660418035,37.86959543827722,POINT (-122.25490660418035 37.86959543827722),ios,,2019-09-10T16:16:47-07:00,1.0417286111261743,-0.16484816256924673,0.24887028777854756
456,1568157408.0,-122.25490375433327,37.86958634391228,POINT (-122.25490375433327 37.86958634391228),ios,,2019-09-10T16:16:48-07:00,0.8768804485569276,0.08402212520930083,-0.0561398774851797
460,1568157412.0,-122.25489981483878,37.869554953684904,POINT (-122.25489981483878 37.869554953684904),ios,,2019-09-10T16:16:52-07:00,1.212968949394131,-0.14053738473141797,0.2882166376162052
461,1568157413.0,-122.25489545624913,37.86954460203449,POINT (-122.25489545624913 37.86954460203449),ios,,2019-09-10T16:16:53-07:00,1.072431564662713,0.14767925288478723,-0.10528727247693226
462,1568157414.0,-122.25489243876399,37.86953525621245,POINT (-122.25489243876399 37.86953525621245),ios,,2019-09-10T16:16:54-07:00,1.2201108175475002,0.04239198040785497,-0.10402406537133024
463,1568157415.0,-122.25488782871724,37.869524904562034,POINT (-122.25488782871724 37.869524904562034),ios,,2019-09-10T16:16:55-07:00,1.2625027979553551,-0.061632084963475275,-0.4861696456335186
464,1568157416.0,-122.25488397304179,37.869513966178395,POINT (-122.25488397304179 37.869513966178395),ios,,2019-09-10T16:16:56-07:00,1.2008707129918799,-0.5478017305969939,0.5801498627593732
465,1568157417.0,-122.2548813746518,37.86950336307088,POINT (-122.2548813746518 37.86950336307088),ios,,2019-09-10T16:16:57-07:00,0.653068982394886,0.03234813216237927,0.05085321318094287
468,1568157420.0,-122.25487898575679,37.86948584470971,POINT (-122.25487898575679 37.86948584470971),ios,,2019-09-10T16:17:00-07:00,0.7501133788820238,0.1849077717052079,-0.1849590426874662
469,1568157421.0,-122.25487709988118,37.869479265099265,POINT (-122.25487709988118 37.869479265099265),ios,,2019-09-10T16:17:01-07:00,0.9350211505872317,-5.1270982258322384e-05,0.49924877856176986
470,1568157422.0,-122.25487554918658,37.86947094583227,POINT (-122.25487554918658 37.86947094583227),ios,,2019-09-10T16:17:02-07:00,0.9349698796049734,0.49919750757951153,-0.7265443183322093
471,1568157423.0,-122.25487399857703,37.86946262702147,POINT (-122.25487399857703 37.86946262702147),ios,,2019-09-10T16:17:03-07:00,1.4341673871844849,-0.2273468107526978,-0.1166698606626746
472,1568157425.0,-122.25489273355561,37.86944149226004,POINT (-122.25489273355561 37.86944149226004),midpoint,"[<POINT (-122.255 37.869)>, <POINT (-122.255 37.869)>]",2019-09-10T16:17:05-07:00,0.9794737656790893,-0.460686532078047,1.0778366413454308
473,1568157426.0,-122.25488856518223,37.869433321337766,POINT (-122.25488856518223 37.869433321337766),midpoint,"[<POINT (-122.255 37.869)>, <POINT (-122.255 37.869)>]",2019-09-10T16:17:06-07:00,0.5187872336010423,0.6171501092673838,-0.6815105978129062
474,1568157427.0,-122.25488620730994,37.869429043143484,POINT (-122.25488620730994 37.869429043143484),midpoint,"[<POINT (-122.255 37.869)>, <POINT (-122.255 37.869)>]",2019-09-10T16:17:07-07:00,1.135937342868426,-0.06436048854552245,0.10289517292075234
475,1568157428.0,-122.25488144584037,37.86941954404561,POINT (-122.25488144584037 37.86941954404561),midpoint,"[<POINT (-122.255 37.869)>, <POINT (-122.255 37.869)>]",2019-09-10T16:17:08-07:00,1.0715768543229036,0.03853468437522989,-0.39545784418515273
476,1568157429.0,-122.25487673858967,37.869410652369,POINT (-122.25487673858967 37.869410652369),midpoint,"[<POINT (-122.255 37.869)>, <POINT (-122.255 37.869)>]",2019-09-10T16:17:09-07:00,1.1101115386981335,-0.35692315980992284,0.8923313358571598
477,1568157430.0,-122.2548717850234,37.86940146659371,POINT (-122.2548717850234 37.86940146659371),midpoint,"[<POINT (-122.255 37.869)>, <POINT (-122.255 37.869)>]",2019-09-10T16:17:10-07:00,0.7531883788882107,0.535408176047237,-0.5359964664517624
478,1568157431.0,-122.2548680238427,37.86939537842625,POINT (-122.2548680238427 37.86939537842625),midpoint,"[<POINT (-122.255 37.869)>, <POINT (-122.255 37.869)>]",2019-09-10T16:17:11-07:00,1.2885965549354477,-0.000588290404525349,0.11984521219939381
479,1568157432.0,-122.25486089225942,37.86938524915675,POINT (-122.25486089225942 37.86938524915675),midpoint,"[<POINT (-122.255 37.869)>, <POINT (-122.255 37.869)>]",2019-09-10T16:17:12-07:00,1.2880082645309223,0.11925692179486846,-0.8226744294534261
480,1568157433.0,-122.25485344021627,37.86937527082395,POINT (-122.25485344021627 37.86937527082395),midpoint,"[<POINT (-122.255 37.869)>, <POINT (-122.255 37.869)>]",2019-09-10T16:17:13-07:00,1.4072651863257908,-0.7034175076585576,1.437557428004138
481,1568157434.0,-122.25484575678169,37.86936416311372,POINT (-122.25484575678169 37.86936416311372),midpoint,"[<POINT (-122.255 37.869)>, <POINT (-122.255 37.869)>]",2019-09-10T16:17:14-07:00,0.7038476786672332,0.7341399203455805,-0.8367378838250707
482,1568157435.0,-122.25484230116396,37.86935845123361,POINT (-122.25484230116396 37.86935845123361),midpoint,"[<POINT (-122.255 37.869)>, <POINT (-122.255 37.869)>]",2019-09-10T16:17:15-07:00,1.4379875990128137,-0.10259796347949024,-0.3855860001125554
483,1568157436.0,-122.25483289418433,37.86934786375164,POINT (-122.25483289418433 37.86934786375164),midpoint,"[<POINT (-122.255 37.869)>, <POINT (-122.255 37.869)>]",2019-09-10T16:17:16-07:00,1.3353896355333235,-0.48818396359204563,0.15820067371155333
484,1568157437.0,-122.25482439025518,37.869337905790346,POINT (-122.25482439025518 37.869337905790346),midpoint,"[<POINT (-122.255 37.869)>, <POINT (-122.255 37.869)>]",2019-09-10T16:17:17-07:00,0.8472056719412778,-0.3299832898804923,-0.18723909218029322
485,1568157438.0,-122.25482123438891,37.869330705494576,POINT (-122.25482123438891 37.869330705494576),midpoint,"[<POINT (-122.255 37.869)>, <POINT (-122.255 37.869)>]",2019-09-10T16:17:18-07:00,0.5172223820607855,-0.5172223820607855,0.5172223820607855
486,1568157439.0,-122.25481930127648,37.869326311449136,POINT (-122.25481930127648 37.869326311449136),midpoint,"[<POINT (-122.255 37.869)>, <POINT (-122.255 37.869)>]",2019-09-10T16:17:19-07:00,0.0,0.0,0.0
