,ts,longitude,latitude,geometry,source,matching,fmt_time,speed,acceleration,jerk
6,1581034653.0,-122.25755302263656,37.869687597215865,POINT (-122.25755302263656 37.869687597215865),ios,,2020-02-06T16:17:33-08:00,0.8864429225688375,-4.774187596923163e-06,4.811506089885675e-06
7,1581034654.0,-122.25754539502046,37.86968237264025,POINT (-122.25754539502046 37.86968237264025),ios,,2020-02-06T16:17:34-08:00,0.8864381483812406,3.731849296251255e-08,-0.004377431422733946
8,1581034655.0,-122.25753776757223,37.86967714797791,POINT (-122.25753776757223 37.86967714797791),ios,,2020-02-06T16:17:35-08:00,0.8864381856997335,-0.004377394104240984,0.00434981036147708
9,1581034656.0,-122.25753014012399,37.869671923315565,POINT (-122.25753014012399 37.869671923315565),ios,,2020-02-06T16:17:36-08:00,0.8820607915954926,-2.758374276390363e-05,-0.10122205989647115
10,1581034657.0,-122.25752083600712,37.86966892662828,POINT (-122.25752083600712 37.86966892662828),ios,,2020-02-06T16:17:37-08:00,0.8820332078527287,-0.10124964363923505,0.1012423887484265
11,1581034658.0,-122.25751153214117,37.8696659301129,POINT (-122.25751153214117 37.8696659301129),ios,,2020-02-06T16:17:38-08:00,0.7807835642134936,-7.25489080855013e-06,0.11275596367084528
12,1581034659.0,-122.25750285678856,37.869667480733135,POINT (-122.25750285678856 37.869667480733135),ios,,2020-02-06T16:17:39-08:00,0.780776309322685,0.11274870878003673,-0.11275408006065724
13,1581034660.0,-122.25749418152913,37.869669031383374,POINT (-122.25749418152913 37.869669031383374),ios,,2020-02-06T16:17:40-08:00,0.8935250181027218,-5.371280620503072e-06,0.2558937577535644
14,1581034661.0,-122.25749263085228,37.86967697326115,POINT (-122.25749263085228 37.86967697326115),ios,,2020-02-06T16:17:41-08:00,0.8935196468221013,0.2558883864729439,-0.3744681047306907
15,1581034662.0,-122.25749108020428,37.86968491509358,POINT (-122.25749108020428 37.86968491509358),ios,,2020-02-06T16:17:42-08:00,1.1494080332950452,-0.11857971825774682,-0.011361259355482933
16,1581034663.0,-122.25749644462229,37.86969434473465,POINT (-122.25749644462229 37.86969434473465),ios,,2020-02-06T16:17:43-08:00,1.0308283150372983,-0.12994097761322976,0.1299259158726117
17,1581034664.0,-122.25750566471578,37.86970008633832,POINT (-122.25750566471578 37.86970008633832),ios,,2020-02-06T16:17:44-08:00,0.9008873374240686,-1.5061740618049768e-05,0.20575162859101848
18,1581034665.0,-122.25751542971445,37.869702579975325,POINT (-122.25751542971445 37.869702579975325),ios,,2020-02-06T16:17:45-08:00,0.9008722756834505,0.20573656685040043,0.26173604592211663
19,1581034666.0,-122.25752519455015,37.86970507357071,POINT (-122.25752519455015 37.86970507357071),ios,,2020-02-06T16:17:46-08:00,1.106608842533851,0.46747261277251706,-0.21066915129760577
20,1581034667.0,-122.25753667775751,37.86970918070326,POINT (-122.25753667775751 37.86970918070326),ios,,2020-02-06T16:17:47-08:00,1.574081455306368,0.2568034614749113,-0.5178936855183811
21,1581034668.0,-122.25755000498356,37.869718652253844,POINT (-122.25755000498356 37.869718652253844),ios,,2020-02-06T16:17:48-08:00,1.8308849167812793,-0.2610902240434698,0.05879812497756509
22,1581034669.0,-122.25756559532346,37.86972959063748,POINT (-122.25756559532346 37.86972959063748),ios,,2020-02-06T16:17:49-08:00,1.5697946927378095,-0.20229209906590473,0.3558308208048453
23,1581034670.0,-122.25757758144499,37.86974006801645,POINT (-122.25757758144499 37.86974006801645),ios,,2020-02-06T16:17:50-08:00,1.3675025936719047,0.15353872173894056,-0.008640619021792695
24,1581034671.0,-122.25758789118589,37.86974928810994,POINT (-122.25758789118589 37.86974928810994),ios,,2020-02-06T16:17:51-08:00,1.5210413154108453,0.14489810271714787,-1.1699055809763006
25,1581034672.0,-122.25759652454616,37.869761148502924,POINT (-122.25759652454616 37.869761148502924),ios,,2020-02-06T16:17:52-08:00,1.6659394181279932,-1.0250074782591527,1.02498562152444
26,1581034673.0,-122.25760784011544,37.869773176533975,POINT (-122.25760784011544 37.869773176533975),ios,,2020-02-06T16:17:53-08:00,0.6409319398688403,-2.1856734712888404e-05,-0.30409410822797406
27,1581034674.0,-122.2576101451781,37.86977864581903,POINT (-122.2576101451781 37.86977864581903),ios,,2020-02-06T16:17:54-08:00,0.6409100831341275,-0.30411596496268695,0.30411596386029166
28,1581034675.0,-122.2576124501622,37.869784114917614,POINT (-122.2576124501622 37.869784114917614),ios,,2020-02-06T16:17:55-08:00,0.3367941181714405,-1.1023952861677344e-09,-1.1162352153704092e-09
29,1581034676.0,-122.25761134372934,37.86978701511281,POINT (-122.25761134372934 37.86978701511281),ios,,2020-02-06T16:17:56-08:00,0.3367941170690452,-2.2186305015381436e-09,1.8727593920075947e-09
30,1581034677.0,-122.25761023729648,37.86978991530801,POINT (-122.25761023729648 37.86978991530801),ios,,2020-02-06T16:17:57-08:00,0.3367941148504147,-3.458711095305489e-10,-3.292307899743774e-05
31,1581034678.0,-122.25760913086363,37.8697928155032,POINT (-122.25760913086363 37.8697928155032),ios,,2020-02-06T16:17:58-08:00,0.3367941145045436,-3.292342486854727e-05,0.5641831238676194
32,1581034679.0,-122.25760802443078,37.8697957156984,POINT (-122.25760802443078 37.8697957156984),ios,,2020-02-06T16:17:59-08:00,0.33676119107967506,0.5641502004427509,-0.5641889027795995
33,1581034680.0,-122.25760691810609,37.8697986156101,POINT (-122.25760691810609 37.8697986156101),ios,,2020-02-06T16:18:00-08:00,0.9009113915224259,-3.8702336848661645e-05,0.15648223469430367
34,1581034681.0,-122.25759887130637,37.86980364485992,POINT (-122.25759887130637 37.86980364485992),ios,,2020-02-06T16:18:01-08:00,0.9008726891855773,0.156443532357455,0.22452638728346586
35,1581034682.0,-122.257590824852,37.86980867389391,POINT (-122.257590824852 37.86980867389391),ios,,2020-02-06T16:18:02-08:00,1.0573162215430323,0.38096991964092086,-0.5049215867002737
36,1581034683.0,-122.25758160475851,37.86981479268322,POINT (-122.25758160475851 37.86981479268322),ios,,2020-02-06T16:18:03-08:00,1.4382861411839531,-0.12395166705935279,-0.1708966358887356
37,1581034684.0,-122.25756769079925,37.86982162393431,POINT (-122.25756769079925 37.86982162393431),ios,,2020-02-06T16:18:04-08:00,1.3143344741246004,-0.2948483029480884,0.3139350156514862
38,1581034685.0,-122.2575562075919,37.86982920955668,POINT (-122.2575562075919 37.86982920955668),ios,,2020-02-06T16:18:05-08:00,1.019486171176512,0.01908671270339779,-0.019136250294716772
39,1581034686.0,-122.25754723895551,37.86983503497938,POINT (-122.25754723895551 37.86983503497938),ios,,2020-02-06T16:18:06-08:00,1.0385728838799098,-4.9537591318982166e-05,1.1276927124977145
40,1581034687.0,-122.25754313172503,37.86984379427703,POINT (-122.25754313172503 37.86984379427703),ios,,2020-02-06T16:18:07-08:00,1.0385233462885908,1.1276431749063955,-1.1812903301313353
41,1581034688.0,-122.2575390246904,37.86985255315701,POINT (-122.2575390246904 37.86985255315701),ios,,2020-02-06T16:18:08-08:00,2.1661665211949863,-0.05364715522493979,-0.16573016063953938
42,1581034689.0,-122.2575445567465,37.86987153816769,POINT (-122.2575445567465 37.86987153816769),ios,,2020-02-06T16:18:09-08:00,2.1125193659700465,-0.21937731586447917,0.0487833528447863
43,1581034690.0,-122.25754698749842,37.869890439359345,POINT (-122.25754698749842 37.869890439359345),ios,,2020-02-06T16:18:10-08:00,1.8931420501055674,-0.17059396301969287,-0.008693537226352355
44,1581034691.0,-122.25754925061227,37.86990737080375,POINT (-122.25754925061227 37.86990737080375),ios,,2020-02-06T16:18:11-08:00,1.7225480870858745,-0.17928750024604523,0.11749571663697744
45,1581034692.0,-122.25754740659357,37.86992279350559,POINT (-122.25754740659357 37.86992279350559),ios,,2020-02-06T16:18:12-08:00,1.5432605868398293,-0.061791783609067785,-0.3958402374304948
46,1581034693.0,-122.25754329946102,37.86993628836969,POINT (-122.25754329946102 37.86993628836969),ios,,2020-02-06T16:18:13-08:00,1.4814688032307615,-0.4576320210395626,0.45758026992274314
47,1581034694.0,-122.25754145544232,37.869949531776705,POINT (-122.25754145544232 37.869949531776705),ios,,2020-02-06T16:18:14-08:00,1.023836782191199,-5.1751116819431786e-05,0.4874768147614328
48,1581034695.0,-122.25754024003564,37.86995868923735,POINT (-122.25754024003564 37.86995868923735),ios,,2020-02-06T16:18:15-08:00,1.0237850310743795,0.48742506364461335,-0.711526455645789
49,1581034696.0,-122.2575390246904,37.869967846235134,POINT (-122.2575390246904 37.869967846235134),ios,,2020-02-06T16:18:16-08:00,1.5112100947189928,-0.22410139200117563,-0.2486491357399795
50,1581034697.0,-122.25753433082463,37.86998092200408,POINT (-122.25753433082463 37.86998092200408),ios,,2020-02-06T16:18:17-08:00,1.2871087027178172,-0.4727505277411551,0.4727079948225953
51,1581034698.0,-122.25752821203531,37.86999144129256,POINT (-122.25752821203531 37.86999144129256),ios,,2020-02-06T16:18:18-08:00,0.8143581749766621,-4.253291855982333e-05,-0.2712459574813455
52,1581034699.0,-122.25752448199101,37.86999814699016,POINT (-122.25752448199101 37.86999814699016),ios,,2020-02-06T16:18:19-08:00,0.8143156420581023,-0.2712884903999053,0.2712884761836004
53,1581034700.0,-122.25752075214149,37.87000485233764,POINT (-122.25752075214149 37.87000485233764),ios,,2020-02-06T16:18:20-08:00,0.5430271516581969,-1.4216304911052191e-08,-4.336769324286838e-05
54,1581034701.0,-122.25751661695915,37.87000848459238,POINT (-122.25751661695915 37.87000848459238),ios,,2020-02-06T16:18:21-08:00,0.543027137441892,-4.338190954777943e-05,0.3993336170917259
55,1581034702.0,-122.25751248177684,37.87001211684712,POINT (-122.25751248177684 37.87001211684712),ios,,2020-02-06T16:18:22-08:00,0.5429837555323442,0.3992902351821781,-0.45255971661966904
56,1581034703.0,-122.2575083469248,37.87001574881176,POINT (-122.2575083469248 37.87001574881176),ios,,2020-02-06T16:18:23-08:00,0.9422739907145223,-0.05326948143749094,-0.03642406961771362
60,1581034707.0,-122.2574673,37.8700257,POINT (-122.2574673 37.8700257),android,,2020-02-06T16:18:27-08:00,0.7291960649645586,-0.19896575990834542,0.3152521044028953
61,1581034708.0,-122.25746720356797,37.87003225737592,POINT (-122.25746720356797 37.87003225737592),android,,2020-02-06T16:18:28-08:00,0.5302303050562132,0.11628634449454989,-0.4398601827009648
62,1581034709.0,-122.25746672015347,37.87003701055741,POINT (-122.25746672015347 37.87003701055741),android,,2020-02-06T16:18:29-08:00,0.646516649550763,-0.3235738382064149,0.6774792268521774
63,1581034710.0,-122.2574674,37.8700428,POINT (-122.2574674 37.8700428),android,,2020-02-06T16:18:30-08:00,0.32294281134434816,0.35390538864576254,-0.09029383222142445
64,1581034711.0,-122.2574676,37.8700457,POINT (-122.2574676 37.8700457),android,,2020-02-06T16:18:31-08:00,0.6768481999901107,0.2636115564243381,0.005204919533671082
65,1581034712.0,-122.2574725,37.8700504,POINT (-122.2574725 37.8700504),android,,2020-02-06T16:18:32-08:00,0.9404597564144488,0.26881647595800917,-0.7933829213203153
66,1581034713.0,-122.2574792,37.870057,POINT (-122.2574792 37.870057),android,,2020-02-06T16:18:33-08:00,1.209276232372458,-0.5245664453623061,1.824116872291754
67,1581034714.0,-122.257486512209,37.87006621696207,POINT (-122.257486512209 37.87006621696207),android,,2020-02-06T16:18:34-08:00,0.6847097870101518,1.2995504269294478,-1.2899609410576758
68,1581034715.0,-122.2574903,37.8700716,POINT (-122.2574903 37.8700716),android,,2020-02-06T16:18:35-08:00,1.9842602139395995,0.009589485871771997,-0.2215151734561993
69,1581034716.0,-122.257508,37.8700827,POINT (-122.257508 37.8700827),android,,2020-02-06T16:18:36-08:00,1.9938496998113715,-0.2119256875844273,0.11324474924313832
70,1581034717.0,-122.2575306,37.8700845,POINT (-122.2575306 37.8700845),android,,2020-02-06T16:18:37-08:00,1.7819240122269442,-0.09868093834128899,12.657686818391518
71,1581034718.0,-122.2575509,37.8700844,POINT (-122.2575509 37.8700844),android,,2020-02-06T16:18:38-08:00,1.6832430738856552,12.559005880050229,-26.70687958802378
72,1581034719.0,-122.2575671,37.8700925,POINT (-122.2575671 37.8700925),android,,2020-02-06T16:18:39-08:00,14.242248953935885,-14.14787370797355,14.17237980244141
73,1581034720.0,-122.25742025316728,37.87003802437089,POINT (-122.25742025316728 37.87003802437089),ios,,2020-02-06T16:18:40-08:00,0.09437524596233379,0.02450609446785986,0.015166161355635923
110,1581034757.0,-122.2573816,37.8700306,POINT (-122.2573816 37.8700306),android,,2020-02-06T16:19:17-08:00,1.0011007412731487,0.585654064626389,-0.8391253596476256
111,1581034758.0,-122.2573813,37.8700216,POINT (-122.2573813 37.8700216),android,,2020-02-06T16:19:18-08:00,1.5867548058995378,-0.25347129502123655,2.908844711496889
112,1581034759.0,-122.2573778,37.8700076,POINT (-122.2573778 37.8700076),android,,2020-02-06T16:19:19-08:00,1.3332835108783012,2.6553734164756526,-5.313279993233139
113,1581034760.0,-122.2573735,37.8699961,POINT (-122.2573735 37.8699961),android,,2020-02-06T16:19:20-08:00,3.988656927353954,-2.6579065767574863,2.6657026537387454
114,1581034761.0,-122.25733484152914,37.87001495253096,POINT (-122.25733484152914 37.87001495253096),ios,,2020-02-06T16:19:21-08:00,1.3307503505964675,0.007796076981259059,0.02405314296905048
115,1581034762.0,-122.25732687872113,37.870004768518605,POINT (-122.25732687872113 37.870004768518605),ios,,2020-02-06T16:19:22-08:00,1.3385464275777266,0.03184921995030954,-0.03099630907936235
116,1581034763.0,-122.25731866445602,37.86999462641577,POINT (-122.25731866445602 37.86999462641577),ios,,2020-02-06T16:19:23-08:00,1.370395647528036,0.0008529108709471878,-0.1398506240836237
117,1581034764.0,-122.25731061782898,37.86998406521777,POINT (-122.25731061782898 37.86998406521777),ios,,2020-02-06T16:19:24-08:00,1.3712485583989833,-0.1389977132126765,0.17446047185604052
118,1581034765.0,-122.25730282265903,37.86997337829123,POINT (-122.25730282265903 37.86997337829123),ios,,2020-02-06T16:19:25-08:00,1.2322508451863068,0.03546275864336401,-0.04877506578480029
119,1581034766.0,-122.2572953627652,37.869963990559675,POINT (-122.2572953627652 37.869963990559675),ios,,2020-02-06T16:19:26-08:00,1.2677136038296708,-0.013312307141436275,0.05718160208126499
120,1581034767.0,-122.25728773523332,37.86995430946151,POINT (-122.25728773523332 37.86995430946151),ios,,2020-02-06T16:19:27-08:00,1.2544012966882345,0.04386929493982872,-0.12933711652497282
121,1581034768.0,-122.25728086207272,37.86994441881577,POINT (-122.25728086207272 37.86994441881577),ios,,2020-02-06T16:19:28-08:00,1.2982705916280632,-0.0854678215851441,-0.002438719755562424
122,1581034769.0,-122.25727382127405,37.869934150984385,POINT (-122.25727382127405 37.869934150984385),ios,,2020-02-06T16:19:29-08:00,1.2128027700429191,-0.08790654134070652,0.17969889042327813
123,1581034770.0,-122.25726619374217,37.869925056619444,POINT (-122.25726619374217 37.869925056619444),ios,,2020-02-06T16:19:30-08:00,1.1248962287022126,0.09179234908257161,0.0028394376923259745
124,1581034771.0,-122.25725688982965,37.86991809963981,POINT (-122.25725688982965 37.86991809963981),ios,,2020-02-06T16:19:31-08:00,1.2166885777847842,0.09463178677489759,-0.025181991586514574
125,1581034772.0,-122.25724373024167,37.86991466305951,POINT (-122.25724373024167 37.86991466305951),ios,,2020-02-06T16:19:32-08:00,1.3113203645596818,0.06944979518838301,0.016879544888494857
126,1581034773.0,-122.25722889427306,37.86991328004549,POINT (-122.25722889427306 37.86991328004549),ios,,2020-02-06T16:19:33-08:00,1.3807701597480648,0.08632934007687787,-0.04496805791776892
127,1581034774.0,-122.25721322011412,37.86991223230759,POINT (-122.25721322011412 37.86991223230759),ios,,2020-02-06T16:19:34-08:00,1.4670994998249427,0.04136128215910895,0.03128700866337231
128,1581034775.0,-122.25719654012681,37.869911394117274,POINT (-122.25719654012681 37.869911394117274),ios,,2020-02-06T16:19:35-08:00,1.5084607819840516,0.07264829082248125,-0.04292762567835262
129,1581034776.0,-122.25717935722531,37.86991160366485,POINT (-122.25717935722531 37.86991160366485),ios,,2020-02-06T16:19:36-08:00,1.581109072806533,0.029720665144128633,-0.11172366992345961
130,1581034777.0,-122.25716150377156,37.86991348959307,POINT (-122.25716150377156 37.86991348959307),ios,,2020-02-06T16:19:37-08:00,1.6108297379506615,-0.08200300477933098,-0.019541116833622363
131,1581034778.0,-122.25714356649877,37.869916548987725,POINT (-122.25714356649877 37.869916548987725),ios,,2020-02-06T16:19:38-08:00,1.5288267331713306,-0.10154412161295334,0.0926668230910983
132,1581034779.0,-122.25712680269243,37.869920278934636,POINT (-122.25712680269243 37.869920278934636),ios,,2020-02-06T16:19:39-08:00,1.4272826115583772,-0.008877298521855037,0.0037514819678905464
133,1581034780.0,-122.25711121235253,37.869923925062515,POINT (-122.25711121235253 37.869923925062515),ios,,2020-02-06T16:19:40-08:00,1.4184053130365222,-0.005125816553964491,-0.02572614747946811
134,1581034781.0,-122.2570955381936,37.86992702636669,POINT (-122.2570955381936 37.86992702636669),ios,,2020-02-06T16:19:41-08:00,1.4132794964825577,-0.0308519640334326,0.1123146706769147
135,1581034782.0,-122.25708061840595,37.8699318040515,POINT (-122.25708061840595 37.8699318040515),ios,,2020-02-06T16:19:42-08:00,1.382427532449125,0.0814627066434821,-0.04385694538216045
136,1581034783.0,-122.2570659500754,37.86993633027921,POINT (-122.2570659500754 37.86993633027921),ios,,2020-02-06T16:19:43-08:00,1.4638902390926072,0.037605761261321646,-0.15229429571653053
137,1581034784.0,-122.25704994064034,37.869940018316605,POINT (-122.25704994064034 37.869940018316605),ios,,2020-02-06T16:19:44-08:00,1.5014960003539288,-0.11468853445520888,0.1838228817076133
138,1581034785.0,-122.25703367974819,37.86994420926819,POINT (-122.25703367974819 37.86994420926819),ios,,2020-02-06T16:19:45-08:00,1.38680746589872,0.06913434725240442,0.06867532265626197
139,1581034786.0,-122.25701817322732,37.869946598110594,POINT (-122.25701817322732 37.869946598110594),ios,,2020-02-06T16:19:46-08:00,1.4559418131511244,0.1378096699086664,-0.11069267754790824
140,1581034787.0,-122.2570019961542,37.86994948986719,POINT (-122.2570019961542 37.86994948986719),ios,,2020-02-06T16:19:47-08:00,1.5937514830597908,0.027116992360758152,0.062253007372454316
141,1581034788.0,-122.25698405888141,37.86995171107153,POINT (-122.25698405888141 37.86995171107153),ios,,2020-02-06T16:19:48-08:00,1.620868475420549,0.08936999973321247,-0.23491304834112947
142,1581034789.0,-122.25696587015153,37.86995422564248,POINT (-122.25696587015153 37.86995422564248),ios,,2020-02-06T16:19:49-08:00,1.7102384751537614,-0.145543048607917,0.12637308155171945
143,1581034790.0,-122.25694684323133,37.86995753649423,POINT (-122.25694684323133 37.86995753649423),ios,,2020-02-06T16:19:50-08:00,1.5646954265458444,-0.019169967056197557,-0.0682415947011159
144,1581034791.0,-122.25692949269177,37.869960763526954,POINT (-122.25692949269177 37.869960763526954),ios,,2020-02-06T16:19:51-08:00,1.5455254594896468,-0.08741156175731346,0.0017907495596771739
145,1581034792.0,-122.25691256124736,37.8699645772929,POINT (-122.25691256124736 37.8699645772929),ios,,2020-02-06T16:19:52-08:00,1.4581138977323334,-0.08562081219763629,0.11087353472710193
146,1581034793.0,-122.2568968032694,37.86996872633497,POINT (-122.2568968032694 37.86996872633497),ios,,2020-02-06T16:19:53-08:00,1.372493085534697,0.025252722529465643,-0.12259499715902744
147,1581034794.0,-122.25688196730079,37.86997262391994,POINT (-122.25688196730079 37.86997262391994),ios,,2020-02-06T16:19:54-08:00,1.3977458080641627,-0.0973422746295618,0.10709964123943339
148,1581034795.0,-122.25686671223701,37.869976228138306,POINT (-122.25686671223701 37.869976228138306),ios,,2020-02-06T16:19:55-08:00,1.300403533434601,0.009757366609871587,-0.043380101910994506
149,1581034796.0,-122.2568521277255,37.86997828170458,POINT (-122.2568521277255 37.86997828170458),ios,,2020-02-06T16:19:56-08:00,1.3101609000444725,-0.03362273530112292,-0.20146212452466106
150,1581034797.0,-122.25683745939494,37.86998046099941,POINT (-122.25683745939494 37.86998046099941),ios,,2020-02-06T16:19:57-08:00,1.2765381647433496,-0.23508485982578398,0.34418110806747926
151,1581034798.0,-122.25682329397858,37.86998305938939,POINT (-122.25682329397858 37.86998305938939),ios,,2020-02-06T16:19:58-08:00,1.0414533049175656,0.10909624824169528,-0.15910324581453894
152,1581034799.0,-122.2568124813235,37.86998691506485,POINT (-122.2568124813235 37.86998691506485),ios,,2020-02-06T16:19:59-08:00,1.1505495531592609,-0.05000699757284366,0.243197613841309
153,1581034800.0,-122.25680074665905,37.869991525111594,POINT (-122.25680074665905 37.869991525111594),ios,,2020-02-06T16:20:00-08:00,1.1005425555864172,0.19319061626846534,-0.27585719166781275
154,1581034801.0,-122.2567897663659,37.8699963027964,POINT (-122.2567897663659 37.8699963027964),ios,,2020-02-06T16:20:01-08:00,1.2937331718548826,-0.08266657539934741,0.009966951657755185
155,1581034802.0,-122.25677685823501,37.87000191867153,POINT (-122.25677685823501 37.87000191867153),ios,,2020-02-06T16:20:02-08:00,1.2110665964555352,-0.07269962374159222,0.1863447860089047
156,1581034803.0,-122.25676470447542,37.87000707354198,POINT (-122.25676470447542 37.87000707354198),ios,,2020-02-06T16:20:03-08:00,1.138366972713943,0.11364516226731247,-0.07581740466640285
157,1581034804.0,-122.25675296981098,37.870011432131626,POINT (-122.25675296981098 37.870011432131626),ios,,2020-02-06T16:20:04-08:00,1.2520121349812554,0.03782775760090962,-0.03963895727431521
158,1581034805.0,-122.25673947494687,37.870015078259506,POINT (-122.25673947494687 37.870015078259506),ios,,2020-02-06T16:20:05-08:00,1.289839892582165,-0.0018111996734055946,0.0008663902129724121
159,1581034806.0,-122.25672514189245,37.87001763473997,POINT (-122.25672514189245 37.87001763473997),ios,,2020-02-06T16:20:06-08:00,1.2880286929087594,-0.0009448094604331825,0.11880785498935142
160,1581034807.0,-122.25671089265705,37.87002040076802,POINT (-122.25671089265705 37.87002040076802),ios,,2020-02-06T16:20:07-08:00,1.2870838834483262,0.11786304552891824,0.04102828311094586
161,1581034808.0,-122.25669681105973,37.87002362780074,POINT (-122.25669681105973 37.87002362780074),ios,,2020-02-06T16:20:08-08:00,1.4049469289772445,0.1588913286398641,-0.279446576652677
162,1581034809.0,-122.25668180745305,37.870028028299906,POINT (-122.25668180745305 37.870028028299906),ios,,2020-02-06T16:20:09-08:00,1.5638382576171086,-0.12055524801281292,-0.31492833284299615
163,1581034810.0,-122.2566652951038,37.870033308898904,POINT (-122.2566652951038 37.870033308898904),ios,,2020-02-06T16:20:10-08:00,1.4432830096042957,-0.43548358085580907,0.5771382051110712
164,1581034811.0,-122.25664978858293,37.87003762557904,POINT (-122.25664978858293 37.87003762557904),ios,,2020-02-06T16:20:11-08:00,1.0077994287484866,0.1416546242552621,-0.4997999752333111
165,1581034812.0,-122.25663905974687,37.870040852611766,POINT (-122.25663905974687 37.870040852611766),ios,,2020-02-06T16:20:12-08:00,1.1494540530037487,-0.358145350978049,0.3581004216334889
166,1581034813.0,-122.25662665453018,37.87004416346352,POINT (-122.25662665453018 37.87004416346352),ios,,2020-02-06T16:20:13-08:00,0.7913087020256997,-4.4929344560129536e-05,0.2723195233794855
167,1581034814.0,-122.25661902678189,37.870047956382315,POINT (-122.25661902678189 37.870047956382315),ios,,2020-02-06T16:20:14-08:00,0.7912637726811396,0.2722745940349254,-0.2904009450542573
168,1581034815.0,-122.25661139946641,37.87005174908589,POINT (-122.25661139946641 37.87005174908589),ios,,2020-02-06T16:20:15-08:00,1.063538366716065,-0.01812635101933191,0.07095031070334268
169,1581034816.0,-122.25660075444938,37.87005631722312,POINT (-122.25660075444938 37.87005631722312),ios,,2020-02-06T16:20:16-08:00,1.045412015696733,0.05282395968401077,0.0798912988428151
170,1581034817.0,-122.2565912828988,37.870062016917274,POINT (-122.2565912828988 37.870062016917274),ios,,2020-02-06T16:20:17-08:00,1.0982359753807438,0.13271525852682586,-0.1137269434150987
171,1581034818.0,-122.25658114079596,37.87006780043046,POINT (-122.25658114079596 37.87006780043046),ios,,2020-02-06T16:20:18-08:00,1.2309512339075697,0.01898831511172716,-0.04693593734345258
172,1581034819.0,-122.25656756211282,37.87007056645851,POINT (-122.25656756211282 37.87007056645851),ios,,2020-02-06T16:20:19-08:00,1.2499395490192968,-0.027947622231725422,0.09776933419143852
173,1581034820.0,-122.25655381579162,37.87007350012462,POINT (-122.25655381579162 37.87007350012462),ios,,2020-02-06T16:20:20-08:00,1.2219919267875714,0.0698217119597131,-0.060460000837341266
174,1581034821.0,-122.25654074002267,37.870077271981046,POINT (-122.25654074002267 37.870077271981046),ios,,2020-02-06T16:20:21-08:00,1.2918136387472845,0.00936171112237183,-0.10705681177483362
175,1581034822.0,-122.25652699370147,37.870081421023116,POINT (-122.25652699370147 37.870081421023116),ios,,2020-02-06T16:20:22-08:00,1.3011753498696563,-0.09769510065246179,-0.07435654540032721
176,1581034823.0,-122.25651341501833,37.87008611488889,POINT (-122.25651341501833 37.87008611488889),ios,,2020-02-06T16:20:23-08:00,1.2034802492171945,-0.172051646052789,0.7117725913877364
177,1581034824.0,-122.25650084216358,37.870090431569025,POINT (-122.25650084216358 37.870090431569025),ios,,2020-02-06T16:20:24-08:00,1.0314286031644055,0.5397209453349474,-1.1043690156193215
178,1581034825.0,-122.2564908676988,37.87009533498238,POINT (-122.2564908676988 37.87009533498238),ios,,2020-02-06T16:20:25-08:00,1.571149548499353,-0.5646480702843741,1.0686110966166786
179,1581034826.0,-122.2564732,37.8700976,POINT (-122.2564732 37.8700976),android,,2020-02-06T16:20:26-08:00,1.0065014782149788,0.5039630263323045,0.352964066625725
180,1581034827.0,-122.25646505143703,37.87010396834265,POINT (-122.25646505143703 37.87010396834265),ios,,2020-02-06T16:20:27-08:00,1.5104645045472833,0.8569270929580295,-1.1899264006502897
181,1581034828.0,-122.2564535,37.8700939,POINT (-122.2564535 37.8700939),android,,2020-02-06T16:20:28-08:00,2.367391597505313,-0.33299930769226016,-0.6216472427998192
182,1581034829.0,-122.2564279,37.8701006,POINT (-122.2564279 37.8701006),android,,2020-02-06T16:20:29-08:00,2.0343922898130526,-0.9546465504920794,2.0210397735276966
183,1581034830.0,-122.2564052456698,37.870104462204644,POINT (-122.2564052456698 37.870104462204644),android,,2020-02-06T16:20:30-08:00,1.0797457393209733,1.0663932230356172,-2.5120545837545065
184,1581034831.0,-122.2563931,37.870106,POINT (-122.2563931 37.870106),android,,2020-02-06T16:20:31-08:00,2.1461389623565905,-1.4456613607188893,2.105612799445066
185,1581034832.0,-122.25636885299697,37.87010848003604,POINT (-122.25636885299697 37.87010848003604),android,,2020-02-06T16:20:32-08:00,0.7004776016377011,0.6599514387261768,-1.1942220984471976
186,1581034833.0,-122.256361,37.8701096,POINT (-122.256361 37.8701096),android,,2020-02-06T16:20:33-08:00,1.360429040363878,-0.5342706597210208,0.2414362862914221
187,1581034834.0,-122.25634581973293,37.8701120667934,POINT (-122.25634581973293 37.8701120667934),android,,2020-02-06T16:20:34-08:00,0.8261583806428571,-0.2928343734295987,0.8801928733207128
188,1581034835.0,-122.25633665848915,37.870113770166746,POINT (-122.25633665848915 37.870113770166746),android,,2020-02-06T16:20:35-08:00,0.5333240072132583,0.5873584998911141,1.6547970647699553
189,1581034836.0,-122.2563309,37.8701153,POINT (-122.2563309 37.8701153),android,,2020-02-06T16:20:36-08:00,1.1206825071043724,2.2421555646610694,-4.582893384081322
190,1581034837.0,-122.2563185,37.8701177,POINT (-122.2563185 37.8701177),android,,2020-02-06T16:20:37-08:00,3.3628380717654416,-2.3407378194202524,2.506024300074354
191,1581034838.0,-122.2562823,37.8701276,POINT (-122.2562823 37.8701276),android,,2020-02-06T16:20:38-08:00,1.022100252345189,0.16528648065410145,-0.6353403442799946
192,1581034839.0,-122.2562707,37.8701284,POINT (-122.2562707 37.8701284),android,,2020-02-06T16:20:39-08:00,1.1873867329992904,-0.4700538636258932,0.8131318737762927
193,1581034840.0,-122.25625724223819,37.870127319449786,POINT (-122.25625724223819 37.870127319449786),android,,2020-02-06T16:20:40-08:00,0.7173328693733972,0.3430780101503995,0.964301093774215
194,1581034841.0,-122.2562493,37.8701258,POINT (-122.2562493 37.8701258),android,,2020-02-06T16:20:41-08:00,1.0604108795237968,1.3073791039246145,-2.778431167033961
195,1581034842.0,-122.2562373,37.8701247,POINT (-122.2562373 37.8701247),android,,2020-02-06T16:20:42-08:00,2.3677899834484113,-1.4710520631093469,1.0270696836045468
196,1581034843.0,-122.2562122,37.8701325,POINT (-122.2562122 37.8701325),android,,2020-02-06T16:20:43-08:00,0.8967379203390643,-0.4439823795048001,1.1645851462008872
197,1581034844.0,-122.2562045,37.8701378,POINT (-122.2562045 37.8701378),android,,2020-02-06T16:20:44-08:00,0.4527555408342642,0.720602766696087,-0.6159050720749815
198,1581034845.0,-122.2561995,37.8701388,POINT (-122.2561995 37.8701388),android,,2020-02-06T16:20:45-08:00,1.1733583075303513,0.10469769462110556,1.0930025802064138
199,1581034846.0,-122.2561864,37.8701409,POINT (-122.2561864 37.8701409),android,,2020-02-06T16:20:46-08:00,1.2780560021514569,1.1977002748275194,-2.381802389652762
200,1581034847.0,-122.256172,37.8701426,POINT (-122.256172 37.8701426),android,,2020-02-06T16:20:47-08:00,2.4757562769789763,-1.1841021148252429,0.4109138523739234
201,1581034848.0,-122.2561468,37.8701526,POINT (-122.2561468 37.8701526),android,,2020-02-06T16:20:48-08:00,1.2916541621537334,-0.7731882624513194,1.5236816021216841
202,1581034849.0,-122.2561334,37.8701574,POINT (-122.2561334 37.8701574),android,,2020-02-06T16:20:49-08:00,0.518465899702414,0.7504933396703647,-1.451620615700638
203,1581034850.0,-122.2561279,37.8701591,POINT (-122.2561279 37.8701591),android,,2020-02-06T16:20:50-08:00,1.2689592393727787,-0.7011272760302732,1.7236753440720975
204,1581034851.0,-122.2561141,37.8701625,POINT (-122.2561141 37.8701625),android,,2020-02-06T16:20:51-08:00,0.5678319633425054,1.0225480680418242,-1.3512165665163287
205,1581034852.0,-122.256108,37.8701642,POINT (-122.256108 37.8701642),android,,2020-02-06T16:20:52-08:00,1.5903800313843295,-0.3286684984745045,0.19066734536597507
206,1581034853.0,-122.2560922,37.8701712,POINT (-122.2560922 37.8701712),android,,2020-02-06T16:20:53-08:00,1.261711532909825,-0.13800115310852945,-0.3592094376888957
207,1581034854.0,-122.25608,37.8701772,POINT (-122.25608 37.8701772),android,,2020-02-06T16:20:54-08:00,1.1237103798012955,-0.49721059079742513,1.1698752752735166
208,1581034855.0,-122.2560679,37.8701805,POINT (-122.2560679 37.8701805),android,,2020-02-06T16:20:55-08:00,0.6264997890038704,0.6726646844760915,-0.579603510213484
209,1581034856.0,-122.2560609,37.8701816,POINT (-122.2560609 37.8701816),android,,2020-02-06T16:20:56-08:00,1.299164473479962,0.09306117426260752,0.15386694620034747
210,1581034857.0,-122.2560465,37.8701843,POINT (-122.2560465 37.8701843),android,,2020-02-06T16:20:57-08:00,1.3922256477425694,0.24692812046295498,-1.4734274694103187
211,1581034858.0,-122.2560312,37.8701876,POINT (-122.2560312 37.8701876),android,,2020-02-06T16:20:58-08:00,1.6391537682055244,-1.2264993489473637,1.7180233457800511
212,1581034859.0,-122.256013,37.8701909,POINT (-122.256013 37.8701909),android,,2020-02-06T16:20:59-08:00,0.41265441925816065,0.4915239968326874,-1.0094806488496257
213,1581034860.0,-122.2560087,37.8701894,POINT (-122.2560087 37.8701894),android,,2020-02-06T16:21:00-08:00,0.904178416090848,-0.5179566520169383,1.8748858522106766
214,1581034861.0,-122.2559984,37.8701895,POINT (-122.2559984 37.8701895),android,,2020-02-06T16:21:01-08:00,0.3862217640739097,1.3569292001937383,-1.5013889620605032
215,1581034862.0,-122.255994,37.8701895,POINT (-122.255994 37.8701895),android,,2020-02-06T16:21:02-08:00,1.743150964267648,-0.1444597618667649,-0.8051187598174391
216,1581034863.0,-122.2559785,37.8701993,POINT (-122.2559785 37.8701993),android,,2020-02-06T16:21:03-08:00,1.598691202400883,-0.949578521684204,1.3906715970528398
217,1581034864.0,-122.255964,37.870208,POINT (-122.255964 37.870208),android,,2020-02-06T16:21:04-08:00,0.649112680716679,0.44109307536863585,-0.09370663320399408
218,1581034865.0,-122.2559579,37.8702113,POINT (-122.2559579 37.8702113),android,,2020-02-06T16:21:05-08:00,1.090205756085315,0.34738644216464176,0.361407081002421
219,1581034866.0,-122.255947,37.870216,POINT (-122.255947 37.870216),android,,2020-02-06T16:21:06-08:00,1.4375921982499567,0.7087935231670628,-2.419086268660447
220,1581034867.0,-122.2559323,37.8702217,POINT (-122.2559323 37.8702217),android,,2020-02-06T16:21:07-08:00,2.1463857214170194,-1.7102927454933843,1.722278355298736
221,1581034868.0,-122.2559156,37.8702358,POINT (-122.2559156 37.8702358),android,,2020-02-06T16:21:08-08:00,0.4360929759236351,0.011985609805351627,0.8202352728921671
222,1581034869.0,-122.2559124,37.8702388,POINT (-122.2559124 37.8702388),android,,2020-02-06T16:21:09-08:00,0.44807858572898673,0.8322208826975187,-1.413364232054616
223,1581034870.0,-122.2559085,37.8702414,POINT (-122.2559085 37.8702414),android,,2020-02-06T16:21:10-08:00,1.2802994684265054,-0.5811433493570974,1.0724461183741847
224,1581034871.0,-122.2558959,37.8702472,POINT (-122.2558959 37.8702472),android,,2020-02-06T16:21:11-08:00,0.699156119069408,0.49130276901708725,-0.3164980220098519
225,1581034872.0,-122.2558889,37.8702502,POINT (-122.2558889 37.8702502),android,,2020-02-06T16:21:12-08:00,1.1904588880864952,0.17480474700723536,-0.5543134325579637
226,1581034873.0,-122.25587712328195,37.87025550973415,POINT (-122.25587712328195 37.87025550973415),android,,2020-02-06T16:21:13-08:00,1.3652636350937306,-0.37950868555072836,0.35123710742300684
227,1581034874.0,-122.255864,37.8702621,POINT (-122.255864 37.8702621),android,,2020-02-06T16:21:14-08:00,0.9857549495430022,-0.02827157812772152,0.8369697589981229
228,1581034875.0,-122.2558544,37.8702667,POINT (-122.2558544 37.8702667),android,,2020-02-06T16:21:15-08:00,0.9574833714152807,0.8086981808704014,-2.097889944107479
229,1581034876.0,-122.2558451,37.8702712,POINT (-122.2558451 37.8702712),android,,2020-02-06T16:21:16-08:00,1.766181552285682,-1.2891917632370777,2.0089588196590937
230,1581034877.0,-122.25582808219043,37.87027967470517,POINT (-122.25582808219043 37.87027967470517),android,,2020-02-06T16:21:17-08:00,0.47698978904860423,0.7197670564220161,-0.889889551012827
231,1581034878.0,-122.25582360000001,37.8702821,POINT (-122.25582360000001 37.8702821),android,,2020-02-06T16:21:18-08:00,1.1967568454706203,-0.17012249459081086,-0.12347554147512207
232,1581034879.0,-122.2558137,37.8702895,POINT (-122.2558137 37.8702895),android,,2020-02-06T16:21:19-08:00,1.0266343508798095,-0.29359803606593293,-0.01166084367838821
233,1581034880.0,-122.2558046,37.8702953,POINT (-122.2558046 37.8702953),android,,2020-02-06T16:21:20-08:00,0.7330363148138765,-0.30525887974432114,1.5100874893768048
234,1581034881.0,-122.25579812451487,37.870299462811865,POINT (-122.25579812451487 37.870299462811865),android,,2020-02-06T16:21:21-08:00,0.4277774350695554,1.2048286096324836,-1.4925406457707864
235,1581034882.0,-122.2557947,37.8703022,POINT (-122.2557947 37.8703022),android,,2020-02-06T16:21:22-08:00,1.632606044702039,-0.28771203613830276,-0.4696141577953915
236,1581034883.0,-122.2557821,37.870313,POINT (-122.2557821 37.870313),android,,2020-02-06T16:21:23-08:00,1.3448940085637362,-0.7573261939336943,1.660521880226249
237,1581034884.0,-122.2557712,37.8703215,POINT (-122.2557712 37.8703215),android,,2020-02-06T16:21:24-08:00,0.5875678146300419,0.9031956862925546,-1.7877316046685503
238,1581034885.0,-122.2557663,37.8703251,POINT (-122.2557663 37.8703251),android,,2020-02-06T16:21:25-08:00,1.4907635009225966,-0.8845359183759958,1.472000770076423
239,1581034886.0,-122.2557507,37.8703304,POINT (-122.2557507 37.8703304),android,,2020-02-06T16:21:26-08:00,0.6062275825466008,0.5874648517004273,-0.16121871401977472
240,1581034887.0,-122.2557447,37.8703331,POINT (-122.2557447 37.8703331),android,,2020-02-06T16:21:27-08:00,1.193692434247028,0.42624613768065256,-0.3993480863420604
241,1581034888.0,-122.2557345,37.8703402,POINT (-122.2557345 37.8703402),android,,2020-02-06T16:21:28-08:00,1.6199385719276806,0.026898051338592133,-0.5614360334730764
242,1581034889.0,-122.2557212,37.8703503,POINT (-122.2557212 37.8703503),android,,2020-02-06T16:21:29-08:00,1.6468366232662728,-0.5345379821344842,0.6119649815229367
243,1581034890.0,-122.2557063,37.8703593,POINT (-122.2557063 37.8703593),android,,2020-02-06T16:21:30-08:00,1.1122986411317886,0.07742699938845243,-0.27557322320766875
244,1581034891.0,-122.2556958,37.8703649,POINT (-122.2556958 37.8703649),android,,2020-02-06T16:21:31-08:00,1.189725640520241,-0.19814622381921632,0.8045526148938356
245,1581034892.0,-122.25568351233308,37.87036941556009,POINT (-122.25568351233308 37.87036941556009),android,,2020-02-06T16:21:32-08:00,0.9915794167010247,0.6064063910746192,-1.7565806695062798
246,1581034893.0,-122.2556739,37.8703741,POINT (-122.2556739 37.8703741),android,,2020-02-06T16:21:33-08:00,1.597985807775644,-1.1501742784316606,1.0622502847453088
247,1581034894.0,-122.2556573,37.87038,POINT (-122.2556573 37.87038),android,,2020-02-06T16:21:34-08:00,0.44781152934398333,-0.08792399368635184,0.7647648801103248
248,1581034895.0,-122.2556523,37.8703792,POINT (-122.2556523 37.8703792),android,,2020-02-06T16:21:35-08:00,0.3598875356576315,0.676840886423973,-0.542575663036329
249,1581034896.0,-122.2556482,37.8703792,POINT (-122.2556482 37.8703792),android,,2020-02-06T16:21:36-08:00,1.0367284220816044,0.13426522338764402,0.2375819736953524
250,1581034897.0,-122.2556364,37.8703796,POINT (-122.2556364 37.8703796),android,,2020-02-06T16:21:37-08:00,1.1709936454692484,0.3718471970829964,-1.2123876806944245
251,1581034898.0,-122.25562340854786,37.87038199316223,POINT (-122.25562340854786 37.87038199316223),android,,2020-02-06T16:21:38-08:00,1.5428408425522449,-0.8405404836114282,1.323704975920125
252,1581034899.0,-122.2556067,37.8703863,POINT (-122.2556067 37.8703863),android,,2020-02-06T16:21:39-08:00,0.7023003589408167,0.48316449230869674,-0.44694447431552475
253,1581034900.0,-122.2555988,37.8703873,POINT (-122.2555988 37.8703873),android,,2020-02-06T16:21:40-08:00,1.1854648512495134,0.03622001799317198,0.3811274257462409
254,1581034901.0,-122.2555853,37.8703876,POINT (-122.2555853 37.8703876),android,,2020-02-06T16:21:41-08:00,1.2216848692426854,0.4173474437394129,-1.5805172228147073
255,1581034902.0,-122.25557166143183,37.87038540954281,POINT (-122.25557166143183 37.87038540954281),android,,2020-02-06T16:21:42-08:00,1.6390323129820983,-1.1631697790752944,1.8797915799514744
256,1581034903.0,-122.255553,37.8703849,POINT (-122.255553 37.8703849),android,,2020-02-06T16:21:43-08:00,0.4758625339068038,0.7166218008761801,-1.3650229015376358
257,1581034904.0,-122.2555477,37.870384,POINT (-122.2555477 37.870384),android,,2020-02-06T16:21:44-08:00,1.1924843347829839,-0.6484011006614556,1.368753190822494
258,1581034905.0,-122.2555342,37.8703828,POINT (-122.2555342 37.8703828),android,,2020-02-06T16:21:45-08:00,0.5440832341215283,0.7203520901610383,-0.026981036544542647
259,1581034906.0,-122.2555283,37.8703813,POINT (-122.2555283 37.8703813),android,,2020-02-06T16:21:46-08:00,1.2644353242825666,0.6933710536164956,-1.7796234198743104
260,1581034907.0,-122.2555139,37.870381,POINT (-122.2555139 37.870381),android,,2020-02-06T16:21:47-08:00,1.9578063778990622,-1.0862523662578147,1.4703589774474761
261,1581034908.0,-122.2554917,37.8703827,POINT (-122.2554917 37.8703827),android,,2020-02-06T16:21:48-08:00,0.8715540116412475,0.3841066111896614,-0.34008207944810787
262,1581034909.0,-122.2554818,37.8703833,POINT (-122.2554818 37.8703833),android,,2020-02-06T16:21:49-08:00,1.2556606228309088,0.04402453174155352,-0.34432211580738326
263,1581034910.0,-122.2554675,37.870383,POINT (-122.2554675 37.870383),android,,2020-02-06T16:21:50-08:00,1.2996851545724624,-0.30029758406582974,0.8704064664656304
264,1581034911.0,-122.2554528,37.8703816,POINT (-122.2554528 37.8703816),android,,2020-02-06T16:21:51-08:00,0.9993875705066326,0.5701088823998006,-0.5668036950244828
265,1581034912.0,-122.2554417,37.8703796,POINT (-122.2554417 37.8703796),android,,2020-02-06T16:21:52-08:00,1.5694964529064332,0.0033051873753178196,-0.1624963562414945
266,1581034913.0,-122.255424,37.8703816,POINT (-122.255424 37.8703816),android,,2020-02-06T16:21:53-08:00,1.572801640281751,-0.15919116886617668,-0.35788187461075394
267,1581034914.0,-122.2554063,37.8703838,POINT (-122.2554063 37.8703838),android,,2020-02-06T16:21:54-08:00,1.4136104714155744,-0.5170730434769306,0.403019994261238
268,1581034915.0,-122.2553902,37.8703841,POINT (-122.2553902 37.8703841),android,,2020-02-06T16:21:55-08:00,0.8965374279386438,-0.11405304921569259,0.7897345380299219
269,1581034916.0,-122.2553801,37.8703829,POINT (-122.2553801 37.8703829),android,,2020-02-06T16:21:56-08:00,0.7824843787229512,0.6756814888142293,-1.4534939006745256
270,1581034917.0,-122.2553712,37.8703825,POINT (-122.2553712 37.8703825),android,,2020-02-06T16:21:57-08:00,1.4581658675371805,-0.7778124118602964,0.49144497815625926
271,1581034918.0,-122.2553546,37.870383,POINT (-122.2553546 37.870383),android,,2020-02-06T16:21:58-08:00,0.6803534556768841,-0.2863674337040371,0.3488241255617672
272,1581034919.0,-122.2553469,37.8703823,POINT (-122.2553469 37.8703823),android,,2020-02-06T16:21:59-08:00,0.393986021972847,0.06245669185773006,0.34997196756803123
273,1581034920.0,-122.2553425,37.8703816,POINT (-122.2553425 37.8703816),android,,2020-02-06T16:22:00-08:00,0.45644271383057705,0.4124286594257613,-0.43084344760819243
274,1581034921.0,-122.2553373,37.8703816,POINT (-122.2553373 37.8703816),android,,2020-02-06T16:22:01-08:00,0.8688713732563383,-0.01841478818243114,0.18367338969099956
275,1581034922.0,-122.2553275,37.8703827,POINT (-122.2553275 37.8703827),android,,2020-02-06T16:22:02-08:00,0.8504565850739072,0.16525860150856841,-0.5597392679914106
276,1581034923.0,-122.2553187,37.8703859,POINT (-122.2553187 37.8703859),android,,2020-02-06T16:22:03-08:00,1.0157151865824756,-0.3944806664828422,0.5986888529760702
277,1581034924.0,-122.2553091,37.870391,POINT (-122.2553091 37.870391),android,,2020-02-06T16:22:04-08:00,0.6212345200996334,0.20420818649322803,-0.46392753081681015
278,1581034925.0,-122.2553024,37.8703928,POINT (-122.2553024 37.8703928),android,,2020-02-06T16:22:05-08:00,0.8254427065928615,-0.2597193443235821,1.0184879510522014
279,1581034926.0,-122.2552931,37.8703939,POINT (-122.2552931 37.8703939),android,,2020-02-06T16:22:06-08:00,0.5657233622692793,0.7587686067286193,-1.2141303603198383
280,1581034927.0,-122.2552867,37.8703945,POINT (-122.2552867 37.8703945),android,,2020-02-06T16:22:07-08:00,1.3244919689978987,-0.455361753591219,0.1806646633885891
281,1581034928.0,-122.2552717815844,37.87039628710187,POINT (-122.2552717815844 37.87039628710187),android,,2020-02-06T16:22:08-08:00,0.8691302154066797,-0.2746970902026299,0.9827637668212933
282,1581034929.0,-122.255262,37.8703975,POINT (-122.255262 37.8703975),android,,2020-02-06T16:22:09-08:00,0.5944331252040498,0.7080666766186634,-1.649848284998476
283,1581034930.0,-122.2552555,37.870396,POINT (-122.2552555 37.870396),android,,2020-02-06T16:22:10-08:00,1.3024998018227132,-0.9417816083798125,2.060029077428686
284,1581034931.0,-122.2552418,37.8703915,POINT (-122.2552418 37.8703915),android,,2020-02-06T16:22:11-08:00,0.3607181934429007,1.118247469048873,-1.5497131207008366
285,1581034932.0,-122.2552383,37.8703898,POINT (-122.2552383 37.8703898),android,,2020-02-06T16:22:12-08:00,1.4789656624917737,-0.4314656516519635,1.0306177678803672
286,1581034933.0,-122.2552236,37.8703833,POINT (-122.2552236 37.8703833),android,,2020-02-06T16:22:13-08:00,1.0475000108398103,0.5991521162284037,-1.530132095562037
287,1581034934.0,-122.2552144,37.8703773,POINT (-122.2552144 37.8703773),android,,2020-02-06T16:22:14-08:00,1.646652127068214,-0.9309799793336332,1.5280501465170115
288,1581034935.0,-122.2551997,37.8703681,POINT (-122.2551997 37.8703681),android,,2020-02-06T16:22:15-08:00,0.7156721477345808,0.5970701671833784,-0.2720764339539371
289,1581034936.0,-122.2551927,37.8703648,POINT (-122.2551927 37.8703648),android,,2020-02-06T16:22:16-08:00,1.3127423149179591,0.32499373322944125,-0.3004665643426654
290,1581034937.0,-122.2551803,37.8703582,POINT (-122.2551803 37.8703582),android,,2020-02-06T16:22:17-08:00,1.6377360481474004,0.024527168886775863,-0.2958611934324735
291,1581034938.0,-122.2551650846024,37.87034967571098,POINT (-122.2551650846024 37.87034967571098),android,,2020-02-06T16:22:18-08:00,1.6622632170341762,-0.27133402454569766,0.06618587504537077
292,1581034939.0,-122.25514873155953,37.87034213715039,POINT (-122.25514873155953 37.87034213715039),android,,2020-02-06T16:22:19-08:00,1.3909291924884786,-0.2051481495003269,-0.12628620121742606
293,1581034940.0,-122.2551353,37.8703355,POINT (-122.2551353 37.8703355),android,,2020-02-06T16:22:20-08:00,1.1857810429881517,-0.33143435071775296,0.935673671259035
294,1581034941.0,-122.255125,37.8703286,POINT (-122.255125 37.8703286),android,,2020-02-06T16:22:21-08:00,0.8543466922703987,0.604239320541282,-1.1853534690575493
295,1581034942.0,-122.2551174,37.8703238,POINT (-122.2551174 37.8703238),android,,2020-02-06T16:22:22-08:00,1.4585860128116808,-0.5811141485162672,1.110714136197276
296,1581034943.0,-122.25510446820137,37.870315562621414,POINT (-122.25510446820137 37.870315562621414),android,,2020-02-06T16:22:23-08:00,0.8774718642954136,0.5295999876810089,-0.46948060168297423
297,1581034944.0,-122.2550968,37.8703105,POINT (-122.2550968 37.8703105),android,,2020-02-06T16:22:24-08:00,1.4070718519764225,0.06011938599803468,-0.07708860056517408
298,1581034945.0,-122.2550847,37.8703022,POINT (-122.2550847 37.8703022),android,,2020-02-06T16:22:25-08:00,1.4671912379744572,-0.0169692145671394,-0.20377499578924207
299,1581034946.0,-122.2550731,37.8702927,POINT (-122.2550731 37.8702927),android,,2020-02-06T16:22:26-08:00,1.4502220234073178,-0.22074421035638148,-0.5098086874370964
300,1581034947.0,-122.2550633,37.8702822,POINT (-122.2550633 37.8702822),android,,2020-02-06T16:22:27-08:00,1.2294778130509363,-0.7305528977934779,1.3889877123252128
301,1581034948.0,-122.2550576,37.8702721,POINT (-122.2550576 37.8702721),android,,2020-02-06T16:22:28-08:00,0.49892491525745836,0.6584348145317349,-0.42941960213387764
302,1581034949.0,-122.2550556,37.8702679,POINT (-122.2550556 37.8702679),android,,2020-02-06T16:22:29-08:00,1.1573597297891933,0.22901521239785727,-0.05838028539115503
303,1581034950.0,-122.2550492,37.8702588,POINT (-122.2550492 37.8702588),android,,2020-02-06T16:22:30-08:00,1.3863749421870506,0.17063492700670224,0.08868414172685601
304,1581034951.0,-122.2550403,37.8702485,POINT (-122.2550403 37.8702485),android,,2020-02-06T16:22:31-08:00,1.5570098691937528,0.25931906873355826,-0.7460822203839477
305,1581034952.0,-122.25503,37.8702371,POINT (-122.25503 37.8702371),android,,2020-02-06T16:22:32-08:00,1.816328937927311,-0.4867631516503894,0.7136567532204778
306,1581034953.0,-122.25502131255917,37.87022227469332,POINT (-122.25502131255917 37.87022227469332),android,,2020-02-06T16:22:33-08:00,1.3295657862769217,0.22689360157008842,-0.8816053963490919
307,1581034954.0,-122.2550153,37.8702113,POINT (-122.2550153 37.8702113),android,,2020-02-06T16:22:34-08:00,1.55645938784701,-0.6547117947790034,1.5050904575808126
308,1581034955.0,-122.2550094,37.8701981,POINT (-122.2550094 37.8701981),android,,2020-02-06T16:22:35-08:00,0.9017475930680067,0.8503786628018092,-0.27559874543300056
309,1581034956.0,-122.2550099,37.87019,POINT (-122.2550099 37.87019),android,,2020-02-06T16:22:36-08:00,1.7521262558698159,0.5747799173688086,-1.5420033633125827
310,1581034957.0,-122.2550082,37.8701743,POINT (-122.2550082 37.8701743),android,,2020-02-06T16:22:37-08:00,2.3269061732386245,-0.9672234459437741,0.42498621358493827
311,1581034958.0,-122.2550004,37.8701543,POINT (-122.2550004 37.8701543),android,,2020-02-06T16:22:38-08:00,1.3596827272948504,-0.5422372323588358,0.686851817043887
312,1581034959.0,-122.2549955,37.8701427,POINT (-122.2549955 37.8701427),android,,2020-02-06T16:22:39-08:00,0.8174454949360146,0.14461458468505117,0.09868085611906374
313,1581034960.0,-122.2549944,37.8701354,POINT (-122.2549944 37.8701354),android,,2020-02-06T16:22:40-08:00,0.9620600796210658,0.24329544080411492,0.678337892056961
314,1581034961.0,-122.2549932,37.8701268,POINT (-122.2549932 37.8701268),android,,2020-02-06T16:22:41-08:00,1.2053555204251807,0.921633332861076,-1.5393625732890954
315,1581034962.0,-122.254991,37.8701161,POINT (-122.254991 37.8701161),android,,2020-02-06T16:22:42-08:00,2.1269888532862566,-0.6177292404280195,-0.19938908315462678
316,1581034963.0,-122.2549859,37.8700974,POINT (-122.2549859 37.8700974),android,,2020-02-06T16:22:43-08:00,1.5092596128582372,-0.8171183235826462,1.6254301838656962
317,1581034964.0,-122.2549814,37.8700843,POINT (-122.2549814 37.8700843),android,,2020-02-06T16:22:44-08:00,0.6921412892755909,0.8083118602830499,-0.7109773946968554
318,1581034965.0,-122.2549807,37.8700781,POINT (-122.2549807 37.8700781),android,,2020-02-06T16:22:45-08:00,1.5004531495586408,0.09733446558619452,-0.7902620205720582
319,1581034966.0,-122.2549766,37.870065,POINT (-122.2549766 37.870065),android,,2020-02-06T16:22:46-08:00,1.5977876151448354,-0.6929275549858637,2.8930070991124905
320,1581034967.0,-122.2549807,37.870051,POINT (-122.2549807 37.870051),android,,2020-02-06T16:22:47-08:00,0.9048600601589717,2.200079544126627,-3.503614842658516
321,1581034968.0,-122.2549847,37.8700435,POINT (-122.2549847 37.8700435),android,,2020-02-06T16:22:48-08:00,3.104939604285599,-1.3035352985318889,1.090509892131472
322,1581034969.0,-122.2550019,37.8700191,POINT (-122.2550019 37.8700191),android,,2020-02-06T16:22:49-08:00,1.80140430575371,-0.2130254064004169,-0.06481363816066965
323,1581034970.0,-122.255009,37.8700039,POINT (-122.255009 37.8700039),android,,2020-02-06T16:22:50-08:00,1.588378899353293,-0.27783904456108655,0.6244648426108361
324,1581034971.0,-122.2550119,37.8699898,POINT (-122.2550119 37.8699898),android,,2020-02-06T16:22:51-08:00,1.3105398547922065,0.3466257980497496,-1.2525359108942151
325,1581034972.0,-122.2550137,37.8699781,POINT (-122.2550137 37.8699781),android,,2020-02-06T16:22:52-08:00,1.657165652841956,-0.9059101128444657,1.445341110797402
326,1581034973.0,-122.2550122414766,37.869963241292865,POINT (-122.2550122414766 37.869963241292865),android,,2020-02-06T16:22:53-08:00,0.7512555399974904,0.5394309979529363,-0.13570329553594307
327,1581034974.0,-122.2550101,37.8699567,POINT (-122.2550101 37.8699567),android,,2020-02-06T16:22:54-08:00,1.2906865379504266,0.4037277024169932,-0.824576984385466
328,1581034975.0,-122.2550058,37.8699456,POINT (-122.2550058 37.8699456),android,,2020-02-06T16:22:55-08:00,1.6944142403674198,-0.4208492819684728,-0.3638929266675306
329,1581034976.0,-122.2550024,37.8699306,POINT (-122.2550024 37.8699306),android,,2020-02-06T16:22:56-08:00,1.273564958398947,-0.7847422086360034,1.415317638157608
330,1581034977.0,-122.255001,37.8699192,POINT (-122.255001 37.8699192),android,,2020-02-06T16:22:57-08:00,0.48882274976294365,0.6305754295216046,0.01696892381196191
331,1581034978.0,-122.2550038,37.8699154,POINT (-122.2550038 37.8699154),android,,2020-02-06T16:22:58-08:00,1.1193981792845482,0.6475443533335665,-1.856023291131908
332,1581034979.0,-122.25501152200763,37.86990738841709,POINT (-122.25501152200763 37.86990738841709),android,,2020-02-06T16:22:59-08:00,1.7669425326181147,-1.2084789377983414,1.4256997530223368
333,1581034980.0,-122.2550138,37.8698916,POINT (-122.2550138 37.8698916),android,,2020-02-06T16:23:00-08:00,0.5584635948197734,0.2172208152239954,0.6735639228854953
334,1581034981.0,-122.2550144,37.8698866,POINT (-122.2550144 37.8698866),android,,2020-02-06T16:23:01-08:00,0.7756844100437688,0.8907847381094907,-1.3252377767504755
335,1581034982.0,-122.2550131,37.8698797,POINT (-122.2550131 37.8698797),android,,2020-02-06T16:23:02-08:00,1.6664691481532594,-0.43445303864098483,0.32472755155104815
336,1581034983.0,-122.2550083,37.8698652,POINT (-122.2550083 37.8698652),android,,2020-02-06T16:23:03-08:00,1.2320161095122746,-0.10972548708993668,-0.3772362944455807
337,1581034984.0,-122.2550050572306,37.86985441998278,POINT (-122.2550050572306 37.86985441998278),android,,2020-02-06T16:23:04-08:00,1.122290622422338,-0.4869617815355174,5.670928939046022
338,1581034985.0,-122.2550027,37.8698445,POINT (-122.2550027 37.8698445),android,,2020-02-06T16:23:05-08:00,0.6353288408868205,5.183967157510505,-9.72880938042308
339,1581034986.0,-122.2550022,37.8698388,POINT (-122.2550022 37.8698388),android,,2020-02-06T16:23:06-08:00,5.819295998397325,-4.544842222912576,4.808112665239543
340,1581034987.0,-122.25493602466048,37.8698419500495,POINT (-122.25493602466048 37.8698419500495),ios,,2020-02-06T16:23:07-08:00,1.2744537754847494,0.26327044232696784,-0.841895686442684
341,1581034988.0,-122.25493451591791,37.869830550661185,POINT (-122.25493451591791 37.869830550661185),ios,,2020-02-06T16:23:08-08:00,1.5377242178117172,-0.5786252441157161,0.5785712848113858
342,1581034989.0,-122.25493024114729,37.86981713961611,POINT (-122.25493024114729 37.86981713961611),ios,,2020-02-06T16:23:09-08:00,0.9590989736960011,-5.395930433038654e-05,0.5845422906599494
343,1581034990.0,-122.25492789414838,37.86980871556643,POINT (-122.25492789414838 37.86980871556643),ios,,2020-02-06T16:23:10-08:00,0.9590450143916707,0.5844883313556191,-1.0227085803781863
344,1581034991.0,-122.2549255472815,37.869800291990735,POINT (-122.2549255472815 37.869800291990735),ios,,2020-02-06T16:23:11-08:00,1.5435333457472897,-0.4382202490225673,0.37663458243151515
345,1581034992.0,-122.25492403853895,37.8697864618505,POINT (-122.25492403853895 37.8697864618505),ios,,2020-02-06T16:23:12-08:00,1.1053130967247224,-0.061585666591052135,0.06152619704851925
346,1581034993.0,-122.25492529582442,37.86977657120476,POINT (-122.25492529582442 37.86977657120476),ios,,2020-02-06T16:23:13-08:00,1.0437274301336703,-5.9469542532886166e-05,0.4804124074561771
347,1581034994.0,-122.25492722371708,37.86976730893787,POINT (-122.25492722371708 37.86976730893787),ios,,2020-02-06T16:23:14-08:00,1.0436679605911374,0.4803529379136442,-0.7154518126416425
348,1581034995.0,-122.25492915149988,37.86975804719875,POINT (-122.25492915149988 37.86975804719875),ios,,2020-02-06T16:23:15-08:00,1.5240208985047816,-0.23509887472799829,0.21905495735474223
349,1581034996.0,-122.25492890004278,37.869744342787065,POINT (-122.25492890004278 37.869744342787065),ios,,2020-02-06T16:23:16-08:00,1.2889220237767833,-0.016043917373256056,0.04742624249319416
350,1581034997.0,-122.25492571491958,37.869733027217784,POINT (-122.25492571491958 37.869733027217784),ios,,2020-02-06T16:23:17-08:00,1.2728781064035273,0.031382325119938104,-0.13916783805757693
351,1581034998.0,-122.25492051813961,37.86972234029124,POINT (-122.25492051813961 37.86972234029124),ios,,2020-02-06T16:23:18-08:00,1.3042604315234654,-0.10778551293763883,0.1859312464677758
352,1581034999.0,-122.25491515372158,37.8697114019076,POINT (-122.25491515372158 37.8697114019076),ios,,2020-02-06T16:23:19-08:00,1.1964749185858266,0.07814573353013698,-0.022185756726039285
353,1581035000.0,-122.25491004076065,37.86970142744283,POINT (-122.25491004076065 37.86970142744283),ios,,2020-02-06T16:23:20-08:00,1.2746206521159635,0.0559599768040977,-0.1439403914892503
354,1581035001.0,-122.25490492779971,37.86969069860677,POINT (-122.25490492779971 37.86969069860677),ios,,2020-02-06T16:23:21-08:00,1.3305806289200612,-0.08798041468515261,-0.322326668362484
355,1581035002.0,-122.25490031775297,37.869679299218454,POINT (-122.25490031775297 37.869679299218454),ios,,2020-02-06T16:23:22-08:00,1.2426002142349086,-0.41030708304763663,0.41025945969475575
356,1581035003.0,-122.25489554006816,37.869668779929974,POINT (-122.25489554006816 37.869668779929974),ios,,2020-02-06T16:23:23-08:00,0.832293131187272,-4.7623352880887815e-05,0.15915873055415308
357,1581035004.0,-122.25489449230028,37.86966134077807,POINT (-122.25489449230028 37.86966134077807),ios,,2020-02-06T16:23:24-08:00,0.8322455078343911,0.1591111072012722,-0.15916712179198345
358,1581035005.0,-122.25489344459237,37.869653902051844,POINT (-122.25489344459237 37.869653902051844),ios,,2020-02-06T16:23:25-08:00,0.9913566150356633,-5.601459071125081e-05,0.15430445992329667
359,1581035006.0,-122.25489164243227,37.86964510080485,POINT (-122.25489164243227 37.86964510080485),ios,,2020-02-06T16:23:26-08:00,0.991300600444952,0.15424844533258542,-0.11196786061052358
360,1581035007.0,-122.254889840374,37.869636300055184,POINT (-122.254889840374 37.869636300055184),ios,,2020-02-06T16:23:27-08:00,1.1455490457775375,0.04228058472206183,0.0033500042503819528
369,1581035016.0,-122.25487743515731,37.8695440991203,POINT (-122.25487743515731 37.8695440991203),ios,,2020-02-06T16:23:36-08:00,1.526074308276094,0.0724306229754994,-0.13568315994319535
370,1581035017.0,-122.25487022672058,37.86953161008457,POINT (-122.25487022672058 37.86953161008457),ios,,2020-02-06T16:23:37-08:00,1.5985049312515933,-0.06325253696769595,-0.06419586030613833
371,1581035018.0,-122.25486326974095,37.869518324768045,POINT (-122.25486326974095 37.869518324768045),ios,,2020-02-06T16:23:38-08:00,1.5352523942838974,-0.12744839727383428,0.16505925248927333
372,1581035019.0,-122.25485765386583,37.8695052489991,POINT (-122.25485765386583 37.8695052489991),ios,,2020-02-06T16:23:39-08:00,1.407803997010063,0.037610855215439054,-0.1124775887597389
373,1581035020.0,-122.25485396582843,37.869492927601435,POINT (-122.25485396582843 37.869492927601435),ios,,2020-02-06T16:23:40-08:00,1.4454148522255021,-0.07486673354429985,0.3484076650048049
374,1581035021.0,-122.25485161889554,37.86948006138007,POINT (-122.25485161889554 37.86948006138007),ios,,2020-02-06T16:23:41-08:00,1.3705481186812023,0.27354093146050507,-0.6761837277957519
375,1581035022.0,-122.25484902050556,37.86946790762047,POINT (-122.25484902050556 37.86946790762047),ios,,2020-02-06T16:23:42-08:00,1.6440890501417074,-0.4026427963352468,0.7213675368118793
377,1581035023.0,-122.25485006477699,37.869453144971004,POINT (-122.25485006477699 37.869453144971004),midpoint,"[<POINT (-122.255 37.869)>, <POINT (-122.255 37.869)>]",2020-02-06T16:23:43-08:00,1.2414462538064606,0.31872474047663246,-0.5264487664127451
378,1581035024.0,-122.25484619211555,37.869442407086524,POINT (-122.25484619211555 37.869442407086524),midpoint,"[<POINT (-122.255 37.869)>, <POINT (-122.255 37.869)>]",2020-02-06T16:23:44-08:00,1.560170994283093,-0.2077240259361126,0.03184913451698845
379,1581035025.0,-122.25484095990655,37.86942899784479,POINT (-122.25484095990655 37.86942899784479),midpoint,"[<POINT (-122.255 37.869)>, <POINT (-122.255 37.869)>]",2020-02-06T16:23:45-08:00,1.3524469683469804,-0.17587489141912416,0.6264671484920608
380,1581035026.0,-122.25483636443074,37.869417388603054,POINT (-122.25483636443074 37.869417388603054),midpoint,"[<POINT (-122.255 37.869)>, <POINT (-122.255 37.869)>]",2020-02-06T16:23:46-08:00,1.1765720769278563,0.4505922570729366,-0.7077199719969078
381,1581035027.0,-122.25483276086447,37.86940719699938,POINT (-122.25483276086447 37.86940719699938),midpoint,"[<POINT (-122.255 37.869)>, <POINT (-122.255 37.869)>]",2020-02-06T16:23:47-08:00,1.6271643340007929,-0.25712771492397124,-0.041091389498151054
382,1581035028.0,-122.2548286058411,37.86939293589805,POINT (-122.2548286058411 37.86939293589805),midpoint,"[<POINT (-122.255 37.869)>, <POINT (-122.255 37.869)>]",2020-02-06T16:23:48-08:00,1.3700366190768216,-0.2982191044221223,0.5628781122993585
383,1581035029.0,-122.2548241734743,37.86938112212812,POINT (-122.2548241734743 37.86938112212812),midpoint,"[<POINT (-122.255 37.869)>, <POINT (-122.255 37.869)>]",2020-02-06T16:23:49-08:00,1.0718175146546993,0.2646590078772362,-0.7353909591302166
384,1581035030.0,-122.25482132297999,37.86937174937401,POINT (-122.25482132297999 37.86937174937401),midpoint,"[<POINT (-122.255 37.869)>, <POINT (-122.255 37.869)>]",2020-02-06T16:23:50-08:00,1.3364765225319355,-0.4707319512529804,-0.3950126200259747
385,1581035031.0,-122.25481883769427,37.86935989135611,POINT (-122.25481883769427 37.86935989135611),midpoint,"[<POINT (-122.255 37.869)>, <POINT (-122.255 37.869)>]",2020-02-06T16:23:51-08:00,0.8657445712789551,-0.8657445712789551,0.8657445712789551
386,1581035032.0,-122.25481800242773,37.869352133498886,POINT (-122.25481800242773 37.869352133498886),midpoint,"[<POINT (-122.255 37.869)>, <POINT (-122.255 37.869)>]",2020-02-06T16:23:52-08:00,0.0,0.0,0.0
