,ts,longitude,latitude,geometry,source,matching,fmt_time,speed,acceleration,jerk
17,1574295457.0,-122.2575076,37.8696871,POINT (-122.2575076 37.8696871),android,,2019-11-20T16:17:37-08:00,0.8508448033193822,-0.3318295692088463,0.6900720104220174
18,1574295458.0,-122.25751163726734,37.86969405652219,POINT (-122.25751163726734 37.86969405652219),android,,2019-11-20T16:17:38-08:00,0.5190152341105359,0.35824244121317106,-0.13183927188034295
19,1574295459.0,-122.2575141,37.8696983,POINT (-122.2575141 37.8696983),android,,2019-11-20T16:17:39-08:00,0.8772576753237069,0.2264031693328281,-0.9246120852403664
20,1574295460.0,-122.2575156,37.8696905,POINT (-122.2575156 37.8696905),android,,2019-11-20T16:17:40-08:00,1.103660844656535,-0.6982089159075383,0.911486853930114
21,1574295461.0,-122.2575165,37.8696806,POINT (-122.2575165 37.8696806),android,,2019-11-20T16:17:41-08:00,0.4054519287489967,0.21327793802257566,0.06484543032906298
22,1574295462.0,-122.2575193,37.8696835,POINT (-122.2575193 37.8696835),android,,2019-11-20T16:17:42-08:00,0.6187298667715724,0.27812336835163864,2.560321418786712
23,1574295463.0,-122.2575242,37.8696875,POINT (-122.2575242 37.8696875),android,,2019-11-20T16:17:43-08:00,0.896853235123211,2.838444787138351,-5.058342918105675
24,1574295464.0,-122.2575313,37.8696933,POINT (-122.2575313 37.8696933),android,,2019-11-20T16:17:44-08:00,3.7352980222615617,-2.219898130967324,2.688309064671748
25,1574295465.0,-122.25754874769808,37.86966266114066,POINT (-122.25754874769808 37.86966266114066),ios,,2019-11-20T16:17:45-08:00,1.5153998912942381,0.468410933704424,-0.025418077133388506
26,1574295466.0,-122.25755897361995,37.86967364143381,POINT (-122.25755897361995 37.86967364143381),ios,,2019-11-20T16:17:46-08:00,1.9838108249986621,0.4429928565710355,-1.59515746216469
27,1574295467.0,-122.25757531833113,37.869685962831475,POINT (-122.25757531833113 37.869685962831475),ios,,2019-11-20T16:17:47-08:00,2.4268036815696976,-1.1521646055936545,0.6691273449762308
28,1574295468.0,-122.25759644072713,37.869700044428804,POINT (-122.25759644072713 37.869700044428804),ios,,2019-11-20T16:17:48-08:00,1.274639075976043,-0.4830372606174237,0.48299233300998345
29,1574295469.0,-122.25760993559123,37.869704277289905,POINT (-122.25760993559123 37.869704277289905),ios,,2019-11-20T16:17:49-08:00,0.7916018153586194,-4.492760744023716e-05,1.238791056456464
30,1574295470.0,-122.25761324653692,37.869710899181285,POINT (-122.25761324653692 37.869710899181285),ios,,2019-11-20T16:17:50-08:00,0.7915568877511792,1.2387461288490238,-1.3783678269155317
31,1574295471.0,-122.25761655729474,37.869717520696916,POINT (-122.25761655729474 37.869717520696916),ios,,2019-11-20T16:17:51-08:00,2.030303016600203,-0.13962169806650793,-0.10311057243638566
32,1574295472.0,-122.2576235980934,37.869734913146,POINT (-122.2576235980934 37.869734913146),ios,,2019-11-20T16:17:52-08:00,1.890681318533695,-0.2427322705028936,-0.2382256157325604
33,1574295473.0,-122.25762971688272,37.869751215947666,POINT (-122.25762971688272 37.869751215947666),ios,,2019-11-20T16:17:53-08:00,1.6479490480308014,-0.480957886235454,0.7302911077274978
34,1574295474.0,-122.25763239909173,37.869765884278216,POINT (-122.25763239909173 37.869765884278216),ios,,2019-11-20T16:17:54-08:00,1.1669911617953475,0.24933322149204384,-0.9650418303534962
35,1574295475.0,-122.25763055507304,37.86977627783815,POINT (-122.25763055507304 37.86977627783815),ios,,2019-11-20T16:17:55-08:00,1.4163243832873913,-0.7157086088614524,0.715668345816767
36,1574295476.0,-122.25762929778756,37.869788976421454,POINT (-122.25762929778756 37.869788976421454),ios,,2019-11-20T16:17:56-08:00,0.7006157744259389,-4.026304468540687e-05,-0.01969567928899174
37,1574295477.0,-122.25763227344866,37.86979482296688,POINT (-122.25763227344866 37.86979482296688),ios,,2019-11-20T16:17:57-08:00,0.7005755113812535,-0.019735942333677148,4.967770494300929
38,1574295478.0,-122.25763524893881,37.86980066917638,POINT (-122.25763524893881 37.86980066917638),ios,,2019-11-20T16:17:58-08:00,0.6808395690475764,4.948034551967252,-9.051011343412577
39,1574295479.0,-122.25763552834354,37.86980678813978,POINT (-122.25763552834354 37.86980678813978),ios,,2019-11-20T16:17:59-08:00,5.628874121014829,-4.102976791445325,3.9572649626468235
40,1574295480.0,-122.2575728,37.8698173,POINT (-122.2575728 37.8698173),android,,2019-11-20T16:18:00-08:00,1.5258973295695035,-0.14571182879850175,0.5064838275592174
41,1574295481.0,-122.2575738,37.869831,POINT (-122.2575738 37.869831),android,,2019-11-20T16:18:01-08:00,1.3801855007710018,0.36077199876071564,-0.44673663071644976
42,1574295482.0,-122.2575731,37.8698434,POINT (-122.2575731 37.8698434),android,,2019-11-20T16:18:02-08:00,1.7409574995317174,-0.08596463195573412,-0.25952845105849454
43,1574295483.0,-122.2575703,37.8698589,POINT (-122.2575703 37.8698589),android,,2019-11-20T16:18:03-08:00,1.6549928675759833,-0.34549308301422865,0.10954681507072261
44,1574295484.0,-122.2575639,37.8698729,POINT (-122.2575639 37.8698729),android,,2019-11-20T16:18:04-08:00,1.3094997845617546,-0.23594626794350604,0.33204686815518736
45,1574295485.0,-122.2575574,37.8698835,POINT (-122.2575574 37.8698835),android,,2019-11-20T16:18:05-08:00,1.0735535166182486,0.09610060021168132,0.27616373675639605
46,1574295486.0,-122.2575516,37.869892,POINT (-122.2575516 37.869892),android,,2019-11-20T16:18:06-08:00,1.16965411682993,0.37226433696807737,-1.1951641804024715
47,1574295487.0,-122.2575443,37.8699008,POINT (-122.2575443 37.8699008),android,,2019-11-20T16:18:07-08:00,1.5419184537980073,-0.8228998434343942,1.2275364299015123
48,1574295488.0,-122.257532,37.8699107,POINT (-122.257532 37.8699107),android,,2019-11-20T16:18:08-08:00,0.7190186103636131,0.4046365864671182,-0.36369223247286064
49,1574295489.0,-122.2575245,37.8699133,POINT (-122.2575245 37.8699133),android,,2019-11-20T16:18:09-08:00,1.1236551968307313,0.040944353994257554,0.48776212300597277
50,1574295490.0,-122.25751426310538,37.869919367359294,POINT (-122.25751426310538 37.869919367359294),android,,2019-11-20T16:18:10-08:00,1.164599550824989,0.5287064770002303,-1.7357702198128657
51,1574295491.0,-122.2575041,37.8699261,POINT (-122.2575041 37.8699261),android,,2019-11-20T16:18:11-08:00,1.6933060278252192,-1.2070637428126354,2.1353117915119784
52,1574295492.0,-122.2574905,37.8699369,POINT (-122.2574905 37.8699369),android,,2019-11-20T16:18:12-08:00,0.4862422850125839,0.928248048699343,-1.6297957927352456
53,1574295493.0,-122.25748718560604,37.8699404037879,POINT (-122.25748718560604 37.8699404037879),android,,2019-11-20T16:18:13-08:00,1.4144903337119268,-0.7015477440359026,1.4193933374140513
54,1574295494.0,-122.25747790160598,37.869950801248585,POINT (-122.25747790160598 37.869950801248585),android,,2019-11-20T16:18:14-08:00,0.7129425896760242,0.7178455933781487,2.053879710957262
55,1574295495.0,-122.25747424433459,37.86995652610902,POINT (-122.25747424433459 37.86995652610902),android,,2019-11-20T16:18:15-08:00,1.4307881830541729,2.7717253043354106,-6.567950506158562
56,1574295496.0,-122.25746725164356,37.869968149295154,POINT (-122.25746725164356 37.869968149295154),android,,2019-11-20T16:18:16-08:00,4.2025134873895835,-3.7962252018231513,3.796225194812349
57,1574295497.0,-122.25750516180159,37.86999123174498,POINT (-122.25750516180159 37.86999123174498),ios,,2019-11-20T16:18:17-08:00,0.4062882855664324,-7.01080216103378e-09,-3.467848957705577e-05
58,1574295498.0,-122.25750097073076,37.86999278244119,POINT (-122.25750097073076 37.86999278244119),ios,,2019-11-20T16:18:18-08:00,0.40628827855563027,-3.4685500379216805e-05,1.5696049357063182
59,1574295499.0,-122.25749677965993,37.86999433313739,POINT (-122.25749677965993 37.86999433313739),ios,,2019-11-20T16:18:19-08:00,0.40625359305525105,1.569570250205939,-1.9259366926946258
60,1574295500.0,-122.25749258894683,37.86999588370124,POINT (-122.25749258894683 37.86999588370124),ios,,2019-11-20T16:18:20-08:00,1.97582384326119,-0.35636644248868676,0.09894967280736156
63,1574295503.0,-122.2574266,37.8700072,POINT (-122.2574266 37.8700072),android,,2019-11-20T16:18:23-08:00,0.9067245157951298,-0.0595174240666021,0.30897814702009985
64,1574295504.0,-122.2574232,37.8700149,POINT (-122.2574232 37.8700149),android,,2019-11-20T16:18:24-08:00,0.8472070917285277,0.24946072295349775,-0.5439990083314814
65,1574295505.0,-122.2574215,37.8700224,POINT (-122.2574215 37.8700224),android,,2019-11-20T16:18:25-08:00,1.0966678146820255,-0.2945382853779837,0.14725437565608443
67,1574295507.0,-122.257405836249,37.87000703163246,POINT (-122.257405836249 37.87000703163246),ios,,2019-11-20T16:18:27-08:00,0.507591243926058,-2.9534065814851296e-05,0.1376028655776882
68,1574295508.0,-122.2574001782998,37.870007974623995,POINT (-122.2574001782998 37.870007974623995),ios,,2019-11-20T16:18:28-08:00,0.5075617098602432,0.13757333151187334,-0.7182914412555407
69,1574295509.0,-122.25739452067974,37.870008917560675,POINT (-122.25739452067974 37.870008917560675),ios,,2019-11-20T16:18:29-08:00,0.6451350413721165,-0.5807181097436673,0.6127388232326042
70,1574295510.0,-122.25740076537328,37.87001197704141,POINT (-122.25740076537328 37.87001197704141),ios,,2019-11-20T16:18:30-08:00,0.06441693162844916,0.0320207134889369,-0.001827055752835826
115,1574295555.0,-122.25736786622764,37.870009713841476,POINT (-122.25736786622764 37.870009713841476),ios,,2019-11-20T16:19:15-08:00,1.5053490386306094,-0.050196795388675275,0.14142687861558945
116,1574295556.0,-122.25735805940093,37.869998607819774,POINT (-122.25735805940093 37.869998607819774),ios,,2019-11-20T16:19:16-08:00,1.4551522432419342,0.09123008322691417,-0.010546069235501943
117,1574295557.0,-122.25734791729809,37.86998825616936,POINT (-122.25734791729809 37.86998825616936),ios,,2019-11-20T16:19:17-08:00,1.5463823264688483,0.08068401399141223,-0.1841776529345367
118,1574295558.0,-122.25733651790978,37.869977653061845,POINT (-122.25733651790978 37.869977653061845),ios,,2019-11-20T16:19:18-08:00,1.6270663404602606,-0.10349363894312447,0.12187718095081745
119,1574295559.0,-122.25732402887405,37.869966840406754,POINT (-122.25732402887405 37.869966840406754),ios,,2019-11-20T16:19:19-08:00,1.523572701517136,0.018383542007692988,-0.0579106684753663
120,1574295560.0,-122.25731330003799,37.86995606966118,POINT (-122.25731330003799 37.86995606966118),ios,,2019-11-20T16:19:20-08:00,1.541956243524829,-0.03952712646767331,-0.005626860640276288
121,1574295561.0,-122.25730257120193,37.869945089368024,POINT (-122.25730257120193 37.869945089368024),ios,,2019-11-20T16:19:21-08:00,1.5024291170571558,-0.0451539871079496,-0.1662582004473181
122,1574295562.0,-122.25729259673716,37.86993410907487,POINT (-122.25729259673716 37.86993410907487),ios,,2019-11-20T16:19:22-08:00,1.4572751299492062,-0.2114121875552677,0.1900567102996611
123,1574295563.0,-122.25728413101496,37.8699228354151,POINT (-122.25728413101496 37.8699228354151),ios,,2019-11-20T16:19:23-08:00,1.2458629423939385,-0.021355477255606603,-0.13617091318084862
124,1574295564.0,-122.25727910187305,37.86991235803614,POINT (-122.25727910187305 37.86991235803614),ios,,2019-11-20T16:19:24-08:00,1.2245074651383319,-0.15752639043645522,0.21795494521220937
125,1574295565.0,-122.25727449182631,37.869901964476206,POINT (-122.25727449182631 37.869901964476206),ios,,2019-11-20T16:19:25-08:00,1.0669810747018766,0.06042855477575415,0.2670856011015037
126,1574295566.0,-122.2572681215799,37.869893792120614,POINT (-122.2572681215799 37.869893792120614),ios,,2019-11-20T16:19:26-08:00,1.1274096294776308,0.32751415587725785,-0.20173604291038627
127,1574295567.0,-122.25725739274384,37.869888218155005,POINT (-122.25725739274384 37.869888218155005),ios,,2019-11-20T16:19:27-08:00,1.4549237853548886,0.12577811296687158,-0.000738163304150774
128,1574295568.0,-122.2572424729562,37.86988251846085,POINT (-122.2572424729562 37.86988251846085),ios,,2019-11-20T16:19:28-08:00,1.5807018983217602,0.1250399496627208,-0.2405028849190889
129,1574295569.0,-122.25722470332147,37.869880213437476,POINT (-122.25722470332147 37.869880213437476),ios,,2019-11-20T16:19:29-08:00,1.705741847984481,-0.11546293525636808,0.03444798204659549
130,1574295570.0,-122.25720542494417,37.86987828559975,POINT (-122.25720542494417 37.86987828559975),ios,,2019-11-20T16:19:30-08:00,1.590278912728113,-0.08101495320977259,0.14113564703439585
131,1574295571.0,-122.25718757149042,37.86987585484783,POINT (-122.25718757149042 37.86987585484783),ios,,2019-11-20T16:19:31-08:00,1.5092639595183404,0.06012069382462326,-0.09338276548839497
132,1574295572.0,-122.25717047240795,37.86987442992429,POINT (-122.25717047240795 37.86987442992429),ios,,2019-11-20T16:19:32-08:00,1.5693846533429636,-0.03326207166377171,0.020007473278245147
133,1574295573.0,-122.2571526189542,37.86987518429557,POINT (-122.2571526189542 37.86987518429557),ios,,2019-11-20T16:19:33-08:00,1.536122581679192,-0.013254598385526561,0.04708558986839417
134,1574295574.0,-122.25713526841463,37.869876986404755,POINT (-122.25713526841463 37.869876986404755),ios,,2019-11-20T16:19:34-08:00,1.5228679832936654,0.03383099148286761,-0.0688312376651139
135,1574295575.0,-122.25711842078925,37.86988025534699,POINT (-122.25711842078925 37.86988025534699),ios,,2019-11-20T16:19:35-08:00,1.556698974776533,-0.035000246182246286,-0.008360090175611568
136,1574295576.0,-122.25710165698291,37.86988482348422,POINT (-122.25710165698291 37.86988482348422),ios,,2019-11-20T16:19:36-08:00,1.5216987285942867,-0.043360336357857854,-0.2637318962715953
137,1574295577.0,-122.25708573136689,37.869890229811766,POINT (-122.25708573136689 37.869890229811766),ios,,2019-11-20T16:19:37-08:00,1.4783383922364288,-0.3070922326294532,0.16730005539219395
138,1574295578.0,-122.25707014102699,37.86989525895367,POINT (-122.25707014102699 37.86989525895367),ios,,2019-11-20T16:19:38-08:00,1.1712461596069756,-0.13979217723725923,0.4514115112301438
139,1574295579.0,-122.25705865781964,37.8699006233717,POINT (-122.25705865781964 37.8699006233717),ios,,2019-11-20T16:19:39-08:00,1.0314539823697164,0.31161933399288455,-0.18536058314748782
140,1574295580.0,-122.25704918626906,37.869906113518276,POINT (-122.25704918626906 37.869906113518276),ios,,2019-11-20T16:19:40-08:00,1.343073316362601,0.12625875084539673,-0.06344124837368592
141,1574295581.0,-122.25703694869043,37.86991336386452,POINT (-122.25703694869043 37.86991336386452),ios,,2019-11-20T16:19:41-08:00,1.4693320672079977,0.0628175024717108,-0.17866497735262832
142,1574295582.0,-122.25702219654085,37.86991960838238,POINT (-122.25702219654085 37.86991960838238),ios,,2019-11-20T16:19:42-08:00,1.5321495696797085,-0.11584747488091751,0.007193513316294808
143,1574295583.0,-122.25700618710579,37.86992509852896,POINT (-122.25700618710579 37.86992509852896),ios,,2019-11-20T16:19:43-08:00,1.416302094798791,-0.1086539615646227,0.1781965610648173
144,1574295584.0,-122.25699068058492,37.86992861892829,POINT (-122.25699068058492 37.86992861892829),ios,,2019-11-20T16:19:44-08:00,1.3076481332341683,0.06954259950019459,-0.050871024512340046
145,1574295585.0,-122.25697601225437,37.86993067249457,POINT (-122.25697601225437 37.86993067249457),ios,,2019-11-20T16:19:45-08:00,1.3771907327343629,0.018671574987854545,0.10384921770383682
146,1574295586.0,-122.2569605057335,37.86993255842278,POINT (-122.2569605057335 37.86993255842278),ios,,2019-11-20T16:19:46-08:00,1.3958623077222174,0.12252079269169136,-0.10384637820362519
147,1574295587.0,-122.25694508303167,37.86993561781744,POINT (-122.25694508303167 37.86993561781744),ios,,2019-11-20T16:19:47-08:00,1.5183831004139088,0.01867441448806617,-0.08605019483900977
148,1574295588.0,-122.25692865450145,37.86993989258806,POINT (-122.25692865450145 37.86993989258806),ios,,2019-11-20T16:19:48-08:00,1.537057514901975,-0.0673757803509436,0.14036169152652045
149,1574295589.0,-122.25691256124736,37.86994534082512,POINT (-122.25691256124736 37.86994534082512),ios,,2019-11-20T16:19:49-08:00,1.4696817345510313,0.07298591117557685,-0.23314735856148117
150,1574295590.0,-122.25689697090746,37.86995016041944,POINT (-122.25689697090746 37.86995016041944),ios,,2019-11-20T16:19:50-08:00,1.5426676457266082,-0.16016144738590432,0.17403585002439836
151,1574295591.0,-122.25688104529144,37.86995602775166,POINT (-122.25688104529144 37.86995602775166),ios,,2019-11-20T16:19:51-08:00,1.3825061983407039,0.013874402638494043,0.1762279924406569
152,1574295592.0,-122.25686646077992,37.86996072161744,POINT (-122.25686646077992 37.86996072161744),ios,,2019-11-20T16:19:52-08:00,1.396380600979198,0.19010239507915094,-0.3208786698060526
153,1574295593.0,-122.25685137335421,37.869964703021445,POINT (-122.25685137335421 37.869964703021445),ios,,2019-11-20T16:19:53-08:00,1.5864829960583489,-0.13077627472690168,-0.12113872016095817
154,1574295594.0,-122.25683351990045,37.869966924225785,POINT (-122.25683351990045 37.869966924225785),ios,,2019-11-20T16:19:54-08:00,1.4557067213314472,-0.25191499488785984,0.24841648697717922
155,1574295595.0,-122.2568170075512,37.869968139601745,POINT (-122.2568170075512 37.869968139601745),ios,,2019-11-20T16:19:55-08:00,1.2037917264435873,-0.003498507910680626,0.19245002726769478
156,1574295596.0,-122.2568035126871,37.869970067439475,POINT (-122.2568035126871 37.869970067439475),ios,,2019-11-20T16:19:56-08:00,1.2002932185329067,0.18895151935701415,-0.3923958508787335
157,1574295597.0,-122.25679060455622,37.86997362974832,POINT (-122.25679060455622 37.86997362974832),ios,,2019-11-20T16:19:57-08:00,1.3892447378899209,-0.20344433152171937,0.4404795659541967
158,1574295598.0,-122.25677618768276,37.86997878461877,POINT (-122.25677618768276 37.86997878461877),ios,,2019-11-20T16:19:58-08:00,1.1858004063682015,0.23703523443247732,-0.25143833134985893
159,1574295599.0,-122.25676369864703,37.86998284984181,POINT (-122.25676369864703 37.86998284984181),ios,,2019-11-20T16:19:59-08:00,1.4228356408006788,-0.01440309691738162,-0.31423231333487367
160,1574295600.0,-122.25674886267842,37.86998800471226,POINT (-122.25674886267842 37.86998800471226),ios,,2019-11-20T16:20:00-08:00,1.4084325438832972,-0.3286354102522553,0.3285730553117159
161,1574295601.0,-122.2567342781669,37.86999328531126,POINT (-122.2567342781669 37.86999328531126),ios,,2019-11-20T16:20:01-08:00,1.079797133631042,-6.235494053941082e-05,0.04283050065076255
162,1574295602.0,-122.25672333946768,37.8699977278481,POINT (-122.25672333946768 37.8699977278481),ios,,2019-11-20T16:20:02-08:00,1.0797347786905025,0.04276814571022314,-0.036057311983671125
163,1574295603.0,-122.25671240139962,37.87000217012862,POINT (-122.25671240139962 37.87000217012862),ios,,2019-11-20T16:20:03-08:00,1.1225029244007256,0.006710833726552012,0.03776891479132405
164,1574295604.0,-122.25670058291615,37.87000602580408,POINT (-122.25670058291615 37.87000602580408),ios,,2019-11-20T16:20:04-08:00,1.1292137581272776,0.04447974851787606,0.016750070311845944
165,1574295605.0,-122.25668859679462,37.870009713841476,POINT (-122.25668859679462 37.870009713841476),ios,,2019-11-20T16:20:05-08:00,1.1736935066451537,0.061229818829722005,0.0388026957806924
166,1574295606.0,-122.25667644303502,37.87001411434064,POINT (-122.25667644303502 37.87001411434064),ios,,2019-11-20T16:20:06-08:00,1.2349233254748757,0.1000325146104144,-0.01793619917684164
167,1574295607.0,-122.25666403781833,37.87001935303012,POINT (-122.25666403781833 37.87001935303012),ios,,2019-11-20T16:20:07-08:00,1.3349558400852901,0.08209631543357276,-0.15115426176358548
168,1574295608.0,-122.25665004004003,37.8700240468959,POINT (-122.25665004004003 37.8700240468959),ios,,2019-11-20T16:20:08-08:00,1.4170521555188629,-0.06905794633001272,0.07520610096727687
169,1574295609.0,-122.25663394678594,37.87002505272428,POINT (-122.25663394678594 37.87002505272428),ios,,2019-11-20T16:20:09-08:00,1.3479942091888502,0.006148154637264147,-0.027149721996432508
170,1574295610.0,-122.25661860790314,37.87002446599106,POINT (-122.25661860790314 37.87002446599106),ios,,2019-11-20T16:20:10-08:00,1.3541423638261143,-0.02100156735916836,0.020467852894683558
171,1574295611.0,-122.25660385575355,37.87002090368221,POINT (-122.25660385575355 37.87002090368221),ios,,2019-11-20T16:20:11-08:00,1.333140796466946,-0.0005337144644848024,-0.17577256097670002
172,1574295612.0,-122.25658985797526,37.87001625172595,POINT (-122.25658985797526 37.87001625172595),ios,,2019-11-20T16:20:12-08:00,1.3326070820024611,-0.17630627544118482,0.5355058241759203
173,1574295613.0,-122.25657636311115,37.87001076157937,POINT (-122.25657636311115 37.87001076157937),ios,,2019-11-20T16:20:13-08:00,1.1563008065612763,0.3591995487347355,-0.19999271569699095
174,1574295614.0,-122.25656337116123,37.87000904328922,POINT (-122.25656337116123 37.87000904328922),ios,,2019-11-20T16:20:14-08:00,1.5155003552960118,0.15920683303774452,-0.20395446775108805
175,1574295615.0,-122.25654627207877,37.870010929217436,POINT (-122.25654627207877 37.870010929217436),ios,,2019-11-20T16:20:15-08:00,1.6747071883337563,-0.04474763471334353,0.17194821577609276
176,1574295616.0,-122.25652825098695,37.87001587454031,POINT (-122.25652825098695 37.87001587454031),ios,,2019-11-20T16:20:16-08:00,1.6299595536204128,0.12720058106274923,-0.5087846659830673
177,1574295617.0,-122.25651073280932,37.87002073604415,POINT (-122.25651073280932 37.87002073604415),ios,,2019-11-20T16:20:17-08:00,1.757160134683162,-0.38158408492031803,0.19123130764233576
178,1574295618.0,-122.2564924602604,37.87002719010959,POINT (-122.2564924602604 37.87002719010959),ios,,2019-11-20T16:20:18-08:00,1.375576049762844,-0.19035277727798228,0.28716723119774623
179,1574295619.0,-122.25647787574889,37.8700317163373,POINT (-122.25647787574889 37.8700317163373),ios,,2019-11-20T16:20:19-08:00,1.1852232724848617,0.09681445391976395,-0.10233606649836346
180,1574295620.0,-122.25646605726541,37.87003687120775,POINT (-122.25646605726541 37.87003687120775),ios,,2019-11-20T16:20:20-08:00,1.2820377264046257,-0.005521612578599511,0.10441936231674687
181,1574295621.0,-122.25645457405807,37.870043995825455,POINT (-122.25645457405807 37.870043995825455),ios,,2019-11-20T16:20:21-08:00,1.2765161138260261,0.09889774973814736,-0.20097874371127755
182,1574295622.0,-122.25644334230782,37.870051288081214,POINT (-122.25644334230782 37.870051288081214),ios,,2019-11-20T16:20:22-08:00,1.3754138635641735,-0.1020809939731302,0.0576472509809729
183,1574295623.0,-122.25643068563403,37.87005858033697,POINT (-122.25643068563403 37.87005858033697),ios,,2019-11-20T16:20:23-08:00,1.2733328695910433,-0.0444337429921573,0.14720758931797406
184,1574295624.0,-122.2564181965983,37.87006440575968,POINT (-122.2564181965983 37.87006440575968),ios,,2019-11-20T16:20:24-08:00,1.228899126598886,0.10277384632581676,-0.0922224436881185
185,1574295625.0,-122.25640562374355,37.87006926726352,POINT (-122.25640562374355 37.87006926726352),ios,,2019-11-20T16:20:25-08:00,1.3316729729247028,0.01055140263769827,-0.2101433867051281
186,1574295626.0,-122.25639112305106,37.87007278766285,POINT (-122.25639112305106 37.87007278766285),ios,,2019-11-20T16:20:26-08:00,1.342224375562401,-0.19959198406742984,0.13607307752952402
187,1574295627.0,-122.25637595180632,37.87007429640542,POINT (-122.25637595180632 37.87007429640542),ios,,2019-11-20T16:20:27-08:00,1.1426323914949712,-0.06351890653790582,0.2059858885919621
188,1574295628.0,-122.25636301886138,37.87007546454238,POINT (-122.25636301886138 37.87007546454238),ios,,2019-11-20T16:20:28-08:00,1.0791134849570654,0.14246698205405628,-0.16281335969313027
189,1574295629.0,-122.25635072711917,37.870075637443605,POINT (-122.25635072711917 37.870075637443605),ios,,2019-11-20T16:20:29-08:00,1.2215804670111217,-0.020346377639073987,0.32441218655956017
190,1574295630.0,-122.25633706568523,37.87007773207934,POINT (-122.25633706568523 37.87007773207934),ios,,2019-11-20T16:20:30-08:00,1.2012340893720477,0.3040658089204862,-0.17730814299612807
191,1574295631.0,-122.25632348666177,37.870079073540175,POINT (-122.25632348666177 37.870079073540175),ios,,2019-11-20T16:20:31-08:00,1.5052998982925339,0.1267576659243581,-0.36045715875216433
192,1574295632.0,-122.25630798047722,37.870084855400776,POINT (-122.25630798047722 37.870084855400776),ios,,2019-11-20T16:20:32-08:00,1.632057564216892,-0.23369949282780622,0.22906478112484296
193,1574295633.0,-122.25629155186762,37.870091728326514,POINT (-122.25629155186762 37.870091728326514),ios,,2019-11-20T16:20:33-08:00,1.3983580713890857,-0.004634711702963257,2.2720886538598277
194,1574295634.0,-122.25627688252142,37.870096632569265,POINT (-122.25627688252142 37.870096632569265),ios,,2019-11-20T16:20:34-08:00,1.3937233596861225,2.2674539421568642,-5.749855307108719
195,1574295635.0,-122.25626330317677,37.87010312816742,POINT (-122.25626330317677 37.87010312816742),ios,,2019-11-20T16:20:35-08:00,3.661177301842987,-3.4824013649518553,3.36596775148431
196,1574295636.0,-122.2562218,37.8701064,POINT (-122.2562218 37.8701064),android,,2019-11-20T16:20:36-08:00,0.17877593689113172,-0.11643361346754558,1.0252060824150213
197,1574295637.0,-122.256222,37.870108,POINT (-122.256222 37.870108),android,,2019-11-20T16:20:37-08:00,0.06234232342358615,0.9087724689474757,-0.4877352638841036
198,1574295638.0,-122.2562214,37.8701083,POINT (-122.2562214 37.8701083),android,,2019-11-20T16:20:38-08:00,0.9711147923710618,0.42103720506337206,-1.3220477482544504
199,1574295639.0,-122.2562117,37.8701125,POINT (-122.2562117 37.8701125),android,,2019-11-20T16:20:39-08:00,1.3921519974344339,-0.9010105431910782,0.8843592633498604
200,1574295640.0,-122.256197,37.8701172,POINT (-122.256197 37.8701172),android,,2019-11-20T16:20:40-08:00,0.4911414542433557,-0.016651279841217836,0.3218298148211917
201,1574295641.0,-122.25619179522154,37.8701188211605,POINT (-122.25619179522154 37.8701188211605),android,,2019-11-20T16:20:41-08:00,0.47449017440213787,0.3051785349799739,0.650841696997088
202,1574295642.0,-122.2561866,37.87012,POINT (-122.2561866 37.87012),android,,2019-11-20T16:20:42-08:00,0.7796687093821117,0.9560202319770619,-1.4455181402000212
203,1574295643.0,-122.25617780838363,37.870120999401166,POINT (-122.25617780838363 37.870120999401166),android,,2019-11-20T16:20:43-08:00,1.7356889413591736,-0.48949790822295935,-0.06712746580980633
204,1574295644.0,-122.2561588,37.8701253,POINT (-122.2561588 37.8701253),android,,2019-11-20T16:20:44-08:00,1.2461910331362143,-0.5566253740327657,0.7787468664650781
205,1574295645.0,-122.25614569407637,37.87012960879681,POINT (-122.25614569407637 37.87012960879681),android,,2019-11-20T16:20:45-08:00,0.6895656591034486,0.22212149243231238,-0.3831132075689053
206,1574295646.0,-122.2561385,37.8701321,POINT (-122.2561385 37.8701321),android,,2019-11-20T16:20:46-08:00,0.911687151535761,-0.16099171513659294,0.02695013586145867
207,1574295647.0,-122.2561281998185,37.87013315372051,POINT (-122.2561281998185 37.87013315372051),android,,2019-11-20T16:20:47-08:00,0.750695436399168,-0.13404157927513427,0.7145436636154103
208,1574295648.0,-122.2561197,37.8701339,POINT (-122.2561197 37.8701339),android,,2019-11-20T16:20:48-08:00,0.6166538571240338,0.5805020843402761,-0.5190162219377875
209,1574295649.0,-122.2561131,37.8701358,POINT (-122.2561131 37.8701358),android,,2019-11-20T16:20:49-08:00,1.1971559414643098,0.061485862402488545,-0.6941226922210525
210,1574295650.0,-122.25610213065944,37.870142197682775,POINT (-122.25610213065944 37.870142197682775),android,,2019-11-20T16:20:50-08:00,1.2586418038667984,-0.632636829818564,1.4222667251698962
211,1574295651.0,-122.25609022246688,37.870148503083755,POINT (-122.25609022246688 37.870148503083755),android,,2019-11-20T16:20:51-08:00,0.6260049740482344,0.7896298953513322,-1.6057912450246166
212,1574295652.0,-122.2560852,37.8701525,POINT (-122.2560852 37.8701525),android,,2019-11-20T16:20:52-08:00,1.4156348693995666,-0.8161613496732844,2.8900343164104436
213,1574295653.0,-122.25607152535152,37.87015924929607,POINT (-122.25607152535152 37.87015924929607),android,,2019-11-20T16:20:53-08:00,0.5994735197262823,2.0738729667371594,-3.2429988777940384
214,1574295654.0,-122.2560665,37.8701629,POINT (-122.2560665 37.8701629),android,,2019-11-20T16:20:54-08:00,2.6733464864634415,-1.1691259110568792,0.9917608497187236
215,1574295655.0,-122.2560466,37.8701811,POINT (-122.2560466 37.8701811),android,,2019-11-20T16:20:55-08:00,1.5042205754065623,-0.17736506133815566,-0.6740426830654144
216,1574295656.0,-122.2560344,37.8701906,POINT (-122.2560344 37.8701906),android,,2019-11-20T16:20:56-08:00,1.3268555140684066,-0.85140774440357,0.9276743564731958
217,1574295657.0,-122.2560233,37.8701987,POINT (-122.2560233 37.8701987),android,,2019-11-20T16:20:57-08:00,0.4754477696648366,0.07626661206962582,1.2052266262912876
218,1574295658.0,-122.2560191,37.8702014,POINT (-122.2560191 37.8702014),android,,2019-11-20T16:20:58-08:00,0.5517143817344624,1.2814932383609134,-1.819320356528414
219,1574295659.0,-122.256014,37.8702043,POINT (-122.256014 37.8702043),android,,2019-11-20T16:20:59-08:00,1.833207620095376,-0.5378271181675005,0.21603713840489835
220,1574295660.0,-122.2559973,37.8702142,POINT (-122.2559973 37.8702142),android,,2019-11-20T16:21:00-08:00,1.2953805019278755,-0.32178997976260215,-0.011089455332864873
221,1574295661.0,-122.2559856,37.8702213,POINT (-122.2559856 37.8702213),android,,2019-11-20T16:21:01-08:00,0.9735905221652733,-0.332879435095467,0.5563302329153162
222,1574295662.0,-122.25597745667703,37.87022724462577,POINT (-122.25597745667703 37.87022724462577),android,,2019-11-20T16:21:02-08:00,0.6407110870698063,0.22345079781984922,-0.18682020405763478
223,1574295663.0,-122.2559724,37.8702314,POINT (-122.2559724 37.8702314),android,,2019-11-20T16:21:03-08:00,0.8641618848896555,0.03663059376221445,0.6019866903120221
224,1574295664.0,-122.2559663,37.8702375,POINT (-122.2559663 37.8702375),android,,2019-11-20T16:21:04-08:00,0.90079247865187,0.6386172840742366,-1.7963282432067682
225,1574295665.0,-122.25595916956432,37.87024332608768,POINT (-122.25595916956432 37.87024332608768),android,,2019-11-20T16:21:05-08:00,1.5394097627261065,-1.1577109591325316,1.261501362854732
226,1574295666.0,-122.2559454,37.8702519,POINT (-122.2559454 37.8702519),android,,2019-11-20T16:21:06-08:00,0.3816988035935749,0.1037904037222005,0.38971392327797316
227,1574295667.0,-122.25594163567885,37.87025361849444,POINT (-122.25594163567885 37.87025361849444),android,,2019-11-20T16:21:07-08:00,0.4854892073157754,0.49350432700017366,0.5426867671031917
228,1574295668.0,-122.255937,37.870256,POINT (-122.255937 37.870256),android,,2019-11-20T16:21:08-08:00,0.978993534315949,1.0361910941033654,-2.1923625803010958
229,1574295669.0,-122.255928,37.8702612,POINT (-122.255928 37.8702612),android,,2019-11-20T16:21:09-08:00,2.0151846284193144,-1.1561714861977304,0.9043148496633356
230,1574295670.0,-122.2559074,37.8702692,POINT (-122.2559074 37.8702692),android,,2019-11-20T16:21:10-08:00,0.8590131422215841,-0.2518566365343947,0.8838526009969376
231,1574295671.0,-122.2558978,37.8702707,POINT (-122.2558978 37.8702707),android,,2019-11-20T16:21:11-08:00,0.6071565056871894,0.6319959644625429,-0.12224810488968829
232,1574295672.0,-122.255891,37.8702717,POINT (-122.255891 37.8702717),android,,2019-11-20T16:21:12-08:00,1.2391524701497323,0.5097478595728546,-2.1575804784604187
233,1574295673.0,-122.2558782,37.8702764,POINT (-122.2558782 37.8702764),android,,2019-11-20T16:21:13-08:00,1.748900329722587,-1.647832618887564,3.4126989287444163
234,1574295674.0,-122.25585984612398,37.87028252029574,POINT (-122.25585984612398 37.87028252029574),android,,2019-11-20T16:21:14-08:00,0.10106771083502278,1.7648663098568524,-2.7465407803744974
235,1574295675.0,-122.2558588,37.8702829,POINT (-122.2558588 37.8702829),android,,2019-11-20T16:21:15-08:00,1.8659340206918753,-0.981674470517645,1.344684181844413
236,1574295676.0,-122.25583864578635,37.8702882359301,POINT (-122.25583864578635 37.8702882359301),android,,2019-11-20T16:21:16-08:00,0.8842595501742303,0.36300971132676807,0.2676189706689316
237,1574295677.0,-122.2558287,37.8702895,POINT (-122.2558287 37.8702895),android,,2019-11-20T16:21:17-08:00,1.2472692615009984,0.6306286819956997,-1.9708434944026325
238,1574295678.0,-122.2558152,37.870293,POINT (-122.2558152 37.870293),android,,2019-11-20T16:21:18-08:00,1.877897943496698,-1.3402148124069329,2.012515427809742
239,1574295679.0,-122.2557953,37.8702992,POINT (-122.2557953 37.8702992),android,,2019-11-20T16:21:19-08:00,0.5376831310897652,0.6723006154028093,-0.6205868788814748
240,1574295680.0,-122.2557894,37.8703005,POINT (-122.2557894 37.8703005),android,,2019-11-20T16:21:20-08:00,1.2099837464925745,0.051713736521334486,0.3168167593040718
241,1574295681.0,-122.2557759,37.8703027,POINT (-122.2557759 37.8703027),android,,2019-11-20T16:21:21-08:00,1.261697483013909,0.3685304958254063,-0.40114438084954007
242,1574295682.0,-122.25576198555166,37.87030554562733,POINT (-122.25576198555166 37.87030554562733),android,,2019-11-20T16:21:22-08:00,1.6302279788393153,-0.03261388502413376,-0.8660897806331894
243,1574295683.0,-122.25574455476645,37.87031060623905,POINT (-122.25574455476645 37.87031060623905),android,,2019-11-20T16:21:23-08:00,1.5976140938151815,-0.8987036656573232,1.5374109758109011
244,1574295684.0,-122.255727,37.8703144,POINT (-122.255727 37.8703144),android,,2019-11-20T16:21:24-08:00,0.6989104281578583,0.638707310153578,-0.8127096003664097
245,1574295685.0,-122.2557193,37.870316,POINT (-122.2557193 37.870316),android,,2019-11-20T16:21:25-08:00,1.3376177383114363,-0.17400229021283176,0.03536823573437853
246,1574295686.0,-122.2557048,37.8703197,POINT (-122.2557048 37.8703197),android,,2019-11-20T16:21:26-08:00,1.1636154480986045,-0.13863405447845323,-0.15232460393491354
247,1574295687.0,-122.2556921,37.8703227,POINT (-122.2556921 37.8703227),android,,2019-11-20T16:21:27-08:00,1.0249813936201513,-0.29095865841336677,0.9491289520830786
248,1574295688.0,-122.25568074197452,37.87032483991784,POINT (-122.25568074197452 37.87032483991784),android,,2019-11-20T16:21:28-08:00,0.7340227352067845,0.6581702936697118,-1.2182364869004831
249,1574295689.0,-122.2556724,37.8703253,POINT (-122.2556724 37.8703253),android,,2019-11-20T16:21:29-08:00,1.3921930288764963,-0.5600661932307713,1.1689800259099736
250,1574295690.0,-122.25565667350212,37.87032692393185,POINT (-122.25565667350212 37.87032692393185),android,,2019-11-20T16:21:30-08:00,0.832126835645725,0.6089138326792023,-1.4766982663278045
251,1574295691.0,-122.2556472,37.8703272,POINT (-122.2556472 37.8703272),android,,2019-11-20T16:21:31-08:00,1.4410406683249273,-0.8677844336486022,1.4247184855576045
252,1574295692.0,-122.255631,37.8703293,POINT (-122.255631 37.8703293),android,,2019-11-20T16:21:32-08:00,0.573256234676325,0.5569340519090022,-0.34187479561239886
253,1574295693.0,-122.2556245,37.8703298,POINT (-122.2556245 37.8703298),android,,2019-11-20T16:21:33-08:00,1.1301902865853273,0.21505925629660338,-0.9184858442020871
254,1574295694.0,-122.2556117,37.8703309,POINT (-122.2556117 37.8703309),android,,2019-11-20T16:21:34-08:00,1.3452495428819307,-0.7034265879054837,0.6141706498008879
255,1574295695.0,-122.2555964,37.8703302,POINT (-122.2555964 37.8703302),android,,2019-11-20T16:21:35-08:00,0.6418229549764469,-0.08925593810459587,0.2984284734676682
256,1574295696.0,-122.25558909131622,37.87033002803097,POINT (-122.25558909131622 37.87033002803097),android,,2019-11-20T16:21:36-08:00,0.5525670168718511,0.20917253536307234,-0.17558520608023254
257,1574295697.0,-122.2555828,37.8703302,POINT (-122.2555828 37.8703302),android,,2019-11-20T16:21:37-08:00,0.7617395522349234,0.033587329282839806,1.3156173275136949
258,1574295698.0,-122.2555745,37.8703322,POINT (-122.2555745 37.8703322),android,,2019-11-20T16:21:38-08:00,0.7953268815177632,1.3492046567965346,-2.772294195406281
259,1574295699.0,-122.25556618378889,37.87033503934419,POINT (-122.25556618378889 37.87033503934419),android,,2019-11-20T16:21:39-08:00,2.1445315383142978,-1.4230895386097466,1.2680112351128114
260,1574295700.0,-122.2555423,37.8703391,POINT (-122.2555423 37.8703391),android,,2019-11-20T16:21:40-08:00,0.721441999704551,-0.15507830349693508,0.5932996771995792
261,1574295701.0,-122.2555342,37.8703402,POINT (-122.2555342 37.8703402),android,,2019-11-20T16:21:41-08:00,0.566363696207616,0.43822137370264413,-0.582021341048188
262,1574295702.0,-122.2555279,37.8703413,POINT (-122.2555279 37.8703413),android,,2019-11-20T16:21:42-08:00,1.00458506991026,-0.1437999673455439,0.7364654646318511
263,1574295703.0,-122.25551691923057,37.870343846153894,POINT (-122.25551691923057 37.870343846153894),android,,2019-11-20T16:21:43-08:00,0.8607851025647162,0.5926654972863072,-1.2672184676083482
264,1574295704.0,-122.2555075,37.870346,POINT (-122.2555075 37.870346),android,,2019-11-20T16:21:44-08:00,1.4534505998510234,-0.6745529703220409,1.0090381895584966
265,1574295705.0,-122.2554912,37.8703483,POINT (-122.2554912 37.8703483),android,,2019-11-20T16:21:45-08:00,0.7788976295289826,0.3344852192364557,-0.8751932497296268
266,1574295706.0,-122.2554824,37.8703492,POINT (-122.2554824 37.8703492),android,,2019-11-20T16:21:46-08:00,1.1133828487654382,-0.5407080304931711,1.050498321580599
267,1574295707.0,-122.2554699,37.8703509,POINT (-122.2554699 37.8703509),android,,2019-11-20T16:21:47-08:00,0.5726748182722672,0.5097902910874279,0.005412035444266161
268,1574295708.0,-122.2554635,37.8703519,POINT (-122.2554635 37.8703519),android,,2019-11-20T16:21:48-08:00,1.082465109359695,0.5152023265316941,-1.4709793556676658
269,1574295709.0,-122.2554512,37.8703526,POINT (-122.2554512 37.8703526),android,,2019-11-20T16:21:49-08:00,1.5976674358913892,-0.9557770291359718,1.4947243013329554
270,1574295710.0,-122.255434,37.8703479,POINT (-122.255434 37.8703479),android,,2019-11-20T16:21:50-08:00,0.6418904067554173,0.5389472721969836,2.2774220356531307
271,1574295711.0,-122.255428,37.8703446,POINT (-122.255428 37.8703446),android,,2019-11-20T16:21:51-08:00,1.1808376789524009,2.816369307850114,-5.739410101077656
272,1574295712.0,-122.255416,37.8703398,POINT (-122.255416 37.8703398),android,,2019-11-20T16:21:52-08:00,3.997206986802515,-2.9230407932275417,2.1034413854312435
273,1574295713.0,-122.25538982089819,37.87036921366851,POINT (-122.25538982089819 37.87036921366851),ios,,2019-11-20T16:21:53-08:00,1.0741661935749731,-0.8195994077962985,0.8195994098594379
274,1574295714.0,-122.25537775095762,37.87036762110691,POINT (-122.25537775095762 37.87036762110691),ios,,2019-11-20T16:21:54-08:00,0.25456678577867464,2.0631394925807456e-09,1.698421958629126e-09
275,1574295715.0,-122.25537501279483,37.870366866715116,POINT (-122.25537501279483 37.870366866715116),ios,,2019-11-20T16:21:55-08:00,0.25456678784181413,3.761561451209872e-09,-2.6157979671204146e-09
276,1574295716.0,-122.25537227463204,37.87036611232333,POINT (-122.25537227463204 37.87036611232333),ios,,2019-11-20T16:21:56-08:00,0.2545667916033756,1.145763484089457e-09,1.1777246400335173e-09
277,1574295717.0,-122.25536953646923,37.87036535793154,POINT (-122.25536953646923 37.87036535793154),ios,,2019-11-20T16:21:57-08:00,0.25456679274913907,2.3234881241229743e-09,-2.6034879807568245e-10
278,1574295718.0,-122.25536679830644,37.87036460353975,POINT (-122.25536679830644 37.87036460353975),ios,,2019-11-20T16:21:58-08:00,0.2545667950726272,2.063139326047292e-09,-6.570273769490598e-10
279,1574295719.0,-122.25536406014365,37.87036384914796,POINT (-122.25536406014365 37.87036384914796),ios,,2019-11-20T16:21:59-08:00,0.2545667971357665,1.4061119490982321e-09,4.450550261658748e-09
280,1574295720.0,-122.25536132198086,37.87036309475617,POINT (-122.25536132198086 37.87036309475617),ios,,2019-11-20T16:22:00-08:00,0.25456679854187847,5.85666221075698e-09,-6.22785426509509e-05
281,1574295721.0,-122.25535858381808,37.87036234036438,POINT (-122.25535858381808 37.87036234036438),ios,,2019-11-20T16:22:01-08:00,0.2545668043985407,-6.227268598874014e-05,0.2589305025066188
282,1574295722.0,-122.25535584565526,37.87036158597259,POINT (-122.25535584565526 37.87036158597259),ios,,2019-11-20T16:22:02-08:00,0.25450453171255194,0.25886822982063007,-0.2588682436668299
283,1574295723.0,-122.25535310816228,37.87036083176534,POINT (-122.25535310816228 37.87036083176534),ios,,2019-11-20T16:22:03-08:00,0.513372761533182,-1.3846199853340124e-08,-4.210201373389122e-05
284,1574295724.0,-122.25534838622774,37.87036355595835,POINT (-122.25534838622774 37.87036355595835),ios,,2019-11-20T16:22:04-08:00,0.5133727476869822,-4.211585993374456e-05,0.7083635076219891
285,1574295725.0,-122.2553436642932,37.87036628015135,POINT (-122.2553436642932 37.87036628015135),ios,,2019-11-20T16:22:05-08:00,0.5133306318270484,0.7083213917620553,-0.5638735365699697
286,1574295726.0,-122.25533894274594,37.87036900412093,POINT (-122.25533894274594 37.87036900412093),ios,,2019-11-20T16:22:06-08:00,1.2216520235891037,0.14444785519208558,-0.39221961648002646
287,1574295727.0,-122.25532502878667,37.870368752663836,POINT (-122.25532502878667 37.870368752663836),ios,,2019-11-20T16:22:07-08:00,1.3660998787811893,-0.24777176128794087,0.17776945832921442
288,1574295728.0,-122.2553095222658,37.87036770492594,POINT (-122.2553095222658 37.87036770492594),ios,,2019-11-20T16:22:08-08:00,1.1183281174932485,-0.07000230295872645,-0.3410533667524235
289,1574295729.0,-122.25529678177298,37.87036770492594,POINT (-122.25529678177298 37.87036770492594),ios,,2019-11-20T16:22:09-08:00,1.048325814534522,-0.41105566971114993,0.4110202646559087
290,1574295730.0,-122.2552852147466,37.87037005185883,POINT (-122.2552852147466 37.87037005185883),ios,,2019-11-20T16:22:10-08:00,0.6372701448233721,-3.5405055241244376e-05,0.29351687262356096
291,1574295731.0,-122.25527796419897,37.87037034523359,POINT (-122.25527796419897 37.87037034523359),ios,,2019-11-20T16:22:11-08:00,0.6372347397681308,0.2934814675683197,-0.29353380353381664
292,1574295732.0,-122.25527071405412,37.87037063859205,POINT (-122.25527071405412 37.87037063859205),ios,,2019-11-20T16:22:12-08:00,0.9307162073364506,-5.23359654969191e-05,-0.13806387479263804
293,1574295733.0,-122.25526069739803,37.87036789344153,POINT (-122.25526069739803 37.87036789344153),ios,,2019-11-20T16:22:13-08:00,0.9306638713709536,-0.13811621075813496,0.13807125281192933
294,1574295734.0,-122.25525068130553,37.87036514844547,POINT (-122.25525068130553 37.87036514844547),ios,,2019-11-20T16:22:14-08:00,0.7925476606128187,-4.495794620562599e-05,0.015411071769484752
295,1574295735.0,-122.2552417543254,37.8703640797225,POINT (-122.2552417543254 37.8703640797225),ios,,2019-11-20T16:22:15-08:00,0.792502702666613,0.015366113823279126,-0.015411350478389596
296,1574295736.0,-122.25523282785178,37.870363011060164,POINT (-122.25523282785178 37.870363011060164),ios,,2019-11-20T16:22:16-08:00,0.8078688164898922,-4.5236655110469925e-05,0.4668110633882312
297,1574295737.0,-122.25522436189242,37.87036016113325,POINT (-122.25522436189242 37.87036016113325),ios,,2019-11-20T16:22:17-08:00,0.8078235798347817,0.4667658267331207,-0.2871604638213363
298,1574295738.0,-122.25521589640738,37.87035731136601,POINT (-122.25521589640738 37.87035731136601),ios,,2019-11-20T16:22:18-08:00,1.2745894065679024,0.17960536291178442,-0.6050212948030231
299,1574295739.0,-122.25520550284745,37.87034930664848,POINT (-122.25520550284745 37.87034930664848),ios,,2019-11-20T16:22:19-08:00,1.4541947694796868,-0.4254159318912387,0.20009582586701136
300,1574295740.0,-122.25519510928751,37.870339122636125,POINT (-122.25519510928751 37.870339122636125),ios,,2019-11-20T16:22:20-08:00,1.0287788375884481,-0.22532010602422736,0.22527510068042766
301,1574295741.0,-122.25518479954661,37.87033472213696,POINT (-122.25518479954661 37.87033472213696),ios,,2019-11-20T16:22:21-08:00,0.8034587315642208,-4.5005343799697783e-05,0.14644413829298564
302,1574295742.0,-122.2551757049269,37.87033390487851,POINT (-122.2551757049269 37.87033390487851),ios,,2019-11-20T16:22:22-08:00,0.8034137262204211,0.14639913294918594,-0.14645276308538313
303,1574295743.0,-122.25516661081672,37.87033308766584,POINT (-122.25516661081672 37.87033308766584),ios,,2019-11-20T16:22:23-08:00,0.949812859169607,-5.363013619719137e-05,0.05556496778483189
304,1574295744.0,-122.25515663607015,37.870329776720546,POINT (-122.25515663607015 37.870329776720546),ios,,2019-11-20T16:22:24-08:00,0.9497592290334098,0.055511337648634695,0.3675048409106012
305,1574295745.0,-122.25514666188718,37.870326465962336,POINT (-122.25514666188718 37.870326465962336),ios,,2019-11-20T16:22:25-08:00,1.0052705666820445,0.4230161785592359,-0.22263078386086854
306,1574295746.0,-122.25513668742241,37.870322023553655,POINT (-122.25513668742241 37.870322023553655),ios,,2019-11-20T16:22:26-08:00,1.4282867452412804,0.20038539469836736,0.25644729205302874
307,1574295747.0,-122.25512444984378,37.87031355783145,POINT (-122.25512444984378 37.87031355783145),ios,,2019-11-20T16:22:27-08:00,1.6286721399396478,0.4568326867513961,-0.6130660360364812
308,1574295748.0,-122.25511279899837,37.87030215844314,POINT (-122.25511279899837 37.87030215844314),ios,,2019-11-20T16:22:28-08:00,2.085504826691044,-0.15623334928508514,0.06909944457407469
309,1574295749.0,-122.25509779539169,37.870287615841136,POINT (-122.25509779539169 37.870287615841136),ios,,2019-11-20T16:22:29-08:00,1.9292714774059587,-0.08713390471101046,0.10170282842719525
310,1574295750.0,-122.25508287560405,37.870274875348315,POINT (-122.25508287560405 37.870274875348315),ios,,2019-11-20T16:22:30-08:00,1.8421375726949483,0.01456892371618479,3.2327392399090664
311,1574295751.0,-122.2550679558164,37.87026322450291,POINT (-122.2550679558164 37.87026322450291),ios,,2019-11-20T16:22:31-08:00,1.856706496411133,3.247308163625251,-6.975363926134874
312,1574295752.0,-122.25505270075263,37.87025165747653,POINT (-122.25505270075263 37.87025165747653),ios,,2019-11-20T16:22:32-08:00,5.104014660036384,-3.7280557625096233,4.087292856793466
313,1574295753.0,-122.25504243661895,37.87020647675983,POINT (-122.25504243661895 37.87020647675983),android,,2019-11-20T16:22:33-08:00,1.3759588975267607,0.35923709428384276,-1.0702980349443973
314,1574295754.0,-122.2550352,37.8701955,POINT (-122.2550352 37.8701955),android,,2019-11-20T16:22:34-08:00,1.7351959918106035,-0.7110609406605546,1.293276931341324
315,1574295755.0,-122.2550347,37.8701799,POINT (-122.2550347 37.8701799),android,,2019-11-20T16:22:35-08:00,1.0241350511500489,0.5822159906807693,-0.45916105694280374
316,1574295756.0,-122.2550329,37.8701708,POINT (-122.2550329 37.8701708),android,,2019-11-20T16:22:36-08:00,1.6063510418308182,0.12305493373796561,-0.9099876465516001
317,1574295757.0,-122.25502916716421,37.87015665746288,POINT (-122.25502916716421 37.87015665746288),android,,2019-11-20T16:22:37-08:00,1.7294059755687838,-0.7869327128136345,1.212861055063458
318,1574295758.0,-122.25502418562115,37.870141609898084,POINT (-122.25502418562115 37.870141609898084),android,,2019-11-20T16:22:38-08:00,0.9424732627551493,0.42592834224982346,-0.09121435392200161
319,1574295759.0,-122.2550263,37.8701333,POINT (-122.2550263 37.8701333),android,,2019-11-20T16:22:39-08:00,1.3684016050049728,0.33471398832782184,0.26766820406585534
320,1574295760.0,-122.2550268,37.870121,POINT (-122.2550268 37.870121),android,,2019-11-20T16:22:40-08:00,1.7031155933327946,0.6023821923936772,-2.176284188724402
321,1574295761.0,-122.2550259,37.8701057,POINT (-122.2550259 37.8701057),android,,2019-11-20T16:22:41-08:00,2.305497785726472,-1.5739019963307248,1.6536163778489865
322,1574295762.0,-122.2550244,37.870085,POINT (-122.2550244 37.870085),android,,2019-11-20T16:22:42-08:00,0.7315957893957469,0.07971438151826171,0.5109228882712692
323,1574295763.0,-122.25502929082977,37.870079672489,POINT (-122.25502929082977 37.870079672489),android,,2019-11-20T16:22:43-08:00,0.8113101709140086,0.5906372697895309,0.47405024131320694
324,1574295764.0,-122.2550346,37.8700737,POINT (-122.2550346 37.8700737),android,,2019-11-20T16:22:44-08:00,1.4019474407035395,1.0646875111027378,-2.560828214696082
325,1574295765.0,-122.2550395,37.8700617,POINT (-122.2550395 37.8700617),android,,2019-11-20T16:22:45-08:00,2.4666349518062773,-1.4961407035933445,1.6255788167696987
326,1574295766.0,-122.2550459,37.8700401,POINT (-122.2550459 37.8700401),android,,2019-11-20T16:22:46-08:00,0.9704942482129328,0.12943811317635423,0.8732681136599187
327,1574295767.0,-122.2550506,37.8700322,POINT (-122.2550506 37.8700322),android,,2019-11-20T16:22:47-08:00,1.099932361389287,1.002706226836273,-1.7090004663769065
328,1574295768.0,-122.2550558,37.8700232,POINT (-122.2550558 37.8700232),android,,2019-11-20T16:22:48-08:00,2.10263858822556,-0.7062942395406335,13.659517518158516
329,1574295769.0,-122.2550623,37.870005,POINT (-122.2550623 37.870005),android,,2019-11-20T16:22:49-08:00,1.3963443486849265,12.953223278617882,-25.888857328738197
330,1574295770.0,-122.2550714,37.8699947,POINT (-122.2550714 37.8699947),android,,2019-11-20T16:22:50-08:00,14.34956762730281,-12.935634050120317,12.86206746366556
331,1574295771.0,-122.25491045985581,37.87001734137336,POINT (-122.25491045985581 37.87001734137336),ios,,2019-11-20T16:22:51-08:00,1.4139335771824915,-0.07356658645475678,0.09810755609861221
332,1574295772.0,-122.25490962166549,37.87000464279006,POINT (-122.25490962166549 37.87000464279006),ios,,2019-11-20T16:22:52-08:00,1.3403669907277347,0.024540969643855437,-0.14883707337817653
333,1574295773.0,-122.25490861583711,37.869992614759006,POINT (-122.25490861583711 37.869992614759006),ios,,2019-11-20T16:22:53-08:00,1.3649079603715901,-0.1242961037343211,0.1116924120188667
334,1574295774.0,-122.25490643654229,37.86998046099941,POINT (-122.25490643654229 37.86998046099941),ios,,2019-11-20T16:22:54-08:00,1.240611856637269,-0.01260369171545439,0.1606728138198812
335,1574295775.0,-122.25490316760005,37.8699696064348,POINT (-122.25490316760005 37.8699696064348),ios,,2019-11-20T16:22:55-08:00,1.2280081649218146,0.1480691221044268,-0.0027177205949044936
336,1574295776.0,-122.25490123976232,37.86995866805116,POINT (-122.25490123976232 37.86995866805116),ios,,2019-11-20T16:22:56-08:00,1.3760772870262414,0.1453514015095223,-0.03381114173928079
337,1574295777.0,-122.25489755172492,37.86994664002011,POINT (-122.25489755172492 37.86994664002011),ios,,2019-11-20T16:22:57-08:00,1.5214286885357637,0.11154025977024151,-0.07519145836823093
338,1574295778.0,-122.25489109765948,37.869933941436805,POINT (-122.25489109765948 37.869933941436805),ios,,2019-11-20T16:22:58-08:00,1.6329689483060053,0.03634880140201058,-0.32708483772042474
339,1574295779.0,-122.25488581706048,37.86991985983948,POINT (-122.25488581706048 37.86991985983948),ios,,2019-11-20T16:22:59-08:00,1.6693177497080158,-0.29073603631841416,0.3298993126919125
340,1574295780.0,-122.25487894389988,37.86990586206118,POINT (-122.25487894389988 37.86990586206118),ios,,2019-11-20T16:23:00-08:00,1.3785817133896017,0.03916327637349837,-0.07743262107274473
341,1574295781.0,-122.25487584259571,37.86989370830158,POINT (-122.25487584259571 37.86989370830158),ios,,2019-11-20T16:23:01-08:00,1.4177449897631,-0.038269344699246366,0.05459521588570637
342,1574295782.0,-122.25487349566282,37.86988109353731,POINT (-122.25487349566282 37.86988109353731),ios,,2019-11-20T16:23:02-08:00,1.3794756450638537,0.016325871186460006,-0.12818762250251425
343,1574295783.0,-122.25487332802476,37.869868688320615,POINT (-122.25487332802476 37.869868688320615),ios,,2019-11-20T16:23:03-08:00,1.3958015162503137,-0.11186175131605425,0.01389906828191445
344,1574295784.0,-122.25487575877668,37.86985628310392,POINT (-122.25487575877668 37.86985628310392),ios,,2019-11-20T16:23:04-08:00,1.2839397649342594,-0.0979626830341398,9.947857518370617
345,1574295785.0,-122.25488011736633,37.86984526090125,POINT (-122.25488011736633 37.86984526090125),ios,,2019-11-20T16:23:05-08:00,1.1859770819001196,9.849894835336476,-19.948137451566648
346,1574295786.0,-122.25488590087951,37.8698356217126,POINT (-122.25488590087951 37.8698356217126),ios,,2019-11-20T16:23:06-08:00,11.035871917236596,-10.098242616230172,10.828061079296916
347,1574295787.0,-122.2550025,37.8697985,POINT (-122.2550025 37.8697985),android,,2019-11-20T16:23:07-08:00,0.9376293010064238,0.7298184630667446,-0.8154353526791704
348,1574295788.0,-122.2549954,37.8697922,POINT (-122.2549954 37.8697922),android,,2019-11-20T16:23:08-08:00,1.6674477640731684,-0.08561688961242586,0.4571541263782708
349,1574295789.0,-122.2549851,37.8697796,POINT (-122.2549851 37.8697796),android,,2019-11-20T16:23:09-08:00,1.5818308744607426,0.37153723676584494,-1.715393581386049
350,1574295790.0,-122.25497383364969,37.86976849715674,POINT (-122.25497383364969 37.86976849715674),android,,2019-11-20T16:23:10-08:00,1.9533681112265875,-1.343856344620204,1.5614763296733285
351,1574295791.0,-122.25496149712335,37.86975387654799,POINT (-122.25496149712335 37.86975387654799),android,,2019-11-20T16:23:11-08:00,0.6095117666063835,0.21761998505312452,-0.15800315386280261
352,1574295792.0,-122.254957,37.8697497,POINT (-122.254957 37.8697497),android,,2019-11-20T16:23:12-08:00,0.827131751659508,0.059616831190321906,0.45851954781881954
353,1574295793.0,-122.2549511,37.8697439,POINT (-122.2549511 37.8697439),android,,2019-11-20T16:23:13-08:00,0.8867485828498299,0.5181363790091414,-1.4166309411796276
354,1574295794.0,-122.2549465,37.8697368,POINT (-122.2549465 37.8697368),android,,2019-11-20T16:23:14-08:00,1.4048849618589714,-0.8984945621704862,1.3823291283322963
355,1574295795.0,-122.2549396,37.8697254,POINT (-122.2549396 37.8697254),android,,2019-11-20T16:23:15-08:00,0.5063903996884852,0.4838345661618102,-0.3253003717093029
356,1574295796.0,-122.2549377,37.8697211,POINT (-122.2549377 37.8697211),android,,2019-11-20T16:23:16-08:00,0.9902249658502954,0.15853419445250727,0.26896205047886246
357,1574295797.0,-122.2549333,37.8697129,POINT (-122.2549333 37.8697129),android,,2019-11-20T16:23:17-08:00,1.1487591603028027,0.42749624493136973,-0.4897620506310223
358,1574295798.0,-122.25493160827088,37.869702655640346,POINT (-122.25493160827088 37.869702655640346),android,,2019-11-20T16:23:18-08:00,1.5762554052341724,-0.062265805699652566,-0.6886856390725693
359,1574295799.0,-122.25492895004636,37.869688636211066,POINT (-122.25492895004636 37.869688636211066),android,,2019-11-20T16:23:19-08:00,1.5139895995345198,-0.7509514447722219,6.751667451312382
360,1574295800.0,-122.25492762549018,37.86967506078407,POINT (-122.25492762549018 37.86967506078407),android,,2019-11-20T16:23:20-08:00,0.763038154762298,6.000716006540161,-11.549000459181473
361,1574295801.0,-122.2549278,37.8696682,POINT (-122.2549278 37.8696682),android,,2019-11-20T16:23:21-08:00,6.763754161302459,-5.548284452641312,5.635406695947201
362,1574295802.0,-122.25485078070523,37.869666349178054,POINT (-122.25485078070523 37.869666349178054),ios,,2019-11-20T16:23:22-08:00,1.2154697086611468,0.08712224330588947,-0.0493249754074086
364,1574295804.0,-122.25484751176299,37.86964464004884,POINT (-122.25484751176299 37.86964464004884),ios,,2019-11-20T16:23:24-08:00,1.3897141952729257,-0.011527707508927731,-0.13142559711387736
365,1574295805.0,-122.25484206352593,37.8696329053844,POINT (-122.25484206352593 37.8696329053844),ios,,2019-11-20T16:23:25-08:00,1.378186487763998,-0.1429533046228051,0.18177044403537757
366,1574295806.0,-122.25483577709855,37.8696215479056,POINT (-122.25483577709855 37.8696215479056),ios,,2019-11-20T16:23:26-08:00,1.235233183141193,0.03881713941257248,0.05418062504181376
367,1574295807.0,-122.25483175378503,37.869610902888574,POINT (-122.25483175378503 37.869610902888574),ios,,2019-11-20T16:23:27-08:00,1.2740503225537654,0.09299776445438623,-0.031897774925279565
368,1574295808.0,-122.25482840102376,37.869599754957356,POINT (-122.25482840102376 37.869599754957356),ios,,2019-11-20T16:23:28-08:00,1.3670480870081516,0.06109998952910667,-0.18087817968056386
369,1574295809.0,-122.25482605409087,37.86958760119776,POINT (-122.25482605409087 37.86958760119776),ios,,2019-11-20T16:23:29-08:00,1.4281480765372583,-0.11977819015145719,0.12609630589943666
370,1574295810.0,-122.25482328806282,37.86957494452397,POINT (-122.25482328806282 37.86957494452397),ios,,2019-11-20T16:23:30-08:00,1.308369886385801,0.006318115747979469,0.027344203044066484
371,1574295811.0,-122.2548208573109,37.869563335588076,POINT (-122.2548208573109 37.869563335588076),ios,,2019-11-20T16:23:31-08:00,1.3146880021337806,0.03366231879204595,-0.059141609805081874
372,1574295812.0,-122.25481775600673,37.8695517685617,POINT (-122.25481775600673 37.8695517685617),ios,,2019-11-20T16:23:32-08:00,1.3483503209258265,-0.02547929101303592,0.11546147619943947
373,1574295813.0,-122.25481314595999,37.86954020153532,POINT (-122.25481314595999 37.86954020153532),ios,,2019-11-20T16:23:33-08:00,1.3228710299127906,0.08998218518640355,-0.061042210486828674
374,1574295814.0,-122.2548092064655,37.86952871832798,POINT (-122.2548092064655 37.86952871832798),ios,,2019-11-20T16:23:34-08:00,1.4128532150991941,0.028939974699574877,-0.005435531797705062
375,1574295815.0,-122.25480417732359,37.86951664838741,POINT (-122.25480417732359 37.86951664838741),ios,,2019-11-20T16:23:35-08:00,1.441793189798769,0.023504442901869815,-0.07893358915811666
376,1574295816.0,-122.25479730416299,37.869504871813454,POINT (-122.25479730416299 37.869504871813454),ios,,2019-11-20T16:23:36-08:00,1.4652976327006388,-0.05542914625624684,-0.011954083755987277
377,1574295817.0,-122.25478791643144,37.86949397533933,POINT (-122.25478791643144 37.86949397533933),ios,,2019-11-20T16:23:37-08:00,1.409868486444392,-0.06738323001223412,0.4823515048226503
378,1574295818.0,-122.25477827724279,37.869483833236494,POINT (-122.25477827724279 37.869483833236494),ios,,2019-11-20T16:23:38-08:00,1.3424852564321579,0.4149682748104162,-0.6173972036151132
379,1574295819.0,-122.25477014679672,37.869473607314625,POINT (-122.25477014679672 37.869473607314625),ios,,2019-11-20T16:23:39-08:00,1.757453531242574,-0.20242892880469698,-0.014382697691139238
382,1574295822.0,-122.25482055767615,37.86944782763878,POINT (-122.25482055767615 37.86944782763878),midpoint,"[<POINT (-122.255 37.869)>, <POINT (-122.255 37.869)>]",2019-11-20T16:23:42-08:00,1.1501667448284831,-0.2455770218781147,0.7858828086462857
383,1574295823.0,-122.25481862531421,37.869437597039784,POINT (-122.25481862531421 37.869437597039784),midpoint,"[<POINT (-122.255 37.869)>, <POINT (-122.255 37.869)>]",2019-11-20T16:23:43-08:00,0.9045897229503684,0.540305786768171,-1.0473730776930874
384,1574295824.0,-122.25481817159502,37.86942946975748,POINT (-122.25481817159502 37.86942946975748),midpoint,"[<POINT (-122.255 37.869)>, <POINT (-122.255 37.869)>]",2019-11-20T16:23:44-08:00,1.4448955097185394,-0.5070672909249164,0.7204998404404452
385,1574295825.0,-122.2548151617487,37.86941669457399,POINT (-122.2548151617487 37.86941669457399),midpoint,"[<POINT (-122.255 37.869)>, <POINT (-122.255 37.869)>]",2019-11-20T16:23:45-08:00,0.937828218793623,0.2134325495155288,-0.18275866584395895
386,1574295826.0,-122.25481409878066,37.8694083023286,POINT (-122.25481409878066 37.8694083023286),midpoint,"[<POINT (-122.255 37.869)>, <POINT (-122.255 37.869)>]",2019-11-20T16:23:46-08:00,1.1512607683091518,0.030673883671569868,-0.008786735815996094
387,1574295827.0,-122.25481238551389,37.86939803750806,POINT (-122.25481238551389 37.86939803750806),midpoint,"[<POINT (-122.255 37.869)>, <POINT (-122.255 37.869)>]",2019-11-20T16:23:47-08:00,1.1819346519807217,0.021887147855573774,-0.2787997852236963
388,1574295828.0,-122.25481061824512,37.86938750006545,POINT (-122.25481061824512 37.86938750006545),midpoint,"[<POINT (-122.255 37.869)>, <POINT (-122.255 37.869)>]",2019-11-20T16:23:48-08:00,1.2038217998362954,-0.25691263736812253,0.3899203159887521
389,1574295829.0,-122.25480961394786,37.86937670290346,POINT (-122.25480961394786 37.86937670290346),midpoint,"[<POINT (-122.255 37.869)>, <POINT (-122.255 37.869)>]",2019-11-20T16:23:49-08:00,0.9469091624681729,0.13300767862062957,-0.9539428663712188
390,1574295830.0,-122.25480932001128,37.86936819030663,POINT (-122.25480932001128 37.86936819030663),midpoint,"[<POINT (-122.255 37.869)>, <POINT (-122.255 37.869)>]",2019-11-20T16:23:50-08:00,1.0799168410888025,-0.8209351877505893,1.3612602679602603
391,1574295831.0,-122.25481014199434,37.869358500082356,POINT (-122.25481014199434 37.869358500082356),midpoint,"[<POINT (-122.255 37.869)>, <POINT (-122.255 37.869)>]",2019-11-20T16:23:51-08:00,0.25898165333821316,0.5403250802096711,-0.9168093132882877
392,1574295832.0,-122.25481040292082,37.869356180130424,POINT (-122.25481040292082 37.869356180130424),midpoint,"[<POINT (-122.255 37.869)>, <POINT (-122.255 37.869)>]",2019-11-20T16:23:52-08:00,0.7993067335478843,-0.3764842330786166,0.7958666656631682
393,1574295833.0,-122.25481217728016,37.869349129581465,POINT (-122.25481217728016 37.869349129581465),midpoint,"[<POINT (-122.255 37.869)>, <POINT (-122.255 37.869)>]",2019-11-20T16:23:53-08:00,0.42282250046926767,0.4193824325845516,-1.261587365638371
394,1574295834.0,-122.25481289490854,37.869345369483355,POINT (-122.25481289490854 37.869345369483355),midpoint,"[<POINT (-122.255 37.869)>, <POINT (-122.255 37.869)>]",2019-11-20T16:23:54-08:00,0.8422049330538193,-0.8422049330538193,0.8422049330538193
395,1574295835.0,-122.25481354490854,37.86933781275331,POINT (-122.25481354490854 37.86933781275331),midpoint,"[<POINT (-122.255 37.869)>, <POINT (-122.255 37.869)>]",2019-11-20T16:23:55-08:00,0.0,0.0,0.0
