,latitude,longitude,ts,fmt_time,geometry,gt_distance,gt_projection,source,speed,acceleration,jerk
0,37.385955,-122.0841594,1565136029.0,2019-08-06T17:00:29-07:00,POINT (-122.0841594 37.385955),24.830567048026076,0.0,android,0.826469560396915,-0.0534256381338456,-0.09902181616612182
1,37.3859542,-122.0841501,1565136030.0,2019-08-06T17:00:30-07:00,POINT (-122.0841501 37.3859542),24.054831747250333,0.0,android,0.7730439222630694,-0.15244745429996742,0.5341163610869522
2,37.385952,-122.0841418,1565136031.0,2019-08-06T17:00:31-07:00,POINT (-122.0841418 37.385952),23.289549093088766,0.0,android,0.620596467963102,0.38166890678698473,-0.3081107708728532
3,37.3859497,-122.0841354,1565136032.0,2019-08-06T17:00:32-07:00,POINT (-122.0841354 37.3859497),22.669022311279765,0.0,android,1.0022653747500867,0.07355813591413152,-0.20178490833871787
4,37.3859461,-122.084125,1565136033.0,2019-08-06T17:00:33-07:00,POINT (-122.084125 37.3859461),21.667822172432423,0.0,android,1.0758235106642182,-0.12822677242458635,0.034790654555566736
5,37.3859427,-122.0841136,1565136034.0,2019-08-06T17:00:34-07:00,POINT (-122.0841136 37.3859427),20.59890790565816,0.0,android,0.9475967382396319,-0.09343611786901962,1.5581878029344312
6,37.3859389,-122.084104,1565136035.0,2019-08-06T17:00:35-07:00,POINT (-122.084104 37.3859389),19.650525447069878,0.0,android,0.8541606203706122,1.4647516850654114,-1.0751848357758156
7,37.3859359,-122.0840951,1565136036.0,2019-08-06T17:00:36-07:00,POINT (-122.0840951 37.3859359),18.798675165367325,0.0,android,2.3189123054360237,0.38956684928959584,-0.8757181074519611
8,37.3859337,-122.084069,1565136037.0,2019-08-06T17:00:37-07:00,POINT (-122.084069 37.3859337),16.670030211280068,0.0,android,2.7084791547256195,-0.48615125816236526,0.059548819248903984
9,37.38593,-122.0840387,1565136038.0,2019-08-06T17:00:38-07:00,POINT (-122.0840387 37.38593),14.201234881962193,0.0,android,2.2223278965632542,-0.4266024389134613,0.7456040328903542
10,37.3859287,-122.0840136,1565136039.0,2019-08-06T17:00:39-07:00,POINT (-122.0840136 37.3859287),12.362129950309248,0.0,android,1.795725457649793,0.31900159397689287,5.4606932967126856
11,37.3859362,-122.0839956,1565136040.0,2019-08-06T17:00:40-07:00,POINT (-122.0839956 37.3859362),11.81965415444292,0.0,android,2.114727051626686,5.779694890689578,-12.426567229965602
12,37.3859402,-122.0839722,1565136041.0,2019-08-06T17:00:41-07:00,POINT (-122.0839722 37.3859402),10.95277922383759,0.0,android,7.8944219423162645,-6.646872339276024,11.446411669392766
13,37.386010911111114,-122.0839802,1565136042.0,2019-08-06T17:00:42-07:00,POINT (-122.0839802 37.386010911111114),17.962297006627264,19.129931314912454,android,1.2475496030402407,4.799539330116742,-9.326626415525187
14,37.38601428518518,-122.08396673333334,1565136043.0,2019-08-06T17:00:43-07:00,POINT (-122.08396673333334 37.38601428518518),17.02549985739447,19.95694208124343,android,6.047088933156982,-4.527087085408445,4.212111267930011
15,37.3859707,-122.0839258,1565136044.0,2019-08-06T17:00:44-07:00,POINT (-122.0839258 37.3859707),11.747712560092491,17.013807780954295,android,1.5200018477485373,-0.31497581747843384,0.13012088854014614
16,37.3859783,-122.0839115,1565136045.0,2019-08-06T17:00:45-07:00,POINT (-122.0839115 37.3859783),10.934272074939251,18.299142134201475,android,1.2050260302701035,-0.1848549289382877,0.3182440469691423
17,37.385984,-122.0838999,1565136046.0,2019-08-06T17:00:46-07:00,POINT (-122.0838999 37.385984),10.253427557620647,19.29465861416277,android,1.0201711013318158,0.13338911803085463,-0.21298422219079072
18,37.3859883,-122.0838897,1565136047.0,2019-08-06T17:00:47-07:00,POINT (-122.0838897 37.3859883),9.622612435118839,20.097856685156437,android,1.1535602193626704,-0.07959510415993609,3.1709095867377157
19,37.3859955,-122.0838803,1565136048.0,2019-08-06T17:00:48-07:00,POINT (-122.0838803 37.3859955),9.187397663633211,21.166162488631702,android,1.0739651152027343,3.0913144825777796,-4.1383564676022795
20,37.3860005,-122.0838699,1565136049.0,2019-08-06T17:00:49-07:00,POINT (-122.0838699 37.3860005),8.572005023039287,22.04751091241145,android,4.165279597780514,-1.0470419850244999,1.005995205051581
21,37.3860379037037,-122.08387246666665,1565136050.0,2019-08-06T17:00:50-07:00,POINT (-122.08387246666665 37.3860379037037),10.467924434250016,25.74602066390995,android,3.118237612756014,-0.041046779972918834,-1.7885949604060845
22,37.3860171,-122.0838488,1565136051.0,2019-08-06T17:00:51-07:00,POINT (-122.0838488 37.3860171),7.614871880296191,24.48993915377488,android,3.0771908327830952,-1.8296417403790033,1.8296416907504
23,37.386044651851854,-122.08384553333332,1565136052.0,2019-08-06T17:00:52-07:00,POINT (-122.08384553333332 37.386044651851854),8.594332946069214,27.400044147907256,android,1.247549092404092,-4.962860322699214e-08,0.021975602736095112
24,37.38604802592592,-122.08383206666666,1565136053.0,2019-08-06T17:00:53-07:00,POINT (-122.08383206666666 37.38604802592592),7.65753744997358,28.227056062010497,android,1.2475490427754887,0.021975553107491885,-0.1963407714050942
25,37.3860514,-122.08381859999999,1565136054.0,2019-08-06T17:00:54-07:00,POINT (-122.08381859999999 37.3860514),6.720742117416227,29.054068092473237,android,1.2695245958829806,-0.17436521829760232,0.11244084833885437
26,37.3860615,-122.0838119,1565136055.0,2019-08-06T17:00:55-07:00,POINT (-122.0838119 37.3860615),6.634788700129675,30.31904744189123,android,1.0951593775853783,-0.06192436995874795,-0.19962755401914356
27,37.3860709,-122.0838082,1565136056.0,2019-08-06T17:00:56-07:00,POINT (-122.0838082 37.3860709),6.759858782203367,31.405026272437127,android,1.0332350076266303,-0.2615519239778915,0.9653066936030399
28,37.3860793,-122.0838032,1565136057.0,2019-08-06T17:00:57-07:00,POINT (-122.0838032 37.3860793),6.734655011797824,32.43647601987662,android,0.7716830836487388,0.7037547696251484,-0.8272228559135556
29,37.3860859,-122.0838005,1565136058.0,2019-08-06T17:00:58-07:00,POINT (-122.0838005 37.3860859),6.814210876965504,33.20265019655095,android,1.4754378532738872,-0.12346808628840722,0.11992022684955805
30,37.3860991,-122.0838022,1565136059.0,2019-08-06T17:00:59-07:00,POINT (-122.0838022 37.3860991),7.547523828568633,34.47927117093553,android,1.35196976698548,-0.0035478594388491658,-0.2730607828605984
31,37.3861112,-122.0838037,1565136060.0,2019-08-06T17:01:00-07:00,POINT (-122.0838037 37.3861112),8.21500971458113,35.65160813117808,android,1.3484219075466308,-0.2766086422994476,0.055000481467520124
32,37.3861232,-122.0838015,1565136061.0,2019-08-06T17:01:01-07:00,POINT (-122.0838015 37.3861232),8.578750255413514,36.94707617878158,android,1.0718132652471832,-0.22160816083192747,0.15786488060397585
33,37.3861323,-122.0837975,1565136062.0,2019-08-06T17:01:02-07:00,POINT (-122.0837975 37.3861323),8.666017162470007,38.013454558988144,android,0.8502051044152558,-0.06374328022795162,-0.11086572979087872
34,37.3861391,-122.0837931,1565136063.0,2019-08-06T17:01:03-07:00,POINT (-122.0837931 37.3861391),8.617116250795052,38.86112961268328,android,0.7864618241873041,-0.17460901001883034,0.7129606876395597
35,37.3861457,-122.0837899,1565136064.0,2019-08-06T17:01:04-07:00,POINT (-122.0837899 37.3861457),8.656235716080547,39.64531267171529,android,0.6118528141684738,0.5383516776207293,-0.3303650812421499
36,37.3861508,-122.0837873,1565136065.0,2019-08-06T17:01:05-07:00,POINT (-122.0837873 37.3861508),8.676171460242912,40.255856400972895,android,1.1502044917892031,0.2079865963785794,-0.8307415195935742
37,37.3861611,-122.0837861,1565136066.0,2019-08-06T17:01:06-07:00,POINT (-122.0837861 37.3861611),9.04405017685944,41.343007395759415,android,1.3581910881677826,-0.6227549232149948,0.8106358326254444
38,37.3861732,-122.083784,1565136067.0,2019-08-06T17:01:07-07:00,POINT (-122.083784 37.3861732),9.420392278342135,42.64500878184168,android,0.7354361649527877,0.18788090941044955,-0.3110258729049601
39,37.3861796,-122.0837819,1565136068.0,2019-08-06T17:01:08-07:00,POINT (-122.0837819 37.3861796),9.539444870843754,43.36930160713175,android,0.9233170743632373,-0.12314496349451054,1.0374184904451305
40,37.3861876,-122.0837791,1565136069.0,2019-08-06T17:01:09-07:00,POINT (-122.0837791 37.3861876),9.674107827976679,44.28097076460142,android,0.8001721108687267,0.9142735269506199,-0.8189659990387854
41,37.3861946,-122.083777,1565136070.0,2019-08-06T17:01:10-07:00,POINT (-122.083777 37.3861946),9.8202436084076,45.06607499749633,android,1.7144456378193467,0.0953075279118345,-0.1708937387862095
42,37.3862099,-122.0837746,1565136071.0,2019-08-06T17:01:11-07:00,POINT (-122.0837746 37.3862099),10.316767240610625,46.70320928292071,android,1.8097531657311812,-0.075586210874375,0.21366106526487094
43,37.386226,-122.0837716,1565136072.0,2019-08-06T17:01:12-07:00,POINT (-122.0837716 37.386226),10.80087784263918,48.4430361810572,android,1.7341669548568062,0.13807485439049594,-0.7045467559268341
44,37.3862414,-122.0837685,1565136073.0,2019-08-06T17:01:13-07:00,POINT (-122.0837685 37.3862414),11.245304260423696,50.11551817257379,android,1.872241809247302,-0.5664719015363382,0.3595430298406259
45,37.3862574,-122.0837619,1565136074.0,2019-08-06T17:01:14-07:00,POINT (-122.0837619 37.3862574),11.433757685061222,51.97487418114693,android,1.305769907710964,-0.20692887169571228,0.7392821342732814
46,37.386269,-122.0837596,1565136075.0,2019-08-06T17:01:15-07:00,POINT (-122.0837596 37.386269),11.771356463713635,53.233402787020694,android,1.0988410360152516,0.5323532625775691,-0.968230856081663
47,37.3862788,-122.083758,1565136076.0,2019-08-06T17:01:16-07:00,POINT (-122.083758 37.3862788),12.084317143412669,54.28428459419505,android,1.6311942985928207,-0.43587759350409394,0.3818656918407126
48,37.3862933,-122.0837552,1565136077.0,2019-08-06T17:01:17-07:00,POINT (-122.0837552 37.3862933),12.512381254366188,55.854743965520456,android,1.1953167050887268,-0.05401190166338132,-0.040726031991229705
49,37.386304,-122.0837539,1565136078.0,2019-08-06T17:01:18-07:00,POINT (-122.0837539 37.386304),12.890228678510132,56.98603750525326,android,1.1413048034253455,-0.09473793365461103,0.7064392363261571
50,37.3863141,-122.0837516,1565136079.0,2019-08-06T17:01:19-07:00,POINT (-122.0837516 37.3863141),13.160119859045702,58.09253749432561,android,1.0465668697707344,0.6117013026715461,-1.428731689635211
51,37.3863233,-122.0837491,1565136080.0,2019-08-06T17:01:20-07:00,POINT (-122.0837491 37.3863233),13.373211764363761,59.11502391755317,android,1.6582681724422805,-0.8170303869636648,1.0287001881419122
52,37.3863372,-122.0837423,1565136081.0,2019-08-06T17:01:21-07:00,POINT (-122.0837423 37.3863372),13.450700579588075,60.76874327646127,android,0.8412377854786157,0.2116698011782474,0.12532014078815923
53,37.3863445,-122.0837398,1565136082.0,2019-08-06T17:01:22-07:00,POINT (-122.0837398 37.3863445),13.57802936852051,61.59866017644962,android,1.0529075866568631,0.33698994196640664,-0.5227036843714823
54,37.3863533,-122.0837354,1565136083.0,2019-08-06T17:01:23-07:00,POINT (-122.0837354 37.3863533),13.61940718182518,62.64903955889748,android,1.3898975286232698,-0.18571374240507565,0.12711394757308714
55,37.3863642,-122.0837277,1565136084.0,2019-08-06T17:01:24-07:00,POINT (-122.0837277 37.3863642),13.48869494703881,64.03111785072207,android,1.204183786218194,-0.058599794831988516,0.19642513435624998
56,37.386374,-122.0837219,1565136085.0,2019-08-06T17:01:25-07:00,POINT (-122.0837219 37.386374),13.461989291176193,65.23327456771098,android,1.1455839913862056,0.13782533952426146,-0.08624495016710187
57,37.3863838,-122.0837179,1565136086.0,2019-08-06T17:01:26-07:00,POINT (-122.0837179 37.3863838),13.584609132444607,66.2509211399157,android,1.283409330910467,0.051580389357159584,0.1803985702398101
58,37.3863942,-122.0837116,1565136087.0,2019-08-06T17:01:27-07:00,POINT (-122.0837116 37.3863942),13.555838440743244,67.53220138534643,android,1.3349897202676266,0.23197895959696968,-0.4528791892768391
59,37.386405,-122.083705,1565136088.0,2019-08-06T17:01:28-07:00,POINT (-122.083705 37.386405),13.521314092929112,68.86488059241894,android,1.5669686798645963,-0.22090022967986944,0.15062710849728256
60,37.3864169,-122.0836955,1565136089.0,2019-08-06T17:01:29-07:00,POINT (-122.0836955 37.3864169),13.303820455559796,70.41511975736172,android,1.3460684501847269,-0.07027312118258688,0.35545900769565875
61,37.3864263,-122.0836859,1565136090.0,2019-08-06T17:01:30-07:00,POINT (-122.0836859 37.3864263),12.963197143233172,71.7166550759142,android,1.27579532900214,0.28518588651307186,-0.7252595037409628
62,37.3864345,-122.0836758,1565136091.0,2019-08-06T17:01:31-07:00,POINT (-122.0836758 37.3864345),12.527061941779555,72.91541409452931,android,1.5609812155152119,-0.44007361722789096,0.6324771285960102
63,37.3864445,-122.0836634,1565136092.0,2019-08-06T17:01:32-07:00,POINT (-122.0836634 37.3864445),11.988510081898273,74.380361175439,android,1.120907598287321,0.19240351136811928,-0.09098625684614547
64,37.3864528,-122.0836562,1565136093.0,2019-08-06T17:01:33-07:00,POINT (-122.0836562 37.3864528),11.790578829314637,75.48271975376888,android,1.3133111096554402,0.10141725452197381,-0.005805864651052817
65,37.3864622,-122.0836472,1565136094.0,2019-08-06T17:01:34-07:00,POINT (-122.0836472 37.3864622),11.49828587913076,76.76221716105798,android,1.414728364177414,0.095611389870921,-0.23007323980781047
66,37.3864725,-122.0836378,1565136095.0,2019-08-06T17:01:35-07:00,POINT (-122.0836378 37.3864725),11.215198940228671,78.1472618006394,android,1.510339754048335,-0.13446184993688948,-0.005498651280576361
67,37.3864834,-122.0836276,1565136096.0,2019-08-06T17:01:36-07:00,POINT (-122.0836276 37.3864834),10.89528812892172,79.62226001912995,android,1.3758779041114455,-0.13996050121746584,0.006542252146253258
68,37.3864942,-122.08362,1565136097.0,2019-08-06T17:01:37-07:00,POINT (-122.08362 37.3864942),10.780211042438925,80.99166789583586,android,1.2359174028939797,-0.13341824907121258,-0.13017603852518767
69,37.386504,-122.0836134,1565136098.0,2019-08-06T17:01:38-07:00,POINT (-122.0836134 37.386504),10.699656811810952,82.22339607368423,android,1.102499153822767,-0.26359428759640025,0.6105076384584187
70,37.3865129,-122.0836079,1565136099.0,2019-08-06T17:01:39-07:00,POINT (-122.0836079 37.3865129),10.666283598702261,83.32386673788471,android,0.8389048662263668,0.34691335086201847,-0.5610575735025303
71,37.3865195,-122.0836033,1565136100.0,2019-08-06T17:01:40-07:00,POINT (-122.0836033 37.3865195),10.599539123546947,84.15909466618731,android,1.1858182170883853,-0.2141442226405118,0.33284987655936815
72,37.3865285,-122.0835961,1565136101.0,2019-08-06T17:01:41-07:00,POINT (-122.0835961 37.3865285),10.433829985373173,85.33209957615631,android,0.9716739944478735,0.11870565391885635,-0.23026899242182564
73,37.3865362,-122.0835909,1565136102.0,2019-08-06T17:01:42-07:00,POINT (-122.0835909 37.3865362),10.369387058329641,86.30041064188991,android,1.0903796483667298,-0.11156333850296929,0.34276648067588766
74,37.3865452,-122.083586,1565136103.0,2019-08-06T17:01:43-07:00,POINT (-122.083586 37.3865452),10.388948730171562,87.3889389390895,android,0.9788163098637606,0.23120314217291837,-0.6651272066654832
75,37.3865527,-122.0835802,1565136104.0,2019-08-06T17:01:44-07:00,POINT (-122.0835802 37.3865527),10.2669685998338,88.35909720045773,android,1.210019452036679,-0.4339240644925648,0.8064546661516834
76,37.3865621,-122.0835733,1565136105.0,2019-08-06T17:01:45-07:00,POINT (-122.0835733 37.3865621),10.143837667286974,89.56146364446876,android,0.7760953875441141,0.37253060165911855,-0.5210648305352894
77,37.3865686,-122.0835701,1565136106.0,2019-08-06T17:01:46-07:00,POINT (-122.0835701 37.3865686),10.18526408763406,90.33517589560103,android,1.1486259892032327,-0.14853422887617085,0.49523949546960355
78,37.3865782,-122.0835653,1565136107.0,2019-08-06T17:01:47-07:00,POINT (-122.0835653 37.3865782),10.240499331211872,91.48060164770288,android,1.0000917603270618,0.3467052665934327,-0.7833461827401356
79,37.3865867,-122.0835616,1565136108.0,2019-08-06T17:01:48-07:00,POINT (-122.0835616 37.3865867),10.333709418590491,92.47457975853408,android,1.3467970269204945,-0.43664091614670286,0.5287910972615029
80,37.3865978,-122.0835555,1565136109.0,2019-08-06T17:01:49-07:00,POINT (-122.0835555 37.3865978),10.353271630644775,93.81917915271998,android,0.9101561107737917,0.0921501811148,-0.08539011520006978
81,37.386605,-122.0835506,1565136110.0,2019-08-06T17:01:50-07:00,POINT (-122.0835506 37.386605),10.289980282249365,94.72599605343268,android,1.0023062918885917,0.006760065914730218,-0.045033663252005196
82,37.3866126,-122.0835445,1565136111.0,2019-08-06T17:01:51-07:00,POINT (-122.0835445 37.3866126),10.148438196700566,95.7172679609202,android,1.0090663578033219,-0.03827359733727498,0.5280957791988015
83,37.3866211,-122.0835405,1565136112.0,2019-08-06T17:01:52-07:00,POINT (-122.0835405 37.3866211),10.217482960826771,96.72226468064055,android,0.9707927604660469,0.4898221818615265,-0.8604224389185595
84,37.3866292,-122.0835364,1565136113.0,2019-08-06T17:01:53-07:00,POINT (-122.0835364 37.3866292),10.260060620132931,97.69055400243614,android,1.4606149423275734,-0.37060025705703303,0.43250263573237113
85,37.3866411,-122.0835294,1565136114.0,2019-08-06T17:01:54-07:00,POINT (-122.0835294 37.3866411),10.243950352108849,99.14896988808474,android,1.0900146852705404,0.0619023786753381,-0.11177181884456755
86,37.3866505,-122.0835259,1565136115.0,2019-08-06T17:01:55-07:00,POINT (-122.0835259 37.3866505),10.39660122927147,100.0275575345448,android,1.1519170639458784,-0.04986944016922945,0.05523391395261301
87,37.3866601,-122.083521,1565136116.0,2019-08-06T17:01:56-07:00,POINT (-122.083521 37.3866601),10.473282849706683,101.10472656608108,android,1.102047623776649,0.005364473783383561,-0.030713209518730356
88,37.3866697,-122.0835179,1565136117.0,2019-08-06T17:01:57-07:00,POINT (-122.0835179 37.3866697),10.69343595341494,102.18237366425862,android,1.1074120975600326,-0.025348735735346795,0.061028483381178056
89,37.3866789,-122.0835131,1565136118.0,2019-08-06T17:01:58-07:00,POINT (-122.0835131 37.3866789),10.758861643126886,103.28609486872278,android,1.0820633618246858,0.03567974764583126,-0.07477904279356706
90,37.3866855,-122.0835041,1565136119.0,2019-08-06T17:01:59-07:00,POINT (-122.0835041 37.3866855),10.363641931411344,104.29350134189453,android,1.117743109470517,-0.0390992951477358,0.2341212464615472
91,37.3866924,-122.0834949,1565136120.0,2019-08-06T17:02:00-07:00,POINT (-122.0834949 37.3866924),9.967096093611916,105.33858579341904,android,1.0786438143227812,0.1950219513138114,-0.757131095629245
92,37.3867011,-122.0834895,1565136121.0,2019-08-06T17:02:01-07:00,POINT (-122.0834895 37.3867011),9.960463446224123,106.41572591815977,android,1.2736657656365926,-0.5621091443154336,0.736948180836998
93,37.3867112,-122.0834827,1565136122.0,2019-08-06T17:02:02-07:00,POINT (-122.0834827 37.3867112),9.910507012305706,107.68680433747201,android,0.711556621321159,0.1748390365215644,0.5104467501676424
94,37.3867172,-122.0834799,1565136123.0,2019-08-06T17:02:03-07:00,POINT (-122.0834799 37.3867172),9.979470401995323,108.39380077001212,android,0.8863956578427235,0.6852857866892068,-0.6180674263516706
95,37.3867242,-122.0834751,1565136124.0,2019-08-06T17:02:04-07:00,POINT (-122.0834751 37.3867242),9.937914097265068,109.27812698535892,android,1.5716814445319303,0.06721836033753625,-0.15765918999615236
96,37.3867362,-122.0834657,1565136125.0,2019-08-06T17:02:05-07:00,POINT (-122.0834657 37.3867362),9.773459535626365,110.83956902496327,android,1.6388998048694665,-0.0904408296586161,-0.5085669337776559
97,37.3867502,-122.0834599,1565136126.0,2019-08-06T17:02:06-07:00,POINT (-122.0834599 37.3867502),9.99272898120628,112.46077213796606,android,1.5484589752108504,-0.599007763436272,0.7454052349623819
98,37.3867637,-122.0834556,1565136127.0,2019-08-06T17:02:07-07:00,POINT (-122.0834556 37.3867637),10.307045453868367,113.97390909696394,android,0.9494512117745784,0.14639747152610982,0.05474836548266282
99,37.3867718,-122.0834522,1565136128.0,2019-08-06T17:02:08-07:00,POINT (-122.0834522 37.3867718),10.43038467755607,114.91360923889668,android,1.0958486833006882,0.20114583700877264,0.17119991721777938
100,37.3867813,-122.0834489,1565136129.0,2019-08-06T17:02:09-07:00,POINT (-122.0834489 37.3867813),10.629761310072423,115.98904401499182,android,1.2969945203094608,0.37234575422655203,-1.0949930388869606
101,37.3867925,-122.0834448,1565136130.0,2019-08-06T17:02:10-07:00,POINT (-122.0834448 37.3867925),10.8481472975057,117.26505307230241,android,1.6693402745360129,-0.7226472846604086,0.8209867381497638
102,37.3868071,-122.0834404,1565136131.0,2019-08-06T17:02:11-07:00,POINT (-122.0834404 37.3868071),11.207998214423586,118.89176755096506,android,0.9466929898756042,0.09833945348935513,0.24222056266960035
103,37.3868152,-122.0834371,1565136132.0,2019-08-06T17:02:12-07:00,POINT (-122.0834371 37.3868152),11.339295158674213,119.82758736456853,android,1.0450324433649594,0.3405600161589555,-0.13084172149480588
104,37.3868241,-122.0834333,1565136133.0,2019-08-06T17:02:13-07:00,POINT (-122.0834333 37.3868241),11.469708006399344,120.86258829857881,android,1.3855924595239149,0.2097182946641496,-0.4447626816047465
105,37.386835,-122.0834257,1565136134.0,2019-08-06T17:02:14-07:00,POINT (-122.0834257 37.386835),11.394996920624042,122.24448821316285,android,1.5953107541880645,-0.23504438694059693,0.28322435205325447
106,37.3868477,-122.0834173,1565136135.0,2019-08-06T17:02:15-07:00,POINT (-122.0834173 37.3868477),11.34848856886197,123.80573984534341,android,1.3602663672474675,0.04817996511265754,-0.3080984031884566
107,37.3868582,-122.0834094,1565136136.0,2019-08-06T17:02:16-07:00,POINT (-122.0834094 37.3868582),11.234176400764628,125.15970985377128,android,1.408446332360125,-0.25991843807579906,0.34507538100546253
108,37.3868686,-122.0834003,1565136137.0,2019-08-06T17:02:17-07:00,POINT (-122.0834003 37.3868686),11.01961384028292,126.55054600773293,android,1.148527894284326,0.08515694292966347,0.1824646004765489
109,37.3868772,-122.0833931,1565136138.0,2019-08-06T17:02:18-07:00,POINT (-122.0833931 37.3868772),10.868014042408502,127.68797865959037,android,1.2336848372139895,0.26762154340621236,-0.8889251910008416
110,37.3868868,-122.0833861,1565136139.0,2019-08-06T17:02:19-07:00,POINT (-122.0833861 37.3868868),10.78121037534549,128.91719790115368,android,1.5013063806202018,-0.6213036475946292,0.9356432676632276
111,37.3868981,-122.0833768,1565136140.0,2019-08-06T17:02:20-07:00,POINT (-122.0833768 37.3868981),10.59476740474283,130.40546993061653,android,0.8800027330255726,0.3143396200685984,-0.25101777000430836
112,37.3869052,-122.0833724,1565136141.0,2019-08-06T17:02:21-07:00,POINT (-122.0833724 37.3869052),10.592321524064687,131.28425734490594,android,1.194342353094171,0.06332185006429003,-0.10648295901871752
113,37.3869153,-122.0833678,1565136142.0,2019-08-06T17:02:22-07:00,POINT (-122.0833678 37.3869153),10.720690177089839,132.46962138740764,android,1.257664203158461,-0.043161108954427485,0.08870945255193674
114,37.3869262,-122.083364,1565136143.0,2019-08-06T17:02:23-07:00,POINT (-122.083364 37.3869262),10.951754534716446,133.70344120835637,android,1.2145030942040336,0.045548343597509255,-0.12590869163260288
115,37.3869366,-122.0833598,1565136144.0,2019-08-06T17:02:24-07:00,POINT (-122.0833598 37.3869366),11.12658093269381,134.90307401619208,android,1.2600514378015428,-0.08036034803509362,-0.2587283351666573
116,37.3869475,-122.0833559,1565136145.0,2019-08-06T17:02:25-07:00,POINT (-122.0833559 37.3869475),11.349698803739445,136.1407958843063,android,1.1796910897664492,-0.3390886832017509,0.4555025661477389
117,37.3869574,-122.0833511,1565136146.0,2019-08-06T17:02:26-07:00,POINT (-122.0833511 37.3869574),11.45239399174393,137.31404586224195,android,0.8406024065646983,0.11641388294598798,-0.45418433935280833
118,37.3869646,-122.0833482,1565136147.0,2019-08-06T17:02:27-07:00,POINT (-122.0833482 37.3869646),11.574039143068967,138.14426066490998,android,0.9570162895106863,-0.33777045640682035,0.43017215424363797
119,37.3869731,-122.0833499,1565136148.0,2019-08-06T17:02:28-07:00,POINT (-122.0833499 37.3869731),12.140121902837697,138.31480713327565,android,0.6192458331038659,0.09240169783681762,-0.018497469056596882
120,37.3869786,-122.0833488,1565136149.0,2019-08-06T17:02:29-07:00,POINT (-122.0833488 37.3869786),12.363472202453574,138.49286669996943,android,0.7116475309406836,0.07390422878022074,-0.050655858401210896
121,37.386985,-122.0833488,1565136150.0,2019-08-06T17:02:30-07:00,POINT (-122.0833488 37.386985),12.728108348184032,139.10216933266372,android,0.7855517597209043,0.02324837037900984,-0.18791480539835848
122,37.386992,-122.08335,1565136151.0,2019-08-06T17:02:31-07:00,POINT (-122.08335 37.386992),13.21808839776446,139.71403997674162,android,0.8088001300999141,-0.16466643501934863,0.5320359285355292
123,37.3869992,-122.0833513,1565136152.0,2019-08-06T17:02:32-07:00,POINT (-122.0833513 37.3869992),13.727059917016774,140.34040516609403,android,0.6441336950805655,0.36736949351618053,-0.4845374740018965
124,37.3870049,-122.08335,1565136153.0,2019-08-06T17:02:33-07:00,POINT (-122.08335 37.3870049),13.953058119722678,140.94216560548898,android,1.011503188596746,-0.11716798048571597,0.43601616528360987
125,37.3870137,-122.0833471,1565136154.0,2019-08-06T17:02:34-07:00,POINT (-122.0833471 37.3870137),14.234131324952028,141.9117957952666,android,0.8943352081110301,0.3188481847978939,-0.962464142693546
126,37.3870216,-122.0833452,1565136155.0,2019-08-06T17:02:35-07:00,POINT (-122.0833452 37.3870216),14.53989364923067,142.75028103697935,android,1.213183392908924,-0.6436159578956521,0.5970116476353966
127,37.3870325,-122.0833446,1565136156.0,2019-08-06T17:02:36-07:00,POINT (-122.0833446 37.3870325),15.045777052307251,144.97200989871897,android,0.5695674350132719,-0.046604310260255466,0.09475076301598107
128,37.3870375,-122.0833432,1565136157.0,2019-08-06T17:02:37-07:00,POINT (-122.0833432 37.3870375),15.18243888180153,145.52376177862868,android,0.5229631247530164,0.0481464527557256,0.039149905472188884
129,37.3870416,-122.0833403,1565136158.0,2019-08-06T17:02:38-07:00,POINT (-122.0833403 37.3870416),15.155699721434512,146.04541963755162,android,0.571109577508742,0.08729635822791448,-0.37947791193491426
130,37.3870464,-122.083338,1565136159.0,2019-08-06T17:02:39-07:00,POINT (-122.083338 37.3870464),15.211156200868944,146.61287288243742,android,0.6584059357366565,-0.2921815537069998,0.5328748551932628
131,37.3870522,-122.0833365,1565136160.0,2019-08-06T17:02:40-07:00,POINT (-122.0833365 37.3870522),15.379507873263357,147.24800581326625,android,0.36622438202965674,0.24069330148626306,0.03100663584573754
132,37.3870553,-122.0833351,1565136161.0,2019-08-06T17:02:41-07:00,POINT (-122.0833351 37.3870553),15.422090661967434,147.61111122288716,android,0.6069176835159198,0.2716999373320006,-0.3600430035062335
133,37.3870607,-122.0833361,1565136162.0,2019-08-06T17:02:42-07:00,POINT (-122.0833361 37.3870607),15.768698219299592,148.10775439780105,android,0.8786176208479204,-0.08834306617423293,-0.05548978057519549
134,37.3870686,-122.0833363,1565136163.0,2019-08-06T17:02:43-07:00,POINT (-122.0833363 37.3870686),16.17571425000782,148.88422449016042,android,0.7902745546736875,-0.14383284674942842,0.07621192700789514
135,37.3870757,-122.0833367,1565136164.0,2019-08-06T17:02:44-07:00,POINT (-122.0833367 37.3870757),16.558962975912383,149.5733625262015,android,0.646441707924259,-0.06762091974153328,-0.13220915586277437
136,37.3870815,-122.0833362,1565136165.0,2019-08-06T17:02:45-07:00,POINT (-122.0833362 37.3870815),16.806539478855488,150.16898556576126,android,0.5788207881827258,-0.19983007560430766,0.6216378073560276
137,37.3870867,-122.0833365,1565136166.0,2019-08-06T17:02:46-07:00,POINT (-122.0833365 37.3870867),17.0877866070536,150.6734281439996,android,0.3789907125784181,0.4218077317517199,-0.40315665631187125
138,37.3870901,-122.0833368,1565136167.0,2019-08-06T17:02:47-07:00,POINT (-122.0833368 37.3870901),17.27990614436723,150.9991530383615,android,0.800798444330138,0.018651075439848674,-0.2501780083728009
139,37.3870973,-122.0833366,1565136168.0,2019-08-06T17:02:48-07:00,POINT (-122.0833366 37.3870973),17.62057153881598,151.72192575999236,android,0.8194495197699867,-0.23152693293295223,0.38980502760102687
140,37.3871043,-122.0833337,1565136169.0,2019-08-06T17:02:49-07:00,POINT (-122.0833337 37.3871043),17.737427061698206,152.5315175812732,android,0.5879225868370345,0.15827809466807463,-0.16799101189961108
141,37.3871092,-122.0833312,1565136170.0,2019-08-06T17:02:50-07:00,POINT (-122.0833312 37.3871092),17.78199032809579,153.11680148234154,android,0.7462006815051091,-0.009712917231536444,-0.18997222844238448
142,37.3871157,-122.0833291,1565136171.0,2019-08-06T17:02:51-07:00,POINT (-122.0833291 37.3871157),17.94285972361192,153.40530650303987,android,0.7364877642735727,-0.19968514567392093,0.3458164040848004
143,37.3871223,-122.0833284,1565136172.0,2019-08-06T17:02:52-07:00,POINT (-122.0833284 37.3871223),18.23202105722417,154.04943291767697,android,0.5368026185996517,0.14613125841087948,0.000579342094982338
144,37.3871268,-122.0833306,1565136173.0,2019-08-06T17:02:53-07:00,POINT (-122.0833306 37.3871268),18.638449923355658,154.39875061574983,android,0.6829338770105312,0.14671060050586182,-0.03016643250179607
145,37.3871329,-122.0833315,1565136174.0,2019-08-06T17:02:54-07:00,POINT (-122.0833315 37.3871329),19.026641136298114,154.9588430505651,android,0.829644477516393,0.11654416800406575,-0.002692786790443491
146,37.3871403,-122.0833327,1565136175.0,2019-08-06T17:02:55-07:00,POINT (-122.0833327 37.3871403),19.506018222032342,155.6338009448724,android,0.9461886455204588,0.11385138121362226,-0.10286291882168175
147,37.3871488,-122.0833332,1565136176.0,2019-08-06T17:02:56-07:00,POINT (-122.0833332 37.3871488),19.988000350663796,156.44561089193465,android,1.060040026734081,0.010988462391940512,0.0534064112904713
148,37.3871583,-122.0833342,1565136177.0,2019-08-06T17:02:57-07:00,POINT (-122.0833342 37.3871583),20.561168416616706,157.3345850463481,android,1.0710284891260216,0.06439487368241181,0.03859619320438079
149,37.3871678,-122.0833322,1565136178.0,2019-08-06T17:02:58-07:00,POINT (-122.0833322 37.3871678),20.899857754950393,158.34829059511372,android,1.1354233628084334,0.1029910668867926,-0.03138696908116656
150,37.3871767,-122.0833259,1565136179.0,2019-08-06T17:02:59-07:00,POINT (-122.0833259 37.3871767),20.871197335829972,159.48200612220563,android,1.238414429695226,0.07160409780562604,-0.07237497715205854
151,37.3871859,-122.083318,1565136180.0,2019-08-06T17:03:00-07:00,POINT (-122.083318 37.3871859),20.733113631452024,160.71163086340144,android,1.310018527500852,-0.0007708793464324959,-0.06736816259567058
152,37.3871938,-122.083307,1565136181.0,2019-08-06T17:03:01-07:00,POINT (-122.083307 37.3871938),20.2849975204885,161.94280611805524,android,1.3092476481544195,-0.06813904194210307,-0.06902602236007271
153,37.3872035,-122.0832986,1565136182.0,2019-08-06T17:03:02-07:00,POINT (-122.0832986 37.3872035),20.133887546651362,163.2421957630373,android,1.2411086062123164,-0.1371650643021758,0.2341592288056631
154,37.3872139,-122.0832935,1565136183.0,2019-08-06T17:03:03-07:00,POINT (-122.0832935 37.3872139),20.277178482882015,164.47294774261906,android,1.1039435419101407,0.0969941645034873,-0.07466005093326755
155,37.3872237,-122.0832915,1565136184.0,2019-08-06T17:03:04-07:00,POINT (-122.0832915 37.3872237),20.631499327709044,165.51606280668614,android,1.200937706413628,0.02233411357021975,-0.07231273024618212
156,37.3872345,-122.0832914,1565136185.0,2019-08-06T17:03:05-07:00,POINT (-122.0832914 37.3872345),21.186429133900685,166.5781108090309,android,1.2232718199838477,-0.04997861667596237,0.07200197679365039
157,37.3872455,-122.0832916,1565136186.0,2019-08-06T17:03:06-07:00,POINT (-122.0832916 37.3872455),21.775228021100098,167.6472762613915,android,1.1732932033078853,0.022023360117688018,-0.06661728880264706
158,37.3872557,-122.0832882,1565136187.0,2019-08-06T17:03:07-07:00,POINT (-122.0832882 37.3872557),22.040967808144256,168.7877567722583,android,1.1953165634255734,-0.04459392868495904,0.2182487546329428
159,37.3872664,-122.0832869,1565136188.0,2019-08-06T17:03:08-07:00,POINT (-122.0832869 37.3872664),22.496895663028994,169.88990190362273,android,1.1507226347406143,0.17365482594798376,-0.3254781243171303
160,37.3872766,-122.0832847,1565136189.0,2019-08-06T17:03:09-07:00,POINT (-122.0832847 37.3872766),22.856426966774855,170.98048994014755,android,1.324377460688598,-0.15182329836914654,-0.03508047943801884
161,37.3872882,-122.0832813,1565136190.0,2019-08-06T17:03:10-07:00,POINT (-122.0832813 37.3872882),23.195115497643453,172.25810429847942,android,1.1725541623194515,-0.18690377780716538,-0.03099502914951502
162,37.387298,-122.0832764,1565136191.0,2019-08-06T17:03:11-07:00,POINT (-122.0832764 37.387298),23.32277394275071,173.42176911062796,android,0.9856503845122861,-0.2178988069566804,1.4246197037767234
163,37.3873058,-122.0832711,1565136192.0,2019-08-06T17:03:12-07:00,POINT (-122.0832711 37.3873058),23.31495649765084,174.40615911147765,android,0.7677515775556057,1.206720896820043,-1.7082332555786706
164,37.3873118,-122.0832668,1565136193.0,2019-08-06T17:03:13-07:00,POINT (-122.0832668 37.3873118),23.291507580588878,175.17265704550547,android,1.9744724743756488,-0.5015123587586277,0.4497394468854994
165,37.3873263,-122.0832539,1565136194.0,2019-08-06T17:03:14-07:00,POINT (-122.0832539 37.3873263),22.971373804100775,178.10428016667186,android,1.4729601156170211,-0.05177291187312827,-0.15413732955399984
166,37.3873376,-122.0832452,1565136195.0,2019-08-06T17:03:15-07:00,POINT (-122.0832452 37.3873376),22.818056793689973,179.5676856030569,android,1.4211872037438928,-0.2059102414271281,0.009866407741836669
167,37.3873485,-122.0832368,1565136196.0,2019-08-06T17:03:16-07:00,POINT (-122.0832368 37.3873485),22.669531189226934,180.97959352437434,android,1.2152769623167647,-0.19604383368529144,0.19293317931467202
168,37.3873588,-122.0832322,1565136197.0,2019-08-06T17:03:17-07:00,POINT (-122.0832322 37.3873588),22.79569163102801,182.18618883458302,android,1.0192331286314733,-0.0031106543706194145,-0.14140968210679306
169,37.3873669,-122.0832268,1565136198.0,2019-08-06T17:03:18-07:00,POINT (-122.0832268 37.3873669),22.752569870968696,183.20320843467042,android,1.016122474260854,-0.14452033647741247,0.5152294589251123
170,37.3873757,-122.0832237,1565136199.0,2019-08-06T17:03:19-07:00,POINT (-122.0832237 37.3873757),22.926641245970135,184.20235235508935,android,0.8716021377834414,0.3707091224476998,-0.4213638259490943
171,37.3873829,-122.0832198,1565136200.0,2019-08-06T17:03:20-07:00,POINT (-122.0832198 37.3873829),22.960176358754207,185.07196385866303,android,1.2423112602311412,-0.05065470350139445,0.18715898612946824
172,37.3873918,-122.0832113,1565136201.0,2019-08-06T17:03:21-07:00,POINT (-122.0832113 37.3873918),22.70784652745738,186.28755026997305,android,1.1916565567297468,0.1365042826280738,-0.518846846723699
173,37.3873974,-122.0831998,1565136202.0,2019-08-06T17:03:22-07:00,POINT (-122.0831998 37.3873974),22.057862612962616,187.28758497716797,android,1.3281608393578206,-0.38234256409562517,0.12837531674852365
174,37.3874049,-122.0831881,1565136203.0,2019-08-06T17:03:23-07:00,POINT (-122.0831881 37.3874049),21.482937841758343,188.48540250683294,android,0.9458182752621954,-0.2539672473471015,0.42461138671819665
175,37.3874121,-122.0831824,1565136204.0,2019-08-06T17:03:24-07:00,POINT (-122.0831824 37.3874121),21.37274269164568,189.42382575012022,android,0.6918510279150939,0.17064413937109513,-0.101969857715283
176,37.3874173,-122.0831781,1565136205.0,2019-08-06T17:03:25-07:00,POINT (-122.0831781 37.3874173),21.278518131366805,190.1085844703069,android,0.862495167286189,0.06867428165581213,-0.2942549944055759
177,37.3874246,-122.0831748,1565136206.0,2019-08-06T17:03:26-07:00,POINT (-122.0831748 37.3874246),21.364755078869106,190.96526583022245,android,0.9311694489420012,-0.22558071274976377,0.3912687836993136
178,37.3874329,-122.0831762,1565136207.0,2019-08-06T17:03:27-07:00,POINT (-122.0831762 37.3874329),21.874198876254198,191.74234403804832,android,0.7055887361922374,0.16568807094954985,-0.41064695580009736
179,37.387439,-122.0831784,1565136208.0,2019-08-06T17:03:28-07:00,POINT (-122.0831784 37.387439),22.342120880218847,192.2686806037785,android,0.8712768071417872,-0.2449588848505475,0.597626721571844
180,37.3874466,-122.0831808,1565136209.0,2019-08-06T17:03:29-07:00,POINT (-122.0831808 37.3874466),22.897877971101764,192.93747959945065,android,0.6263179222912397,0.35266783672129653,-0.530956231168272
181,37.3874519,-122.0831832,1565136210.0,2019-08-06T17:03:30-07:00,POINT (-122.0831832 37.3874519),23.343441970768456,193.37611276332944,android,0.9789857590125363,-0.17828839444697542,0.35722327321150316
182,37.3874606,-122.0831815,1565136211.0,2019-08-06T17:03:31-07:00,POINT (-122.0831815 37.3874606),23.624513594291418,194.311729015328,android,0.8006973645655608,0.17893487876452774,0.017281087174161325
183,37.3874671,-122.0831776,1565136212.0,2019-08-06T17:03:32-07:00,POINT (-122.0831776 37.3874671),23.62451244795129,195.11128987761867,android,0.9796322433300886,0.19621596593868906,-0.5913827049931631
184,37.3874738,-122.0831704,1565136213.0,2019-08-06T17:03:33-07:00,POINT (-122.0831704 37.3874738),23.370587283340225,196.05702004706035,android,1.1758482092687776,-0.3951667390544741,0.9421088668112565
185,37.3874835,-122.0831651,1565136214.0,2019-08-06T17:03:34-07:00,POINT (-122.0831651 37.3874835),23.41210798414533,197.23033187529342,android,0.7806814702143036,0.5469421277567824,-0.6474457697336243
186,37.3874898,-122.0831612,1565136215.0,2019-08-06T17:03:35-07:00,POINT (-122.0831612 37.3874898),23.402525066252544,198.00987827535374,android,1.327623597971086,-0.10050364197684192,-0.08165332466055242
187,37.3875001,-122.0831536,1565136216.0,2019-08-06T17:03:36-07:00,POINT (-122.0831536 37.3875001),23.289136331904146,199.33115946768226,android,1.227119955994244,-0.18215696663739434,0.08491507087163785
188,37.3875108,-122.0831502,1565136217.0,2019-08-06T17:03:37-07:00,POINT (-122.0831502 37.3875108),23.53028299418403,200.53190867984975,android,1.0449629893568497,-0.09724189576575648,0.08765436198580179
189,37.3875201,-122.0831485,1565136218.0,2019-08-06T17:03:38-07:00,POINT (-122.0831485 37.3875201),23.857069015447557,200.627945282762,android,0.9477210935910932,-0.009587533779954693,-0.15919520030800016
190,37.3875281,-122.0831448,1565136219.0,2019-08-06T17:03:39-07:00,POINT (-122.0831448 37.3875281),23.98446835731576,201.45440888124594,android,0.9381335598111386,-0.16878273408795486,0.4313368717923193
191,37.3875355,-122.0831397,1565136220.0,2019-08-06T17:03:40-07:00,POINT (-122.0831397 37.3875355),23.97143939961252,202.39130173134134,android,0.7693508257231837,0.2625541377043644,-0.3345112440023166
192,37.3875418,-122.0831361,1565136221.0,2019-08-06T17:03:41-07:00,POINT (-122.0831361 37.3875418),24.018333003362144,203.158081287338,android,1.0319049634275481,-0.07195710629795216,0.003146712684425901
193,37.3875499,-122.0831304,1565136222.0,2019-08-06T17:03:42-07:00,POINT (-122.0831304 37.3875499),23.994882765264926,204.1884871693302,android,0.959947857129596,-0.06881039361352626,-0.026763131385881822
194,37.3875584,-122.0831285,1565136223.0,2019-08-06T17:03:43-07:00,POINT (-122.0831285 37.3875584),24.28928025705521,205.10008270865862,android,0.8911374635160697,-0.09557352499940808,0.2825051544714535
195,37.3875664,-122.0831279,1565136224.0,2019-08-06T17:03:44-07:00,POINT (-122.0831279 37.3875664),24.659231888531583,205.9086520654811,android,0.7955639385166616,0.18693162947204545,-0.2533840340947275
196,37.3875732,-122.0831251,1565136225.0,2019-08-06T17:03:45-07:00,POINT (-122.0831251 37.3875732),24.794706073540684,206.6911466552371,android,0.9824955679887071,-0.06645240462268202,-0.030063237873649208
197,37.3876125,-122.0830997,1565136230.0,2019-08-06T17:03:50-07:00,POINT (-122.0830997 37.3876125),24.8572240062687,211.5967441425426,android,0.6502335448752969,-0.21676859399092807,0.2556586166050385
198,37.387617,-122.083095,1565136231.0,2019-08-06T17:03:51-07:00,POINT (-122.083095 37.387617),24.724352432031562,212.2329426883852,android,0.43346495088436887,0.03889002261411045,0.6335890956788623
199,37.3876204,-122.0830926,1565136232.0,2019-08-06T17:03:52-07:00,POINT (-122.0830926 37.3876204),24.71393053540209,212.66576662870858,android,0.4723549734984793,0.6724791182929728,-0.6764556285294495
200,37.3876244,-122.0830908,1565136233.0,2019-08-06T17:03:53-07:00,POINT (-122.0830908 37.3876244),24.781667739100076,213.13241628266815,android,1.1448340917914521,-0.0039765102364767175,-2.5893682377382055e-05
201,37.3882738,-122.0827283,1565136302.0,2019-08-06T17:05:02-07:00,POINT (-122.0827283 37.3882738),22.8537470761595,340.4907453753141,android,0.8704548854745586,-0.005763174320516079,-0.0016282930572930996
202,37.3884605,-122.0826036,1565136329.0,2019-08-06T17:05:29-07:00,POINT (-122.0826036 37.3884605),0.6135503891676588,340.97920646501274,android,0.7148491788206245,-0.04972708686742977,0.08263653453725883
203,37.3884631,-122.082611,1565136330.0,2019-08-06T17:05:30-07:00,POINT (-122.082611 37.3884631),0.5451678663189888,341.6917435798202,android,0.6651220919531947,0.03290944766982906,0.030156598815740954
204,37.3884642,-122.0826184,1565136331.0,2019-08-06T17:05:31-07:00,POINT (-122.0826184 37.3884642),0.33157730068406005,342.3229685303794,android,0.6980315396230238,0.06306604648557002,0.24884711615102606
205,37.3884652,-122.0826262,1565136332.0,2019-08-06T17:05:32-07:00,POINT (-122.0826262 37.3884652),0.09100481743586668,342.97966976469843,android,0.7610975861085938,0.3119131626365961,-0.327868954195655
206,37.3884648,-122.0826348,1565136333.0,2019-08-06T17:05:33-07:00,POINT (-122.0826348 37.3884648),0.3196980376595442,343.6222738682034,android,1.0730107487451899,-0.015955791559058907,0.01595574109913267
207,37.3884705,-122.0826446,1565136334.0,2019-08-06T17:05:34-07:00,POINT (-122.0826446 37.3884705),0.19179203688132004,344.6882385061515,android,1.057054957186131,-5.045992623742279e-08,-0.17433551149886128
208,37.3884752,-122.08265499999999,1565136335.0,2019-08-06T17:05:35-07:00,POINT (-122.08265499999999 37.3884752),0.18664344480782688,345.7463406395966,android,1.0570549067262047,-0.17433556195878752,0.4181412157429478
209,37.3884799,-122.08266539999998,1565136336.0,2019-08-06T17:05:36-07:00,POINT (-122.08266539999998 37.3884799),0.18149471069724274,346.8044427220467,android,0.8827193447674172,0.2438056537841603,-0.764889366393885
210,37.3884821,-122.082675,1565136337.0,2019-08-06T17:05:37-07:00,POINT (-122.082675 37.3884821),0.3837566139236005,347.6652304827653,android,1.1265249985515775,-0.5210837126097247,0.7292841649235243
211,37.3884841,-122.0826875,1565136338.0,2019-08-06T17:05:38-07:00,POINT (-122.0826875 37.3884841),0.7308146887166934,348.73918051923795,android,0.6054412859418528,0.20820045231379958,-0.020102565976001685
212,37.3884812,-122.0826933,1565136339.0,2019-08-06T17:05:39-07:00,POINT (-122.0826933 37.3884812),1.2624208376901787,349.02998503669716,android,0.8136417382556523,0.1880978863377979,-0.21775005148982007
213,37.3884788,-122.082702,1565136340.0,2019-08-06T17:05:40-07:00,POINT (-122.082702 37.3884788),1.8710594136728604,349.5718975326873,android,1.0017396245934502,-0.02965216515202218,0.02238659441092561
214,37.3884754,-122.0827125,1565136341.0,2019-08-06T17:05:41-07:00,POINT (-122.0827125 37.3884754),2.6543596975707566,350.19863903145324,android,0.972087459441428,-0.007265570741096572,0.3852999157731599
215,37.3884756,-122.0827235,1565136342.0,2019-08-06T17:05:42-07:00,POINT (-122.0827235 37.3884756),3.1107870023254165,351.05915079050743,android,0.9648218887003315,0.37803434503206335,-0.5772731555567769
216,37.3884789,-122.0827336,1565136343.0,2019-08-06T17:05:43-07:00,POINT (-122.0827336 37.3884789),3.2281891146958395,352.01818885665,android,1.3428562337323948,-0.1992388105247136,-0.1891583039153597
217,37.3884846,-122.082747,1565136344.0,2019-08-06T17:05:44-07:00,POINT (-122.082747 37.3884846),3.2559943894384853,353.36222708353546,android,1.1436174232076812,-0.3883971144400733,0.4561973617426157
218,37.388489,-122.0827587,1565136345.0,2019-08-06T17:05:45-07:00,POINT (-122.0827587 37.388489),3.3361156992163505,354.504482226323,android,0.7552203087676079,0.06780024730254242,0.25466757465112044
219,37.3884924,-122.0827661,1565136346.0,2019-08-06T17:05:46-07:00,POINT (-122.0827661 37.3884924),3.3270525386410013,355.2603855722611,android,0.8230205560701503,0.32246782195366286,0.10445306112185537
220,37.3884956,-122.0827745,1565136347.0,2019-08-06T17:05:47-07:00,POINT (-122.0827745 37.3884956),3.3806038371880023,356.08269004874836,android,1.1454883780238132,0.42692088307551823,-0.3363434719833813
221,37.3885013,-122.0827853,1565136348.0,2019-08-06T17:05:48-07:00,POINT (-122.0827853 37.3885013),3.295949511729801,357.2258969096276,android,1.5724092610993314,0.0905774110921369,-0.043358111560076296
222,37.3885095,-122.0827998,1565136349.0,2019-08-06T17:05:49-07:00,POINT (-122.0827998 37.3885095),3.129318858484625,358.79042162768167,android,1.6629866721914683,0.04721929953206061,-0.6203436504477611
223,37.3885164,-122.0828165,1565136350.0,2019-08-06T17:05:50-07:00,POINT (-122.0828165 37.3885164),3.1836925214451326,360.45440996654816,android,1.710205971723529,-0.5731243509157005,0.6747901503126372
224,37.3885239,-122.0828334,1565136351.0,2019-08-06T17:05:51-07:00,POINT (-122.0828334 37.3885239),3.188633182186499,362.16637146440667,android,1.1370816208078285,0.10166579939693676,-0.28959487123726135
225,37.3885297,-122.082844,1565136352.0,2019-08-06T17:05:52-07:00,POINT (-122.082844 37.3885297),3.0856467491678843,363.29955018442035,android,1.2387474202047652,-0.1879290718403246,0.03833009443331481
226,37.3885349,-122.0828564,1565136353.0,2019-08-06T17:05:53-07:00,POINT (-122.0828564 37.3885349),3.1185994961883985,364.53924105353644,android,1.0508183483644407,-0.14959897740700978,1.2508649245897847
227,37.3885366,-122.0828681,1565136354.0,2019-08-06T17:05:54-07:00,POINT (-122.0828681 37.3885366),3.460094126464548,365.53513449226534,android,0.9012193709574309,1.101265947182775,-1.6372948119503457
228,37.3885382,-122.0828781,1565136355.0,2019-08-06T17:05:55-07:00,POINT (-122.0828781 37.3885382),3.737738526957034,366.3942944948189,android,2.002485318140206,-0.5360288647675706,1.0392956506292044
229,37.3885523,-122.0828922,1565136356.0,2019-08-06T17:05:56-07:00,POINT (-122.0828922 37.3885523),2.9826519121837776,368.2477475002085,android,1.4664564533726352,0.5032667858616338,-0.6806233733021616
230,37.3885605,-122.0829052,1565136357.0,2019-08-06T17:05:57-07:00,POINT (-122.0829052 37.3885605),2.751139142400881,369.6964071419734,android,1.969723239234269,-0.17735658744052785,-0.12943496168997948
231,37.3885725,-122.0829216,1565136358.0,2019-08-06T17:05:58-07:00,POINT (-122.0829216 37.3885725),2.2988260494178387,371.61368152935836,android,1.792366651793741,-0.3067915491305073,0.3338024625224032
232,37.3885829,-122.0829371,1565136359.0,2019-08-06T17:05:59-07:00,POINT (-122.0829371 37.3885829),1.962473525711492,373.3747047450662,android,1.4855751026632338,0.027010913391895874,0.07916833960432546
233,37.3885903,-122.0829511,1565136360.0,2019-08-06T17:06:00-07:00,POINT (-122.0829511 37.3885903),1.7992066242997513,374.9408035267617,android,1.5125860160551297,0.10617925299622133,-0.2861973404994611
234,37.388597,-122.082966,1565136361.0,2019-08-06T17:06:01-07:00,POINT (-122.082966 37.388597),1.725811173631253,376.45313774960175,android,1.618765269051351,-0.18001808750323978,0.20246180287294147
235,37.3886062,-122.0829802,1565136362.0,2019-08-06T17:06:02-07:00,POINT (-122.0829802 37.3886062),1.376682746270117,378.0343777620564,android,1.4387471815481112,0.02244371536970169,-0.10842776392683628
236,37.3886152,-122.0829919,1565136363.0,2019-08-06T17:06:03-07:00,POINT (-122.0829919 37.3886152),0.9482064323929185,379.4078212265694,android,1.461190896917813,-0.0859840485571346,-0.11068753180967161
237,37.3886169,-122.0830083,1565136364.0,2019-08-06T17:06:04-07:00,POINT (-122.0830083 37.3886169),1.430242914016496,380.7902574073612,android,1.3752068483606783,-0.1966715803668062,-0.07489672023123106
238,37.3886187,-122.0830237,1565136365.0,2019-08-06T17:06:05-07:00,POINT (-122.0830237 37.3886187),1.8626869368265992,382.0985250030111,android,1.178535267993872,-0.27156830059803727,0.6061427365300838
239,37.3886207,-122.0830368,1565136366.0,2019-08-06T17:06:06-07:00,POINT (-122.0830368 37.3886207),2.184044227380604,383.234713111196,android,0.9069669673958348,0.3345744359320465,-0.5937743342494395
240,37.3886255,-122.0830451,1565136367.0,2019-08-06T17:06:07-07:00,POINT (-122.0830451 37.3886255),2.0372509721354084,384.130246146961,android,1.2415414033278813,-0.259199898317393,0.751660936439335
241,37.3886309,-122.0830574,1565136368.0,2019-08-06T17:06:08-07:00,POINT (-122.0830574 37.3886309),1.989641852656311,385.37217539178613,android,0.9823415050104883,0.492461038121942,0.151265803501348
242,37.3886363,-122.0830662,1565136369.0,2019-08-06T17:06:09-07:00,POINT (-122.0830662 37.3886363),1.8031745426939612,386.33711172635157,android,1.4748025431324303,0.64372684162329,-1.2942899876813463
243,37.388645,-122.0830788,1565136370.0,2019-08-06T17:06:10-07:00,POINT (-122.0830788 37.388645),1.4401584708028365,387.76686463113685,android,2.1185293847557203,-0.6505631460580563,0.413718595698493
244,37.3886608,-122.0830922,1565136371.0,2019-08-06T17:06:11-07:00,POINT (-122.0830922 37.3886608),0.4046726575016716,389.6129533839161,android,1.467966238697664,-0.2368445503595633,-0.07236213733046504
245,37.3886709,-122.0831029,1565136372.0,2019-08-06T17:06:12-07:00,POINT (-122.0831029 37.3886709),0.17258048323835745,390.9619494224079,android,1.2311216883381007,-0.30920668769002835,0.33467217952561457
246,37.388679,-122.0831124,1565136373.0,2019-08-06T17:06:13-07:00,POINT (-122.0831124 37.388679),0.5990735043142528,392.1165328468076,android,0.9219150006480723,0.025465491835586218,-0.03716076776406341
247,37.3886826,-122.0831218,1565136374.0,2019-08-06T17:06:14-07:00,POINT (-122.0831218 37.3886826),0.583204169715414,393.03945411290545,android,0.9473804924836585,-0.011695275928477189,-0.05361971536737542
248,37.3886867,-122.0831312,1565136375.0,2019-08-06T17:06:15-07:00,POINT (-122.0831312 37.3886867),0.5880413625973123,394.02612200237274,android,0.9356852165551813,-0.06531499129585261,-0.11579891388517372
249,37.3886878,-122.0831417,1565136376.0,2019-08-06T17:06:16-07:00,POINT (-122.0831417 37.3886878),0.22410593154044087,394.8901265261925,android,0.8703702252593287,-0.18111390518102632,0.24792972531047786
250,37.3886886,-122.0831515,1565136377.0,2019-08-06T17:06:17-07:00,POINT (-122.0831515 37.3886886),0.13727541798593698,395.68383444128057,android,0.6892563200783024,0.06681582012945153,0.7897473725197315
251,37.38869,-122.0831591,1565136378.0,2019-08-06T17:06:18-07:00,POINT (-122.0831591 37.38869),0.34286702274007896,396.34303049536976,android,0.7560721402077539,0.856563192649183,-1.448331677991909
252,37.3886913,-122.0831675,1565136379.0,2019-08-06T17:06:19-07:00,POINT (-122.0831675 37.3886913),0.5937908087152503,397.05775971339483,android,1.612635332856937,-0.5917684853427261,1.1907660194326317
253,37.3887007,-122.0831814,1565136380.0,2019-08-06T17:06:20-07:00,POINT (-122.0831814 37.3887007),0.3147749250659968,398.64649538738365,android,1.0208668475142109,0.5989975340899056,-0.775029333582067
254,37.3887074,-122.0831893,1565136381.0,2019-08-06T17:06:21-07:00,POINT (-122.0831893 37.3887074),0.026181400560213966,399.62548671967227,android,1.6198643816041165,-0.1760317994921614,-0.05865079464737777
255,37.3887169,-122.0832032,1565136382.0,2019-08-06T17:06:22-07:00,POINT (-122.0832032 37.3887169),0.2624122060682114,401.2198234156377,android,1.443832582111955,-0.23468259413953918,0.10234826957197174
256,37.3887241,-122.0832168,1565136383.0,2019-08-06T17:06:23-07:00,POINT (-122.0832168 37.3887241),0.344137996005573,402.6624042430672,android,1.209149987972416,-0.13233432456756744,0.10321656450855876
257,37.3887275,-122.0832298,1565136384.0,2019-08-06T17:06:24-07:00,POINT (-122.0832298 37.3887275),0.08874558628308504,403.8462841509529,android,1.0768156634048485,-0.02911776005900868,-0.09886329259091964
258,37.3887315,-122.0832409,1565136385.0,2019-08-06T17:06:25-07:00,POINT (-122.0832409 37.3887315),0.02426525642316835,404.9185775476374,android,1.0476979033458398,-0.12798105264992832,-0.0029047228310040696
259,37.3887338,-122.0832524,1565136386.0,2019-08-06T17:06:26-07:00,POINT (-122.0832524 37.3887338),0.3179663236908074,405.9262158417583,android,0.9197168506959115,-0.1308857754809324,0.5602959986113085
260,37.388735,-122.0832627,1565136387.0,2019-08-06T17:06:27-07:00,POINT (-122.0832627 37.388735),0.6633843869868421,406.7805379981875,android,0.7888310752149791,0.42941022313037613,-0.7190211808885809
261,37.3887362,-122.0832715,1565136388.0,2019-08-06T17:06:28-07:00,POINT (-122.0832715 37.3887362),0.941761859633022,407.52023302364205,android,1.2182412983453552,-0.2896109577582048,0.25605759961287533
262,37.3887447,-122.0832802,1565136389.0,2019-08-06T17:06:29-07:00,POINT (-122.0832802 37.3887447),0.5165319963383254,408.66118183574497,android,0.9286303405871504,-0.03355335814532945,0.001978015902247665
263,37.388751,-122.0832871,1565136390.0,2019-08-06T17:06:30-07:00,POINT (-122.0832871 37.388751),0.21061897650365433,409.545283222092,android,0.895076982441821,-0.03157534224308178,-0.14438859650547953
264,37.3887576,-122.0832929,1565136391.0,2019-08-06T17:06:31-07:00,POINT (-122.0832929 37.3887576),0.1769920723250449,410.35127183370395,android,0.8635016401987392,-0.1759639387485613,-0.020833904522970792
265,37.3887631,-122.0832998,1565136392.0,2019-08-06T17:06:32-07:00,POINT (-122.0832998 37.3887631),0.4105248641050441,411.1825149947263,android,0.6875377014501779,-0.1967978432715321,0.6902784897513224
266,37.3887682,-122.0833042,1565136393.0,2019-08-06T17:06:33-07:00,POINT (-122.0833042 37.3887682),0.7135849237287772,411.7990063624175,android,0.4907398581786458,0.49348064647979034,0.23914214767433323
267,37.3887721,-122.0833068,1565136394.0,2019-08-06T17:06:34-07:00,POINT (-122.0833068 37.3887721),0.9784447432596833,412.2113910596469,android,0.9842205046584361,0.7326227941541236,-1.2018590748549833
268,37.3887794,-122.0833131,1565136395.0,2019-08-06T17:06:35-07:00,POINT (-122.0833131 37.3887794),1.4121518113546685,413.0939711908878,android,1.7168432988125597,-0.46923628070085965,0.6995967139600445
269,37.388793,-122.0833223,1565136396.0,2019-08-06T17:06:36-07:00,POINT (-122.0833223 37.388793),2.329993138211918,414.54232624754343,android,1.2476070181117,0.23036043325918487,-0.7446540902901772
270,37.3888023,-122.0833302,1565136397.0,2019-08-06T17:06:37-07:00,POINT (-122.0833302 37.3888023),2.8879807103857313,415.6569771659575,android,1.477967451370885,-0.5142936570309923,0.2561278419569979
271,37.3888141,-122.0833379,1565136398.0,2019-08-06T17:06:38-07:00,POINT (-122.0833379 37.3888141),3.6965678265867177,416.89183483977456,android,0.9636737943398926,-0.2581658150739944,0.2931471022770745
272,37.388821,-122.0833445,1565136399.0,2019-08-06T17:06:39-07:00,POINT (-122.0833445 37.388821),4.078576365800939,417.77587615399324,android,0.7055079792658983,0.034981287203080136,-0.08482312027098571
273,37.3888256,-122.08335,1565136400.0,2019-08-06T17:06:40-07:00,POINT (-122.08335 37.3888256),4.285624284551383,418.45017789704684,android,0.7404892664689784,-0.04984183306790557,-0.23340897081353873
274,37.3888299,-122.0833564,1565136401.0,2019-08-06T17:06:41-07:00,POINT (-122.0833564 37.3888299),4.424673920201973,419.177698627173,android,0.6906474334010728,-0.2832508038814443,0.45696541539983415
275,37.3888331,-122.0833631,1565136402.0,2019-08-06T17:06:42-07:00,POINT (-122.0833631 37.3888331),4.444281333686149,419.86869875241905,android,0.4073966295196285,0.17371461151838985,0.02672572114113292
276,37.3888339,-122.0833676,1565136403.0,2019-08-06T17:06:43-07:00,POINT (-122.0833676 37.3888339),4.326874902424969,420.259592467221,android,0.5811112410380184,0.20044033265952277,-0.013434998166227952
277,37.3888331,-122.0833741,1565136404.0,2019-08-06T17:06:44-07:00,POINT (-122.0833741 37.3888331),3.968036669951222,420.71810782203414,android,0.7815515736975411,0.18700533449329482,-0.2986466102643349
278,37.3888301,-122.0833821,1565136405.0,2019-08-06T17:06:45-07:00,POINT (-122.0833821 37.3888301),3.3313484100889186,421.17307922934083,android,0.968556908190836,-0.1116412757710401,0.3184248049142234
279,37.3888248,-122.0833908,1565136406.0,2019-08-06T17:06:46-07:00,POINT (-122.0833908 37.3888248),2.4417684630442156,421.55730553361036,android,0.8569156324197958,0.20678352914318332,-0.19587733215840009
280,37.3888237,-122.0834004,1565136407.0,2019-08-06T17:06:47-07:00,POINT (-122.0834004 37.3888237),1.9196831079479364,422.23892196561826,android,1.0636991615629792,0.010906196984783234,0.4605089626354857
281,37.3888256,-122.0834122,1565136408.0,2019-08-06T17:06:48-07:00,POINT (-122.0834122 37.3888256),1.5926775648935325,423.2532009212142,android,1.0746053585477624,0.4714151596202689,-0.6006137783122627
282,37.3888276,-122.0834241,1565136409.0,2019-08-06T17:06:49-07:00,POINT (-122.0834241 37.3888276),1.271020287630244,424.2806278177441,android,1.5460205181680313,-0.12919861869199378,0.37669231751606524
283,37.3888355,-122.0834385,1565136410.0,2019-08-06T17:06:50-07:00,POINT (-122.0834385 37.3888355),1.4121055682907502,425.82123731623506,android,1.4168218994760375,0.24749369882407146,-0.047694232268888026
284,37.3888425,-122.0834519,1565136411.0,2019-08-06T17:06:51-07:00,POINT (-122.0834519 37.3888425),1.5093874373659277,427.2357935014259,android,1.664315598300109,0.19979946655518344,-0.6084018784904066
285,37.3888531,-122.0834652,1565136412.0,2019-08-06T17:06:52-07:00,POINT (-122.0834652 37.3888531),1.9593934925728405,428.8379641756855,android,1.8641150648552924,-0.4086024119352232,0.2417495827388334
286,37.3888643,-122.0834809,1565136413.0,2019-08-06T17:06:53-07:00,POINT (-122.0834809 37.3888643),2.3635579336692594,430.6580163732475,android,1.4555126529200693,-0.16685282919638977,0.005493733147307944
287,37.3888712,-122.0834949,1565136414.0,2019-08-06T17:06:54-07:00,POINT (-122.0834949 37.3888712),2.4251861203493332,432.1134775162605,android,1.2886598237236795,-0.16135909604908183,0.28669069784355994
288,37.3888769,-122.0835076,1565136415.0,2019-08-06T17:06:55-07:00,POINT (-122.0835076 37.3888769),2.4269663459100332,433.40344169880626,android,1.1273007276745977,0.1253316017944781,-0.1609113798241606
289,37.3888819,-122.0835187,1565136416.0,2019-08-06T17:06:56-07:00,POINT (-122.0835187 37.3888819),2.4302751076187437,434.5318733094231,android,1.2526323294690758,-0.035579778029682485,0.13326961483202937
290,37.3888879,-122.0835307,1565136417.0,2019-08-06T17:06:57-07:00,POINT (-122.0835307 37.3888879),2.4913949793077266,435.7840620549949,android,1.2170525514393933,0.09768983680234689,1.4531944413004354
291,37.3888925,-122.0835432,1565136418.0,2019-08-06T17:06:58-07:00,POINT (-122.0835432 37.3888925),2.395380863346854,436.99889614301406,android,1.3147423882417402,1.5508842781027823,-2.406312947785054
292,37.3889001,-122.0835546,1565136419.0,2019-08-06T17:06:59-07:00,POINT (-122.0835546 37.3889001),2.6373200539404276,438.29156940432125,android,2.8656266663445225,-0.8554286696822717,0.5699500343995334
293,37.3889202,-122.0835749,1565136420.0,2019-08-06T17:07:00-07:00,POINT (-122.0835749 37.3889202),3.703639782671617,440.9497421730672,android,2.0101979966622507,-0.2854786352827383,-0.09665636367430297
294,37.3889352,-122.0835876,1565136421.0,2019-08-06T17:07:01-07:00,POINT (-122.0835876 37.3889352),4.605441073371597,442.7443238512957,android,1.7247193613795124,-0.3821349989570413,0.8888808489496873
295,37.3889467,-122.0836007,1565136422.0,2019-08-06T17:07:02-07:00,POINT (-122.0836007 37.3889467),5.151207738565569,444.37988279837805,android,1.3425843624224711,0.506745849992646,-1.100345831014825
296,37.3889545,-122.0836123,1565136423.0,2019-08-06T17:07:03-07:00,POINT (-122.0836123 37.3889545),5.4038443856678535,445.69885106568734,android,1.8493302124151172,-0.593599981022179,0.43110896113477426
297,37.3889655,-122.083628,1565136424.0,2019-08-06T17:07:04-07:00,POINT (-122.083628 37.3889655),5.788657280650611,447.50804897892,android,1.2557302313929382,-0.16249101988740478,-0.023784067643587647
298,37.3889739,-122.0836375,1565136425.0,2019-08-06T17:07:05-07:00,POINT (-122.0836375 37.3889739),6.19027903301451,448.6974130660313,android,1.0932392115055334,-0.18627508753099242,0.38693201809940225
299,37.3889802,-122.083647,1565136426.0,2019-08-06T17:07:06-07:00,POINT (-122.083647 37.3889802),6.3886706398186055,449.77283112141134,android,0.906964123974541,0.20065693056840983,-0.49101435334407784
300,37.388985,-122.0836553,1565136427.0,2019-08-06T17:07:07-07:00,POINT (-122.0836553 37.388985),6.49385145217825,450.6741964027083,android,1.1076210545429508,-0.290357422775668,0.27713608790083966
301,37.3889915,-122.0836648,1565136428.0,2019-08-06T17:07:08-07:00,POINT (-122.0836648 37.3889915),6.711598591247005,451.7604662986071,android,0.8172636317672828,-0.01322133487482835,-0.05624470955338334
302,37.3889944,-122.0836733,1565136429.0,2019-08-06T17:07:09-07:00,POINT (-122.0836733 37.3889944),6.624245633245315,452.57418139080784,android,0.8040422968924544,-0.06946604442821169,0.2627092220947521
303,37.3889943,-122.0836824,1565136430.0,2019-08-06T17:07:10-07:00,POINT (-122.0836824 37.3889943),6.220586917716735,453.2714480899645,android,0.7345762524642427,0.19324317766654042,-0.034990822242650266
304,37.3889925,-122.0836904,1565136431.0,2019-08-06T17:07:11-07:00,POINT (-122.0836904 37.3889925),5.700032532738958,453.79153209557563,android,0.9278194301307832,0.15825235542389016,-0.519530464624224
305,37.3889882,-122.0836994,1565136432.0,2019-08-06T17:07:12-07:00,POINT (-122.0836994 37.3889882),4.894242657289979,454.2531853958679,android,1.0860717855546733,-0.3612781092003339,0.4950559569104792
306,37.388987,-122.0837116,1565136433.0,2019-08-06T17:07:13-07:00,POINT (-122.0837116 37.388987),4.249916833596389,455.13014527640684,android,0.7247936763543394,0.13377784771014534,-0.13355682102080801
307,37.3889868,-122.0837198,1565136434.0,2019-08-06T17:07:14-07:00,POINT (-122.0837198 37.3889868),3.8755458640549225,455.7524891133953,android,0.8585715240644848,0.0002210266893373225,-0.04184611912501979
308,37.388988,-122.0837294,1565136435.0,2019-08-06T17:07:15-07:00,POINT (-122.0837294 37.388988),3.5760494637356284,456.55890341341706,android,0.8587925507538221,-0.041625092435682465,0.37138041537427413
309,37.3889916,-122.083738,1565136436.0,2019-08-06T17:07:16-07:00,POINT (-122.083738 37.3889916),3.5521110598521597,457.41832239245934,android,0.8171674583181396,0.32975532293859167,-0.09897349760130858
310,37.388995,-122.0837462,1565136437.0,2019-08-06T17:07:17-07:00,POINT (-122.0837462 37.388995),3.526135301467299,458.23600176398133,android,1.1469227812567313,0.2307818253372831,-0.0165923414878677
311,37.3889993,-122.083758,1565136438.0,2019-08-06T17:07:18-07:00,POINT (-122.083758 37.3889993),3.431397979446026,459.380503396275,android,1.3777046065940144,0.21418948384941539,-0.18704746023548413
312,37.3890066,-122.0837706,1565136439.0,2019-08-06T17:07:19-07:00,POINT (-122.0837706 37.3890066),3.5923544185330956,460.7495596780788,android,1.5918940904434298,0.027142023613931254,-0.16579727857876003
313,37.3890139,-122.0837861,1565136440.0,2019-08-06T17:07:20-07:00,POINT (-122.0837861 37.3890139),3.6277569676758428,462.34255095494444,android,1.619036114057361,-0.13865525496482878,-0.2550167151204228
314,37.3890227,-122.0838007,1565136441.0,2019-08-06T17:07:21-07:00,POINT (-122.0838007 37.3890227),3.847289531977225,463.94743470107966,android,1.4803808590925323,-0.39367197008525157,0.4852675620541562
315,37.3890311,-122.0838137,1565136442.0,2019-08-06T17:07:22-07:00,POINT (-122.0838137 37.3890311),4.097383029691529,465.40706396171834,android,1.0867088890072807,0.09159559196890465,0.09780272944826707
316,37.3890369,-122.0838236,1565136443.0,2019-08-06T17:07:23-07:00,POINT (-122.0838236 37.3890369),4.230070934488862,466.486238774972,android,1.1783044809761853,0.18939832141717172,-0.041983008281908374
317,37.3890424,-122.083835,1565136444.0,2019-08-06T17:07:24-07:00,POINT (-122.083835 37.3890424),4.268784350673278,467.6649640771619,android,1.367702802393357,0.14741531313526335,-0.5243996314677977
318,37.3890492,-122.0838479,1565136445.0,2019-08-06T17:07:25-07:00,POINT (-122.0838479 37.3890492),4.368365646358855,469.0300554804126,android,1.5151181155286204,-0.3769843183325343,0.743058229169784
319,37.3890566,-122.0838623,1565136446.0,2019-08-06T17:07:26-07:00,POINT (-122.0838623 37.3890566),4.461071395092239,470.5435311130315,android,1.138133797196086,0.3660739108372497,-0.56237025693696
320,37.3890623,-122.083873,1565136447.0,2019-08-06T17:07:27-07:00,POINT (-122.083873 37.3890623),4.5494468091140865,471.67905481193196,android,1.5042077080333358,-0.19629634609971025,0.047990586723626105
321,37.3890687,-122.083888,1565136448.0,2019-08-06T17:07:28-07:00,POINT (-122.083888 37.3890687),4.51939995065763,473.1846019044218,android,1.3079113619336256,-0.14830575937608415,0.28989967444629205
322,37.3890737,-122.0839014,1565136449.0,2019-08-06T17:07:29-07:00,POINT (-122.0839014 37.3890737),4.423137341101768,474.4906349380856,android,1.1596056025575414,0.1415939150702079,0.0399148623106409
323,37.3890781,-122.0839133,1565136450.0,2019-08-06T17:07:30-07:00,POINT (-122.0839133 37.3890781),4.333750637534533,475.6482836104405,android,1.3011995176277493,0.1815087773808488,-0.47699289500980213
324,37.3890836,-122.0839263,1565136451.0,2019-08-06T17:07:31-07:00,POINT (-122.0839263 37.3890836),4.303194445356611,476.95055877113435,android,1.4827082950085981,-0.2954841176289533,0.0880333428688359
325,37.3890889,-122.0839417,1565136452.0,2019-08-06T17:07:32-07:00,POINT (-122.0839417 37.3890889),4.149376721428629,478.427307518737,android,1.1872241773796448,-0.20745077476011742,-0.0456084312724101
326,37.3890948,-122.0839529,1565136453.0,2019-08-06T17:07:33-07:00,POINT (-122.0839529 37.3890948),4.235461416394648,479.6122922014316,android,0.9797734026195274,-0.2530592060325275,0.4913487403578154
327,37.3890996,-122.0839622,1565136454.0,2019-08-06T17:07:34-07:00,POINT (-122.0839622 37.3890996),4.297351347535025,480.5908751194964,android,0.7267141965869999,0.23828953432528788,-0.4901231925955656
328,37.3891029,-122.0839693,1565136455.0,2019-08-06T17:07:35-07:00,POINT (-122.0839693 37.3891029),4.3093241307710874,481.3181867596127,android,0.9650037309122877,-0.2518336582702777,0.48279643106742287
329,37.3891077,-122.0839784,1565136456.0,2019-08-06T17:07:36-07:00,POINT (-122.0839784 37.3891077),4.379873136198077,482.2813257888339,android,0.71317007264201,0.23096277279714517,-0.5062781072785941
330,37.3891106,-122.0839856,1565136457.0,2019-08-06T17:07:37-07:00,POINT (-122.0839856 37.3891106),4.3488060346318065,482.9946554209578,android,0.9441328454391552,-0.27531533448144896,0.3672835285636339
331,37.3891153,-122.0839945,1565136458.0,2019-08-06T17:07:38-07:00,POINT (-122.0839945 37.3891153),4.418336452567455,483.93692460374325,android,0.6688175109577063,0.09196819408218493,-0.24260337710680546
332,37.3891181,-122.0840012,1565136459.0,2019-08-06T17:07:39-07:00,POINT (-122.0840012 37.3891181),4.399238993777417,484.60621872848407,android,0.7607857050398912,-0.15063518302462053,0.04614349498421699
333,37.3891242,-122.0840051,1565136460.0,2019-08-06T17:07:40-07:00,POINT (-122.0840051 37.3891242),4.820728156687035,485.23835630044766,android,0.6101505220152706,-0.10449168804040354,0.7620692540208812
334,37.3891279,-122.0840102,1565136461.0,2019-08-06T17:07:41-07:00,POINT (-122.0840102 37.3891279),4.958000532322855,485.8329336085888,android,0.5056588339748671,0.6575775659804777,-0.4368772430277572
335,37.3891298,-122.0840154,1565136462.0,2019-08-06T17:07:42-07:00,POINT (-122.0840154 37.3891298),4.911194670460309,486.4270878652981,android,1.1632363999553448,0.22070032295272046,-0.23128175301540588
336,37.3891353,-122.0840266,1565136463.0,2019-08-06T17:07:43-07:00,POINT (-122.0840266 37.3891353),4.937371275816214,487.59103815192674,android,1.3839367229080652,-0.010581430062685415,-0.4018663660386361
337,37.3891433,-122.0840386,1565136464.0,2019-08-06T17:07:44-07:00,POINT (-122.0840386 37.3891433),5.167223292375714,488.9561560629796,android,1.3733552928453798,-0.41244779610132154,0.6282362385202747
338,37.3891485,-122.0840527,1565136465.0,2019-08-06T17:07:45-07:00,POINT (-122.0840527 37.3891485),5.035056919256206,490.3249129107741,android,0.9609074967440583,0.21578844241895312,0.00551796780514846
339,37.3891515,-122.0840629,1565136466.0,2019-08-06T17:07:46-07:00,POINT (-122.0840629 37.3891515),4.866497544776552,491.2724118417208,android,1.1766959391630114,0.22130641022410158,-0.508943622294417
340,37.3891567,-122.0840745,1565136467.0,2019-08-06T17:07:47-07:00,POINT (-122.0840745 37.3891567),4.8460657748599925,492.4501248329779,android,1.398002349387113,-0.28763721207031545,0.6152736404793053
341,37.3891642,-122.0840872,1565136468.0,2019-08-06T17:07:48-07:00,POINT (-122.0840872 37.3891642),4.996747014293731,493.84072789792316,android,1.1103651373167975,0.3276364284089899,-0.4269938262381363
342,37.3891669,-122.0840993,1565136469.0,2019-08-06T17:07:49-07:00,POINT (-122.0840993 37.3891669),4.7145385116005505,494.916615961534,android,1.4380015657257874,-0.09935739782914643,-0.3221501832588721
343,37.3891688,-122.0841154,1565136470.0,2019-08-06T17:07:50-07:00,POINT (-122.0841154 37.3891688),4.176937926220965,496.25336335885873,android,1.338644167896641,-0.42150758108801856,0.5872408427548113
344,37.389173,-122.0841296,1565136471.0,2019-08-06T17:07:51-07:00,POINT (-122.0841296 37.389173),3.944531376735711,497.57374830261824,android,0.9171365868086224,0.1657332616667927,0.018407318619480306
345,37.3891765,-122.084139,1565136472.0,2019-08-06T17:07:52-07:00,POINT (-122.084139 37.3891765),3.8596138816510823,498.4881197757183,android,1.0828698484754151,0.184140580286273,-0.44081644370093054
346,37.3891819,-122.0841492,1565136473.0,2019-08-06T17:07:53-07:00,POINT (-122.0841492 37.3891819),3.9209086968239157,499.57005062379176,android,1.2670104287616881,-0.25667586341465753,0.2671499384181584
347,37.3891886,-122.0841608,1565136474.0,2019-08-06T17:07:54-07:00,POINT (-122.0841608 37.3891886),4.0441364396241495,500.8317832832823,android,1.0103345653470306,0.010474075003500838,0.30826188243334895
348,37.3891922,-122.0841713,1565136475.0,2019-08-06T17:07:55-07:00,POINT (-122.0841713 37.3891922),3.918897028375861,501.84344370116617,android,1.0208086403505314,0.3187359574368498,-0.23407311641340312
349,37.3891962,-122.0841817,1565136476.0,2019-08-06T17:07:56-07:00,POINT (-122.0841817 37.3891962),3.8351897302488758,502.8620782045716,android,1.3395445977873812,0.08466284102344668,-0.23605359706036388
350,37.3892024,-122.0841947,1565136477.0,2019-08-06T17:07:57-07:00,POINT (-122.0841947 37.3892024),3.8453513616969355,504.2028108289904,android,1.424207438810828,-0.1513907560369172,0.6355904478851777
351,37.3892094,-122.0842082,1565136478.0,2019-08-06T17:07:58-07:00,POINT (-122.0842082 37.3892094),3.90962250963263,505.62666824356086,android,1.2728166827739107,0.4841996918482605,-0.6269096646767336
352,37.3892166,-122.0842194,1565136479.0,2019-08-06T17:07:59-07:00,POINT (-122.0842194 37.3892166),4.096163516207618,506.886205599551,android,1.7570163746221712,-0.1427099728284731,-0.3261605665535978
353,37.3892248,-122.0842364,1565136480.0,2019-08-06T17:08:00-07:00,POINT (-122.0842364 37.3892248),4.118283182190051,508.6446586073193,android,1.614306401793698,-0.4688705393820709,0.942080545527745
354,37.3892297,-122.0842536,1565136481.0,2019-08-06T17:08:01-07:00,POINT (-122.0842536 37.3892297),3.8157469098398775,510.2329189908874,android,1.1454358624116272,0.4732100061456741,-0.3231969239831096
355,37.3892336,-122.0842656,1565136482.0,2019-08-06T17:08:02-07:00,POINT (-122.0842656 37.3892336),3.650727020381994,511.3680618098021,android,1.6186458685573013,0.15001308216256448,-0.251592197794678
356,37.3892426,-122.08428,1565136483.0,2019-08-06T17:08:03-07:00,POINT (-122.08428 37.3892426),3.8659676160835796,512.9730151445111,android,1.7686589507198658,-0.10157911563211353,0.21467339293499532
357,37.389251,-122.084297,1565136484.0,2019-08-06T17:08:04-07:00,POINT (-122.084297 37.389251),3.907221274030846,514.7427075767935,android,1.6670798350877523,0.1130942773028818,-0.36704263101118273
358,37.3892604,-122.0843117,1565136485.0,2019-08-06T17:08:05-07:00,POINT (-122.0843117 37.3892604),4.147275139602113,516.393039488954,android,1.780174112390634,-0.25394835370830093,0.44031928294908806
359,37.389265,-122.084331,1565136486.0,2019-08-06T17:08:06-07:00,POINT (-122.084331 37.389265),3.721873260204208,518.1247334206599,android,1.5262257586823331,0.18637092924078713,-0.3577454628504879
360,37.3892688,-122.0843476,1565136487.0,2019-08-06T17:08:07-07:00,POINT (-122.0843476 37.3892688),3.341014847600124,519.6053757366177,android,1.7125966879231203,-0.17137453360970079,0.6264015333164035
361,37.3892734,-122.0843661,1565136488.0,2019-08-06T17:08:08-07:00,POINT (-122.0843661 37.3892734),2.9514873426048225,521.27600534223,android,1.5412221543134195,0.4550269997067027,-1.4942233492313137
362,37.3892779,-122.0843826,1565136489.0,2019-08-06T17:08:09-07:00,POINT (-122.0843826 37.3892779),2.6420779201429445,522.7883542120887,android,1.9962491540201222,-1.039196349524611,1.0937880175228631
363,37.3892918,-122.0843969,1565136490.0,2019-08-06T17:08:10-07:00,POINT (-122.0843969 37.3892918),3.330554188933077,524.6610507018413,android,0.9570528044955111,0.0545916679982521,-0.39333016827355816
364,37.3892985,-122.0844037,1565136491.0,2019-08-06T17:08:11-07:00,POINT (-122.0844037 37.3892985),3.6665713946854375,525.5566333493301,android,1.0116444724937632,-0.33873850027530605,0.5822451399633018
365,37.3893057,-122.0844107,1565136492.0,2019-08-06T17:08:12-07:00,POINT (-122.0844107 37.3893057),4.041451840633552,526.4955816997405,android,0.6729059722184572,0.2435066396879958,-0.6433058351166892
366,37.3893108,-122.0844148,1565136493.0,2019-08-06T17:08:13-07:00,POINT (-122.0844148 37.3893108),4.345481568366016,527.0951531654257,android,0.916412611906453,-0.39979919542869335,0.6064661798434696
367,37.3893183,-122.0844105,1565136494.0,2019-08-06T17:08:14-07:00,POINT (-122.0844105 37.3893183),5.255775212136809,527.1884280999661,android,0.5166134164777596,0.20666698441477627,-0.09552378204800985
368,37.3893225,-122.084408,1565136495.0,2019-08-06T17:08:15-07:00,POINT (-122.084408 37.3893225),5.769665103732709,527.2336397009889,android,0.7232804008925359,0.11114320236676642,-0.12092133700966345
369,37.3893417,-122.0843859,1565136499.0,2019-08-06T17:08:19-07:00,POINT (-122.0843859 37.3893417),8.371123421694861,542.2536185328653,android,1.1678532103596015,-0.37254214567188737,0.602031865300868
370,37.38935,-122.0843778,1565136500.0,2019-08-06T17:08:20-07:00,POINT (-122.0843778 37.38935),8.617462492278953,543.3944658724829,android,0.7953110646877142,0.22948971962898068,-0.3738341800275875
371,37.389356,-122.0843729,1565136501.0,2019-08-06T17:08:21-07:00,POINT (-122.0843729 37.389356),8.719339232607048,544.18246533972,android,1.0248007843166949,-0.14434446039860682,-0.06804436789288115
372,37.3893614,-122.0843635,1565136502.0,2019-08-06T17:08:22-07:00,POINT (-122.0843635 37.3893614),9.209005295117219,545.0833918645733,android,0.880456323918088,-0.21238882829148797,0.2722691116160928
373,37.3893659,-122.0843553,1565136503.0,2019-08-06T17:08:23-07:00,POINT (-122.0843553 37.3893659),9.64630370485329,545.8482521485458,android,0.6680674956266001,0.05988028332460482,-0.0752519141646888
374,37.3893691,-122.0843489,1565136504.0,2019-08-06T17:08:24-07:00,POINT (-122.0843489 37.3893691),10.002643079951383,546.4140108032262,android,0.7279477789512049,-0.015371630840083972,0.04189724890488433
375,37.3893703,-122.0843408,1565136505.0,2019-08-06T17:08:25-07:00,POINT (-122.0843408 37.3893703),10.590873277487576,546.8451771893115,android,0.7125761481111209,0.02652561806480036,-0.04773980865459837
376,37.3893742,-122.0843344,1565136506.0,2019-08-06T17:08:26-07:00,POINT (-122.0843344 37.3893742),10.913504887824837,547.4809044270497,android,0.7391017661759213,-0.02121419058979801,0.21939313485648848
377,37.3893802,-122.0843308,1565136507.0,2019-08-06T17:08:27-07:00,POINT (-122.0843308 37.3893802),10.911699781433592,548.218954942675,android,0.7178875755861233,0.19817894426669047,-0.45235552332141704
378,37.3893862,-122.0843278,1565136508.0,2019-08-06T17:08:28-07:00,POINT (-122.0843278 37.3893862),10.862041693430696,548.933952087869,android,0.9160665198528137,-0.25417657905472657,0.5670461336277273
379,37.38939,-122.0843186,1565136509.0,2019-08-06T17:08:29-07:00,POINT (-122.0843186 37.38939),11.412802129594892,549.6672661774822,android,0.6618899407980872,0.3128695545730007,-0.197858961079727
380,37.3893919,-122.0843115,1565136510.0,2019-08-06T17:08:30-07:00,POINT (-122.0843115 37.3893919),11.887569477236315,550.1299789282226,android,0.9747594953710879,0.1150105934932737,0.042185532828952876
381,37.3893981,-122.0843037,1565136511.0,2019-08-06T17:08:31-07:00,POINT (-122.0843037 37.3893981),12.21110376368273,551.0493939992012,android,1.0897700888643616,0.15719612632222657,1.6539133301504163
382,37.389406,-122.0842964,1565136512.0,2019-08-06T17:08:32-07:00,POINT (-122.0842964 37.389406),12.412898996649027,552.1195215042185,android,1.2469662151865881,1.8111094564726429,-2.4343085303008807
383,37.3894155,-122.0842889,1565136513.0,2019-08-06T17:08:33-07:00,POINT (-122.0842889 37.3894155),12.55359891432915,553.3572615144898,android,3.058075671659231,-0.6231990738282378,0.9790419735249682
384,37.3894419,-122.0842792,1565136514.0,2019-08-06T17:08:34-07:00,POINT (-122.0842792 37.3894419),12.055959284181425,556.3687705912241,android,2.434876597830993,0.35584289969673044,0.09943322532707688
385,37.3894631,-122.0842723,1565136515.0,2019-08-06T17:08:35-07:00,POINT (-122.0842723 37.3894631),11.585405728003977,558.7529309791593,android,2.7907194975277236,0.4552761250238073,-0.9990240787560887
386,37.3894878,-122.0842667,1565136516.0,2019-08-06T17:08:36-07:00,POINT (-122.0842667 37.3894878),10.842632143062742,561.4369849063442,android,3.245995622551531,-0.5437479537322814,0.0418377366159608
387,37.3895162,-122.0842582,1565136517.0,2019-08-06T17:08:37-07:00,POINT (-122.0842582 37.3895162),10.152977595868213,564.6022968766773,android,2.7022476688192496,-0.5019102171163206,0.28226775871810195
388,37.3895393,-122.0842487,1565136518.0,2019-08-06T17:08:38-07:00,POINT (-122.0842487 37.3895393),9.798292728654655,567.2762693316528,android,2.200337451702929,-0.2196424583982186,-0.14348990129967332
389,37.3895579,-122.0842402,1565136519.0,2019-08-06T17:08:39-07:00,POINT (-122.0842402 37.3895579),9.580545189316943,569.4620218299582,android,1.9806949933047104,-0.3631323596978919,0.7680231271992082
390,37.3895746,-122.0842324,1565136520.0,2019-08-06T17:08:40-07:00,POINT (-122.0842324 37.3895746),9.398461435285812,571.4309641383383,android,1.6175626336068185,0.40489076750131625,-0.8097306929744634
391,37.3895885,-122.084227,1565136521.0,2019-08-06T17:08:41-07:00,POINT (-122.084227 37.3895885),9.15979721251956,573.0278189425276,android,2.0224534011081348,-0.4048399254731472,-0.04022435727629747
392,37.3896056,-122.0842192,1565136522.0,2019-08-06T17:08:42-07:00,POINT (-122.0842192 37.3896056),8.95845134635073,575.0367431176629,android,1.6176134756349876,-0.44506428274944465,0.28320326297983667
393,37.3896192,-122.0842127,1565136523.0,2019-08-06T17:08:43-07:00,POINT (-122.0842127 37.3896192),8.821962931731687,576.6458757856834,android,1.172549192885543,-0.16186101976960798,-0.20888833186718125
394,37.389629,-122.0842078,1565136524.0,2019-08-06T17:08:44-07:00,POINT (-122.0842078 37.389629),8.74085191369515,577.8137038101663,android,1.010688173115935,-0.37074935163678924,0.728856466522629
395,37.389638,-122.0842062,1565136525.0,2019-08-06T17:08:45-07:00,POINT (-122.0842062 37.389638),8.435073873737274,578.774774394196,android,0.6399388214791457,0.3581071148858398,-0.35670876987155675
396,37.3896437,-122.0842052,1565136526.0,2019-08-06T17:08:46-07:00,POINT (-122.0842052 37.3896437),8.240351035776401,579.3829401284389,android,0.9980459363649855,0.0013983450142830423,-0.5003874690432805
397,37.389652,-122.0842009,1565136527.0,2019-08-06T17:08:47-07:00,POINT (-122.0842009 37.389652),8.1836179662716,580.3777822508594,android,0.9994442813792686,-0.4989891240289974,0.6282779330502267
398,37.3896593,-122.0841943,1565136528.0,2019-08-06T17:08:48-07:00,POINT (-122.0841943 37.3896593),8.3584741870448,581.3610405253326,android,0.5004551573502711,0.1292888090212293,0.02113460767073372
399,37.3896638,-122.0841944,1565136529.0,2019-08-06T17:08:49-07:00,POINT (-122.0841944 37.3896638),8.133805993755841,581.806995766923,android,0.6297439663715004,0.15042341669196302,0.284638729396813
400,37.3896693,-122.0841961,1565136530.0,2019-08-06T17:08:50-07:00,POINT (-122.0841961 37.3896693),7.733376615616321,582.291430417701,android,0.7801673830634634,0.435062146088776,-0.7590718452038805
401,37.3896763,-122.0841967,1565136531.0,2019-08-06T17:08:51-07:00,POINT (-122.0841967 37.3896763),7.348446320360808,582.9680620304566,android,1.2152295291522395,-0.32400969911510447,0.49996740007992235
402,37.389687,-122.0841939,1565136532.0,2019-08-06T17:08:52-07:00,POINT (-122.0841939 37.389687),7.0565117765947205,584.1451627122644,android,0.891219830037135,0.1759577009648179,-0.3547825125434547
403,37.3896947,-122.0841911,1565136533.0,2019-08-06T17:08:53-07:00,POINT (-122.0841911 37.3896947),6.9090390054861865,585.0223983976825,android,1.067177531001953,-0.17882481157863683,0.005119434693112934
404,37.3897034,-122.084186,1565136534.0,2019-08-06T17:08:54-07:00,POINT (-122.084186 37.3897034),6.896847548649461,586.0879601896154,android,0.8883527194233161,-0.1737053768855239,0.2020654311976091
405,37.389711,-122.0841829,1565136535.0,2019-08-06T17:08:55-07:00,POINT (-122.0841829 37.389711),6.778116388374427,586.9667270135042,android,0.7146473425377922,0.028360054312085214,0.4003387324110703
406,37.3897173,-122.0841813,1565136536.0,2019-08-06T17:08:56-07:00,POINT (-122.0841813 37.3897173),6.602569818189618,587.6044872479557,android,0.7430073968498774,0.42869878672315553,-1.011995158805489
407,37.3897219,-122.0841752,1565136537.0,2019-08-06T17:08:57-07:00,POINT (-122.0841752 37.3897219),6.907920792152475,587.6044872479557,android,1.171706183573033,-0.5832963720823335,1.1337477572448598
408,37.389729,-122.0841654,1565136538.0,2019-08-06T17:08:58-07:00,POINT (-122.0841654 37.389729),7.533647360467318,587.6044872479557,android,0.5884098114906994,0.5504513851625262,-0.40277433586641964
409,37.3897334,-122.0841617,1565136539.0,2019-08-06T17:08:59-07:00,POINT (-122.0841617 37.3897334),7.775087111209691,587.6044872479557,android,1.1388611966532256,0.1476770492961066,-0.3047129581041319
410,37.3897411,-122.0841532,1565136540.0,2019-08-06T17:09:00-07:00,POINT (-122.0841532 37.3897411),8.460739873753372,587.6044872479557,android,1.2865382459493322,-0.15703590880802532,0.16006264342998344
411,37.3897498,-122.0841436,1565136541.0,2019-08-06T17:09:01-07:00,POINT (-122.0841436 37.3897498),9.342084293256658,587.6044872479557,android,1.1295023371413069,0.003026734621958127,0.005294916156239227
412,37.3897583,-122.0841366,1565136542.0,2019-08-06T17:09:02-07:00,POINT (-122.0841366 37.3897583),10.078301232688663,587.6044872479557,android,1.132529071763265,0.008321650778197354,0.265679682762215
413,37.3897675,-122.0841311,1565136543.0,2019-08-06T17:09:03-07:00,POINT (-122.0841311 37.3897675),10.772849755597697,587.6044872479557,android,1.1408507225414624,0.27400133354041234,-0.48905093693003265
414,37.3897765,-122.0841249,1565136544.0,2019-08-06T17:09:04-07:00,POINT (-122.0841249 37.3897765),11.588030742386414,587.6044872479557,android,1.4148520560818747,-0.21504960338962031,0.17075335874432285
415,37.3897877,-122.0841173,1565136545.0,2019-08-06T17:09:05-07:00,POINT (-122.0841173 37.3897877),12.66311970337731,587.6044872479557,android,1.1998024526922544,-0.04429624464529747,0.06738630758033293
416,37.3897973,-122.0841111,1565136546.0,2019-08-06T17:09:06-07:00,POINT (-122.0841111 37.3897973),13.608889692634456,587.6044872479557,android,1.155506208046957,0.02309006293503546,-0.15954742452488446
417,37.3898057,-122.0841034,1565136547.0,2019-08-06T17:09:07-07:00,POINT (-122.0841034 37.3898057),14.64381056533882,587.6044872479557,android,1.1785962709819924,-0.136457361589849,0.41414567256218016
418,37.389815,-122.084097,1565136548.0,2019-08-06T17:09:08-07:00,POINT (-122.084097 37.389815),15.647164659435827,587.6044872479557,android,1.0421389093921434,0.27768831097233115,-0.4491780719777936
419,37.3898221,-122.0840893,1565136549.0,2019-08-06T17:09:09-07:00,POINT (-122.0840893 37.3898221),16.639501015872565,587.6044872479557,android,1.3198272203644745,-0.17148976100546243,-0.11297805019489726
420,37.3898325,-122.0840821,1565136550.0,2019-08-06T17:09:10-07:00,POINT (-122.0840821 37.3898325),17.80272008919039,587.6044872479557,android,1.148337459359012,-0.2844678112003597,0.2964760584098952
421,37.3898424,-122.0840784,1565136551.0,2019-08-06T17:09:11-07:00,POINT (-122.0840784 37.3898424),18.703055696772942,587.6044872479557,android,0.8638696481586524,0.012008247209535527,-0.25185917550647285
422,37.3898501,-122.0840771,1565136552.0,2019-08-06T17:09:12-07:00,POINT (-122.0840771 37.3898501),19.31113555842184,587.6044872479557,android,0.8758778953681879,-0.23985092829693733,0.6214119600116782
423,37.3898566,-122.0840715,1565136553.0,2019-08-06T17:09:13-07:00,POINT (-122.0840715 37.3898566),20.147963860780003,587.6044872479557,android,0.6360269670712506,0.3815610317147409,-0.38266958917383587
424,37.389861,-122.0840669,1565136554.0,2019-08-06T17:09:14-07:00,POINT (-122.0840669 37.389861),20.771701902443564,587.6044872479557,android,1.0175879987859915,-0.0011085574590949943,-0.34423412799451936
425,37.3898685,-122.0840603,1565136555.0,2019-08-06T17:09:15-07:00,POINT (-122.0840603 37.3898685),21.75211812442791,587.6044872479557,android,1.0164794413268965,-0.34534268545361435,0.5425384054588177
426,37.3898763,-122.0840543,1565136556.0,2019-08-06T17:09:16-07:00,POINT (-122.0840543 37.3898763),22.7171182818399,587.6044872479557,android,0.6711367558732821,0.19719572000520336,-0.348477445653565
427,37.3898807,-122.0840491,1565136557.0,2019-08-06T17:09:17-07:00,POINT (-122.0840491 37.3898807),23.384600794841276,587.6044872479557,android,0.8683324758784855,-0.15128172564836162,-0.5657690245817623
428,37.3898861,-122.084042,1565136558.0,2019-08-06T17:09:18-07:00,POINT (-122.084042 37.3898861),24.251996094093712,587.6044872479557,android,0.7170507502301239,-0.7170507502301239,0.7170507502301239
429,37.3898913,-122.0840372,1565136559.0,2019-08-06T17:09:19-07:00,POINT (-122.0840372 37.3898913),24.951692039907336,587.6044872479557,android,0.0,0.0,0.0
