,latitude,longitude,ts,fmt_time,geometry,gt_distance,gt_projection,source,speed,acceleration,jerk
0,37.3860161,-122.0840969,1564261302.0,2019-07-27T14:01:42-07:00,POINT (-122.0840969 37.3860161),24.412532073677756,0.0,android,1.0422872692267218,0.1623271106640105,-0.4215578884174678
1,37.3860173,-122.0840852,1564261303.0,2019-07-27T14:01:43-07:00,POINT (-122.0840852 37.3860173),23.81483260656532,0.0,android,1.2046143798907323,-0.25923077775345726,-0.07854318752247214
2,37.3860153,-122.0840718,1564261304.0,2019-07-27T14:01:44-07:00,POINT (-122.0840718 37.3860153),22.878460384177952,0.0,android,0.945383602137275,-0.3377739652759294,0.4521579424005072
3,37.3860133,-122.0840614,1564261305.0,2019-07-27T14:01:45-07:00,POINT (-122.0840614 37.3860133),22.130515995875932,0.0,android,0.6076096368613456,0.11438397712457782,-0.4491476364038773
4,37.3860153,-122.084055,1564261306.0,2019-07-27T14:01:46-07:00,POINT (-122.084055 37.3860153),21.965673683541496,0.0,android,0.7219936139859234,-0.33476365927929946,0.6528579624137753
5,37.3860214,-122.0840522,1564261307.0,2019-07-27T14:01:47-07:00,POINT (-122.0840522 37.3860214),22.371992683357995,0.0,android,0.38722995470662397,0.3180943031344758,0.41682270232440527
6,37.3860247,-122.0840508,1564261308.0,2019-07-27T14:01:48-07:00,POINT (-122.0840508 37.3860247),22.604024194936873,0.0,android,0.7053242578410998,0.7349170054588811,1.200596999371839
7,37.3860276,-122.0840437,1564261309.0,2019-07-27T14:01:49-07:00,POINT (-122.0840437 37.3860276),22.52999334337908,0.0,android,1.4402412632999808,1.9355140048307202,-4.020998614792971
8,37.3860341,-122.0840296,1564261310.0,2019-07-27T14:01:50-07:00,POINT (-122.0840296 37.3860341),22.520359424627216,0.0,android,3.375755268130701,-2.0854846099622506,1.9424664688201558
9,37.38605245185185,-122.08399916296295,1564261311.0,2019-07-27T14:01:51-07:00,POINT (-122.08399916296295 37.38605245185185),21.37097695545914,22.657183743834786,android,1.2902706581684507,-0.14301814114209477,0.49683885543572925
10,37.3860483,-122.0840128,1564261312.0,2019-07-27T14:01:52-07:00,POINT (-122.0840128 37.3860483),22.286444737592735,21.745207470394973,android,1.147252517026356,0.3538207142936345,-0.6971749676671375
11,37.3860563,-122.0840046,1564261313.0,2019-07-27T14:01:53-07:00,POINT (-122.0840046 37.3860563),21.984388044630553,22.851373072240577,android,1.5010732313199904,-0.343354253373503,0.26381161892201455
12,37.3860647,-122.0839913,1564261314.0,2019-07-27T14:01:54-07:00,POINT (-122.0839913 37.3860647),21.287931974614693,24.181770360685505,android,1.1577189779464874,-0.07954263445148846,2.172300507102328
13,37.3860717,-122.0839816,1564261315.0,2019-07-27T14:01:55-07:00,POINT (-122.0839816 37.3860717),20.81942714804229,25.240610194372678,android,1.078176343494999,2.0927578726508393,-4.505464174470605
14,37.3860769,-122.0839713,1564261316.0,2019-07-27T14:01:56-07:00,POINT (-122.0839713 37.3860769),20.22114945395045,26.138626291377093,android,3.170934216145838,-2.412706301819766,3.2349770083079696
15,37.38608076296296,-122.08393574074073,1564261317.0,2019-07-27T14:01:57-07:00,POINT (-122.08393574074073 37.38608076296296),17.519716415407753,27.810913789686573,android,0.7582279143260718,0.8222707064882037,-0.9986538677832705
16,37.3860869,-122.083932,1564261318.0,2019-07-27T14:01:58-07:00,POINT (-122.083932 37.3860869),17.494205525502295,28.5676508508312,android,1.5804986208142755,-0.17638316129506681,-0.12586256673725948
17,37.3860902,-122.0839146,1564261319.0,2019-07-27T14:01:59-07:00,POINT (-122.0839146 37.3860902),16.23596410159885,29.528824211486487,android,1.4041154595192087,-0.3022457280323263,0.5306489107569254
18,37.3860966,-122.0839009,1564261320.0,2019-07-27T14:02:00-07:00,POINT (-122.0839009 37.3860966),15.416883634410926,30.670924259512525,android,1.1018697314868824,0.22840318272459914,-0.33923912520970245
19,37.3861037,-122.0838922,1564261321.0,2019-07-27T14:02:01-07:00,POINT (-122.0838922 37.3861037),15.033767417890319,31.703881804330962,android,1.3302729142114815,-0.11083594248510331,0.01903726088074187
20,37.3861106,-122.0838799,1564261322.0,2019-07-27T14:02:02-07:00,POINT (-122.0838799 37.3861106),14.35047940260467,32.84623317102111,android,1.2194369717263782,-0.09179868160436144,0.04736968661790586
21,37.3861179,-122.0838696,1564261323.0,2019-07-27T14:02:03-07:00,POINT (-122.0838696 37.3861179),13.846993797224256,33.95708981917993,android,1.1276382901220168,-0.04442899498645558,0.13431325559570872
22,37.3861241,-122.0838595,1564261324.0,2019-07-27T14:02:04-07:00,POINT (-122.0838595 37.3861241),13.31003079089202,34.94925526491792,android,1.0832092951355612,0.08988426060925314,-0.3523903437441891
23,37.3861308,-122.0838506,1564261325.0,2019-07-27T14:02:05-07:00,POINT (-122.0838506 37.3861308),12.892685236845116,35.948875489949984,android,1.1730935557448143,-0.26250608313493595,0.08599470600800219
24,37.3861387,-122.0838418,1564261326.0,2019-07-27T14:02:06-07:00,POINT (-122.0838418 37.3861387),12.537593322706776,37.066516824482754,android,0.9105874726098784,-0.17651137712693377,0.5787932415552226
25,37.3861444,-122.0838344,1564261327.0,2019-07-27T14:02:07-07:00,POINT (-122.0838344 37.3861444),12.196419668342317,37.91075784640697,android,0.7340760954829446,0.40228186442828884,-0.37188103541736206
26,37.38615,-122.08383,1564261328.0,2019-07-27T14:02:08-07:00,POINT (-122.08383 37.38615),12.093352325164972,38.63680997299687,android,1.1363579599112335,0.030400829010926778,-0.11853264434119226
27,37.3861592,-122.0838244,1564261329.0,2019-07-27T14:02:09-07:00,POINT (-122.0838244 37.3861592),12.055735540444301,39.77095218160764,android,1.1667587889221602,-0.08813181533026548,0.6222185447275963
28,37.3861692,-122.0838204,1564261330.0,2019-07-27T14:02:10-07:00,POINT (-122.0838204 37.3861692),12.183626984905112,40.928547667606736,android,1.0786269735918947,0.5340867293973308,-1.3683858047622888
29,37.3861789,-122.0838205,1564261331.0,2019-07-27T14:02:11-07:00,POINT (-122.0838205 37.3861789),12.629557567182195,41.90806409451448,android,1.6127137029892256,-0.8342990753649581,0.84127878391054
30,37.3861934,-122.0838201,1564261332.0,2019-07-27T14:02:12-07:00,POINT (-122.0838201 37.3861934),13.251716204289888,43.39208094796544,android,0.7784146276242675,0.006979708545581942,-0.041809339954825386
31,37.3862004,-122.08382,1564261333.0,2019-07-27T14:02:13-07:00,POINT (-122.08382 37.3862004),13.55959823797559,44.10514948663359,android,0.7853943361698494,-0.034829631409243444,-0.008221593210156808
32,37.3862073,-122.0838181,1564261334.0,2019-07-27T14:02:14-07:00,POINT (-122.0838181 37.3862073),13.717394517090476,44.87291495311244,android,0.750564704760606,-0.04305122461940025,0.33676418760753923
33,37.3862137,-122.0838154,1564261335.0,2019-07-27T14:02:15-07:00,POINT (-122.0838154 37.3862137),13.787922965083386,45.618818507423065,android,0.7075134801412057,0.293712962988139,-0.3711377981215408
34,37.3862199,-122.0838136,1564261336.0,2019-07-27T14:02:16-07:00,POINT (-122.0838136 37.3862199),13.922209696385602,46.31203549517373,android,1.0012264431293447,-0.07742483513340181,0.5560441027260403
35,37.3862287,-122.0838112,1564261337.0,2019-07-27T14:02:17-07:00,POINT (-122.0838112 37.3862287),14.125332575252825,47.29037940672645,android,0.9238016079959429,0.4786192675926385,-1.1207450930094223
36,37.3862365,-122.0838076,1564261338.0,2019-07-27T14:02:18-07:00,POINT (-122.0838076 37.3862365),14.18626911396953,48.210592355272965,android,1.4024208755885814,-0.6421258254167839,0.3102423119909508
37,37.3862489,-122.0838105,1564261339.0,2019-07-27T14:02:19-07:00,POINT (-122.0838105 37.3862489),14.980518837451884,49.36291017331084,android,0.7602950501717975,-0.33188351342583305,0.7835099427197407
38,37.3862557,-122.0838114,1564261340.0,2019-07-27T14:02:20-07:00,POINT (-122.0838114 37.3862557),15.36024649175472,50.01969035057561,android,0.4284115367459645,0.45162642929390767,-0.6437003310602722
39,37.3862595,-122.0838122,1564261341.0,2019-07-27T14:02:21-07:00,POINT (-122.0838122 37.3862595),15.596471338110707,50.37601515126206,android,0.8800379660398722,-0.19207390176636452,0.8500981418658696
40,37.3862674,-122.0838116,1564261342.0,2019-07-27T14:02:22-07:00,POINT (-122.0838116 37.3862674),15.904541488804446,51.19830974078283,android,0.6879640642735076,0.6580242400995051,-0.6027057764467347
41,37.3862734,-122.0838097,1564261343.0,2019-07-27T14:02:23-07:00,POINT (-122.0838097 37.3862734),16.021713343257858,51.874857988100885,android,1.3459883043730128,0.05531846365277038,0.1377646927288596
42,37.3862854,-122.0838077,1564261344.0,2019-07-27T14:02:24-07:00,POINT (-122.0838077 37.3862854),16.40162888292186,53.16312234040369,android,1.4013067680257831,0.19308315638162998,-0.2817986449930756
43,37.386298,-122.0838074,1564261345.0,2019-07-27T14:02:25-07:00,POINT (-122.0838074 37.386298),16.94611198767243,54.450967781947675,android,1.5943899244074131,-0.08871548861144563,-0.4489591866161593
44,37.3863118,-122.0838025,1564261346.0,2019-07-27T14:02:26-07:00,POINT (-122.0838025 37.3863118),17.17274474500616,56.026118121532875,android,1.5056744357959675,-0.5376746752276049,1.229327280121678
45,37.3863251,-122.0837993,1564261347.0,2019-07-27T14:02:27-07:00,POINT (-122.0837993 37.3863251),17.514292759878046,57.489361913894975,android,0.9679997605683626,0.691652604894073,-1.2411561360482986
46,37.3863337,-122.0837976,1564261348.0,2019-07-27T14:02:28-07:00,POINT (-122.0837976 37.3863337),17.764999584574902,58.42222272974267,android,1.6596523654624356,-0.5495035311542256,0.36642785782122833
47,37.3863486,-122.0837987,1564261349.0,2019-07-27T14:02:29-07:00,POINT (-122.0837987 37.3863486),18.526523805273072,59.892753644196105,android,1.11014883430821,-0.18307567333299724,0.31441491400209287
48,37.3863584,-122.0837963,1564261350.0,2019-07-27T14:02:30-07:00,POINT (-122.0837963 37.3863584),18.77478571881011,60.97244977603637,android,0.9270731609752128,0.13133924066909564,-0.11566616029357002
49,37.3863654,-122.0837906,1564261351.0,2019-07-27T14:02:31-07:00,POINT (-122.0837906 37.3863654),18.629778612132732,61.88721802671048,android,1.0584124016443084,0.015673080375525617,0.23357904305358423
50,37.3863744,-122.0837867,1564261352.0,2019-07-27T14:02:32-07:00,POINT (-122.0837867 37.3863744),18.72062021529403,62.93985894574763,android,1.074085482019834,0.24925212342910985,-0.5568660780348318
51,37.3863839,-122.0837845,1564261353.0,2019-07-27T14:02:33-07:00,POINT (-122.0837845 37.3863839),18.97151539910741,63.981945743973135,android,1.3233376054489439,-0.30761395460572194,0.7932557944718996
52,37.3863958,-122.0837843,1564261354.0,2019-07-27T14:02:34-07:00,POINT (-122.0837843 37.3863958),19.49248923123428,65.19524260721434,android,1.015723650843222,0.4856418398661777,-0.8238121954519892
53,37.3864049,-122.0837853,1564261355.0,2019-07-27T14:02:35-07:00,POINT (-122.0837853 37.3864049),19.985081240151967,65.90544638915678,android,1.5013654907093996,-0.33817035558581154,0.5118574779114928
54,37.3864184,-122.0837856,1564261356.0,2019-07-27T14:02:36-07:00,POINT (-122.0837856 37.3864184),20.630648963269014,67.2572626242469,android,1.163195135123588,0.1736871223256813,-0.05045451256066946
55,37.3864287,-122.0837833,1564261357.0,2019-07-27T14:02:37-07:00,POINT (-122.0837833 37.3864287),20.91948479191885,68.38153180866469,android,1.3368822574492694,0.12323260976501182,0.17222301823513098
56,37.3864405,-122.0837804,1564261358.0,2019-07-27T14:02:38-07:00,POINT (-122.0837804 37.3864405),21.229033826926106,69.67926444830105,android,1.4601148672142812,0.2954556280001428,-0.4955948183271184
57,37.3864532,-122.0837762,1564261359.0,2019-07-27T14:02:39-07:00,POINT (-122.0837762 37.3864532),21.475291483519683,71.11560036583093,android,1.755570495214424,-0.20013919032697558,0.04516720504521765
58,37.3864682,-122.08377,1564261360.0,2019-07-27T14:02:40-07:00,POINT (-122.08377 37.3864682),21.666312792189615,72.85758083379835,android,1.5554313048874484,-0.15497198528175793,-0.09251367502662222
59,37.3864812,-122.0837635,1564261361.0,2019-07-27T14:02:41-07:00,POINT (-122.0837635 37.3864812),21.74110897691306,74.40867848338533,android,1.4004593196056905,-0.24748566030838015,0.3238255634023126
60,37.3864925,-122.0837565,1564261362.0,2019-07-27T14:02:42-07:00,POINT (-122.0837565 37.3864925),21.697376259178355,75.80655883405089,android,1.1529736592973103,0.07633990309393246,0.19266553115866158
61,37.3865012,-122.0837494,1564261363.0,2019-07-27T14:02:43-07:00,POINT (-122.0837494 37.3865012),21.525911355983997,76.94560541358568,android,1.2293135623912428,0.26900543425259404,-0.39125840146276714
62,37.3865119,-122.0837459,1564261364.0,2019-07-27T14:02:44-07:00,POINT (-122.0837459 37.3865119),21.73649492719633,78.15432977715497,android,1.4983189966438368,-0.12225296721017309,0.33648889410374094
63,37.3865241,-122.0837387,1564261365.0,2019-07-27T14:02:45-07:00,POINT (-122.0837387 37.3865241),21.71807889581588,79.65037695130154,android,1.3760660294336637,0.21423592689356785,-0.19133442339865625
64,37.3865342,-122.0837297,1564261366.0,2019-07-27T14:02:46-07:00,POINT (-122.0837297 37.3865342),21.458006317495787,81.00053933536998,android,1.5903019563272316,0.0229015034949116,-0.2600391194592033
65,37.386545,-122.0837179,1564261367.0,2019-07-27T14:02:47-07:00,POINT (-122.0837179 37.386545),21.00460788214948,82.52420798383028,android,1.6132034598221432,-0.23713761596429173,0.1681453350136628
66,37.3865545,-122.0837041,1564261368.0,2019-07-27T14:02:48-07:00,POINT (-122.0837041 37.3865545),20.33026628876637,83.99009831334237,android,1.3760658438578515,-0.06899228095062893,0.2838237719986778
67,37.3865646,-122.0836951,1564261369.0,2019-07-27T14:02:49-07:00,POINT (-122.0836951 37.3865646),20.070194506704055,85.34026067638341,android,1.3070735629072225,0.21483149104804888,0.28080904549252494
68,37.3865728,-122.0836845,1564261370.0,2019-07-27T14:02:50-07:00,POINT (-122.0836845 37.3865728),19.593782621227263,86.5573827314589,android,1.5219050539552714,0.49564053654057383,-0.5846446498674098
69,37.3865812,-122.0836709,1564261371.0,2019-07-27T14:02:51-07:00,POINT (-122.0836709 37.3865812),18.884919726438277,87.90488152813742,android,2.0175455904958453,-0.089004113326836,0.04991091896034083
70,37.3865943,-122.0836551,1564261372.0,2019-07-27T14:02:52-07:00,POINT (-122.0836551 37.3865943),18.215181784859613,89.80765239908412,android,1.9285414771690093,-0.039093194366495165,-0.2458650540556122
71,37.3866069,-122.0836401,1564261373.0,2019-07-27T14:02:53-07:00,POINT (-122.0836401 37.3866069),17.586871382741524,91.63056482276441,android,1.889448282802514,-0.2849582484221074,0.20871091544972198
72,37.3866179,-122.0836238,1564261374.0,2019-07-27T14:02:54-07:00,POINT (-122.0836238 37.3866179),16.78019576941249,93.33970363420846,android,1.6044900343804067,-0.0762473329723854,-0.11987767069844057
73,37.3866288,-122.0836119,1564261375.0,2019-07-27T14:02:55-07:00,POINT (-122.0836119 37.3866288),16.32334787716308,94.8771403245227,android,1.5282427014080213,-0.19612500367082597,0.7697663072006331
74,37.3866399,-122.0836017,1564261376.0,2019-07-27T14:02:56-07:00,POINT (-122.0836017 37.3866399),16.012645205343937,96.37232804339043,android,1.3321176977371953,0.5736413035298071,-1.034101439321038
75,37.3866502,-122.083594,1564261377.0,2019-07-27T14:02:57-07:00,POINT (-122.083594 37.3866502),15.866499682927214,97.69493294073035,android,1.9057590012670025,-0.4604601357912308,0.6064035290150753
76,37.3866647,-122.0835825,1564261378.0,2019-07-27T14:02:58-07:00,POINT (-122.0835825 37.3866647),15.607581035022195,99.58110061733431,android,1.4452988654757717,0.14594339322384453,-0.160729074631365
77,37.3866746,-122.0835719,1564261379.0,2019-07-27T14:02:59-07:00,POINT (-122.0835719 37.3866746),15.228721901387955,100.5756967020058,android,1.5912422586996162,-0.014785681407520457,0.0830321149159734
78,37.3866837,-122.083558,1564261380.0,2019-07-27T14:03:00-07:00,POINT (-122.083558 37.3866837),14.565158992829012,102.02254702770223,android,1.5764565772920958,0.06824643350845294,-0.3879111285177794
79,37.3866915,-122.0835431,1564261381.0,2019-07-27T14:03:01-07:00,POINT (-122.0835431 37.3866915),13.758805307958776,103.37855731692328,android,1.6447030108005487,-0.3196646950093265,0.31330384888692797
80,37.3867016,-122.0835295,1564261382.0,2019-07-27T14:03:02-07:00,POINT (-122.0835295 37.3867016),13.167743780397574,104.91349198265603,android,1.3250383157912222,-0.006360846122398511,0.025194708497131568
81,37.3867097,-122.0835185,1564261383.0,2019-07-27T14:03:03-07:00,POINT (-122.0835185 37.3867097),12.686318495490914,106.14809051379791,android,1.3186774696688237,0.018833862374733057,-0.1284977568027994
82,37.3867191,-122.0835094,1564261384.0,2019-07-27T14:03:04-07:00,POINT (-122.0835094 37.3867191),12.419301307281208,107.43860693798023,android,1.3375113320435568,-0.10966389442806634,-0.11190296201874195
83,37.3867282,-122.0834995,1564261385.0,2019-07-27T14:03:05-07:00,POINT (-122.0834995 37.3867282),12.074036498903737,108.73024778324042,android,1.2278474376154904,-0.2215668564468083,-0.0715671559776978
84,37.3867357,-122.0834893,1564261386.0,2019-07-27T14:03:06-07:00,POINT (-122.0834893 37.3867357),11.627094118507086,109.8739694393916,android,1.0062805811686821,-0.2931340124245061,0.4072973340777031
85,37.3867429,-122.0834824,1564261387.0,2019-07-27T14:03:07-07:00,POINT (-122.0834824 37.3867429),11.428157917289903,110.85972565711941,android,0.713146568744176,0.11416332165319698,0.2994916000154717
86,37.3867486,-122.0834787,1564261388.0,2019-07-27T14:03:08-07:00,POINT (-122.0834787 37.3867486),11.410916179785199,111.57172673646475,android,0.827309890397373,0.4136549216686687,-0.5915421218511736
87,37.3867554,-122.0834749,1564261389.0,2019-07-27T14:03:09-07:00,POINT (-122.0834749 37.3867554),11.439208432763055,112.3973054791246,android,1.2409648120660417,-0.17788720018250492,-0.12150663909271897
88,37.3867656,-122.0834692,1564261390.0,2019-07-27T14:03:10-07:00,POINT (-122.0834692 37.3867656),11.48164693064159,113.63567356669873,android,1.0630776118835368,-0.2993938392752239,0.3602583056760401
89,37.3867732,-122.0834619,1564261391.0,2019-07-27T14:03:11-07:00,POINT (-122.0834619 37.3867732),11.270332948482613,114.67684066727806,android,0.7636837726083129,0.06086446640081622,0.297185004357449
90,37.3867799,-122.08346,1564261392.0,2019-07-27T14:03:12-07:00,POINT (-122.08346 37.3867799),11.444953295172239,115.418722281861,android,0.8245482390091291,0.3580494707582652,-0.11146883803729779
91,37.3867873,-122.0834594,1564261393.0,2019-07-27T14:03:13-07:00,POINT (-122.0834594 37.3867873),11.757059886814668,116.1799682017438,android,1.1825977097673943,0.24658063272096742,-0.7389695525949871
92,37.3867971,-122.0834542,1564261394.0,2019-07-27T14:03:14-07:00,POINT (-122.0834542 37.3867971),11.819834399042717,117.35904502344333,android,1.4291783424883617,-0.49238891987401967,0.32464032702318224
93,37.3868005,-122.0834386,1564261395.0,2019-07-27T14:03:15-07:00,POINT (-122.0834386 37.3868005),10.743816634212672,118.30342744025846,android,0.9367894226143421,-0.16774859285083743,0.4852824421267796
94,37.3868025,-122.0834283,1564261396.0,2019-07-27T14:03:16-07:00,POINT (-122.0834283 37.3868025),10.021461361604448,118.90254225161983,android,0.7690408297635046,0.3175338492759422,-0.2047390888395214
95,37.3868071,-122.0834218,1564261397.0,2019-07-27T14:03:17-07:00,POINT (-122.0834218 37.3868071),9.727921650191194,119.61349264443072,android,1.0865746790394468,0.11279476043642078,0.3789610362308409
96,37.3868158,-122.0834162,1564261398.0,2019-07-27T14:03:18-07:00,POINT (-122.0834162 37.3868158),9.70537573120871,120.69839297140643,android,1.1993694394758676,0.49175579666726166,-0.6673556443217203
97,37.3868262,-122.0834126,1564261399.0,2019-07-27T14:03:19-07:00,POINT (-122.0834126 37.3868262),9.92464645974953,121.87522075331147,android,1.6911252361431293,-0.17559984765445869,0.004748863521177649
98,37.3868349,-122.0833969,1564261400.0,2019-07-27T14:03:20-07:00,POINT (-122.0833969 37.3868349),9.101409282667058,123.32700680004422,android,1.5155253884886706,-0.17085098413328104,-0.3729983470161208
99,37.3868444,-122.0833846,1564261401.0,2019-07-27T14:03:21-07:00,POINT (-122.0833846 37.3868444),8.588540043559341,124.75307878836392,android,1.3446744043553895,-0.5438493311494018,0.7045394094149238
100,37.386853,-122.0833739,1564261402.0,2019-07-27T14:03:22-07:00,POINT (-122.0833739 37.386853),8.158805897196986,126.0270853280385,android,0.8008250732059877,0.16069007826552195,-0.25610670806035885
101,37.3868581,-122.0833675,1564261403.0,2019-07-27T14:03:23-07:00,POINT (-122.0833675 37.3868581),7.899620708085937,126.78473338633076,android,0.9615151514715097,-0.0954166297948369,0.08019396817099589
102,37.3868635,-122.083359,1564261404.0,2019-07-27T14:03:24-07:00,POINT (-122.083359 37.3868635),7.488225823141643,127.65420296604137,android,0.8660985216766728,-0.015222661623841005,0.025209288804757257
103,37.3868694,-122.0833526,1564261405.0,2019-07-27T14:03:25-07:00,POINT (-122.0833526 37.3868694),7.268162927486685,128.4915236746526,android,0.8508758600528318,0.009986627180916252,0.09383395441419518
104,37.3868741,-122.083345,1564261406.0,2019-07-27T14:03:26-07:00,POINT (-122.083345 37.3868741),6.894056662816204,129.25616073298622,android,0.860862487233748,0.10382058159511143,-0.3176100912521418
105,37.3868802,-122.083339,1564261407.0,2019-07-27T14:03:27-07:00,POINT (-122.083339 37.3868802),6.715561259903034,130.0977911632789,android,0.9646830688288595,-0.21378950965703036,0.19230125743272575
106,37.3868875,-122.0833331,1564261408.0,2019-07-27T14:03:28-07:00,POINT (-122.0833331 37.3868875),6.603695820199385,131.05502842671822,android,0.7508935591718291,-0.021488252224304616,0.2150437011182329
107,37.3868935,-122.0833292,1564261409.0,2019-07-27T14:03:29-07:00,POINT (-122.0833292 37.3868935),6.587190820569372,131.80475545627183,android,0.7294053069475245,0.19355544889392828,-0.02313959143182298
108,37.3868998,-122.0833269,1564261410.0,2019-07-27T14:03:30-07:00,POINT (-122.0833269 37.3868998),6.712503696304504,132.52192595563733,android,0.9229607558414528,0.1704158574621053,0.01846070985844306
109,37.3869074,-122.0833227,1564261411.0,2019-07-27T14:03:31-07:00,POINT (-122.0833227 37.3869074),6.750402992365124,133.44270455197656,android,1.093376613303558,0.18887656732054836,1.0849460709992267
110,37.386916,-122.0833167,1564261412.0,2019-07-27T14:03:32-07:00,POINT (-122.0833167 37.386916),6.694164673309333,134.53331188972263,android,1.2822531806241064,1.273822638319775,-2.369960716600283
111,37.3869265,-122.0833107,1564261413.0,2019-07-27T14:03:33-07:00,POINT (-122.0833107 37.3869265),6.730841560507845,135.8131416917853,android,2.5560758189438815,-1.0961380782805077,0.8130313130008029
112,37.3869428,-122.0832903,1564261414.0,2019-07-27T14:03:34-07:00,POINT (-122.0832903 37.3869428),5.906831808288168,138.23250181240525,android,1.4599377406633738,-0.2831067652797048,0.3365791856117417
113,37.3869512,-122.0832776,1564261415.0,2019-07-27T14:03:35-07:00,POINT (-122.0832776 37.3869512),5.393588944186805,139.12117076863083,android,1.176830975383669,0.05347242033203692,-0.4811913836546078
114,37.3869581,-122.0832675,1564261416.0,2019-07-27T14:03:36-07:00,POINT (-122.0832675 37.3869581),5.0194556556156975,140.2372394682914,android,1.230303395715706,-0.42771896332257087,0.829186045939756
115,37.3869641,-122.0832558,1564261417.0,2019-07-27T14:03:37-07:00,POINT (-122.0832558 37.3869641),4.472499857456874,141.34036399207642,android,0.802584432393135,0.4014670826171851,-0.6436491787859022
116,37.3869693,-122.0832495,1564261418.0,2019-07-27T14:03:38-07:00,POINT (-122.0832495 37.3869693),4.290181215784456,142.12183175055208,android,1.2040515150103202,-0.2421820961687171,0.25198534589721755
117,37.3869777,-122.0832409,1564261419.0,2019-07-27T14:03:39-07:00,POINT (-122.0832409 37.3869777),4.11545923894302,143.3125128851404,android,0.961869418841603,0.00980324972850044,0.030476535464585508
118,37.3869861,-122.0832383,1564261420.0,2019-07-27T14:03:40-07:00,POINT (-122.0832383 37.3869861),4.326664479400266,144.56497331584583,android,0.9716726685701035,0.04027978519308595,0.3242088699792586
119,37.3869938,-122.0832331,1564261421.0,2019-07-27T14:03:41-07:00,POINT (-122.0832331 37.3869938),4.2959641899546055,145.5349394793438,android,1.0119524537631894,0.3644886551723445,0.13726722731235386
120,37.386999,-122.0832237,1564261422.0,2019-07-27T14:03:42-07:00,POINT (-122.0832237 37.386999),3.808731186123218,146.42262877881714,android,1.376441108935534,0.5017558824846984,-0.09737683733235358
121,37.3870031,-122.083209,1564261423.0,2019-07-27T14:03:43-07:00,POINT (-122.083209 37.3870031),2.8471398670962014,147.4105048910138,android,1.8781969914202323,0.4043790451523448,-0.7468444353886585
122,37.3870086,-122.0831889,1564261424.0,2019-07-27T14:03:44-07:00,POINT (-122.0831889 37.3870086),1.5270565644663991,148.7507378302214,android,2.282576036572577,-0.3424653902363137,0.3083799322469636
123,37.3870191,-122.0831667,1564261425.0,2019-07-27T14:03:45-07:00,POINT (-122.0831667 37.3870191),0.2881791564320285,150.67037968646883,android,1.9401106463362634,-0.03408545798935014,0.3108460029248561
124,37.3870285,-122.0831482,1564261426.0,2019-07-27T14:03:46-07:00,POINT (-122.0831482 37.3870285),0.712033060545768,152.33461825196457,android,1.9060251883469133,0.27676054493550595,-0.9498278948841581
125,37.3870383,-122.0831305,1564261427.0,2019-07-27T14:03:47-07:00,POINT (-122.0831305 37.3870383),1.6126934560348065,154.0495454838,android,2.182785733282419,-0.6730673499486521,0.6154228812301099
126,37.3870514,-122.0831121,1564261428.0,2019-07-27T14:03:48-07:00,POINT (-122.0831121 37.3870514),2.368236749222841,156.09774888540863,android,1.509718383333767,-0.05764446871854223,0.21516154497934448
127,37.3870646,-122.0831081,1564261429.0,2019-07-27T14:03:49-07:00,POINT (-122.0831081 37.3870646),1.9930707986968168,157.55703332684095,android,1.4520739146152248,0.15751707626080225,-0.27685320184836937
128,37.3870763,-122.0831008,1564261430.0,2019-07-27T14:03:50-07:00,POINT (-122.0831008 37.3870763),1.9539908947071516,159.00659408390362,android,1.609590990876027,-0.11933612558756712,0.06431157785404307
129,37.3870901,-122.0830953,1564261431.0,2019-07-27T14:03:51-07:00,POINT (-122.0830953 37.3870901),1.6648001395933094,160.5870160678123,android,1.49025486528846,-0.055024547733524054,0.037376352080919384
130,37.3871025,-122.0830889,1564261432.0,2019-07-27T14:03:52-07:00,POINT (-122.0830889 37.3871025),1.5189017634513322,162.06772393534294,android,1.435230317554936,-0.01764819565260467,0.5517487303562478
131,37.3871152,-122.083086,1564261433.0,2019-07-27T14:03:53-07:00,POINT (-122.083086 37.3871152),1.083812955727558,163.43229676682998,android,1.4175821219023312,0.5341005347036432,-0.7651731729712634
132,37.3871279,-122.0830846,1564261434.0,2019-07-27T14:03:54-07:00,POINT (-122.0830846 37.3871279),0.5314848240323836,164.73450291104552,android,1.9516826566059744,-0.23107263826762026,0.3258889073972653
133,37.3871453,-122.0830875,1564261435.0,2019-07-27T14:03:55-07:00,POINT (-122.0830875 37.3871453),0.6018275027167753,166.31830574468418,android,1.7206100183383541,0.09481626912964503,0.2467965161258765
134,37.3871607,-122.0830894,1564261436.0,2019-07-27T14:03:56-07:00,POINT (-122.0830894 37.3871607),1.552767621618703,167.74778049287048,android,1.8154262874679992,0.3416127852555215,-1.2540500878000544
135,37.3871756,-122.0830978,1564261437.0,2019-07-27T14:03:57-07:00,POINT (-122.0830978 37.3871756),2.9856913449387474,168.85802690438868,android,2.1570390727235207,-0.9124373025445329,0.7848276538892058
136,37.3871939,-122.0831059,1564261438.0,2019-07-27T14:03:58-07:00,POINT (-122.0831059 37.3871939),4.572328353973901,170.3137858750913,android,1.2446017701789878,-0.1276096486553271,0.026341094037974466
137,37.3872047,-122.0831096,1564261439.0,2019-07-27T14:03:59-07:00,POINT (-122.0831096 37.3872047),5.424266295593989,171.21783943161924,android,1.1169921215236607,-0.10126855461735262,-0.04264300748371741
138,37.3872147,-122.0831108,1564261440.0,2019-07-27T14:04:00-07:00,POINT (-122.0831108 37.3872147),6.039120454186779,172.1474738705495,android,1.015723566906308,-0.14391156210107003,0.3487849826991909
139,37.3872238,-122.0831098,1564261441.0,2019-07-27T14:04:01-07:00,POINT (-122.0831098 37.3872238),6.435128118563118,173.08042071483598,android,0.871812004805238,0.20487342059812086,-0.42985299227924056
140,37.3872311,-122.0831134,1564261442.0,2019-07-27T14:04:02-07:00,POINT (-122.0831134 37.3872311),7.096878006014764,173.64579759991864,android,1.0766854254033589,-0.2249795716811197,0.3073111016272011
141,37.3872397,-122.083119,1564261443.0,2019-07-27T14:04:03-07:00,POINT (-122.083119 37.3872397),7.9826849040579315,174.25535869071823,android,0.8517058537222392,0.0823315299460814,0.2564590918357591
142,37.3872473,-122.0831202,1564261444.0,2019-07-27T14:04:04-07:00,POINT (-122.0831202 37.3872473),8.472483889471455,174.94990669933765,android,0.9340373836683206,0.3387906217818405,-0.3342911448798801
143,37.3872557,-122.0831202,1564261445.0,2019-07-27T14:04:05-07:00,POINT (-122.0831202 37.3872557),8.910176550390617,175.7727094960314,android,1.272828005450161,0.0044994769019603975,-0.020052304411695143
144,37.387267,-122.0831179,1564261446.0,2019-07-27T14:04:06-07:00,POINT (-122.0831179 37.387267),9.27063854793978,177.3691250918833,android,1.2773274823521215,-0.015552827509734746,-0.3332861633184301
145,37.3872783,-122.0831153,1564261447.0,2019-07-27T14:04:07-07:00,POINT (-122.0831153 37.3872783),9.60441121227828,178.59933471809973,android,1.2617746548423867,-0.34883899082816483,0.15894925575103835
146,37.3872877,-122.0831073,1564261448.0,2019-07-27T14:04:08-07:00,POINT (-122.0831073 37.3872877),9.415962044207303,179.84584344482147,android,0.9129356640142219,-0.18988973507712648,0.7965781397220677
147,37.3872946,-122.0831017,1564261449.0,2019-07-27T14:04:09-07:00,POINT (-122.0831017 37.3872946),9.299378972941524,180.75042260535042,android,0.7230459289370954,0.6066884046449412,-0.8789848487352456
148,37.3873004,-122.083098,1564261450.0,2019-07-27T14:04:10-07:00,POINT (-122.083098 37.3873004),9.281810796480755,181.4722875598684,android,1.3297343335820366,-0.2722964440903044,0.007500084925918027
149,37.3873115,-122.0830924,1564261451.0,2019-07-27T14:04:11-07:00,POINT (-122.0830924 37.3873115),9.366450386330706,182.79716937740355,android,1.0574378894917322,-0.2647963591643864,0.8181428067858474
150,37.3873208,-122.0830899,1564261452.0,2019-07-27T14:04:12-07:00,POINT (-122.0830899 37.3873208),9.612388328586077,183.82341184605588,android,0.7926415303273459,0.553346447621461,-0.1803583944024082
151,37.3873279,-122.0830907,1564261453.0,2019-07-27T14:04:13-07:00,POINT (-122.0830907 37.3873279),10.016430547835052,184.50334038901062,android,1.3459879779488069,0.3729880532190528,-0.7280025490485769
152,37.3873399,-122.0830887,1564261454.0,2019-07-27T14:04:14-07:00,POINT (-122.0830887 37.3873399),10.43165110762217,185.780662961335,android,1.7189760311678597,-0.35501449582952405,-0.15062247444541466
153,37.3873553,-122.0830904,1564261455.0,2019-07-27T14:04:15-07:00,POINT (-122.0830904 37.3873553),11.305212716321247,187.25678365032525,android,1.3639615353383356,-0.5056369702749387,1.5780906980792642
154,37.3873673,-122.0830936,1564261456.0,2019-07-27T14:04:16-07:00,POINT (-122.0830936 37.3873673),12.135655486186964,188.3353160295635,android,0.8583245650633969,1.0724537278043256,-1.0723339987185723
155,37.3873749,-122.0830919,1564261457.0,2019-07-27T14:04:17-07:00,POINT (-122.0830919 37.3873749),12.364026698033491,189.16085282407727,android,1.9307782928677226,0.00011972908575330621,-0.6124524118799195
156,37.3873861,-122.0830752,1564261458.0,2019-07-27T14:04:18-07:00,POINT (-122.0830752 37.3873861),11.567118561121788,190.92008218851916,android,1.930898021953476,-0.6123326827941662,0.4940082701792978
157,37.3873985,-122.0830599,1564261459.0,2019-07-27T14:04:19-07:00,POINT (-122.0830599 37.3873985),10.939493636217955,192.7458776229322,android,1.3185653391593097,-0.11832441261486837,-0.20350428438544843
158,37.3874066,-122.083049,1564261460.0,2019-07-27T14:04:20-07:00,POINT (-122.083049 37.3874066),10.457197024418853,193.9731561392144,android,1.2002409265444414,-0.3218286970003168,0.43774220137571596
159,37.3874156,-122.0830415,1564261461.0,2019-07-27T14:04:21-07:00,POINT (-122.0830415 37.3874156),10.289510963025775,195.16052125263508,android,0.8784122295441246,0.11591350437539916,0.19796138010310083
160,37.3874229,-122.0830377,1564261462.0,2019-07-27T14:04:22-07:00,POINT (-122.0830377 37.3874229),10.335823982613855,196.03631696030627,android,0.9943257339195237,0.3138748844785,-0.5109692141732061
161,37.3874302,-122.0830312,1564261463.0,2019-07-27T14:04:23-07:00,POINT (-122.0830312 37.3874302),10.166541199774382,197.01533067594445,android,1.3082006183980237,-0.19709432969470608,0.17091915735830443
162,37.3874401,-122.0830232,1564261464.0,2019-07-27T14:04:24-07:00,POINT (-122.0830232 37.3874401),10.002049583209455,198.31187501978,android,1.1111062887033176,-0.026175172336401653,-0.035171194948235174
163,37.3874494,-122.0830186,1564261465.0,2019-07-27T14:04:25-07:00,POINT (-122.0830186 37.3874494),10.080303039922347,199.4183978583698,android,1.084931116366916,-0.06134636728463683,-0.027532685081006147
164,37.3874589,-122.0830214,1564261466.0,2019-07-27T14:04:26-07:00,POINT (-122.0830214 37.3874589),10.759030747234917,200.26204124708602,android,1.0235847490822791,-0.08887905236564297,0.24678082363488985
165,37.3874677,-122.0830248,1564261467.0,2019-07-27T14:04:27-07:00,POINT (-122.0830248 37.3874677),11.458592764577318,200.627945282762,android,0.9347056967166362,0.15790177126924687,-0.12944422571655256
166,37.3874761,-122.0830252,1564261468.0,2019-07-27T14:04:28-07:00,POINT (-122.0830252 37.3874761),11.927104634421102,201.33344032551992,android,1.092607467985883,0.028457545552694308,-0.02083145608613668
167,37.3874859,-122.0830243,1564261469.0,2019-07-27T14:04:29-07:00,POINT (-122.0830243 37.3874859),12.367400105745567,202.3307975126789,android,1.1210650135385773,0.007626089466557628,0.17185977550942622
168,37.3874958,-122.0830219,1564261470.0,2019-07-27T14:04:30-07:00,POINT (-122.0830219 37.3874958),12.695667247938593,203.40031521910066,android,1.128691103005135,0.17948586497598384,-0.22562749657812686
169,37.3875053,-122.0830174,1564261471.0,2019-07-27T14:04:31-07:00,POINT (-122.0830174 37.3875053),12.838957534524777,204.517963095893,android,1.3081769679811188,-0.04614163160214302,-0.1239644779483029
170,37.3875153,-122.0830096,1564261472.0,2019-07-27T14:04:32-07:00,POINT (-122.0830096 37.3875153),12.750375324130903,205.82179089803574,android,1.2620353363789758,-0.17010610955044592,0.3510302298611714
171,37.3875256,-122.0830036,1564261473.0,2019-07-27T14:04:33-07:00,POINT (-122.0830036 37.3875256),12.818111785972253,207.08016623355212,android,1.0919292268285299,0.18092412031072547,-0.25270020987392994
172,37.3875338,-122.0829968,1564261474.0,2019-07-27T14:04:34-07:00,POINT (-122.0829968 37.3875338),12.713898322171577,208.16610201609342,android,1.2728533471392554,-0.07177608956320447,-0.014774448026433129
173,37.3875431,-122.0829884,1564261475.0,2019-07-27T14:04:35-07:00,POINT (-122.0829884 37.3875431),12.541946866121506,209.42630883364808,android,1.2010772575760509,-0.0865505375896376,-0.2513299081187942
174,37.3875514,-122.0829797,1564261476.0,2019-07-27T14:04:36-07:00,POINT (-122.0829797 37.3875514),12.294441782872966,210.60103583964965,android,1.1145267199864133,-0.3378804457084318,0.36107821729411693
175,37.3875594,-122.0829721,1564261477.0,2019-07-27T14:04:37-07:00,POINT (-122.0829721 37.3875594),12.117280200939824,211.70064246163363,android,0.7766462742779815,0.023197771585685145,0.13402815320379502
176,37.3875654,-122.0829676,1564261478.0,2019-07-27T14:04:38-07:00,POINT (-122.0829676 37.3875654),12.078200159631312,212.47545521593867,android,0.7998440458636666,0.15722592478948016,-0.214919094354166
177,37.387572,-122.082964,1564261479.0,2019-07-27T14:04:39-07:00,POINT (-122.082964 37.387572),12.14072710350824,213.27162050120262,android,0.9570699706531468,-0.05769316956468584,-0.005245951802604232
178,37.3875799,-122.0829597,1564261480.0,2019-07-27T14:04:40-07:00,POINT (-122.0829597 37.3875799),12.216280571549195,214.22422823069434,android,0.899376801088461,-0.06293912136729007,0.302220236737453
179,37.3875879,-122.0829582,1564261481.0,2019-07-27T14:04:41-07:00,POINT (-122.0829582 37.3875879),12.515890422455767,215.07021609160117,android,0.8364376797211709,0.23928111537016294,0.026806074464518326
180,37.3875953,-122.0829565,1564261482.0,2019-07-27T14:04:42-07:00,POINT (-122.0829565 37.3875953),12.768604666342947,215.8657599319406,android,1.0757187950913338,0.26608718983468127,-0.250596022321399
181,37.3876048,-122.0829542,1564261483.0,2019-07-27T14:04:43-07:00,POINT (-122.0829542 37.3876048),13.083845382682451,216.89193877011098,android,1.341805984926015,0.015491167513282278,-0.282705696189852
182,37.3876168,-122.0829526,1564261484.0,2019-07-27T14:04:44-07:00,POINT (-122.0829526 37.3876168),13.584062554097395,218.13389605249418,android,1.3572971524392974,-0.2672145286765697,0.9556567768755637
183,37.387629,-122.0829521,1564261485.0,2019-07-27T14:04:45-07:00,POINT (-122.0829521 37.387629),14.110155286376116,220.89689925622062,android,1.0900826237627277,0.688442248198994,-0.7914928505252248
184,37.3876386,-122.0829496,1564261486.0,2019-07-27T14:04:46-07:00,POINT (-122.0829496 37.3876386),14.29927586860079,221.96820164252256,android,1.7785248719617217,-0.10305060232623076,-0.37796927683290726
185,37.3876512,-122.0829372,1564261487.0,2019-07-27T14:04:47-07:00,POINT (-122.0829372 37.3876512),13.797689180810435,223.67343043128335,android,1.675474269635491,-0.481019879159138,0.3594561532243288
186,37.3876638,-122.0829268,1564261488.0,2019-07-27T14:04:48-07:00,POINT (-122.0829268 37.3876638),13.50194268530731,224.25670326898035,android,1.194454390476353,-0.12156372593480924,0.018731700000534257
187,37.3876712,-122.082917,1564261489.0,2019-07-27T14:04:49-07:00,POINT (-122.082917 37.3876712),13.091807605920335,225.31542487481371,android,1.0728906645415437,-0.10283202593427498,0.3706773440074236
188,37.3876794,-122.0829106,1564261490.0,2019-07-27T14:04:50-07:00,POINT (-122.0829106 37.3876794),12.99079518408807,226.38244422148293,android,0.9700586386072687,0.2678453180731486,-0.0817700364265177
189,37.3876866,-122.0829044,1564261491.0,2019-07-27T14:04:51-07:00,POINT (-122.0829044 37.3876866),12.856112735049837,227.342273907572,android,1.2379039566804173,0.1860752816466309,-0.3557078395166655
190,37.3876974,-122.082901,1564261492.0,2019-07-27T14:04:52-07:00,POINT (-122.082901 37.3876974),13.121512375097794,228.5489135635996,android,1.4239792383270482,-0.16963255787003462,0.2416947354813208
191,37.3877096,-122.0828961,1564261493.0,2019-07-27T14:04:53-07:00,POINT (-122.0828961 37.3877096),13.33739676504169,229.9538200215581,android,1.2543466804570136,0.0720621776112862,-0.052983416443874054
192,37.3877204,-122.082892,1564261494.0,2019-07-27T14:04:54-07:00,POINT (-122.082892 37.3877204),13.547339640871256,231.18811611974704,android,1.3264088580682998,0.01907876116741214,-0.13426384855072016
193,37.387732,-122.0828885,1564261495.0,2019-07-27T14:04:55-07:00,POINT (-122.0828885 37.387732),13.844429174623135,232.47813683617528,android,1.345487619235712,-0.11518508738330802,0.18153377362266854
194,37.3877441,-122.0828886,1564261496.0,2019-07-27T14:04:56-07:00,POINT (-122.0828886 37.3877441),14.451483442966563,233.67556799193372,android,1.230302531852404,0.06634868623936052,-0.18271230928255555
195,37.3877551,-122.0828901,1564261497.0,2019-07-27T14:04:57-07:00,POINT (-122.0828901 37.3877551),15.104438352564008,234.9517871690671,android,1.2966512180917644,-0.11636362304319503,0.28338982138350843
196,37.3877667,-122.0828916,1564261498.0,2019-07-27T14:04:58-07:00,POINT (-122.0828916 37.3877667),15.77996766945907,236.05528215128214,android,1.1802875950485694,0.1670261983403134,-0.4286802620145691
197,37.3877773,-122.0828923,1564261499.0,2019-07-27T14:04:59-07:00,POINT (-122.0828923 37.3877773),16.343707042777453,237.089287693904,android,1.3473137933888828,-0.2616540636742557,0.2230546574395067
198,37.3877894,-122.0828931,1564261500.0,2019-07-27T14:05:00-07:00,POINT (-122.0828931 37.3877894),16.987296173082008,238.26957872033162,android,1.085659729714627,-0.038599406234749,0.11492055925029843
199,37.3877991,-122.0828945,1564261501.0,2019-07-27T14:05:01-07:00,POINT (-122.0828945 37.3877991),17.56381171154962,239.18675938620385,android,1.047060323479878,0.07632115301554943,-0.020208899442572426
200,37.3878085,-122.0828952,1564261502.0,2019-07-27T14:05:02-07:00,POINT (-122.0828952 37.3878085),18.07005923509734,240.10067830021376,android,1.1233814764954275,0.056112253572977,-0.08335838576530819
201,37.3878186,-122.0828955,1564261503.0,2019-07-27T14:05:03-07:00,POINT (-122.0828955 37.3878186),18.577903613484658,241.09993913923947,android,1.1794937300684045,-0.027246132192331185,0.08860003776966185
202,37.3878292,-122.082896,1564261504.0,2019-07-27T14:05:04-07:00,POINT (-122.082896 37.3878292),19.12567291770569,242.14159040891914,android,1.1522475978760733,0.06135390557733067,0.14002654027047212
203,37.3878394,-122.0828983,1564261505.0,2019-07-27T14:05:05-07:00,POINT (-122.0828983 37.3878394),19.798008317631687,243.07440166151773,android,1.213601503453404,0.2013804458478028,0.05629014980804703
204,37.3878503,-122.082899,1564261506.0,2019-07-27T14:05:06-07:00,POINT (-122.082899 37.3878503),20.376120538448365,244.1384289369251,android,1.4149819493012068,0.2576705956558498,-0.5375814993405155
205,37.3878628,-122.082902,1564261507.0,2019-07-27T14:05:07-07:00,POINT (-122.082902 37.3878628),21.214543482529557,245.2746464597256,android,1.6726525449570566,-0.27991090368466565,0.24722400234925335
206,37.3878777,-122.0829046,1564261508.0,2019-07-27T14:05:08-07:00,POINT (-122.0829046 37.3878777),22.1368271295504,246.4761213207305,android,1.392741641272391,-0.0326869013354123,-0.024918085598331086
207,37.3878902,-122.0829056,1564261509.0,2019-07-27T14:05:09-07:00,POINT (-122.0829056 37.3878902),22.832484396485693,247.55211682987007,android,1.3600547399369787,-0.057604986933743385,-0.04234817778199429
208,37.3879024,-122.0829067,1564261510.0,2019-07-27T14:05:10-07:00,POINT (-122.0829067 37.3879024),23.52163299100943,248.72119693158967,android,1.3024497530032353,-0.09995316471573767,0.13922872724705226
209,37.3879141,-122.0829074,1564261511.0,2019-07-27T14:05:11-07:00,POINT (-122.0829074 37.3879141),24.154394804926067,249.85633634657358,android,1.2024965882874976,0.03927556253131459,-0.035563704743547815
210,37.3879249,-122.0829067,1564261512.0,2019-07-27T14:05:12-07:00,POINT (-122.0829067 37.3879249),24.631740350715813,250.9571527569678,android,1.2417721508188122,0.0037118577877667735,-0.010663170947164319
211,37.3880656,-122.0828209,1564261526.0,2019-07-27T14:05:26-07:00,POINT (-122.0828209 37.3880656),24.77017908802375,268.3171024889465,android,1.293738159847547,-0.14557253547253368,0.5802542055476207
212,37.388073,-122.0828096,1564261527.0,2019-07-27T14:05:27-07:00,POINT (-122.0828096 37.388073),24.239258861733244,269.4973417836604,android,1.1481656243750133,0.43468167007508707,-0.4996151826028006
213,37.3880781,-122.0827983,1564261528.0,2019-07-27T14:05:28-07:00,POINT (-122.0827983 37.3880781),23.594860946296514,270.44901685310487,android,1.5828472944501004,-0.06493351252771351,-0.07177498170734764
214,37.3880851,-122.0827827,1564261529.0,2019-07-27T14:05:29-07:00,POINT (-122.0827827 37.3880851),22.703241494841887,271.7587884618837,android,1.517913781922387,-0.13670849423506115,0.12450578512364197
215,37.3880929,-122.0827686,1564261530.0,2019-07-27T14:05:30-07:00,POINT (-122.0827686 37.3880929),21.970034014801588,273.08900869195236,android,1.3812052876873258,-0.012202709111419185,-0.08101854166340305
216,37.3881014,-122.0827572,1564261531.0,2019-07-27T14:05:31-07:00,POINT (-122.0827572 37.3881014),21.48545746547801,274.3824982579615,android,1.3690025785759066,-0.09322125077482224,0.3265614041867446
217,37.3881081,-122.0827442,1564261532.0,2019-07-27T14:05:32-07:00,POINT (-122.0827442 37.3881081),20.785201873013442,275.560100404951,android,1.2757813278010843,0.23334015341192238,0.004319246860243764
218,37.3881163,-122.0827341,1564261533.0,2019-07-27T14:05:33-07:00,POINT (-122.0827341 37.3881163),20.388906535933895,276.77259881209204,android,1.5091214812130067,0.23765940027216614,-0.23538783137596475
219,37.3881236,-122.0827197,1564261534.0,2019-07-27T14:05:34-07:00,POINT (-122.0827197 37.3881236),19.607242864571226,278.064941772233,android,1.7467808814851729,0.0022715688962013925,-0.048309614693140546
220,37.3881306,-122.082702,1564261535.0,2019-07-27T14:05:35-07:00,POINT (-122.082702 37.3881306),18.549107945472475,279.4573867565888,android,1.7490524503813742,-0.04603804579693915,0.06779094776192784
221,37.3881362,-122.0826835,1564261536.0,2019-07-27T14:05:36-07:00,POINT (-122.0826835 37.3881362),17.35846457578079,280.74220037431434,android,1.703014404584435,0.02175290196498869,-0.03671347585193607
222,37.3881445,-122.0826673,1564261537.0,2019-07-27T14:05:37-07:00,POINT (-122.0826673 37.3881445),16.483411192703205,282.2047819063732,android,1.7247673065494238,-0.014960573886947381,0.06804042188179715
223,37.3881535,-122.0826514,1564261538.0,2019-07-27T14:05:38-07:00,POINT (-122.0826514 37.3881535),15.666683245192175,283.72511606802186,android,1.7098067326624764,0.05307984799484977,-0.2154987059225526
224,37.3881626,-122.0826358,1564261539.0,2019-07-27T14:05:39-07:00,POINT (-122.0826358 37.3881626),14.87867771519082,285.2435774327488,android,1.7628865806573262,-0.16241885792770283,0.024551193565718332
225,37.3881705,-122.0826185,1564261540.0,2019-07-27T14:05:40-07:00,POINT (-122.0826185 37.3881705),13.896666888892645,286.7097138817751,android,1.6004677227296233,-0.1378676643619845,0.010260242008357068
226,37.3881788,-122.0826037,1564261541.0,2019-07-27T14:05:41-07:00,POINT (-122.0826037 37.3881788),13.132626514425771,288.11718035278864,android,1.4626000583676388,-0.12760742235362743,0.10948734212381117
227,37.3881887,-122.0825928,1564261542.0,2019-07-27T14:05:42-07:00,POINT (-122.0825928 37.3881887),12.75677402376648,289.5301121590963,android,1.3349926360140114,-0.01812008022981626,0.00019984362040514903
228,37.3881981,-122.0825834,1564261543.0,2019-07-27T14:05:43-07:00,POINT (-122.0825834 37.3881981),12.47519334170233,290.83430390413906,android,1.3168725557841952,-0.01792023660941111,-0.011515459971017883
229,37.3882076,-122.0825745,1564261544.0,2019-07-27T14:05:44-07:00,POINT (-122.0825745 37.3882076),12.238193641493448,292.1287491262829,android,1.298952319174784,-0.029435696580428994,0.22366324934395565
230,37.3882176,-122.0825669,1564261545.0,2019-07-27T14:05:45-07:00,POINT (-122.0825669 37.3882176),12.128945347032342,293.4217035508545,android,1.269516622594355,0.19422755276352666,-0.5104851931445904
231,37.3882277,-122.0825602,1564261546.0,2019-07-27T14:05:46-07:00,POINT (-122.0825602 37.3882277),12.095995503540394,294.689164174058,android,1.4637441753578817,-0.31625764038106374,0.4700217051028541
232,37.3882406,-122.0825569,1564261547.0,2019-07-27T14:05:47-07:00,POINT (-122.0825569 37.3882406),12.47079244942167,296.1010248370594,android,1.147486534976818,0.15376406472179038,-0.12329845673736317
233,37.3882509,-122.0825561,1564261548.0,2019-07-27T14:05:48-07:00,POINT (-122.0825561 37.3882509),12.915543845260128,297.15608843991413,android,1.3012505996986083,0.030465607984427212,0.12830310933176858
234,37.3882626,-122.0825564,1564261549.0,2019-07-27T14:05:49-07:00,POINT (-122.0825564 37.3882626),13.516592277258502,298.30697297699754,android,1.3317162076830356,0.1587687173161958,-0.3874017122248923
235,37.3882745,-122.0825581,1564261550.0,2019-07-27T14:05:50-07:00,POINT (-122.0825581 37.3882745),14.238519646042782,299.4226172603918,android,1.4904849249992314,-0.22863299490869649,0.09714480695930572
236,37.3882878,-122.0825602,1564261551.0,2019-07-27T14:05:51-07:00,POINT (-122.0825602 37.3882878),14.227530938520623,328.26512502361277,android,1.2618519300905349,-0.13148818794939077,0.12144110492433602
237,37.388299,-122.0825579,1564261552.0,2019-07-27T14:05:52-07:00,POINT (-122.0825579 37.388299),13.043827198387211,328.6945977705452,android,1.130363742141144,-0.010047083025054748,-0.3419072771552497
238,37.388309,-122.0825556,1564261553.0,2019-07-27T14:05:53-07:00,POINT (-122.0825556 37.388309),11.976289927526247,329.0590207872584,android,1.1203166591160894,-0.35195436018030446,0.44324930847971616
239,37.388318,-122.0825499,1564261554.0,2019-07-27T14:05:54-07:00,POINT (-122.0825499 37.388318),10.858495413338943,329.106610071219,android,0.7683622989357849,0.09129494829941172,-0.05950210864325293
240,37.388349,-122.0825307,1564261559.0,2019-07-27T14:05:59-07:00,POINT (-122.0825307 37.388349),7.027057815389255,329.30400153649254,android,1.2248370404328435,-0.20621559491685293,0.10225237039841972
241,37.3883599,-122.0825287,1564261560.0,2019-07-27T14:06:00-07:00,POINT (-122.0825287 37.3883599),5.885371999601769,329.7403851985849,android,1.0186214455159905,-0.1039632245184332,0.13130078657875194
242,37.3883683,-122.0825241,1564261561.0,2019-07-27T14:06:01-07:00,POINT (-122.0825241 37.3883683),4.8732399455076285,329.84041724400953,android,0.9146582209975573,0.027337562060318735,-0.021760706470595827
243,37.3884494,-122.0824736,1564261572.0,2019-07-27T14:06:12-07:00,POINT (-122.0824736 37.3884494),5.161985405491844,330.3359468518016,android,1.2153714036610634,-0.21203020911623538,0.39513890335157353
244,37.3884546,-122.0824857,1564261573.0,2019-07-27T14:06:13-07:00,POINT (-122.0824857 37.3884546),5.142003339844127,331.55246589099016,android,1.003341194544828,0.18310869423533815,-0.16430189050786925
245,37.3884555,-122.082497,1564261574.0,2019-07-27T14:06:14-07:00,POINT (-122.082497 37.3884555),4.740361453190424,332.474095379685,android,1.1864498887801662,0.0188068037274689,0.06254538017325206
246,37.3884594,-122.0825095,1564261575.0,2019-07-27T14:06:15-07:00,POINT (-122.0825095 37.3884594),4.5772313127375215,333.6510407348617,android,1.2052566925076351,0.08135218390072096,0.18161575640837202
247,37.3884647,-122.0825214,1564261576.0,2019-07-27T14:06:16-07:00,POINT (-122.0825214 37.3884647),4.575581045300922,334.8575319375244,android,1.286608876408356,0.262967940309093,0.16635130436825452
248,37.3884719,-122.0825328,1564261577.0,2019-07-27T14:06:17-07:00,POINT (-122.0825328 37.3884719),4.779487969382761,336.12839729573705,android,1.549576816717449,0.4293192446773475,-0.7479986426548424
249,37.3884807,-122.0825464,1564261578.0,2019-07-27T14:06:18-07:00,POINT (-122.0825464 37.3884807),5.0431256919943825,337.6559294729378,android,1.9788960613947966,-0.3186793979774949,-0.19614239856637328
250,37.3884921,-122.0825636,1564261579.0,2019-07-27T14:06:19-07:00,POINT (-122.0825636 37.3884921),5.402744675892029,339.602476260407,android,1.6602166634173017,-0.5148217965438682,0.6053557027543099
251,37.3885015,-122.0825782,1564261580.0,2019-07-27T14:06:20-07:00,POINT (-122.0825782 37.3885015),5.681212686608638,341.239775601059,android,1.1453948668734335,0.09053390621044177,0.2977113034403083
252,37.3885061,-122.0825898,1564261581.0,2019-07-27T14:06:21-07:00,POINT (-122.0825898 37.3885061),5.624775877704897,342.38514779297105,android,1.2359287730838753,0.38824520965075004,-0.2646248760366916
253,37.3885104,-122.0826027,1564261582.0,2019-07-27T14:06:22-07:00,POINT (-122.0826027 37.3885104),5.483067982748964,343.6146729494441,android,1.6241739827346253,0.12362033361405844,-0.7164495533984976
254,37.388517,-122.0826191,1564261583.0,2019-07-27T14:06:23-07:00,POINT (-122.0826191 37.388517),5.412625292765646,345.2392259898163,android,1.7477943163486838,-0.5928292197844391,0.6769225594317478
255,37.3885253,-122.0826359,1564261584.0,2019-07-27T14:06:24-07:00,POINT (-122.0826359 37.3885253),5.4894507412466425,346.98682972650914,android,1.1549650965642446,0.0840933396473087,0.13791741341237396
256,37.3885296,-122.0826478,1564261585.0,2019-07-27T14:06:25-07:00,POINT (-122.0826478 37.3885296),5.3909971060601185,348.13911203377734,android,1.2390584362115533,0.22201075305968265,0.05295413766574608
257,37.3885362,-122.0826591,1564261586.0,2019-07-27T14:06:26-07:00,POINT (-122.0826591 37.3885362),5.541148236352767,349.3697272366114,android,1.461069189271236,0.27496489072542873,-0.7453450026119468
258,37.3885428,-122.0826734,1564261587.0,2019-07-27T14:06:27-07:00,POINT (-122.0826734 37.3885428),5.561539080503233,350.83207030061146,android,1.7360340799966647,-0.47038011188651807,0.6723051497601482
259,37.3885514,-122.0826898,1564261588.0,2019-07-27T14:06:28-07:00,POINT (-122.0826898 37.3885514),5.684708800663232,352.56503888040936,android,1.2656539681101466,0.20192503787363014,-0.4241771772083198
260,37.3885571,-122.0827022,1564261589.0,2019-07-27T14:06:29-07:00,POINT (-122.0827022 37.3885571),5.700156902582345,353.8318334604082,android,1.4675790059837768,-0.22225213933468968,0.42330839532469655
261,37.3885649,-122.0827156,1564261590.0,2019-07-27T14:06:30-07:00,POINT (-122.0827156 37.3885649),5.875643236846708,355.28970741237976,android,1.245326866649087,0.20105625599000687,-0.40465655152394797
262,37.3885717,-122.0827268,1564261591.0,2019-07-27T14:06:31-07:00,POINT (-122.0827268 37.3885717),6.049481907742325,356.5234394215249,android,1.446383122639094,-0.2036002955339411,0.5513359976528891
263,37.3885801,-122.0827393,1564261592.0,2019-07-27T14:06:32-07:00,POINT (-122.0827393 37.3885801),6.321980088916392,357.9443195279568,android,1.2427828271051529,0.347735702118948,-0.44379107437783794
264,37.3885858,-122.0827514,1564261593.0,2019-07-27T14:06:33-07:00,POINT (-122.0827514 37.3885858),6.350405073964395,359.1879409326282,android,1.5905185292241009,-0.09605537225888994,0.1370318998283604
265,37.3885917,-122.0827678,1564261594.0,2019-07-27T14:06:34-07:00,POINT (-122.0827678 37.3885917),6.212201795722661,360.7745472110829,android,1.494463156965211,0.040976527569470456,-0.3070525282980596
266,37.3885965,-122.0827836,1564261595.0,2019-07-27T14:06:35-07:00,POINT (-122.0827836 37.3885965),5.9934648172861715,362.25517910196436,android,1.5354396845346814,-0.26607600072858917,0.6125992307317532
267,37.3886017,-122.0827997,1564261596.0,2019-07-27T14:06:36-07:00,POINT (-122.0827997 37.3886017),5.800474329125303,363.780666905335,android,1.2693636838060922,0.346523230003164,-0.6326241553667462
268,37.3886076,-122.082812,1564261597.0,2019-07-27T14:06:37-07:00,POINT (-122.082812 37.3886076),5.839610692696259,365.05057812157673,android,1.6158869138092562,-0.2861009253635822,0.18972637071177667
269,37.3886158,-122.0828271,1564261598.0,2019-07-27T14:06:38-07:00,POINT (-122.0828271 37.3886158),5.980290656785545,366.66144680053145,android,1.329785988445674,-0.09637455465180556,0.12649199999590732
270,37.3886237,-122.0828384,1564261599.0,2019-07-27T14:06:39-07:00,POINT (-122.0828384 37.3886237),6.256291855219776,367.96253092710015,android,1.2334114337938684,0.030117445344101768,-0.005448825654199796
271,37.3886311,-122.0828488,1564261600.0,2019-07-27T14:06:40-07:00,POINT (-122.0828488 37.3886311),6.522818458913614,369.16699261876016,android,1.2635288791379702,0.02466861968990197,0.20991557664777738
272,37.3886398,-122.082858,1564261601.0,2019-07-27T14:06:41-07:00,POINT (-122.082858 37.3886398),6.9670963782786615,370.34923325055274,android,1.2881974988278722,0.23458419633767935,-0.743238414097561
273,37.388648,-122.0828683,1564261602.0,2019-07-27T14:06:42-07:00,POINT (-122.0828683 37.388648),7.3153930881871325,371.5893367274385,android,1.5227816951655515,-0.5086542177598816,0.8169932167000329
274,37.3886569,-122.0828814,1564261603.0,2019-07-27T14:06:43-07:00,POINT (-122.0828814 37.3886569),7.6103447487026985,373.08366491257624,android,1.0141274774056699,0.30833899894015127,-0.10892695350274906
275,37.3886619,-122.082891,1564261604.0,2019-07-27T14:06:44-07:00,POINT (-122.082891 37.3886619),7.686797770378247,373.7532344058918,android,1.3224664763458212,0.1994120454374022,-0.39398854793172644
276,37.3886697,-122.0829023,1564261605.0,2019-07-27T14:06:45-07:00,POINT (-122.0829023 37.3886697),8.01211648721662,375.0266493140292,android,1.5218785217832234,-0.19457650249432423,-0.09406140307874433
277,37.3886781,-122.0829159,1564261606.0,2019-07-27T14:06:46-07:00,POINT (-122.0829159 37.3886781),8.305701169368549,376.5206265959274,android,1.3273020192888991,-0.28863790557306856,0.49042010496483646
278,37.3886838,-122.0829291,1564261607.0,2019-07-27T14:06:47-07:00,POINT (-122.0829291 37.3886838),8.3473578101946,377.8486984445217,android,1.0386641137158306,0.2017821993917679,-0.42929541138532223
279,37.3886873,-122.08294,1564261608.0,2019-07-27T14:06:48-07:00,POINT (-122.08294 37.3886873),8.262058741867781,378.88535855211245,android,1.2404463131075985,-0.22751321199355434,0.3809373471669446
280,37.3886937,-122.0829515,1564261609.0,2019-07-27T14:06:49-07:00,POINT (-122.0829515 37.3886937),8.440590287641,380.1136963411504,android,1.012933101114044,0.15342413517339026,-0.1681054163715161
281,37.3886988,-122.082961,1564261610.0,2019-07-27T14:06:50-07:00,POINT (-122.082961 37.3886988),8.569529841992862,381.1191142737755,android,1.1663572362874344,-0.01468128119812584,0.3229253115914841
282,37.3887046,-122.082972,1564261611.0,2019-07-27T14:06:51-07:00,POINT (-122.082972 37.3887046),8.70838796359429,382.2780484510505,android,1.1516759550893085,0.30824403039335824,-0.46760284843313427
283,37.3887104,-122.0829828,1564261612.0,2019-07-27T14:06:52-07:00,POINT (-122.0829828 37.3887104),8.85518100502466,383.4211544033638,android,1.4599199854826668,-0.15935881803977603,0.06765727790168463
284,37.3887175,-122.0829967,1564261613.0,2019-07-27T14:06:53-07:00,POINT (-122.0829967 37.3887175),9.007925378218626,384.87423473358837,android,1.3005611674428907,-0.0917015401380914,0.03154368290782572
285,37.3887249,-122.0830081,1564261614.0,2019-07-27T14:06:54-07:00,POINT (-122.0830081 37.3887249),9.289609635711733,386.1443797377711,android,1.2088596273047993,-0.06015785723026568,1.515597205429615
286,37.3887328,-122.0830175,1564261615.0,2019-07-27T14:06:55-07:00,POINT (-122.0830175 37.3887328),9.700233714597376,387.2811041198736,android,1.1487017700745337,1.4554393481993493,-2.0352355433434166
287,37.388739,-122.0830279,1564261616.0,2019-07-27T14:06:56-07:00,POINT (-122.0830279 37.388739),9.902570713483433,388.41244209912287,android,2.604141118273883,-0.5797961951440671,0.8150265972154864
288,37.3887599,-122.0830412,1564261617.0,2019-07-27T14:06:57-07:00,POINT (-122.0830412 37.3887599),11.447863079749274,390.5042119108564,android,2.024344923129816,0.23523040207141932,-0.1476835740985165
289,37.3887756,-122.0830528,1564261618.0,2019-07-27T14:06:58-07:00,POINT (-122.0830528 37.3887756),12.544842211542633,392.2028760621739,android,2.259575325201235,0.08754682797290281,-0.7749371516181205
290,37.3887931,-122.0830658,1564261619.0,2019-07-27T14:06:59-07:00,POINT (-122.0830658 37.3887931),13.70117895678927,394.9881964361209,android,2.347122153174138,-0.6873903236452177,0.8492422359472951
291,37.3888103,-122.0830812,1564261620.0,2019-07-27T14:07:00-07:00,POINT (-122.0830812 37.3888103),14.660176446051624,397.1284616738196,android,1.6597318295289203,0.1618519123020774,-0.09286719332299676
292,37.3888224,-122.0830922,1564261621.0,2019-07-27T14:07:01-07:00,POINT (-122.0830922 37.3888224),15.327388693288952,398.6468198297102,android,1.8215837418309977,0.06898471897908065,-0.596488873108767
293,37.3888371,-122.0831013,1564261622.0,2019-07-27T14:07:02-07:00,POINT (-122.0831013 37.3888371),16.328527051653747,400.16561824363237,android,1.8905684608100783,-0.5275041541296863,0.6326389615055497
294,37.3888509,-122.0831138,1564261623.0,2019-07-27T14:07:03-07:00,POINT (-122.0831138 37.3888509),17.091511975696292,401.8938253873245,android,1.363064306680392,0.10513480737586334,0.7018358356940795
295,37.3888583,-122.0831261,1564261624.0,2019-07-27T14:07:04-07:00,POINT (-122.0831261 37.3888583),17.250493722372386,403.24826384087413,android,1.4681991140562554,0.8069706430699428,-1.701011752855069
296,37.388866,-122.0831396,1564261625.0,2019-07-27T14:07:05-07:00,POINT (-122.0831396 37.388866),17.384574933213994,404.7112076417428,android,2.275169757126198,-0.8940411097851262,0.6433150057550843
297,37.3888775,-122.0831609,1564261626.0,2019-07-27T14:07:06-07:00,POINT (-122.0831609 37.3888775),17.53398029104018,406.9830612485522,android,1.381128647341072,-0.2507261040300419,0.3054994614034734
298,37.3888815,-122.0831757,1564261627.0,2019-07-27T14:07:07-07:00,POINT (-122.0831757 37.3888815),17.255603100821077,408.3380991534874,android,1.13040254331103,0.054773357373431475,0.23344271029649932
299,37.3888843,-122.083188,1564261628.0,2019-07-27T14:07:08-07:00,POINT (-122.083188 37.3888843),16.980179270552764,409.125791887493,android,1.1851759006844615,0.2882160676699308,-0.19633496817903784
300,37.3888862,-122.0832012,1564261629.0,2019-07-27T14:07:09-07:00,POINT (-122.0832012 37.3888862),16.59255872028403,410.248175837066,android,1.4733919683543923,0.09188109949089296,-0.38975116815889277
301,37.3888945,-122.0832142,1564261630.0,2019-07-27T14:07:10-07:00,POINT (-122.0832142 37.3888945),16.832964363944924,411.7023826060097,android,1.5652730678452853,-0.2978700686679998,0.03249943234568575
302,37.3889038,-122.0832275,1564261631.0,2019-07-27T14:07:11-07:00,POINT (-122.0832275 37.3889038),17.157157856299733,413.2340152801815,android,1.2674029991772855,-0.26537063632231406,0.2890437498761518
303,37.3889059,-122.0832416,1564261632.0,2019-07-27T14:07:12-07:00,POINT (-122.0832416 37.3889059),16.749927612833638,414.4367481780253,android,1.0020323628549714,0.02367311355383772,-0.3005386890912527
304,37.38891,-122.0832517,1564261633.0,2019-07-27T14:07:13-07:00,POINT (-122.0832517 37.38891),16.709429891006344,415.43912632349765,android,1.0257054764088092,-0.276865575537415,0.20912221494943972
305,37.3889141,-122.0832621,1564261634.0,2019-07-27T14:07:14-07:00,POINT (-122.0832621 37.3889141),16.65594379494117,416.46467009031835,android,0.7488399008713942,-0.06774336058797525,-0.05499405715327721
306,37.388915,-122.0832705,1564261635.0,2019-07-27T14:07:15-07:00,POINT (-122.0832705 37.388915),16.379364234270795,417.1621429655792,android,0.6810965402834189,-0.12273741774125246,0.18246826434374386
307,37.3889147,-122.0832782,1564261636.0,2019-07-27T14:07:16-07:00,POINT (-122.0832782 37.3889147),16.016959883082936,417.7404502368289,android,0.5583591225421665,0.059730846602491394,0.02484652818139288
308,37.3889129,-122.0832841,1564261637.0,2019-07-27T14:07:17-07:00,POINT (-122.0832841 37.3889129),15.587322363604969,418.098373052435,android,0.6180899691446579,0.08457737478388427,0.18166080976509102
309,37.3889113,-122.0832908,1564261638.0,2019-07-27T14:07:18-07:00,POINT (-122.0832908 37.3889113),15.142404095836396,418.5289230834612,android,0.7026673439285421,0.2662381845489753,0.06785907203701635
310,37.3889143,-122.0832978,1564261639.0,2019-07-27T14:07:19-07:00,POINT (-122.0832978 37.3889143),15.129667610650722,419.2322362765907,android,0.9689055284775174,0.33409725658599165,0.2995064444042581
311,37.3889195,-122.0833066,1564261640.0,2019-07-27T14:07:20-07:00,POINT (-122.0833066 37.3889195),15.25190776000279,420.19391612657284,android,1.303002785063509,0.6336037009902498,-1.345675123941876
312,37.3889262,-122.0833187,1564261641.0,2019-07-27T14:07:21-07:00,POINT (-122.0833187 37.3889262),15.376438881196112,421.49180869257583,android,1.9366064860537588,-0.7120714229516263,0.37363347349688913
313,37.3889389,-122.0833337,1564261642.0,2019-07-27T14:07:22-07:00,POINT (-122.0833337 37.3889389),15.95607185284499,423.33919760220084,android,1.2245350631021326,-0.33843794945473715,0.040514801220367325
314,37.3889459,-122.0833444,1564261643.0,2019-07-27T14:07:23-07:00,POINT (-122.0833444 37.3889459),16.17024922573826,424.54526153485193,android,0.8860971136473954,-0.29792314823436983,0.27037022995226623
315,37.3889511,-122.083352,1564261644.0,2019-07-27T14:07:24-07:00,POINT (-122.083352 37.3889511),16.344443903785525,425.4142783829156,android,0.5881739654130256,-0.0275529182821036,0.2880169434961467
316,37.3889545,-122.0833571,1564261645.0,2019-07-27T14:07:25-07:00,POINT (-122.0833571 37.3889545),16.45267883141618,425.99257952798666,android,0.560621047130922,0.2604640252140431,-0.09183585895457247
317,37.3889575,-122.0833622,1564261646.0,2019-07-27T14:07:26-07:00,POINT (-122.0833622 37.3889575),16.522203328688015,426.5491765488834,android,0.8210850723449651,0.16862816625947064,0.12895768975803434
318,37.388959,-122.0833713,1564261647.0,2019-07-27T14:07:27-07:00,POINT (-122.0833713 37.388959),16.273384000038174,427.33325869006313,android,0.9897132386044357,0.297585856017505,-0.5260850490111152
319,37.3889625,-122.0833816,1564261648.0,2019-07-27T14:07:28-07:00,POINT (-122.0833816 37.3889625),16.166163266087686,428.31852395326945,android,1.2872990946219407,-0.2284991929936102,0.5791455668139984
320,37.3889694,-122.0833933,1564261649.0,2019-07-27T14:07:29-07:00,POINT (-122.0833933 37.3889694),16.32736889892967,429.59638036539855,android,1.0587999016283305,0.3506463738203882,3.0385379588361454
321,37.3889751,-122.0834029,1564261650.0,2019-07-27T14:07:30-07:00,POINT (-122.0834029 37.3889751),16.463362501345856,430.6469647870107,android,1.4094462754487187,3.3891843326565336,-5.833709649323472
322,37.3889821,-122.0834162,1564261651.0,2019-07-27T14:07:31-07:00,POINT (-122.0834162 37.3889821),16.56497436757758,432.05379722511447,android,4.7986306081052525,-2.444525316666938,2.4148609059330806
323,37.3889734,-122.0834694,1564261652.0,2019-07-27T14:07:32-07:00,POINT (-122.0834694 37.3889734),13.419736404149536,435.6897786962319,android,2.3541052914383145,-0.029664410733857505,0.03626076467593631
324,37.38897,-122.0834957,1564261653.0,2019-07-27T14:07:33-07:00,POINT (-122.0834957 37.38897),11.95204398304737,437.5361516945678,android,2.324440880704457,0.006596353942078803,-0.2993821905505012
325,37.3889668,-122.0835217,1564261654.0,2019-07-27T14:07:34-07:00,POINT (-122.0835217 37.3889668),10.516695718004849,439.37021152353316,android,2.331037234646536,-0.2927858366084224,0.1207701711702256
326,37.3889628,-122.0835476,1564261655.0,2019-07-27T14:07:35-07:00,POINT (-122.0835476 37.3889628),9.008256367586153,441.15314188397133,android,2.0382513980381134,-0.1720156654381968,0.23103279663412168
327,37.38896,-122.0835704,1564261656.0,2019-07-27T14:07:36-07:00,POINT (-122.0835704 37.38896),7.750162674890447,442.7618060013242,android,1.8662357325999166,0.05901713119592489,-0.03634571274697951
328,37.3890071,-122.083548,1564261659.0,2019-07-27T14:07:39-07:00,POINT (-122.083548 37.3890071),13.278127754199426,443.5877500669277,android,2.0432871261876913,-0.05002000704501364,1.432298719364161
329,37.3890062,-122.0835711,1564261660.0,2019-07-27T14:07:40-07:00,POINT (-122.0835711 37.3890062),12.190921180846301,445.32267288557637,android,1.9932671191426776,1.3822787123191473,0.6665491604426903
330,37.3890229,-122.0835629,1564261661.0,2019-07-27T14:07:41-07:00,POINT (-122.0835629 37.3890229),14.162101842591326,445.5956205173767,android,3.375545831461825,2.0488278727618376,-4.757218457198748
331,37.3890235,-122.0836011,1564261662.0,2019-07-27T14:07:42-07:00,POINT (-122.0836011 37.3890235),12.566310575981014,448.57793868537726,android,5.424373704223663,-2.708390584436911,2.597489787066343
332,37.3890283,-122.0836622,1564261663.0,2019-07-27T14:07:43-07:00,POINT (-122.0836622 37.3890283),10.385534168986796,453.55646280617816,android,2.7159831197867517,-0.1109007973705678,-0.3065130844638242
333,37.3890343,-122.083692,1564261664.0,2019-07-27T14:07:44-07:00,POINT (-122.083692 37.3890343),9.676013094663801,456.1831467327627,android,2.605082322416184,-0.417413881834392,-0.531315517672375
334,37.3890414,-122.0837201,1564261665.0,2019-07-27T14:07:45-07:00,POINT (-122.0837201 37.3890414),9.146547726792923,458.7382443420079,android,2.187668440581792,-0.9487293995067669,1.6641809932719822
335,37.3890471,-122.0837438,1564261666.0,2019-07-27T14:07:46-07:00,POINT (-122.0837438 37.3890471),8.672092249890639,460.8776147051262,android,1.238939041075025,0.7154515937652153,-2.0296528797108304
336,37.3890374,-122.0837507,1564261667.0,2019-07-27T14:07:47-07:00,POINT (-122.0837507 37.3890374),7.4346289088886826,460.884104932527,android,1.9543906348402402,-1.3142012859456151,1.2241318287886318
337,37.3890236,-122.0837644,1564261668.0,2019-07-27T14:07:48-07:00,POINT (-122.0837644 37.3890236),5.505979432002554,461.1932190571806,android,0.6401893488946251,-0.09006945715698333,0.03482228386224917
338,37.3890209,-122.0837708,1564261669.0,2019-07-27T14:07:49-07:00,POINT (-122.0837708 37.3890209),4.967598121055004,461.54091903299883,android,0.5501198917376418,-0.055247173294734164,9.233886532068052
339,37.3890191,-122.0837766,1564261670.0,2019-07-27T14:07:50-07:00,POINT (-122.0837766 37.3890191),4.542292309091507,461.89112150654336,android,0.4948727184429076,9.178639358773317,-13.85817800523821
340,37.3890192,-122.0837822,1564261671.0,2019-07-27T14:07:51-07:00,POINT (-122.0837822 37.3890192),4.30952060321345,462.3289738704811,android,9.673512077216225,-4.679538646464893,1.186800714317359
341,37.3891023,-122.0837498,1564261672.0,2019-07-27T14:07:52-07:00,POINT (-122.0837498 37.3891023),13.754382017132729,464.33607228645815,android,4.993973430751332,-3.4927379321475343,3.2739316302327444
342,37.3891461,-122.0837373,1564261673.0,2019-07-27T14:07:53-07:00,POINT (-122.0837373 37.3891461),18.534369183817613,465.7474182783518,android,1.5012354986037975,-0.2188063019147901,0.1773353325787943
343,37.3891596,-122.0837375,1564261674.0,2019-07-27T14:07:54-07:00,POINT (-122.0837375 37.3891596),19.832191528005282,466.49537026104286,android,1.2824291966890073,-0.04147096933599581,-0.35180816792426195
344,37.3891711,-122.0837386,1564261675.0,2019-07-27T14:07:55-07:00,POINT (-122.0837386 37.3891711),20.897496071883126,467.2042994474085,android,1.2409582273530115,-0.39327913726025776,1.601989307297368
345,37.3891813,-122.0837443,1564261676.0,2019-07-27T14:07:56-07:00,POINT (-122.0837443 37.3891813),21.63783677585145,468.19789732070353,android,0.8476790900927538,1.2087101700371103,-2.316494960102366
346,37.3891883,-122.0837481,1564261677.0,2019-07-27T14:07:57-07:00,POINT (-122.0837481 37.3891883),22.15075257753411,468.8711478178261,android,2.056389260129864,-1.1077847900652555,0.9780763900611903
347,37.3892011,-122.0837649,1564261678.0,2019-07-27T14:07:58-07:00,POINT (-122.0837649 37.3892011),22.662143770699057,470.86294980840324,android,0.9486044700646085,-0.12970840000406525,0.1486908780593995
348,37.3892067,-122.083773,1564261679.0,2019-07-27T14:07:59-07:00,POINT (-122.083773 37.3892067),22.853406748163806,471.7922771779829,android,0.8188960700605432,0.018982478055334262,-0.29485497231969593
349,37.3892053,-122.0837821,1564261680.0,2019-07-27T14:08:00-07:00,POINT (-122.0837821 37.3892053),22.323940517415764,472.41900452041415,android,0.8378785481158775,-0.27587249426436167,1.1201767311900779
350,37.3892043,-122.0837915,1564261681.0,2019-07-27T14:08:01-07:00,POINT (-122.0837915 37.3892043),21.8201965868031,473.09060149543643,android,0.5620060538515158,0.8443042369257162,-1.5420317927886384
351,37.3892036,-122.0837978,1564261682.0,2019-07-27T14:08:02-07:00,POINT (-122.0837978 37.3892036),21.47969830568433,473.53909814355677,android,1.406310290777232,-0.6977275558629222,0.7048467702914629
352,37.3892042,-122.0838137,1564261683.0,2019-07-27T14:08:03-07:00,POINT (-122.0838137 37.3892042),20.849383179429807,474.7994332132355,android,0.7085827349143098,0.007119214428540688,-0.030487782093428395
353,37.3892031,-122.0838216,1564261684.0,2019-07-27T14:08:04-07:00,POINT (-122.0838216 37.3892031),20.40090340793653,475.34977614787124,android,0.7157019493428505,-0.023368567664887707,-0.18981891830026626
354,37.3892032,-122.0838297,1564261685.0,2019-07-27T14:08:05-07:00,POINT (-122.0838297 37.3892032),20.05989652915972,475.9806746220144,android,0.6923333816779628,-0.21318748596515397,1.2193026245602567
355,37.3892038,-122.0838375,1564261686.0,2019-07-27T14:08:06-07:00,POINT (-122.0838375 37.3892038),19.780266240175255,476.61553735751494,android,0.4791458957128088,1.0061151385951028,-1.8771184315180776
356,37.3892042,-122.0838429,1564261687.0,2019-07-27T14:08:07-07:00,POINT (-122.0838429 37.3892042),19.585187206513474,477.0542229566549,android,1.4852610343079116,-0.8710032929229747,0.9856057083364869
357,37.3892083,-122.0838589,1564261688.0,2019-07-27T14:08:08-07:00,POINT (-122.0838589 37.3892083),19.289260854033472,478.51218929654965,android,0.6142577413849368,0.11460241541351213,-0.021763298772602302
358,37.3892108,-122.0838651,1564261689.0,2019-07-27T14:08:09-07:00,POINT (-122.0838651 37.3892108),19.26277701853636,479.12659543245223,android,0.728860156798449,0.09283911664090982,-0.2180995537463135
359,37.389214,-122.0838723,1564261690.0,2019-07-27T14:08:10-07:00,POINT (-122.0838723 37.389214),19.26074241506528,479.85620220149053,android,0.8216992734393588,-0.1252604371054037,0.3619160666090697
360,37.3892179,-122.0838802,1564261691.0,2019-07-27T14:08:11-07:00,POINT (-122.0838802 37.3892179),19.296145372680826,480.67784393685145,android,0.6964388363339551,0.23665562950366603,0.14465721360745643
361,37.3892212,-122.0838869,1564261692.0,2019-07-27T14:08:12-07:00,POINT (-122.0838869 37.3892212),19.32543572527434,481.3742672051036,android,0.9330944658376211,0.38131284311112246,-0.4177835814032481
362,37.3892239,-122.0838969,1564261693.0,2019-07-27T14:08:13-07:00,POINT (-122.0838969 37.3892239),19.153789006902464,482.2929567835684,android,1.3144073089487436,-0.03647073829212566,0.018934974312038833
363,37.3892279,-122.0839109,1564261694.0,2019-07-27T14:08:14-07:00,POINT (-122.0839109 37.3892279),18.934774621195594,483.5910593070522,android,1.277936570656618,-0.017535763980086827,-0.00037193275665692305
364,37.3892326,-122.0839241,1564261695.0,2019-07-27T14:08:15-07:00,POINT (-122.0839241 37.3892326),18.818139433329403,484.86536850164947,android,1.260400806676531,-0.01790769673674375,0.07437744516185618
365,37.3892369,-122.0839373,1564261696.0,2019-07-27T14:08:16-07:00,POINT (-122.0839373 37.3892369),18.658962040467088,486.45793616633347,android,1.2424931099397873,0.05646974842511243,-0.23286614609080836
366,37.3892417,-122.08395,1564261697.0,2019-07-27T14:08:17-07:00,POINT (-122.08395 37.3892417),18.551057361331658,487.6973018262115,android,1.2989628583648998,-0.17639639766569593,0.1011757820767869
367,37.3892481,-122.0839623,1564261698.0,2019-07-27T14:08:18-07:00,POINT (-122.0839623 37.3892481),18.614265635807456,488.99572217766536,android,1.1225664606992038,-0.07522061558890902,0.07769588836455776
368,37.3892539,-122.0839727,1564261699.0,2019-07-27T14:08:19-07:00,POINT (-122.0839727 37.3892539),18.70492892602504,490.1153413264833,android,1.0473458451102948,0.0024752727756487403,0.7222595712993818
369,37.3892592,-122.0839825,1564261700.0,2019-07-27T14:08:20-07:00,POINT (-122.0839825 37.3892592),18.774522564497545,491.16110321918666,android,1.0498211178859436,0.7247348440750305,-1.0579316758419566
370,37.3892643,-122.0839925,1564261701.0,2019-07-27T14:08:21-07:00,POINT (-122.0839925 37.3892643),18.816023193138147,492.2109458163902,android,1.774555961960974,-0.33319683176692605,0.1728098419914954
371,37.3892728,-122.0840095,1564261702.0,2019-07-27T14:08:22-07:00,POINT (-122.0840095 37.3892728),18.87029333353015,493.98615580661175,android,1.441359130194048,-0.16038698977543064,0.911749355756448
372,37.3892773,-122.0840248,1564261703.0,2019-07-27T14:08:23-07:00,POINT (-122.0840248 37.3892773),18.617454764329025,495.40740215952275,android,1.2809721404186174,0.7513623659810174,-1.5291151954194717
373,37.3892817,-122.0840382,1564261704.0,2019-07-27T14:08:24-07:00,POINT (-122.0840382 37.3892817),18.439957157026967,496.6778541410319,android,2.0323345063996348,-0.7777528294384544,0.3962224050942009
374,37.3892882,-122.0840597,1564261705.0,2019-07-27T14:08:25-07:00,POINT (-122.0840597 37.3892882),18.101562885388965,498.68491501060214,android,1.2545816769611804,-0.38153042434425344,0.2853457946383703
375,37.3892917,-122.0840732,1564261706.0,2019-07-27T14:08:26-07:00,POINT (-122.0840732 37.3892917),17.833401579859988,499.9125965422924,android,0.873051252616927,-0.09618462970588315,0.4501219633955167
376,37.3892932,-122.0840829,1564261707.0,2019-07-27T14:08:27-07:00,POINT (-122.0840829 37.3892932),17.54353188569114,500.7378651869311,android,0.7768666229110438,0.35393733368963354,-0.7418730615355724
377,37.3892961,-122.0840909,1564261708.0,2019-07-27T14:08:28-07:00,POINT (-122.0840909 37.3892961),17.463591058768586,501.5456344256813,android,1.1308039566006773,-0.3879357278459389,0.6033422674305985
378,37.3893018,-122.0841015,1564261709.0,2019-07-27T14:08:29-07:00,POINT (-122.0841015 37.3893018),17.533542027602778,502.6750733469535,android,0.7428682287547385,0.2154065395846596,-0.1968097394321271
379,37.3893015,-122.0841099,1564261710.0,2019-07-27T14:08:30-07:00,POINT (-122.0841099 37.3893015),17.128168508846816,503.2993874227019,android,0.9582747683393981,0.01859680015253251,-0.1240357465999039
380,37.3892972,-122.0841193,1564261711.0,2019-07-27T14:08:31-07:00,POINT (-122.0841193 37.3892972),16.29530113752227,503.7752329786229,android,0.9768715684919306,-0.1054389464473714,0.2244531272015593
381,37.3892997,-122.0841299,1564261712.0,2019-07-27T14:08:32-07:00,POINT (-122.0841299 37.3892997),16.05913107537377,504.72483285278935,android,0.8714326220445592,0.1190141807541879,0.05377345611258044
382,37.3893015,-122.0841395,1564261713.0,2019-07-27T14:08:33-07:00,POINT (-122.0841395 37.3893015),15.800839268464705,505.55876269994104,android,0.9904468027987471,0.17278763686676835,-0.16754814511850558
383,37.3893044,-122.0841501,1564261714.0,2019-07-27T14:08:34-07:00,POINT (-122.0841501 37.3893044),15.602934613138752,506.5308424446538,android,1.1632344396655154,0.00523949174826277,-0.17482984991152317
384,37.3893099,-122.0841613,1564261715.0,2019-07-27T14:08:35-07:00,POINT (-122.0841613 37.3893099),15.626848450161393,507.69483944150124,android,1.1684739314137782,-0.1695903581632604,0.6281794710806601
385,37.3893148,-122.084173,1564261716.0,2019-07-27T14:08:36-07:00,POINT (-122.084173 37.3893148),15.57094360978752,508.8632817121516,android,0.9988835732505178,0.4585891129173997,-0.7835315411606013
386,37.3893145,-122.0841843,1564261717.0,2019-07-27T14:08:37-07:00,POINT (-122.0841843 37.3893145),15.035528398159023,509.7089537275595,android,1.4574726861679175,-0.32494242824320163,0.5568134392120854
387,37.3893192,-122.0841997,1564261718.0,2019-07-27T14:08:38-07:00,POINT (-122.0841997 37.3893192),14.7945753852604,511.14857799606796,android,1.1325302579247158,0.23187101096888374,-0.5640896852622042
388,37.3893237,-122.0842112,1564261719.0,2019-07-27T14:08:39-07:00,POINT (-122.0842112 37.3893237),14.70937431653331,512.2792742736862,android,1.3644012688935996,-0.3322186742933204,0.3485233529106686
389,37.3893298,-122.0842246,1564261720.0,2019-07-27T14:08:40-07:00,POINT (-122.0842246 37.3893298),14.692034187000866,513.6449173616754,android,1.0321825946002792,0.01630467861734819,-0.02093623885268281
390,37.3893346,-122.0842346,1564261721.0,2019-07-27T14:08:41-07:00,POINT (-122.0842346 37.3893346),14.702795527664536,514.6779780143792,android,1.0484872732176274,-0.00463156023533462,0.019413629803547883
391,37.3893398,-122.0842445,1564261722.0,2019-07-27T14:08:42-07:00,POINT (-122.0842445 37.3893398),14.756306412732368,515.7258854189073,android,1.0438557129822927,0.014782069568213263,0.006188088413539017
392,37.3893448,-122.0842545,1564261723.0,2019-07-27T14:08:43-07:00,POINT (-122.0842545 37.3893448),14.786200630028041,516.7701858801721,android,1.058637782550506,0.02097015798175228,0.12477275843471669
393,37.3893509,-122.0842637,1564261724.0,2019-07-27T14:08:44-07:00,POINT (-122.0842637 37.3893509),14.957197945143754,517.8152415828954,android,1.0796079405322583,0.14574291641646897,0.23389591595278691
394,37.3893567,-122.0842735,1564261725.0,2019-07-27T14:08:45-07:00,POINT (-122.0842735 37.3893567),15.072591259315478,518.8892355057218,android,1.2253508569487273,0.3796388323692559,-0.5307533760847327
395,37.3893632,-122.0842847,1564261726.0,2019-07-27T14:08:46-07:00,POINT (-122.0842847 37.3893632),15.192169979182099,520.1094313879084,android,1.6049896893179831,-0.15111454371547683,0.16458942930380482
396,37.389372,-122.0842991,1564261727.0,2019-07-27T14:08:47-07:00,POINT (-122.0842991 37.389372),13.83479086344131,548.6173098967914,android,1.4538751456025063,0.01347488558832799,-0.2082473464993666
397,37.3893797,-122.0843124,1564261728.0,2019-07-27T14:08:48-07:00,POINT (-122.0843124 37.3893797),12.403266551340288,548.8759472805108,android,1.4673500311908343,-0.19477246091103861,0.08428440651591607
398,37.3893868,-122.0843264,1564261729.0,2019-07-27T14:08:49-07:00,POINT (-122.0843264 37.3893868),10.944806251541468,549.0477162960052,android,1.2725775702797957,-0.11048805439512255,0.3048301447908037
399,37.3893922,-122.0843391,1564261730.0,2019-07-27T14:08:50-07:00,POINT (-122.0843391 37.3893922),9.671888847361423,549.0995108999873,android,1.1620895158846731,0.19434209039568118,0.2731596680307842
400,37.3893987,-122.0843494,1564261731.0,2019-07-27T14:08:51-07:00,POINT (-122.0843494 37.3893987),8.5374140849777,549.3534696623276,android,1.3564316062803543,0.46750175842646535,-1.0544566422279074
401,37.3894076,-122.0843599,1564261732.0,2019-07-27T14:08:52-07:00,POINT (-122.0843599 37.3894076),7.271419429833735,549.8396363096039,android,1.8239333647068197,-0.586954883801442,0.13962710105776133
402,37.3894187,-122.0843751,1564261733.0,2019-07-27T14:08:53-07:00,POINT (-122.0843751 37.3894187),5.524638828344883,550.3651199165363,android,1.2369784809053777,-0.4473277827436807,0.46866790098031275
403,37.3894276,-122.0843835,1564261734.0,2019-07-27T14:08:54-07:00,POINT (-122.0843835 37.3894276),4.426129733603709,550.9319736262861,android,0.789650698161697,0.021340118236632066,-0.06864847508153882
404,37.3894341,-122.0843871,1564261735.0,2019-07-27T14:08:55-07:00,POINT (-122.0843871 37.3894341),3.8260130013443385,551.4433617756848,android,0.810990816398329,-0.04730835684490675,0.3089930348231429
405,37.3894412,-122.0843892,1564261736.0,2019-07-27T14:08:56-07:00,POINT (-122.0843892 37.3894412),3.316636345495618,552.0723562917442,android,0.7636824595534223,0.26168467797823614,0.006376005716387634
406,37.3894479,-122.0843873,1564261737.0,2019-07-27T14:08:57-07:00,POINT (-122.0843873 37.3894479),3.145540563798434,552.8150575272898,android,1.0253671375316584,0.26806068369462377,-0.21336591878851596
407,37.3894564,-122.0843828,1564261738.0,2019-07-27T14:08:58-07:00,POINT (-122.0843828 37.3894564),3.0951305848203208,553.8375755870529,android,1.2934278212262822,0.05469476490610781,-0.04396099254563057
408,37.3894669,-122.0843765,1564261739.0,2019-07-27T14:08:59-07:00,POINT (-122.0843765 37.3894669),3.0919716975034515,555.1291637224372,android,1.34812258613239,0.010733772360477234,-0.10496615314860747
409,37.3894786,-122.0843725,1564261740.0,2019-07-27T14:09:00-07:00,POINT (-122.0843725 37.3894786),2.847592114543846,556.452326896919,android,1.3588563584928672,-0.09423238078813023,1.2657812876902046
410,37.3894904,-122.0843685,1564261741.0,2019-07-27T14:09:01-07:00,POINT (-122.0843685 37.3894904),2.598397047970288,557.7854855486707,android,1.264623977704737,1.1715489069020744,-2.380211632007712
411,37.3895009,-122.084363,1564261742.0,2019-07-27T14:09:02-07:00,POINT (-122.084363 37.3895009),2.531433909180244,559.046335840671,android,2.4361728846068114,-1.2086627251056374,1.2350223853717046
412,37.3895226,-122.0843592,1564261743.0,2019-07-27T14:09:03-07:00,POINT (-122.0843592 37.3895226),1.7895654093652713,561.3613652119305,android,1.227510159501174,0.026359660266067175,-0.03232135377794654
413,37.3895335,-122.084357,1564261744.0,2019-07-27T14:09:04-07:00,POINT (-122.084357 37.3895335),1.440149818285444,562.5354042777576,android,1.253869819767241,-0.005961693511879362,-0.14097379936174526
414,37.3895446,-122.0843545,1564261745.0,2019-07-27T14:09:05-07:00,POINT (-122.0843545 37.3895446),1.1050298334336983,563.740960987702,android,1.2479081262553617,-0.14693549287362462,1.3394837317829345
415,37.3895556,-122.0843517,1564261746.0,2019-07-27T14:09:06-07:00,POINT (-122.0843517 37.3895556),0.7986515714012667,564.9480488197908,android,1.1009726333817371,1.1925482389093098,0.0955655565633442
416,37.3895653,-122.0843492,1564261747.0,2019-07-27T14:09:07-07:00,POINT (-122.0843492 37.3895653),0.5309467359278428,566.013668390294,android,2.293520872291047,1.288113795472654,-3.6597769148574644
417,37.3895844,-122.0843394,1564261748.0,2019-07-27T14:09:08-07:00,POINT (-122.0843394 37.3895844),0.39280546166802405,568.2993473140589,android,3.581634667763701,-2.3716631193848103,2.022877102618066
418,37.3896148,-122.084326,1564261749.0,2019-07-27T14:09:09-07:00,POINT (-122.084326 37.3896148),0.0023574675215703622,571.8528380590669,android,1.2099715483788904,-0.34878601676674437,0.12758043833075083
419,37.3896248,-122.0843206,1564261750.0,2019-07-27T14:09:10-07:00,POINT (-122.0843206 37.3896248),0.05322050550137406,573.0598682567855,android,0.8611855316121461,-0.22120557843599353,0.11380450514816853
420,37.3896313,-122.0843153,1564261751.0,2019-07-27T14:09:11-07:00,POINT (-122.0843153 37.3896313),0.05647921053096415,573.9132135305988,android,0.6399799531761525,-0.107401073287825,0.18641851621548688
421,37.3896362,-122.0843115,1564261752.0,2019-07-27T14:09:12-07:00,POINT (-122.0843115 37.3896362),0.12359303854990757,574.5489974775011,android,0.5325788798883275,0.07901744292766189,0.017242906259260116
422,37.3896422,-122.0842886,1564261756.0,2019-07-27T14:09:16-07:00,POINT (-122.0842886 37.3896422),1.6610503855739347,576.0285953419536,android,0.8486486515989751,0.14798906796470235,2.2273105790036136
423,37.3896456,-122.08428,1564261757.0,2019-07-27T14:09:17-07:00,POINT (-122.08428 37.3896456),2.1832167616138194,576.6988731901946,android,0.9966377195636774,2.375299646968316,-4.07139271215226
424,37.3896525,-122.0842728,1564261758.0,2019-07-27T14:09:18-07:00,POINT (-122.0842728 37.3896525),2.425188140236609,577.6652026203042,android,3.371937366531993,-1.6960930651839448,1.634871738082932
425,37.3896744,-122.0842464,1564261759.0,2019-07-27T14:09:19-07:00,POINT (-122.0842464 37.3896744),3.476138638717892,580.8685634348697,android,1.6758443013480484,-0.06122132710101269,-0.08745222239432482
426,37.3896853,-122.0842333,1564261760.0,2019-07-27T14:09:20-07:00,POINT (-122.0842333 37.3896853),3.9960455599033584,582.4614038808357,android,1.6146229742470357,-0.1486735494953375,-0.010230393293407136
427,37.389695,-122.0842197,1564261761.0,2019-07-27T14:09:21-07:00,POINT (-122.0842197 37.389695),4.61361405664847,583.9535094300376,android,1.4659494247516982,-0.15890394278874465,-0.853342571933438
428,37.3897022,-122.0842058,1564261762.0,2019-07-27T14:09:22-07:00,POINT (-122.0842058 37.3897022),5.3754933733916195,585.2072541767674,android,1.3070454819629536,-1.0122465147221826,1.4822461285022306
429,37.3897104,-122.0841952,1564261763.0,2019-07-27T14:09:23-07:00,POINT (-122.0841952 37.3897104),5.826028664740011,586.4341606490698,android,0.2947989672407709,0.46999961378004795,-0.23553213375786453
430,37.3897157,-122.0841954,1564261765.0,2019-07-27T14:09:25-07:00,POINT (-122.0841954 37.3897157),5.554861872395598,586.9562376700501,android,1.2347981948008668,-0.0010646537356810981,-0.0048727887958675
431,37.3897261,-122.0841905,1564261766.0,2019-07-27T14:09:26-07:00,POINT (-122.0841905 37.3897261),5.475614614191094,587.6044872479557,android,1.2337335410651857,-0.005937442531548598,0.5114091427704506
432,37.3897369,-122.0841873,1564261767.0,2019-07-27T14:09:27-07:00,POINT (-122.0841873 37.3897369),5.477962983439011,587.6044872479557,android,1.2277960985336371,0.505471700238902,-1.240918702244902
433,37.3897474,-122.084183,1564261768.0,2019-07-27T14:09:28-07:00,POINT (-122.084183 37.3897474),5.84416245730634,587.6044872479557,android,1.7332677987725391,-0.735447002006,0.7735188989545978
434,37.3897619,-122.0841758,1564261769.0,2019-07-27T14:09:29-07:00,POINT (-122.0841758 37.3897619),6.8006671350032795,587.6044872479557,android,0.9978207967665391,0.038071896948597805,0.1175515532251783
435,37.3897696,-122.08417,1564261770.0,2019-07-27T14:09:30-07:00,POINT (-122.08417 37.3897696),7.5839007595056085,587.6044872479557,android,1.035892693715137,0.1556234501737761,-0.49616042874040633
436,37.3897773,-122.0841634,1564261771.0,2019-07-27T14:09:31-07:00,POINT (-122.0841634 37.3897773),8.475507494296824,587.6044872479557,android,1.191516143888913,-0.34053697856663023,6.877251679219871
437,37.3897835,-122.0841524,1564261772.0,2019-07-27T14:09:32-07:00,POINT (-122.0841524 37.3897835),9.656808299707317,587.6044872479557,android,0.8509791653222828,6.53671470065324,-10.567155150555553
438,37.3897871,-122.0841439,1564261773.0,2019-07-27T14:09:33-07:00,POINT (-122.0841439 37.3897871),10.508724014494945,587.6044872479557,android,7.387693865975523,-4.030440449902312,5.220796188042944
439,37.3898504,-122.0841185,1564261774.0,2019-07-27T14:09:34-07:00,POINT (-122.0841185 37.3898504),16.60605450477467,587.6044872479557,android,3.3572534160732106,1.1903557381406316,-5.290205927621501
440,37.3898791,-122.0841067,1564261775.0,2019-07-27T14:09:35-07:00,POINT (-122.0841067 37.3898791),19.677036674480014,587.6044872479557,android,4.547609154213842,-4.099850189480869,4.554426576279096
441,37.3898392,-122.084118,1564261776.0,2019-07-27T14:09:36-07:00,POINT (-122.084118 37.3898392),15.76797365223832,587.6044872479557,android,0.4477589647329729,0.45457638679822704,-0.5397578314822793
442,37.3898429,-122.084116,1564261777.0,2019-07-27T14:09:37-07:00,POINT (-122.084116 37.3898429),16.177722181737952,587.6044872479557,android,0.9023353515311999,-0.0851814446840522,0.5305196975546552
443,37.3898504,-122.0841121,1564261778.0,2019-07-27T14:09:38-07:00,POINT (-122.0841121 37.3898504),17.00435511119015,587.6044872479557,android,0.8171539068471477,0.445338252870603,-0.23071752256325662
444,37.3898571,-122.0841083,1564261779.0,2019-07-27T14:09:39-07:00,POINT (-122.0841083 37.3898571),17.7684926068804,587.6044872479557,android,1.2624921597177508,0.2146207303073464,-0.5756505485661287
445,37.389868,-122.0841043,1564261780.0,2019-07-27T14:09:40-07:00,POINT (-122.0841043 37.389868),18.889532118545784,587.6044872479557,android,1.4771128900250972,-0.36102981825878233,0.5723617680425064
446,37.3898801,-122.0840974,1564261781.0,2019-07-27T14:09:41-07:00,POINT (-122.0840974 37.3898801),20.296325639083726,587.6044872479557,android,1.1160830717663148,0.21133194978372405,-0.23653242749929926
447,37.3898888,-122.0840911,1564261782.0,2019-07-27T14:09:42-07:00,POINT (-122.0840911 37.3898888),21.390657095418835,587.6044872479557,android,1.3274150215500389,-0.02520047771557521,-1.2770140661188885
448,37.3899,-122.0840859,1564261783.0,2019-07-27T14:09:43-07:00,POINT (-122.0840859 37.3899),22.637424466643957,587.6044872479557,android,1.3022145438344637,-1.3022145438344637,1.3022145438344637
449,37.3899108,-122.0840802,1564261784.0,2019-07-27T14:09:44-07:00,POINT (-122.0840802 37.3899108),23.885547828593975,587.6044872479557,android,0.0,0.0,0.0
